0.00667; 0
0.01334; 0
0.02001; 0
0.02668; 0
0.03335; 0
0.04002; 0
0.04669; 0
0.05336; 0
0.06003; 0
0.0667; 0
0.07337; 0
0.08004; 0
0.08671; 0
0.09338; 0
0.10005; 0
0.10672; 0
0.11339; 0
0.12006; 0
0.12673; 0
0.1334; 0
0.14007; 0
0.14674; 0
0.15341; 0
0.16008; 0
0.16675; 0
0.17342; 0
0.18009; 0
0.18676; 0
0.19343; 0
0.2001; 0
0.20677; 0
0.21344; 0
0.22011; 0
0.22678; 0
0.23345; 0
0.24012; 0
0.24679; 0
0.25346; 0
0.26013; 0
0.2668; 0
0.27347; 0
0.28014; 0
0.28681; 0
0.29348; 0
0.30015; 0
0.30682; 0
0.31349; 0
0.32016; 0
0.32683; 0
0.3335; 0
0.34017; 0
0.34684; 0
0.35351; 0
0.36018; 0
0.36685; 0
0.37352; 0
0.38019; 0
0.38686; 0
0.39353; 0
0.4002; 0
0.40687; 0
0.41354; 0
0.42021; 0
0.42688; 0
0.43355; 0
0.44022; 0
0.44689; 0
0.45356; 0
0.46023; 0
0.4669; 0
0.47357; 421.412
0.48024; 421.351
0.48691; 421.231
0.49358; 421.05
0.50025; 420.809
0.50692; 420.509
0.51359; 420.151
0.52026; 419.734
0.52693; 419.261
0.5336; 418.731
0.54027; 418.147
0.54694; 417.508
0.55361; 416.817
0.56028; 416.075
0.56695; 415.283
0.57362; 414.442
0.58029; 413.555
0.58696; 412.623
0.59363; 411.648
0.6003; 410.631
0.60697; 409.575
0.61364; 408.481
0.62031; 407.351
0.62698; 406.188
0.63365; 404.992
0.64032; 403.767
0.64699; 402.515
0.65366; 401.236
0.66033; 399.934
0.667; 398.61
0.67367; 397.267
0.68034; 395.906
0.68701; 394.529
0.69368; 393.138
0.70035; 391.735
0.70702; 390.322
0.71369; 388.9
0.72036; 387.471
0.72703; 386.037
0.7337; 384.599
0.74037; 383.158
0.74704; 381.716
0.75371; 380.273
0.76038; 378.832
0.76705; 377.392
0.77372; 375.955
0.78039; 374.52
0.78706; 373.089
0.79373; 371.661
0.8004; 370.237
0.80707; 368.816
0.81374; 367.397
0.82041; 365.981
0.82708; 364.565
0.83375; 363.148
0.84042; 361.729
0.84709; 360.305
0.85376; 358.873
0.86043; 357.431
0.8671; 355.973
0.87377; 354.495
0.88044; 352.992
0.88711; 351.458
0.89378; 349.885
0.90045; 348.267
0.90712; 346.594
0.91379; 344.859
0.92046; 343.057
0.92713; 341.184
0.9338; 339.251
0.94047; 337.283
0.94714; 335.341
0.95381; 333.543
0.96048; 332.085
0.96715; 331.233
0.97382; 331.233
0.98049; 332.085
0.98716; 333.543
0.99383; 335.341
1.0005; 337.283
1.00717; 339.251
1.01384; 341.184
1.02051; 343.057
1.02718; 344.859
1.03385; 346.594
1.04052; 348.267
1.04719; 349.885
1.05386; 351.458
1.06053; 352.992
1.0672; 354.495
1.07387; 355.973
1.08054; 357.431
1.08721; 358.873
1.09388; 360.305
1.10055; 361.729
1.10722; 363.148
1.11389; 364.565
1.12056; 365.981
1.12723; 367.397
1.1339; 368.816
1.14057; 370.237
1.14724; 371.661
1.15391; 373.089
1.16058; 374.52
1.16725; 375.955
1.17392; 377.392
1.18059; 378.832
1.18726; 380.273
1.19393; 381.716
1.2006; 383.158
1.20727; 384.599
1.21394; 386.037
1.22061; 387.471
1.22728; 388.9
1.23395; 390.322
1.24062; 391.735
1.24729; 393.138
1.25396; 394.529
1.26063; 395.906
1.2673; 397.267
1.27397; 398.61
1.28064; 399.934
1.28731; 401.236
1.29398; 402.515
1.30065; 403.767
1.30732; 404.992
1.31399; 406.188
1.32066; 407.351
1.32733; 408.481
1.334; 409.575
1.34067; 410.631
1.34734; 411.648
1.35401; 412.623
1.36068; 413.555
1.36735; 414.442
1.37402; 415.283
1.38069; 416.075
1.38736; 416.817
1.39403; 417.508
1.4007; 418.147
1.40737; 418.731
1.41404; 419.261
1.42071; 419.734
1.42738; 420.151
1.43405; 420.509
1.44072; 420.809
1.44739; 421.05
1.45406; 421.231
1.46073; 421.351
1.4674; 421.412
1.47407; 0
1.48074; 0
1.48741; 0
1.49408; 0
1.50075; 0
1.50742; 0
1.51409; 0
1.52076; 0
1.52743; 0
1.5341; 0
1.54077; 0
1.54744; 0
1.55411; 0
1.56078; 0
1.56745; 0
1.57412; 0
1.58079; 0
1.58746; 0
1.59413; 0
1.6008; 0
1.60747; 0
1.61414; 0
1.62081; 0
1.62748; 0
1.63415; 0
1.64082; 0
1.64749; 0
1.65416; 0
1.66083; 0
1.6675; 0
1.67417; 0
1.68084; 0
1.68751; 0
1.69418; 0
1.70085; 0
1.70752; 0
1.71419; 0
1.72086; 0
1.72753; 0
1.7342; 0
1.74087; 0
1.74754; 0
1.75421; 0
1.76088; 0
1.76755; 0
1.77422; 0
1.78089; 0
1.78756; 0
1.79423; 0
1.8009; 0
1.80757; 0
1.81424; 0
1.82091; 0
1.82758; 0
1.83425; 0
1.84092; 0
1.84759; 0
1.85426; 0
1.86093; 0
1.8676; 0
1.87427; 0
1.88094; 0
1.88761; 0
1.89428; 0
1.90095; 0
1.90762; 0
1.91429; 0
1.92096; 0
1.92763; 0
1.9343; 0
1.94097; 0
1.94764; 0
1.95431; 0
1.96098; 0
1.96765; 0
1.97432; 0
1.98099; 0
1.98766; 0
1.99433; 0
2.001; 0
