0.00667; 0
0.01334; 0
0.02001; 0
0.02668; 0
0.03335; 0
0.04002; 0
0.04669; 0
0.05336; 0
0.06003; 0
0.0667; 0
0.07337; 0
0.08004; 0
0.08671; 0
0.09338; 0
0.10005; 0
0.10672; 0
0.11339; 0
0.12006; 0
0.12673; 0
0.1334; 0
0.14007; 0
0.14674; 0
0.15341; 0
0.16008; 0
0.16675; 0
0.17342; 0
0.18009; 0
0.18676; 0
0.19343; 0
0.2001; 0
0.20677; 0
0.21344; 0
0.22011; 0
0.22678; 0
0.23345; 0
0.24012; 0
0.24679; 0
0.25346; 0
0.26013; 0
0.2668; 0
0.27347; 0
0.28014; 0
0.28681; 0
0.29348; 0
0.30015; 0
0.30682; 0
0.31349; 0
0.32016; 0
0.32683; 0
0.3335; 0
0.34017; 0
0.34684; 0
0.35351; 0
0.36018; 0
0.36685; 0
0.37352; 0
0.38019; 0
0.38686; 0
0.39353; 0
0.4002; 0
0.40687; 0
0.41354; 0
0.42021; 0
0.42688; 0
0.43355; 0
0.44022; 0
0.44689; 0
0.45356; 0
0.46023; 0
0.4669; 0
0.47357; 510.478
0.48024; 510.412
0.48691; 510.28
0.49358; 510.082
0.50025; 509.819
0.50692; 509.491
0.51359; 509.098
0.52026; 508.641
0.52693; 508.121
0.5336; 507.539
0.54027; 506.895
0.54694; 506.19
0.55361; 505.426
0.56028; 504.604
0.56695; 503.724
0.57362; 502.788
0.58029; 501.797
0.58696; 500.753
0.59363; 499.657
0.6003; 498.511
0.60697; 497.315
0.61364; 496.072
0.62031; 494.784
0.62698; 493.45
0.63365; 492.074
0.64032; 490.657
0.64699; 489.2
0.65366; 487.704
0.66033; 486.172
0.667; 484.605
0.67367; 483.004
0.68034; 481.37
0.68701; 479.705
0.69368; 478.011
0.70035; 476.287
0.70702; 474.536
0.71369; 472.757
0.72036; 470.953
0.72703; 469.124
0.7337; 467.27
0.74037; 465.391
0.74704; 463.489
0.75371; 461.562
0.76038; 459.611
0.76705; 457.636
0.77372; 455.636
0.78039; 453.609
0.78706; 451.555
0.79373; 449.472
0.8004; 447.358
0.80707; 445.211
0.81374; 443.027
0.82041; 440.805
0.82708; 438.538
0.83375; 436.224
0.84042; 433.855
0.84709; 431.427
0.85376; 428.932
0.86043; 426.361
0.8671; 423.705
0.87377; 420.952
0.88044; 418.09
0.88711; 415.105
0.89378; 411.982
0.90045; 408.701
0.90712; 405.247
0.91379; 401.602
0.92046; 397.753
0.92713; 393.698
0.9338; 389.459
0.94047; 385.099
0.94714; 380.762
0.95381; 376.72
0.96048; 373.426
0.96715; 371.497
0.97382; 371.497
0.98049; 373.426
0.98716; 376.72
0.99383; 380.762
1.0005; 385.099
1.00717; 389.459
1.01384; 393.698
1.02051; 397.753
1.02718; 401.602
1.03385; 405.247
1.04052; 408.701
1.04719; 411.982
1.05386; 415.105
1.06053; 418.09
1.0672; 420.952
1.07387; 423.705
1.08054; 426.361
1.08721; 428.932
1.09388; 431.427
1.10055; 433.855
1.10722; 436.224
1.11389; 438.538
1.12056; 440.805
1.12723; 443.027
1.1339; 445.211
1.14057; 447.358
1.14724; 449.472
1.15391; 451.555
1.16058; 453.609
1.16725; 455.636
1.17392; 457.636
1.18059; 459.611
1.18726; 461.562
1.19393; 463.489
1.2006; 465.391
1.20727; 467.27
1.21394; 469.124
1.22061; 470.953
1.22728; 472.757
1.23395; 474.536
1.24062; 476.287
1.24729; 478.011
1.25396; 479.705
1.26063; 481.37
1.2673; 483.004
1.27397; 484.605
1.28064; 486.172
1.28731; 487.704
1.29398; 489.2
1.30065; 490.657
1.30732; 492.074
1.31399; 493.45
1.32066; 494.784
1.32733; 496.072
1.334; 497.315
1.34067; 498.511
1.34734; 499.657
1.35401; 500.753
1.36068; 501.797
1.36735; 502.788
1.37402; 503.724
1.38069; 504.604
1.38736; 505.426
1.39403; 506.19
1.4007; 506.895
1.40737; 507.539
1.41404; 508.121
1.42071; 508.641
1.42738; 509.098
1.43405; 509.491
1.44072; 509.819
1.44739; 510.082
1.45406; 510.28
1.46073; 510.412
1.4674; 510.478
1.47407; 0
1.48074; 0
1.48741; 0
1.49408; 0
1.50075; 0
1.50742; 0
1.51409; 0
1.52076; 0
1.52743; 0
1.5341; 0
1.54077; 0
1.54744; 0
1.55411; 0
1.56078; 0
1.56745; 0
1.57412; 0
1.58079; 0
1.58746; 0
1.59413; 0
1.6008; 0
1.60747; 0
1.61414; 0
1.62081; 0
1.62748; 0
1.63415; 0
1.64082; 0
1.64749; 0
1.65416; 0
1.66083; 0
1.6675; 0
1.67417; 0
1.68084; 0
1.68751; 0
1.69418; 0
1.70085; 0
1.70752; 0
1.71419; 0
1.72086; 0
1.72753; 0
1.7342; 0
1.74087; 0
1.74754; 0
1.75421; 0
1.76088; 0
1.76755; 0
1.77422; 0
1.78089; 0
1.78756; 0
1.79423; 0
1.8009; 0
1.80757; 0
1.81424; 0
1.82091; 0
1.82758; 0
1.83425; 0
1.84092; 0
1.84759; 0
1.85426; 0
1.86093; 0
1.8676; 0
1.87427; 0
1.88094; 0
1.88761; 0
1.89428; 0
1.90095; 0
1.90762; 0
1.91429; 0
1.92096; 0
1.92763; 0
1.9343; 0
1.94097; 0
1.94764; 0
1.95431; 0
1.96098; 0
1.96765; 0
1.97432; 0
1.98099; 0
1.98766; 0
1.99433; 0
2.001; 0
