0.00667; 0
0.01334; 0
0.02001; 0
0.02668; 0
0.03335; 0
0.04002; 0
0.04669; 0
0.05336; 0
0.06003; 0
0.0667; 0
0.07337; 0
0.08004; 0
0.08671; 0
0.09338; 0
0.10005; 0
0.10672; 0
0.11339; 0
0.12006; 0
0.12673; 0
0.1334; 0
0.14007; 0
0.14674; 0
0.15341; 0
0.16008; 0
0.16675; 0
0.17342; 0
0.18009; 0
0.18676; 0
0.19343; 0
0.2001; 0
0.20677; 0
0.21344; 0
0.22011; 0
0.22678; 0
0.23345; 0
0.24012; 0
0.24679; 0
0.25346; 0
0.26013; 0
0.2668; 0
0.27347; 0
0.28014; 0
0.28681; 0
0.29348; 0
0.30015; 0
0.30682; 0
0.31349; 0
0.32016; 0
0.32683; 0
0.3335; 0
0.34017; 0
0.34684; 0
0.35351; 0
0.36018; 0
0.36685; 0
0.37352; 0
0.38019; 0
0.38686; 0
0.39353; 0
0.4002; 0
0.40687; 0
0.41354; 0
0.42021; 0
0.42688; 0
0.43355; 0
0.44022; 0
0.44689; 0
0.45356; 0
0.46023; 0
0.4669; 0
0.47357; 356.376
0.48024; 356.333
0.48691; 356.246
0.49358; 356.117
0.50025; 355.945
0.50692; 355.731
0.51359; 355.476
0.52026; 355.179
0.52693; 354.843
0.5336; 354.467
0.54027; 354.052
0.54694; 353.601
0.55361; 353.113
0.56028; 352.59
0.56695; 352.033
0.57362; 351.443
0.58029; 350.823
0.58696; 350.173
0.59363; 349.496
0.6003; 348.791
0.60697; 348.062
0.61364; 347.31
0.62031; 346.536
0.62698; 345.743
0.63365; 344.932
0.64032; 344.104
0.64699; 343.261
0.65366; 342.406
0.66033; 341.54
0.667; 340.664
0.67367; 339.781
0.68034; 338.891
0.68701; 337.998
0.69368; 337.101
0.70035; 336.203
0.70702; 335.306
0.71369; 334.41
0.72036; 333.518
0.72703; 332.63
0.7337; 331.748
0.74037; 330.874
0.74704; 330.007
0.75371; 329.15
0.76038; 328.304
0.76705; 327.469
0.77372; 326.646
0.78039; 325.836
0.78706; 325.04
0.79373; 324.259
0.8004; 323.492
0.80707; 322.741
0.81374; 322.005
0.82041; 321.285
0.82708; 320.581
0.83375; 319.893
0.84042; 319.22
0.84709; 318.561
0.85376; 317.918
0.86043; 317.288
0.8671; 316.67
0.87377; 316.065
0.88044; 315.469
0.88711; 314.881
0.89378; 314.299
0.90045; 313.722
0.90712; 313.145
0.91379; 312.568
0.92046; 311.988
0.92713; 311.404
0.9338; 310.817
0.94047; 310.234
0.94714; 309.67
0.95381; 309.157
0.96048; 308.745
0.96715; 308.506
0.97382; 308.506
0.98049; 308.745
0.98716; 309.157
0.99383; 309.67
1.0005; 310.234
1.00717; 310.817
1.01384; 311.404
1.02051; 311.988
1.02718; 312.568
1.03385; 313.145
1.04052; 313.722
1.04719; 314.299
1.05386; 314.881
1.06053; 315.469
1.0672; 316.065
1.07387; 316.67
1.08054; 317.288
1.08721; 317.918
1.09388; 318.561
1.10055; 319.22
1.10722; 319.893
1.11389; 320.581
1.12056; 321.285
1.12723; 322.005
1.1339; 322.741
1.14057; 323.492
1.14724; 324.259
1.15391; 325.04
1.16058; 325.836
1.16725; 326.646
1.17392; 327.469
1.18059; 328.304
1.18726; 329.15
1.19393; 330.007
1.2006; 330.874
1.20727; 331.748
1.21394; 332.63
1.22061; 333.518
1.22728; 334.41
1.23395; 335.306
1.24062; 336.203
1.24729; 337.101
1.25396; 337.998
1.26063; 338.891
1.2673; 339.781
1.27397; 340.664
1.28064; 341.54
1.28731; 342.406
1.29398; 343.261
1.30065; 344.104
1.30732; 344.932
1.31399; 345.743
1.32066; 346.536
1.32733; 347.31
1.334; 348.062
1.34067; 348.791
1.34734; 349.496
1.35401; 350.173
1.36068; 350.823
1.36735; 351.443
1.37402; 352.033
1.38069; 352.59
1.38736; 353.113
1.39403; 353.601
1.4007; 354.052
1.40737; 354.467
1.41404; 354.843
1.42071; 355.179
1.42738; 355.476
1.43405; 355.731
1.44072; 355.945
1.44739; 356.117
1.45406; 356.246
1.46073; 356.333
1.4674; 356.376
1.47407; 0
1.48074; 0
1.48741; 0
1.49408; 0
1.50075; 0
1.50742; 0
1.51409; 0
1.52076; 0
1.52743; 0
1.5341; 0
1.54077; 0
1.54744; 0
1.55411; 0
1.56078; 0
1.56745; 0
1.57412; 0
1.58079; 0
1.58746; 0
1.59413; 0
1.6008; 0
1.60747; 0
1.61414; 0
1.62081; 0
1.62748; 0
1.63415; 0
1.64082; 0
1.64749; 0
1.65416; 0
1.66083; 0
1.6675; 0
1.67417; 0
1.68084; 0
1.68751; 0
1.69418; 0
1.70085; 0
1.70752; 0
1.71419; 0
1.72086; 0
1.72753; 0
1.7342; 0
1.74087; 0
1.74754; 0
1.75421; 0
1.76088; 0
1.76755; 0
1.77422; 0
1.78089; 0
1.78756; 0
1.79423; 0
1.8009; 0
1.80757; 0
1.81424; 0
1.82091; 0
1.82758; 0
1.83425; 0
1.84092; 0
1.84759; 0
1.85426; 0
1.86093; 0
1.8676; 0
1.87427; 0
1.88094; 0
1.88761; 0
1.89428; 0
1.90095; 0
1.90762; 0
1.91429; 0
1.92096; 0
1.92763; 0
1.9343; 0
1.94097; 0
1.94764; 0
1.95431; 0
1.96098; 0
1.96765; 0
1.97432; 0
1.98099; 0
1.98766; 0
1.99433; 0
2.001; 0
