0.00667; 0
0.01334; 0
0.02001; 0
0.02668; 0
0.03335; 0
0.04002; 0
0.04669; 0
0.05336; 0
0.06003; 0
0.0667; 0
0.07337; 0
0.08004; 0
0.08671; 0
0.09338; 0
0.10005; 0
0.10672; 0
0.11339; 0
0.12006; 0
0.12673; 0
0.1334; 0
0.14007; 0
0.14674; 0
0.15341; 0
0.16008; 0
0.16675; 0
0.17342; 0
0.18009; 0
0.18676; 0
0.19343; 0
0.2001; 0
0.20677; 0
0.21344; 0
0.22011; 0
0.22678; 0
0.23345; 0
0.24012; 0
0.24679; 0
0.25346; 0
0.26013; 0
0.2668; 0
0.27347; 0
0.28014; 0
0.28681; 0
0.29348; 0
0.30015; 0
0.30682; 0
0.31349; 0
0.32016; 0
0.32683; 0
0.3335; 0
0.34017; 0
0.34684; 0
0.35351; 0
0.36018; 0
0.36685; 0
0.37352; 0
0.38019; 0
0.38686; 0
0.39353; 0
0.4002; 0
0.40687; 0
0.41354; 0
0.42021; 0
0.42688; 0
0.43355; 0
0.44022; 0
0.44689; 0
0.45356; 0
0.46023; 0
0.4669; 0
0.47357; 629.922
0.48024; 629.854
0.48691; 629.719
0.49358; 629.517
0.50025; 629.248
0.50692; 628.912
0.51359; 628.509
0.52026; 628.04
0.52693; 627.505
0.5336; 626.904
0.54027; 626.239
0.54694; 625.509
0.55361; 624.716
0.56028; 623.86
0.56695; 622.941
0.57362; 621.96
0.58029; 620.918
0.58696; 619.816
0.59363; 618.654
0.6003; 617.434
0.60697; 616.155
0.61364; 614.819
0.62031; 613.426
0.62698; 611.978
0.63365; 610.474
0.64032; 608.915
0.64699; 607.303
0.65366; 605.637
0.66033; 603.918
0.667; 602.146
0.67367; 600.322
0.68034; 598.446
0.68701; 596.519
0.69368; 594.539
0.70035; 592.507
0.70702; 590.423
0.71369; 588.286
0.72036; 586.096
0.72703; 583.852
0.7337; 581.552
0.74037; 579.197
0.74704; 576.783
0.75371; 574.31
0.76038; 571.776
0.76705; 569.177
0.77372; 566.511
0.78039; 563.774
0.78706; 560.964
0.79373; 558.076
0.8004; 555.104
0.80707; 552.043
0.81374; 548.887
0.82041; 545.629
0.82708; 542.26
0.83375; 538.771
0.84042; 535.151
0.84709; 531.389
0.85376; 527.47
0.86043; 523.379
0.8671; 519.099
0.87377; 514.608
0.88044; 509.884
0.88711; 504.901
0.89378; 499.631
0.90045; 494.044
0.90712; 488.108
0.91379; 481.792
0.92046; 475.076
0.92713; 467.957
0.9338; 460.474
0.94047; 452.744
0.94714; 445.028
0.95381; 437.818
0.96048; 431.93
0.96715; 428.478
0.97382; 428.478
0.98049; 431.93
0.98716; 437.818
0.99383; 445.028
1.0005; 452.744
1.00717; 460.474
1.01384; 467.957
1.02051; 475.076
1.02718; 481.792
1.03385; 488.108
1.04052; 494.044
1.04719; 499.631
1.05386; 504.901
1.06053; 509.884
1.0672; 514.608
1.07387; 519.099
1.08054; 523.379
1.08721; 527.47
1.09388; 531.389
1.10055; 535.151
1.10722; 538.771
1.11389; 542.26
1.12056; 545.629
1.12723; 548.887
1.1339; 552.043
1.14057; 555.104
1.14724; 558.076
1.15391; 560.964
1.16058; 563.774
1.16725; 566.511
1.17392; 569.177
1.18059; 571.776
1.18726; 574.31
1.19393; 576.783
1.2006; 579.197
1.20727; 581.552
1.21394; 583.852
1.22061; 586.096
1.22728; 588.286
1.23395; 590.423
1.24062; 592.507
1.24729; 594.539
1.25396; 596.519
1.26063; 598.446
1.2673; 600.322
1.27397; 602.146
1.28064; 603.918
1.28731; 605.637
1.29398; 607.303
1.30065; 608.915
1.30732; 610.474
1.31399; 611.978
1.32066; 613.426
1.32733; 614.819
1.334; 616.155
1.34067; 617.434
1.34734; 618.654
1.35401; 619.816
1.36068; 620.918
1.36735; 621.96
1.37402; 622.941
1.38069; 623.86
1.38736; 624.716
1.39403; 625.509
1.4007; 626.239
1.40737; 626.904
1.41404; 627.505
1.42071; 628.04
1.42738; 628.509
1.43405; 628.912
1.44072; 629.248
1.44739; 629.517
1.45406; 629.719
1.46073; 629.854
1.4674; 629.922
1.47407; 0
1.48074; 0
1.48741; 0
1.49408; 0
1.50075; 0
1.50742; 0
1.51409; 0
1.52076; 0
1.52743; 0
1.5341; 0
1.54077; 0
1.54744; 0
1.55411; 0
1.56078; 0
1.56745; 0
1.57412; 0
1.58079; 0
1.58746; 0
1.59413; 0
1.6008; 0
1.60747; 0
1.61414; 0
1.62081; 0
1.62748; 0
1.63415; 0
1.64082; 0
1.64749; 0
1.65416; 0
1.66083; 0
1.6675; 0
1.67417; 0
1.68084; 0
1.68751; 0
1.69418; 0
1.70085; 0
1.70752; 0
1.71419; 0
1.72086; 0
1.72753; 0
1.7342; 0
1.74087; 0
1.74754; 0
1.75421; 0
1.76088; 0
1.76755; 0
1.77422; 0
1.78089; 0
1.78756; 0
1.79423; 0
1.8009; 0
1.80757; 0
1.81424; 0
1.82091; 0
1.82758; 0
1.83425; 0
1.84092; 0
1.84759; 0
1.85426; 0
1.86093; 0
1.8676; 0
1.87427; 0
1.88094; 0
1.88761; 0
1.89428; 0
1.90095; 0
1.90762; 0
1.91429; 0
1.92096; 0
1.92763; 0
1.9343; 0
1.94097; 0
1.94764; 0
1.95431; 0
1.96098; 0
1.96765; 0
1.97432; 0
1.98099; 0
1.98766; 0
1.99433; 0
2.001; 0
