0.0026; 744.985
0.0052; 744.998
0.0078; 745.011
0.0104; 745.036
0.013; 745.073
0.0156; 745.122
0.0182; 745.181
0.0208; 745.25
0.0234; 745.329
0.026; 745.416
0.0286; 745.51
0.0312; 745.61
0.0338; 745.716
0.0364; 745.827
0.039; 745.941
0.0416; 746.057
0.0442; 746.175
0.0468; 746.295
0.0494; 746.414
0.052; 746.533
0.0546; 746.651
0.0572; 746.768
0.0598; 746.884
0.0624; 746.997
0.065; 747.108
0.0676; 747.217
0.0702; 747.323
0.0728; 747.426
0.0754; 747.526
0.078; 747.622
0.0806; 747.713
0.0832; 747.8
0.0858; 747.881
0.0884; 747.958
0.091; 748.03
0.0936; 748.095
0.0962; 748.152
0.0988; 748.201
0.1014; 748.243
0.104; 748.277
0.1066; 748.304
0.1092; 748.326
0.1118; 748.343
0.1144; 748.354
0.117; 748.36
0.1196; 748.361
0.1222; 748.356
0.1248; 748.346
0.1274; 748.331
0.13; 748.309
0.1326; 748.281
0.1352; 748.246
0.1378; 748.204
0.1404; 748.153
0.143; 748.092
0.1456; 748.021
0.1482; 747.937
0.1508; 747.84
0.1534; 747.727
0.156; 747.597
0.1586; 747.45
0.1612; 747.287
0.1638; 747.107
0.1664; 746.912
0.169; 746.699
0.1716; 746.469
0.1742; 746.22
0.1768; 745.954
0.1794; 745.671
0.182; 745.371
0.1846; 745.054
0.1872; 744.72
0.1898; 744.37
0.1924; 744.004
0.195; 743.622
0.1976; 743.227
0.2002; 742.818
0.2028; 742.396
0.2054; 741.964
0.208; 741.521
0.2106; 741.07
0.2132; 740.611
0.2158; 740.146
0.2184; 739.676
0.221; 739.202
0.2236; 738.726
0.2262; 738.248
0.2288; 737.768
0.2314; 737.287
0.234; 736.804
0.2366; 736.318
0.2392; 735.829
0.2418; 735.336
0.2444; 734.836
0.247; 734.329
0.2496; 733.814
0.2522; 733.288
0.2548; 732.75
0.2574; 732.199
0.26; 731.633
0.2626; 731.051
0.2652; 730.451
0.2678; 729.832
0.2704; 729.194
0.273; 728.535
0.2756; 727.855
0.2782; 727.153
0.2808; 726.429
0.2834; 725.684
0.286; 724.918
0.2886; 724.131
0.2912; 723.323
0.2938; 722.497
0.2964; 721.654
0.299; 720.794
0.3016; 719.919
0.3042; 719.032
0.3068; 718.132
0.3094; 717.222
0.312; 716.298
0.3146; 715.423
0.3172; 714.579
0.3198; 713.753
0.3224; 712.934
0.325; 712.116
0.3276; 711.292
0.3302; 710.443
0.3328; 709.591
0.3354; 708.743
0.338; 707.904
0.3406; 707.076
0.3432; 706.269
0.3458; 705.444
0.3484; 704.581
0.351; 703.743
0.3536; 702.921
0.3562; 702.11
0.3588; 701.305
0.3614; 700.505
0.364; 699.706
0.3666; 698.911
0.3692; 698.119
0.3718; 697.328
0.3744; 696.534
0.377; 695.734
0.3796; 694.925
0.3822; 694.103
0.3848; 693.267
0.3874; 692.414
0.39; 691.541
0.3926; 690.647
0.3952; 689.731
0.3978; 688.792
0.4004; 687.829
0.403; 686.843
0.4056; 685.833
0.4082; 684.802
0.4108; 683.749
0.4134; 682.676
0.416; 681.585
0.4186; 680.476
0.4212; 679.352
0.4238; 678.213
0.4264; 677.06
0.429; 675.895
0.4316; 674.718
0.4342; 673.529
0.4368; 672.327
0.4394; 671.112
0.442; 669.883
0.4446; 668.637
0.4472; 667.372
0.4498; 666.085
0.4524; 664.774
0.455; 663.433
0.4576; 662.059
0.4602; 660.643
0.4628; 659.179
0.4654; 657.658
0.468; 656.073
0.4706; 654.416
0.4732; 652.68
0.4758; 650.855
0.4784; 648.935
0.481; 646.912
0.4836; 644.782
0.4862; 642.542
0.4888; 640.192
0.4914; 637.735
0.494; 635.174
0.4966; 632.496
0.4992; 629.692
0.5018; 626.756
0.5044; 623.686
0.507; 620.478
0.5096; 617.132
0.5122; 613.645
0.5148; 610.013
0.5174; 606.237
0.52; 602.352
0.5226; 598.334
0.5252; 594.304
0.5278; 590.351
0.5304; 586.332
0.533; 582.259
0.5356; 578.167
0.5382; 574.063
0.5408; 569.947
0.5434; 565.822
0.546; 561.69
0.5486; 557.554
0.5512; 553.42
0.5538; 549.29
0.5564; 545.169
0.559; 541.061
0.5616; 536.969
0.5642; 532.898
0.5668; 528.851
0.5694; 524.833
0.572; 520.848
0.5746; 516.9
0.5772; 512.991
0.5798; 509.127
0.5824; 505.311
0.585; 501.546
0.5876; 497.837
0.5902; 494.185
0.5928; 490.595
0.5954; 487.069
0.598; 483.609
0.6006; 480.22
0.6032; 476.902
0.6058; 473.658
0.6084; 470.49
0.611; 467.4
0.6136; 464.389
0.6162; 461.459
0.6188; 458.611
0.6214; 455.844
0.624; 453.161
0.6266; 450.562
0.6292; 448.046
0.6318; 445.614
0.6344; 443.266
0.637; 441
0.6396; 438.817
0.6422; 436.716
0.6448; 434.695
0.6474; 432.755
0.65; 430.893
0.6526; 429.108
0.6552; 427.4
0.6578; 425.767
0.6604; 424.206
0.663; 422.717
0.6656; 421.298
0.6682; 419.947
0.6708; 418.662
0.6734; 417.441
0.676; 416.283
0.6786; 415.186
0.6812; 414.147
0.6838; 413.165
0.6864; 412.238
0.689; 411.363
0.6916; 410.54
0.6942; 409.765
0.6968; 409.037
0.6994; 408.353
0.702; 407.713
0.7046; 407.114
0.7072; 406.554
0.7098; 406.031
0.7124; 405.544
0.715; 405.09
0.7176; 404.669
0.7202; 404.278
0.7228; 403.915
0.7254; 403.58
0.728; 403.271
0.7306; 402.986
0.7332; 402.724
0.7358; 402.483
0.7384; 402.263
0.741; 402.062
0.7436; 401.879
0.7462; 401.713
0.7488; 401.563
0.7514; 401.428
0.754; 401.307
0.7566; 401.2
0.7592; 401.105
0.7618; 401.023
0.7644; 400.952
0.767; 400.892
0.7696; 400.842
0.7722; 400.803
0.7748; 400.774
0.7774; 400.755
0.78; 400.745
