0.00026; 598.241
0.00052; 598.237
0.00078; 598.24
0.00104; 598.241
0.0013; 598.236
0.00156; 598.227
0.00182; 598.233
0.00208; 598.235
0.00234; 598.231
0.0026; 598.226
0.00286; 598.228
0.00312; 598.228
0.00338; 598.223
0.00364; 598.214
0.0039; 598.22
0.00416; 598.222
0.00442; 598.218
0.00468; 598.213
0.00494; 598.215
0.0052; 598.215
0.00546; 598.21
0.00572; 598.201
0.00598; 598.208
0.00624; 598.209
0.0065; 598.206
0.00676; 598.201
0.00702; 598.203
0.00728; 598.204
0.00754; 598.199
0.0078; 598.19
0.00806; 598.196
0.00832; 598.198
0.00858; 598.194
0.00884; 598.19
0.0091; 598.192
0.00936; 598.192
0.00962; 598.187
0.00988; 598.179
0.01014; 598.185
0.0104; 598.187
0.01066; 598.183
0.01092; 598.179
0.01118; 598.181
0.01144; 598.182
0.0117; 598.177
0.01196; 598.168
0.01222; 598.175
0.01248; 598.177
0.01274; 598.173
0.013; 598.169
0.01326; 598.171
0.01352; 598.172
0.01378; 598.167
0.01404; 598.159
0.0143; 598.165
0.01456; 598.168
0.01482; 598.164
0.01508; 598.16
0.01534; 598.162
0.0156; 598.163
0.01586; 598.159
0.01612; 598.15
0.01638; 598.157
0.01664; 598.159
0.0169; 598.156
0.01716; 598.152
0.01742; 598.154
0.01768; 598.155
0.01794; 598.151
0.0182; 598.142
0.01846; 598.149
0.01872; 598.151
0.01898; 598.148
0.01924; 598.144
0.0195; 598.147
0.01976; 598.148
0.02002; 598.143
0.02028; 598.135
0.02054; 598.142
0.0208; 598.144
0.02106; 598.141
0.02132; 598.137
0.02158; 598.14
0.02184; 598.141
0.0221; 598.137
0.02236; 598.129
0.02262; 598.136
0.02288; 598.138
0.02314; 598.135
0.0234; 598.131
0.02366; 598.134
0.02392; 598.135
0.02418; 598.131
0.02444; 598.123
0.0247; 598.13
0.02496; 598.133
0.02522; 598.13
0.02548; 598.126
0.02574; 598.129
0.026; 598.13
0.02626; 598.126
0.02652; 598.118
0.02678; 598.125
0.02704; 598.128
0.0273; 598.125
0.02756; 598.121
0.02782; 598.124
0.02808; 598.126
0.02834; 598.122
0.0286; 598.114
0.02886; 598.121
0.02912; 598.124
0.02938; 598.121
0.02964; 598.117
0.0299; 598.121
0.03016; 598.122
0.03042; 598.118
0.03068; 598.11
0.03094; 598.118
0.0312; 598.121
0.03146; 598.118
0.03172; 598.114
0.03198; 598.118
0.03224; 598.119
0.0325; 598.115
0.03276; 598.108
0.03302; 598.115
0.03328; 598.118
0.03354; 598.115
0.0338; 598.112
0.03406; 598.115
0.03432; 598.117
0.03458; 598.113
0.03484; 598.106
0.0351; 598.113
0.03536; 598.116
0.03562; 598.113
0.03588; 598.11
0.03614; 598.113
0.0364; 598.115
0.03666; 598.112
0.03692; 598.104
0.03718; 598.111
0.03744; 598.115
0.0377; 598.112
0.03796; 598.109
0.03822; 598.112
0.03848; 598.114
0.03874; 598.111
0.039; 598.103
0.03926; 598.111
0.03952; 598.114
0.03978; 598.112
0.04004; 598.109
0.0403; 598.112
0.04056; 598.114
0.04082; 598.111
0.04108; 598.103
0.04134; 598.111
0.0416; 598.114
0.04186; 598.112
0.04212; 598.109
0.04238; 598.113
0.04264; 598.115
0.0429; 598.111
0.04316; 598.104
0.04342; 598.111
0.04368; 598.115
0.04394; 598.113
0.0442; 598.11
0.04446; 598.114
0.04472; 598.116
0.04498; 598.112
0.04524; 598.105
0.0455; 598.113
0.04576; 598.116
0.04602; 598.114
0.04628; 598.111
0.04654; 598.115
0.0468; 598.118
0.04706; 598.114
0.04732; 598.107
0.04758; 598.115
0.04784; 598.119
0.0481; 598.117
0.04836; 598.114
0.04862; 598.118
0.04888; 598.12
0.04914; 598.117
0.0494; 598.11
0.04966; 598.118
0.04992; 598.121
0.05018; 598.12
0.05044; 598.117
0.0507; 598.121
0.05096; 598.123
0.05122; 598.12
0.05148; 598.113
0.05174; 598.121
0.052; 598.125
0.05226; 598.123
0.05252; 598.12
0.05278; 598.124
0.05304; 598.127
0.0533; 598.124
0.05356; 598.117
0.05382; 598.125
0.05408; 598.129
0.05434; 598.127
0.0546; 598.125
0.05486; 598.129
0.05512; 598.131
0.05538; 598.128
0.05564; 598.121
0.0559; 598.13
0.05616; 598.134
0.05642; 598.132
0.05668; 598.13
0.05694; 598.134
0.0572; 598.137
0.05746; 598.134
0.05772; 598.127
0.05798; 598.135
0.05824; 598.139
0.0585; 598.138
0.05876; 598.135
0.05902; 598.14
0.05928; 598.142
0.05954; 598.14
0.0598; 598.133
0.06006; 598.141
0.06032; 598.146
0.06058; 598.144
0.06084; 598.142
0.0611; 598.146
0.06136; 598.149
0.06162; 598.147
0.06188; 598.14
0.06214; 598.149
0.0624; 598.153
0.06266; 598.152
0.06292; 598.149
0.06318; 598.154
0.06344; 598.157
0.0637; 598.154
0.06396; 598.148
0.06422; 598.156
0.06448; 598.161
0.06474; 598.16
0.065; 598.157
0.06526; 598.162
0.06552; 598.165
0.06578; 598.163
0.06604; 598.156
0.0663; 598.165
0.06656; 598.169
0.06682; 598.168
0.06708; 598.166
0.06734; 598.171
0.0676; 598.174
0.06786; 598.172
0.06812; 598.165
0.06838; 598.174
0.06864; 598.178
0.0689; 598.177
0.06916; 598.175
0.06942; 598.18
0.06968; 598.183
0.06994; 598.181
0.0702; 598.175
0.07046; 598.184
0.07072; 598.188
0.07098; 598.187
0.07124; 598.185
0.0715; 598.19
0.07176; 598.194
0.07202; 598.192
0.07228; 598.185
0.07254; 598.194
0.0728; 598.199
0.07306; 598.198
0.07332; 598.196
0.07358; 598.201
0.07384; 598.205
0.0741; 598.202
0.07436; 598.196
0.07462; 598.205
0.07488; 598.21
0.07514; 598.209
0.0754; 598.208
0.07566; 598.213
0.07592; 598.216
0.07618; 598.214
0.07644; 598.208
0.0767; 598.217
0.07696; 598.222
0.07722; 598.221
0.07748; 598.219
0.07774; 598.225
0.078; 598.23
