0.00026; 702.416
0.00052; 702.414
0.00078; 702.412
0.00104; 702.413
0.0013; 702.413
0.00156; 702.411
0.00182; 702.405
0.00208; 702.409
0.00234; 702.409
0.0026; 702.407
0.00286; 702.404
0.00312; 702.405
0.00338; 702.405
0.00364; 702.403
0.0039; 702.396
0.00416; 702.4
0.00442; 702.4
0.00468; 702.399
0.00494; 702.396
0.0052; 702.396
0.00546; 702.396
0.00572; 702.394
0.00598; 702.388
0.00624; 702.392
0.0065; 702.392
0.00676; 702.391
0.00702; 702.388
0.00728; 702.388
0.00754; 702.388
0.0078; 702.386
0.00806; 702.38
0.00832; 702.384
0.00858; 702.384
0.00884; 702.383
0.0091; 702.38
0.00936; 702.381
0.00962; 702.381
0.00988; 702.379
0.01014; 702.373
0.0104; 702.377
0.01066; 702.377
0.01092; 702.376
0.01118; 702.373
0.01144; 702.374
0.0117; 702.374
0.01196; 702.372
0.01222; 702.366
0.01248; 702.37
0.01274; 702.37
0.013; 702.37
0.01326; 702.367
0.01352; 702.367
0.01378; 702.368
0.01404; 702.366
0.0143; 702.36
0.01456; 702.364
0.01482; 702.364
0.01508; 702.364
0.01534; 702.361
0.0156; 702.362
0.01586; 702.362
0.01612; 702.36
0.01638; 702.355
0.01664; 702.359
0.0169; 702.359
0.01716; 702.358
0.01742; 702.355
0.01768; 702.356
0.01794; 702.357
0.0182; 702.355
0.01846; 702.35
0.01872; 702.354
0.01898; 702.354
0.01924; 702.354
0.0195; 702.351
0.01976; 702.352
0.02002; 702.352
0.02028; 702.351
0.02054; 702.345
0.0208; 702.349
0.02106; 702.35
0.02132; 702.349
0.02158; 702.346
0.02184; 702.348
0.0221; 702.348
0.02236; 702.347
0.02262; 702.341
0.02288; 702.345
0.02314; 702.346
0.0234; 702.345
0.02366; 702.343
0.02392; 702.344
0.02418; 702.344
0.02444; 702.343
0.0247; 702.337
0.02496; 702.342
0.02522; 702.342
0.02548; 702.342
0.02574; 702.339
0.026; 702.34
0.02626; 702.341
0.02652; 702.34
0.02678; 702.334
0.02704; 702.339
0.0273; 702.339
0.02756; 702.339
0.02782; 702.336
0.02808; 702.338
0.02834; 702.338
0.0286; 702.337
0.02886; 702.331
0.02912; 702.336
0.02938; 702.337
0.02964; 702.336
0.0299; 702.334
0.03016; 702.335
0.03042; 702.336
0.03068; 702.335
0.03094; 702.329
0.0312; 702.334
0.03146; 702.334
0.03172; 702.334
0.03198; 702.332
0.03224; 702.333
0.0325; 702.334
0.03276; 702.333
0.03302; 702.327
0.03328; 702.332
0.03354; 702.333
0.0338; 702.332
0.03406; 702.33
0.03432; 702.332
0.03458; 702.332
0.03484; 702.331
0.0351; 702.326
0.03536; 702.331
0.03562; 702.331
0.03588; 702.331
0.03614; 702.329
0.0364; 702.33
0.03666; 702.331
0.03692; 702.33
0.03718; 702.325
0.03744; 702.33
0.0377; 702.331
0.03796; 702.331
0.03822; 702.328
0.03848; 702.33
0.03874; 702.331
0.039; 702.33
0.03926; 702.325
0.03952; 702.33
0.03978; 702.33
0.04004; 702.33
0.0403; 702.328
0.04056; 702.33
0.04082; 702.331
0.04108; 702.33
0.04134; 702.325
0.0416; 702.33
0.04186; 702.331
0.04212; 702.331
0.04238; 702.329
0.04264; 702.33
0.0429; 702.331
0.04316; 702.33
0.04342; 702.325
0.04368; 702.33
0.04394; 702.331
0.0442; 702.331
0.04446; 702.329
0.04472; 702.331
0.04498; 702.332
0.04524; 702.331
0.0455; 702.326
0.04576; 702.331
0.04602; 702.332
0.04628; 702.332
0.04654; 702.33
0.0468; 702.332
0.04706; 702.333
0.04732; 702.332
0.04758; 702.327
0.04784; 702.332
0.0481; 702.333
0.04836; 702.334
0.04862; 702.332
0.04888; 702.334
0.04914; 702.335
0.0494; 702.334
0.04966; 702.329
0.04992; 702.334
0.05018; 702.335
0.05044; 702.336
0.0507; 702.334
0.05096; 702.336
0.05122; 702.337
0.05148; 702.336
0.05174; 702.331
0.052; 702.337
0.05226; 702.338
0.05252; 702.338
0.05278; 702.336
0.05304; 702.338
0.0533; 702.34
0.05356; 702.339
0.05382; 702.334
0.05408; 702.339
0.05434; 702.341
0.0546; 702.341
0.05486; 702.339
0.05512; 702.341
0.05538; 702.343
0.05564; 702.342
0.0559; 702.337
0.05616; 702.343
0.05642; 702.344
0.05668; 702.344
0.05694; 702.343
0.0572; 702.345
0.05746; 702.346
0.05772; 702.346
0.05798; 702.341
0.05824; 702.346
0.0585; 702.348
0.05876; 702.348
0.05902; 702.346
0.05928; 702.349
0.05954; 702.35
0.0598; 702.35
0.06006; 702.345
0.06032; 702.35
0.06058; 702.352
0.06084; 702.352
0.0611; 702.351
0.06136; 702.353
0.06162; 702.355
0.06188; 702.354
0.06214; 702.349
0.0624; 702.355
0.06266; 702.356
0.06292; 702.357
0.06318; 702.355
0.06344; 702.358
0.0637; 702.359
0.06396; 702.359
0.06422; 702.354
0.06448; 702.36
0.06474; 702.361
0.065; 702.362
0.06526; 702.361
0.06552; 702.363
0.06578; 702.365
0.06604; 702.364
0.0663; 702.36
0.06656; 702.366
0.06682; 702.367
0.06708; 702.368
0.06734; 702.366
0.0676; 702.369
0.06786; 702.37
0.06812; 702.37
0.06838; 702.366
0.06864; 702.371
0.0689; 702.373
0.06916; 702.374
0.06942; 702.373
0.06968; 702.375
0.06994; 702.377
0.0702; 702.377
0.07046; 702.372
0.07072; 702.378
0.07098; 702.38
0.07124; 702.381
0.0715; 702.379
0.07176; 702.382
0.07202; 702.384
0.07228; 702.383
0.07254; 702.379
0.0728; 702.385
0.07306; 702.387
0.07332; 702.388
0.07358; 702.386
0.07384; 702.389
0.0741; 702.391
0.07436; 702.391
0.07462; 702.387
0.07488; 702.393
0.07514; 702.395
0.0754; 702.396
0.07566; 702.395
0.07592; 702.397
0.07618; 702.399
0.07644; 702.399
0.0767; 702.395
0.07696; 702.401
0.07722; 702.403
0.07748; 702.404
0.07774; 702.403
0.078; 702.404
