0.00667; 0
0.01334; 0
0.02001; 0
0.02668; 0
0.03335; 0
0.04002; 0
0.04669; 0
0.05336; 0
0.06003; 0
0.0667; 0
0.07337; 0
0.08004; 0
0.08671; 0
0.09338; 0
0.10005; 0
0.10672; 0
0.11339; 0
0.12006; 0
0.12673; 0
0.1334; 0
0.14007; 0
0.14674; 0
0.15341; 0
0.16008; 0
0.16675; 0
0.17342; 0
0.18009; 0
0.18676; 0
0.19343; 0
0.2001; 0
0.20677; 0
0.21344; 0
0.22011; 0
0.22678; 0
0.23345; 0
0.24012; 0
0.24679; 0
0.25346; 0
0.26013; 0
0.2668; 0
0.27347; 0
0.28014; 0
0.28681; 0
0.29348; 0
0.30015; 0
0.30682; 0
0.31349; 0
0.32016; 0
0.32683; 0
0.3335; 0
0.34017; 0
0.34684; 0
0.35351; 0
0.36018; 0
0.36685; 0
0.37352; 0
0.38019; 0
0.38686; 0
0.39353; 0
0.4002; 0
0.40687; 0
0.41354; 0
0.42021; 0
0.42688; 0
0.43355; 0
0.44022; 0
0.44689; 0
0.45356; 0
0.46023; 0
0.4669; 0
0.47357; 632.708
0.48024; 632.641
0.48691; 632.506
0.49358; 632.304
0.50025; 632.034
0.50692; 631.698
0.51359; 631.295
0.52026; 630.825
0.52693; 630.29
0.5336; 629.689
0.54027; 629.023
0.54694; 628.293
0.55361; 627.499
0.56028; 626.642
0.56695; 625.722
0.57362; 624.741
0.58029; 623.698
0.58696; 622.595
0.59363; 621.431
0.6003; 620.209
0.60697; 618.929
0.61364; 617.591
0.62031; 616.196
0.62698; 614.745
0.63365; 613.238
0.64032; 611.676
0.64699; 610.06
0.65366; 608.391
0.66033; 606.667
0.667; 604.891
0.67367; 603.062
0.68034; 601.181
0.68701; 599.247
0.69368; 597.261
0.70035; 595.222
0.70702; 593.13
0.71369; 590.985
0.72036; 588.786
0.72703; 586.532
0.7337; 584.223
0.74037; 581.856
0.74704; 579.431
0.75371; 576.945
0.76038; 574.397
0.76705; 571.784
0.77372; 569.102
0.78039; 566.35
0.78706; 563.522
0.79373; 560.614
0.8004; 557.623
0.80707; 554.541
0.81374; 551.362
0.82041; 548.08
0.82708; 544.685
0.83375; 541.169
0.84042; 537.52
0.84709; 533.727
0.85376; 529.775
0.86043; 525.648
0.8671; 521.33
0.87377; 516.798
0.88044; 512.031
0.88711; 507.001
0.89378; 501.682
0.90045; 496.04
0.90712; 490.046
0.91379; 483.668
0.92046; 476.885
0.92713; 469.694
0.9338; 462.135
0.94047; 454.327
0.94714; 446.531
0.95381; 439.247
0.96048; 433.298
0.96715; 429.811
0.97382; 429.811
0.98049; 433.298
0.98716; 439.247
0.99383; 446.531
1.0005; 454.327
1.00717; 462.135
1.01384; 469.694
1.02051; 476.885
1.02718; 483.668
1.03385; 490.046
1.04052; 496.04
1.04719; 501.682
1.05386; 507.001
1.06053; 512.031
1.0672; 516.798
1.07387; 521.33
1.08054; 525.648
1.08721; 529.775
1.09388; 533.727
1.10055; 537.52
1.10722; 541.169
1.11389; 544.685
1.12056; 548.08
1.12723; 551.362
1.1339; 554.541
1.14057; 557.623
1.14724; 560.614
1.15391; 563.522
1.16058; 566.35
1.16725; 569.102
1.17392; 571.784
1.18059; 574.397
1.18726; 576.945
1.19393; 579.431
1.2006; 581.856
1.20727; 584.223
1.21394; 586.532
1.22061; 588.786
1.22728; 590.985
1.23395; 593.13
1.24062; 595.222
1.24729; 597.261
1.25396; 599.247
1.26063; 601.181
1.2673; 603.062
1.27397; 604.891
1.28064; 606.667
1.28731; 608.391
1.29398; 610.06
1.30065; 611.676
1.30732; 613.238
1.31399; 614.745
1.32066; 616.196
1.32733; 617.591
1.334; 618.929
1.34067; 620.209
1.34734; 621.431
1.35401; 622.595
1.36068; 623.698
1.36735; 624.741
1.37402; 625.722
1.38069; 626.642
1.38736; 627.499
1.39403; 628.293
1.4007; 629.023
1.40737; 629.689
1.41404; 630.29
1.42071; 630.825
1.42738; 631.295
1.43405; 631.698
1.44072; 632.034
1.44739; 632.304
1.45406; 632.506
1.46073; 632.641
1.4674; 632.708
1.47407; 0
1.48074; 0
1.48741; 0
1.49408; 0
1.50075; 0
1.50742; 0
1.51409; 0
1.52076; 0
1.52743; 0
1.5341; 0
1.54077; 0
1.54744; 0
1.55411; 0
1.56078; 0
1.56745; 0
1.57412; 0
1.58079; 0
1.58746; 0
1.59413; 0
1.6008; 0
1.60747; 0
1.61414; 0
1.62081; 0
1.62748; 0
1.63415; 0
1.64082; 0
1.64749; 0
1.65416; 0
1.66083; 0
1.6675; 0
1.67417; 0
1.68084; 0
1.68751; 0
1.69418; 0
1.70085; 0
1.70752; 0
1.71419; 0
1.72086; 0
1.72753; 0
1.7342; 0
1.74087; 0
1.74754; 0
1.75421; 0
1.76088; 0
1.76755; 0
1.77422; 0
1.78089; 0
1.78756; 0
1.79423; 0
1.8009; 0
1.80757; 0
1.81424; 0
1.82091; 0
1.82758; 0
1.83425; 0
1.84092; 0
1.84759; 0
1.85426; 0
1.86093; 0
1.8676; 0
1.87427; 0
1.88094; 0
1.88761; 0
1.89428; 0
1.90095; 0
1.90762; 0
1.91429; 0
1.92096; 0
1.92763; 0
1.9343; 0
1.94097; 0
1.94764; 0
1.95431; 0
1.96098; 0
1.96765; 0
1.97432; 0
1.98099; 0
1.98766; 0
1.99433; 0
2.001; 0
