0.00667; 0
0.01334; 0
0.02001; 0
0.02668; 0
0.03335; 0
0.04002; 0
0.04669; 0
0.05336; 0
0.06003; 0
0.0667; 0
0.07337; 0
0.08004; 0
0.08671; 0
0.09338; 0
0.10005; 0
0.10672; 0
0.11339; 0
0.12006; 0
0.12673; 0
0.1334; 0
0.14007; 0
0.14674; 0
0.15341; 0
0.16008; 0
0.16675; 0
0.17342; 0
0.18009; 0
0.18676; 0
0.19343; 0
0.2001; 0
0.20677; 0
0.21344; 0
0.22011; 0
0.22678; 0
0.23345; 0
0.24012; 0
0.24679; 0
0.25346; 0
0.26013; 0
0.2668; 0
0.27347; 0
0.28014; 0
0.28681; 0
0.29348; 0
0.30015; 0
0.30682; 0
0.31349; 0
0.32016; 0
0.32683; 0
0.3335; 0
0.34017; 0
0.34684; 0
0.35351; 0
0.36018; 0
0.36685; 0
0.37352; 0
0.38019; 0
0.38686; 0
0.39353; 0
0.4002; 0
0.40687; 0
0.41354; 0
0.42021; 0
0.42688; 0
0.43355; 0
0.44022; 0
0.44689; 0
0.45356; 0
0.46023; 0
0.4669; 0
0.47357; 552.359
0.48024; 552.292
0.48691; 552.159
0.49358; 551.959
0.50025; 551.693
0.50692; 551.361
0.51359; 550.964
0.52026; 550.502
0.52693; 549.976
0.5336; 549.385
0.54027; 548.732
0.54694; 548.017
0.55361; 547.241
0.56028; 546.405
0.56695; 545.509
0.57362; 544.556
0.58029; 543.545
0.58696; 542.478
0.59363; 541.357
0.6003; 540.182
0.60697; 538.954
0.61364; 537.676
0.62031; 536.348
0.62698; 534.972
0.63365; 533.548
0.64032; 532.078
0.64699; 530.564
0.65366; 529.005
0.66033; 527.405
0.667; 525.763
0.67367; 524.08
0.68034; 522.359
0.68701; 520.599
0.69368; 518.801
0.70035; 516.966
0.70702; 515.095
0.71369; 513.188
0.72036; 511.246
0.72703; 509.268
0.7337; 507.255
0.74037; 505.207
0.74704; 503.122
0.75371; 501.002
0.76038; 498.844
0.76705; 496.648
0.77372; 494.411
0.78039; 492.134
0.78706; 489.813
0.79373; 487.445
0.8004; 485.029
0.80707; 482.56
0.81374; 480.034
0.82041; 477.447
0.82708; 474.793
0.83375; 472.066
0.84042; 469.259
0.84709; 466.363
0.85376; 463.368
0.86043; 460.264
0.8671; 457.039
0.87377; 453.678
0.88044; 450.164
0.88711; 446.48
0.89378; 442.605
0.90045; 438.518
0.90712; 434.196
0.91379; 429.617
0.92046; 424.766
0.92713; 419.64
0.9338; 414.267
0.94047; 408.73
0.94714; 403.212
0.95381; 398.063
0.96048; 393.863
0.96715; 391.402
0.97382; 391.402
0.98049; 393.863
0.98716; 398.063
0.99383; 403.212
1.0005; 408.73
1.00717; 414.267
1.01384; 419.64
1.02051; 424.766
1.02718; 429.617
1.03385; 434.196
1.04052; 438.518
1.04719; 442.605
1.05386; 446.48
1.06053; 450.164
1.0672; 453.678
1.07387; 457.039
1.08054; 460.264
1.08721; 463.368
1.09388; 466.363
1.10055; 469.259
1.10722; 472.066
1.11389; 474.793
1.12056; 477.447
1.12723; 480.034
1.1339; 482.56
1.14057; 485.029
1.14724; 487.445
1.15391; 489.813
1.16058; 492.134
1.16725; 494.411
1.17392; 496.648
1.18059; 498.844
1.18726; 501.002
1.19393; 503.122
1.2006; 505.207
1.20727; 507.255
1.21394; 509.268
1.22061; 511.246
1.22728; 513.188
1.23395; 515.095
1.24062; 516.966
1.24729; 518.801
1.25396; 520.599
1.26063; 522.359
1.2673; 524.08
1.27397; 525.763
1.28064; 527.405
1.28731; 529.005
1.29398; 530.564
1.30065; 532.078
1.30732; 533.548
1.31399; 534.972
1.32066; 536.348
1.32733; 537.676
1.334; 538.954
1.34067; 540.182
1.34734; 541.357
1.35401; 542.478
1.36068; 543.545
1.36735; 544.556
1.37402; 545.509
1.38069; 546.405
1.38736; 547.241
1.39403; 548.017
1.4007; 548.732
1.40737; 549.385
1.41404; 549.976
1.42071; 550.502
1.42738; 550.964
1.43405; 551.361
1.44072; 551.693
1.44739; 551.959
1.45406; 552.159
1.46073; 552.292
1.4674; 552.359
1.47407; 0
1.48074; 0
1.48741; 0
1.49408; 0
1.50075; 0
1.50742; 0
1.51409; 0
1.52076; 0
1.52743; 0
1.5341; 0
1.54077; 0
1.54744; 0
1.55411; 0
1.56078; 0
1.56745; 0
1.57412; 0
1.58079; 0
1.58746; 0
1.59413; 0
1.6008; 0
1.60747; 0
1.61414; 0
1.62081; 0
1.62748; 0
1.63415; 0
1.64082; 0
1.64749; 0
1.65416; 0
1.66083; 0
1.6675; 0
1.67417; 0
1.68084; 0
1.68751; 0
1.69418; 0
1.70085; 0
1.70752; 0
1.71419; 0
1.72086; 0
1.72753; 0
1.7342; 0
1.74087; 0
1.74754; 0
1.75421; 0
1.76088; 0
1.76755; 0
1.77422; 0
1.78089; 0
1.78756; 0
1.79423; 0
1.8009; 0
1.80757; 0
1.81424; 0
1.82091; 0
1.82758; 0
1.83425; 0
1.84092; 0
1.84759; 0
1.85426; 0
1.86093; 0
1.8676; 0
1.87427; 0
1.88094; 0
1.88761; 0
1.89428; 0
1.90095; 0
1.90762; 0
1.91429; 0
1.92096; 0
1.92763; 0
1.9343; 0
1.94097; 0
1.94764; 0
1.95431; 0
1.96098; 0
1.96765; 0
1.97432; 0
1.98099; 0
1.98766; 0
1.99433; 0
2.001; 0
