0.00667; 0
0.01334; 0
0.02001; 0
0.02668; 0
0.03335; 0
0.04002; 0
0.04669; 0
0.05336; 0
0.06003; 0
0.0667; 0
0.07337; 0
0.08004; 0
0.08671; 0
0.09338; 0
0.10005; 0
0.10672; 0
0.11339; 0
0.12006; 0
0.12673; 0
0.1334; 0
0.14007; 0
0.14674; 0
0.15341; 0
0.16008; 0
0.16675; 0
0.17342; 0
0.18009; 0
0.18676; 0
0.19343; 0
0.2001; 0
0.20677; 0
0.21344; 0
0.22011; 0
0.22678; 0
0.23345; 0
0.24012; 0
0.24679; 0
0.25346; 0
0.26013; 0
0.2668; 0
0.27347; 0
0.28014; 0
0.28681; 0
0.29348; 0
0.30015; 0
0.30682; 0
0.31349; 0
0.32016; 0
0.32683; 0
0.3335; 0
0.34017; 0
0.34684; 0
0.35351; 0
0.36018; 0
0.36685; 0
0.37352; 0
0.38019; 0
0.38686; 0
0.39353; 0
0.4002; 0
0.40687; 0
0.41354; 0
0.42021; 0
0.42688; 0
0.43355; 0
0.44022; 0
0.44689; 0
0.45356; 0
0.46023; 0
0.4669; 0
0.47357; 305.118
0.48024; 305.111
0.48691; 305.095
0.49358; 305.072
0.50025; 305.042
0.50692; 305.004
0.51359; 304.959
0.52026; 304.907
0.52693; 304.848
0.5336; 304.783
0.54027; 304.711
0.54694; 304.634
0.55361; 304.551
0.56028; 304.462
0.56695; 304.369
0.57362; 304.271
0.58029; 304.169
0.58696; 304.063
0.59363; 303.954
0.6003; 303.842
0.60697; 303.727
0.61364; 303.611
0.62031; 303.492
0.62698; 303.373
0.63365; 303.252
0.64032; 303.131
0.64699; 303.01
0.65366; 302.889
0.66033; 302.769
0.667; 302.649
0.67367; 302.531
0.68034; 302.415
0.68701; 302.3
0.69368; 302.188
0.70035; 302.077
0.70702; 301.97
0.71369; 301.865
0.72036; 301.763
0.72703; 301.664
0.7337; 301.568
0.74037; 301.476
0.74704; 301.387
0.75371; 301.301
0.76038; 301.219
0.76705; 301.14
0.77372; 301.065
0.78039; 300.994
0.78706; 300.926
0.79373; 300.861
0.8004; 300.8
0.80707; 300.742
0.81374; 300.688
0.82041; 300.636
0.82708; 300.588
0.83375; 300.543
0.84042; 300.5
0.84709; 300.461
0.85376; 300.424
0.86043; 300.39
0.8671; 300.358
0.87377; 300.329
0.88044; 300.302
0.88711; 300.277
0.89378; 300.254
0.90045; 300.233
0.90712; 300.214
0.91379; 300.196
0.92046; 300.18
0.92713; 300.165
0.9338; 300.152
0.94047; 300.14
0.94714; 300.129
0.95381; 300.12
0.96048; 300.113
0.96715; 300.11
0.97382; 300.11
0.98049; 300.113
0.98716; 300.12
0.99383; 300.129
1.0005; 300.14
1.00717; 300.152
1.01384; 300.165
1.02051; 300.18
1.02718; 300.196
1.03385; 300.214
1.04052; 300.233
1.04719; 300.254
1.05386; 300.277
1.06053; 300.302
1.0672; 300.329
1.07387; 300.358
1.08054; 300.39
1.08721; 300.424
1.09388; 300.461
1.10055; 300.5
1.10722; 300.543
1.11389; 300.588
1.12056; 300.636
1.12723; 300.688
1.1339; 300.742
1.14057; 300.8
1.14724; 300.861
1.15391; 300.926
1.16058; 300.994
1.16725; 301.065
1.17392; 301.14
1.18059; 301.219
1.18726; 301.301
1.19393; 301.387
1.2006; 301.476
1.20727; 301.568
1.21394; 301.664
1.22061; 301.763
1.22728; 301.865
1.23395; 301.97
1.24062; 302.077
1.24729; 302.188
1.25396; 302.3
1.26063; 302.415
1.2673; 302.531
1.27397; 302.649
1.28064; 302.769
1.28731; 302.889
1.29398; 303.01
1.30065; 303.131
1.30732; 303.252
1.31399; 303.373
1.32066; 303.492
1.32733; 303.611
1.334; 303.727
1.34067; 303.842
1.34734; 303.954
1.35401; 304.063
1.36068; 304.169
1.36735; 304.271
1.37402; 304.369
1.38069; 304.462
1.38736; 304.551
1.39403; 304.634
1.4007; 304.711
1.40737; 304.783
1.41404; 304.848
1.42071; 304.907
1.42738; 304.959
1.43405; 305.004
1.44072; 305.042
1.44739; 305.072
1.45406; 305.095
1.46073; 305.111
1.4674; 305.118
1.47407; 0
1.48074; 0
1.48741; 0
1.49408; 0
1.50075; 0
1.50742; 0
1.51409; 0
1.52076; 0
1.52743; 0
1.5341; 0
1.54077; 0
1.54744; 0
1.55411; 0
1.56078; 0
1.56745; 0
1.57412; 0
1.58079; 0
1.58746; 0
1.59413; 0
1.6008; 0
1.60747; 0
1.61414; 0
1.62081; 0
1.62748; 0
1.63415; 0
1.64082; 0
1.64749; 0
1.65416; 0
1.66083; 0
1.6675; 0
1.67417; 0
1.68084; 0
1.68751; 0
1.69418; 0
1.70085; 0
1.70752; 0
1.71419; 0
1.72086; 0
1.72753; 0
1.7342; 0
1.74087; 0
1.74754; 0
1.75421; 0
1.76088; 0
1.76755; 0
1.77422; 0
1.78089; 0
1.78756; 0
1.79423; 0
1.8009; 0
1.80757; 0
1.81424; 0
1.82091; 0
1.82758; 0
1.83425; 0
1.84092; 0
1.84759; 0
1.85426; 0
1.86093; 0
1.8676; 0
1.87427; 0
1.88094; 0
1.88761; 0
1.89428; 0
1.90095; 0
1.90762; 0
1.91429; 0
1.92096; 0
1.92763; 0
1.9343; 0
1.94097; 0
1.94764; 0
1.95431; 0
1.96098; 0
1.96765; 0
1.97432; 0
1.98099; 0
1.98766; 0
1.99433; 0
2.001; 0
