0.00026; 0
0.00052; 0
0.00078; 0
0.00104; 0
0.0013; 0
0.00156; 0
0.00182; 0
0.00208; 0
0.00234; 0
0.0026; 0
0.00286; 0
0.00312; 0
0.00338; 0
0.00364; 0
0.0039; 0
0.00416; 0
0.00442; 0
0.00468; 0
0.00494; 0
0.0052; 0
0.00546; 0
0.00572; 0
0.00598; 0
0.00624; 0
0.0065; 0
0.00676; 0
0.00702; 0
0.00728; 0
0.00754; 0
0.0078; 0
0.00806; 0
0.00832; 0
0.00858; 0
0.00884; 0
0.0091; 0
0.00936; 0
0.00962; 0
0.00988; 0
0.01014; 0
0.0104; 0
0.01066; 0
0.01092; 0
0.01118; 0
0.01144; 0
0.0117; 0
0.01196; 0
0.01222; 0
0.01248; 0
0.01274; 0
0.013; 0
0.01326; 0
0.01352; 0
0.01378; 0
0.01404; 0
0.0143; 0
0.01456; 0
0.01482; 0
0.01508; 0
0.01534; 0
0.0156; 0
0.01586; 0
0.01612; 0
0.01638; 0
0.01664; 0
0.0169; 0
0.01716; 0
0.01742; 0
0.01768; 0
0.01794; 0
0.0182; 0
0.01846; 0
0.01872; 0
0.01898; 0
0.01924; 0
0.0195; 0
0.01976; 0
0.02002; 0
0.02028; 0
0.02054; 0
0.0208; 0
0.02106; 0
0.02132; 0
0.02158; 0
0.02184; 0
0.0221; 0
0.02236; 0
0.02262; 0
0.02288; 599.894
0.02314; 599.73
0.0234; 599.557
0.02366; 599.396
0.02392; 599.241
0.02418; 599.074
0.02444; 598.935
0.0247; 598.797
0.02496; 598.676
0.02522; 598.545
0.02548; 598.424
0.02574; 598.314
0.026; 598.208
0.02626; 598.089
0.02652; 597.997
0.02678; 597.905
0.02704; 597.828
0.0273; 597.741
0.02756; 597.662
0.02782; 597.596
0.02808; 597.532
0.02834; 597.454
0.0286; 597.402
0.02886; 597.349
0.02912; 597.312
0.02938; 597.263
0.02964; 597.222
0.0299; 597.192
0.03016; 597.164
0.03042; 597.121
0.03068; 597.104
0.03094; 597.085
0.0312; 597.08
0.03146; 597.063
0.03172; 597.053
0.03198; 597.053
0.03224; 597.054
0.0325; 597.04
0.03276; 597.051
0.03302; 597.059
0.03328; 597.08
0.03354; 597.089
0.0338; 597.103
0.03406; 597.127
0.03432; 597.152
0.03458; 597.16
0.03484; 597.192
0.0351; 597.221
0.03536; 597.263
0.03562; 597.29
0.03588; 597.324
0.03614; 597.366
0.0364; 597.408
0.03666; 597.433
0.03692; 597.481
0.03718; 597.526
0.03744; 597.583
0.0377; 597.625
0.03796; 597.672
0.03822; 597.727
0.03848; 597.782
0.03874; 597.82
0.039; 597.879
0.03926; 597.935
0.03952; 598.003
0.03978; 598.055
0.04004; 598.113
0.0403; 598.178
0.04056; 598.242
0.04082; 598.288
0.04108; 598.357
0.04134; 598.421
0.0416; 598.497
0.04186; 598.557
0.04212; 598.623
0.04238; 598.695
0.04264; 598.766
0.0429; 598.82
0.04316; 598.896
0.04342; 598.967
0.04368; 599.05
0.04394; 599.117
0.0442; 599.19
0.04446; 599.269
0.04472; 599.347
0.04498; 599.408
0.04524; 599.491
0.0455; 599.57
0.04576; 599.66
0.04602; 599.735
0.04628; 599.815
0.04654; 599.902
0.0468; 599.989
0.04706; 600.059
0.04732; 600.151
0.04758; 600.238
0.04784; 600.338
0.0481; 600.423
0.04836; 600.514
0.04862; 600.612
0.04888; 600.71
0.04914; 600.791
0.0494; 600.895
0.04966; 600.996
0.04992; 601.109
0.05018; 601.208
0.05044; 601.312
0.0507; 601.425
0.05096; 601.539
0.05122; 601.636
0.05148; 601.757
0.05174; 601.875
0.052; 602.005
0.05226; 602.123
0.05252; 602.247
0.05278; 602.38
0.05304; 602.513
0.0533; 602.632
0.05356; 602.775
0.05382; 602.915
0.05408; 603.069
0.05434; 603.21
0.0546; 603.358
0.05486; 603.517
0.05512; 603.676
0.05538; 603.822
0.05564; 603.992
0.0559; 604.16
0.05616; 604.342
0.05642; 604.513
0.05668; 604.692
0.05694; 604.882
0.0572; 605.075
0.05746; 605.256
0.05772; 605.463
0.05798; 605.667
0.05824; 605.865
0.0585; 0
0.05876; 0
0.05902; 0
0.05928; 0
0.05954; 0
0.0598; 0
0.06006; 0
0.06032; 0
0.06058; 0
0.06084; 0
0.0611; 0
0.06136; 0
0.06162; 0
0.06188; 0
0.06214; 0
0.0624; 0
0.06266; 0
0.06292; 0
0.06318; 0
0.06344; 0
0.0637; 0
0.06396; 0
0.06422; 0
0.06448; 0
0.06474; 0
0.065; 0
0.06526; 0
0.06552; 0
0.06578; 0
0.06604; 0
0.0663; 0
0.06656; 0
0.06682; 0
0.06708; 0
0.06734; 0
0.0676; 0
0.06786; 0
0.06812; 0
0.06838; 0
0.06864; 0
0.0689; 0
0.06916; 0
0.06942; 0
0.06968; 0
0.06994; 0
0.0702; 0
0.07046; 0
0.07072; 0
0.07098; 0
0.07124; 0
0.0715; 0
0.07176; 0
0.07202; 0
0.07228; 0
0.07254; 0
0.0728; 0
0.07306; 0
0.07332; 0
0.07358; 0
0.07384; 0
0.0741; 0
0.07436; 0
0.07462; 0
0.07488; 0
0.07514; 0
0.0754; 0
0.07566; 0
0.07592; 0
0.07618; 0
0.07644; 0
0.0767; 0
0.07696; 0
0.07722; 0
0.07748; 0
0.07774; 0
0.078; 0
