0.00667; 0
0.01334; 0
0.02001; 0
0.02668; 0
0.03335; 0
0.04002; 0
0.04669; 0
0.05336; 0
0.06003; 0
0.0667; 0
0.07337; 0
0.08004; 0
0.08671; 0
0.09338; 0
0.10005; 0
0.10672; 0
0.11339; 0
0.12006; 0
0.12673; 0
0.1334; 0
0.14007; 0
0.14674; 0
0.15341; 0
0.16008; 0
0.16675; 0
0.17342; 0
0.18009; 0
0.18676; 0
0.19343; 0
0.2001; 0
0.20677; 0
0.21344; 0
0.22011; 0
0.22678; 0
0.23345; 0
0.24012; 0
0.24679; 0
0.25346; 0
0.26013; 0
0.2668; 0
0.27347; 0
0.28014; 0
0.28681; 0
0.29348; 0
0.30015; 0
0.30682; 0
0.31349; 0
0.32016; 0
0.32683; 0
0.3335; 0
0.34017; 0
0.34684; 0
0.35351; 0
0.36018; 0
0.36685; 0
0.37352; 0
0.38019; 0
0.38686; 0
0.39353; 0
0.4002; 0
0.40687; 0
0.41354; 0
0.42021; 0
0.42688; 0
0.43355; 0
0.44022; 0
0.44689; 0
0.45356; 0
0.46023; 0
0.4669; 0
0.47357; 309.257
0.48024; 309.245
0.48691; 309.22
0.49358; 309.183
0.50025; 309.135
0.50692; 309.074
0.51359; 309.002
0.52026; 308.919
0.52693; 308.825
0.5336; 308.72
0.54027; 308.605
0.54694; 308.48
0.55361; 308.346
0.56028; 308.203
0.56695; 308.051
0.57362; 307.893
0.58029; 307.726
0.58696; 307.554
0.59363; 307.375
0.6003; 307.191
0.60697; 307.002
0.61364; 306.81
0.62031; 306.613
0.62698; 306.414
0.63365; 306.213
0.64032; 306.01
0.64699; 305.806
0.65366; 305.601
0.66033; 305.397
0.667; 305.193
0.67367; 304.99
0.68034; 304.789
0.68701; 304.59
0.69368; 304.394
0.70035; 304.2
0.70702; 304.01
0.71369; 303.824
0.72036; 303.641
0.72703; 303.463
0.7337; 303.289
0.74037; 303.12
0.74704; 302.956
0.75371; 302.797
0.76038; 302.644
0.76705; 302.495
0.77372; 302.353
0.78039; 302.216
0.78706; 302.084
0.79373; 301.958
0.8004; 301.837
0.80707; 301.722
0.81374; 301.613
0.82041; 301.509
0.82708; 301.41
0.83375; 301.317
0.84042; 301.228
0.84709; 301.145
0.85376; 301.067
0.86043; 300.993
0.8671; 300.924
0.87377; 300.859
0.88044; 300.799
0.88711; 300.743
0.89378; 300.69
0.90045; 300.641
0.90712; 300.595
0.91379; 300.553
0.92046; 300.513
0.92713; 300.477
0.9338; 300.442
0.94047; 300.411
0.94714; 300.382
0.95381; 300.358
0.96048; 300.339
0.96715; 300.329
0.97382; 300.329
0.98049; 300.339
0.98716; 300.358
0.99383; 300.382
1.0005; 300.411
1.00717; 300.442
1.01384; 300.477
1.02051; 300.513
1.02718; 300.553
1.03385; 300.595
1.04052; 300.641
1.04719; 300.69
1.05386; 300.743
1.06053; 300.799
1.0672; 300.859
1.07387; 300.924
1.08054; 300.993
1.08721; 301.067
1.09388; 301.145
1.10055; 301.228
1.10722; 301.317
1.11389; 301.41
1.12056; 301.509
1.12723; 301.613
1.1339; 301.722
1.14057; 301.837
1.14724; 301.958
1.15391; 302.084
1.16058; 302.216
1.16725; 302.353
1.17392; 302.495
1.18059; 302.644
1.18726; 302.797
1.19393; 302.956
1.2006; 303.12
1.20727; 303.289
1.21394; 303.463
1.22061; 303.641
1.22728; 303.824
1.23395; 304.01
1.24062; 304.2
1.24729; 304.394
1.25396; 304.59
1.26063; 304.789
1.2673; 304.99
1.27397; 305.193
1.28064; 305.397
1.28731; 305.601
1.29398; 305.806
1.30065; 306.01
1.30732; 306.213
1.31399; 306.414
1.32066; 306.613
1.32733; 306.81
1.334; 307.002
1.34067; 307.191
1.34734; 307.375
1.35401; 307.554
1.36068; 307.726
1.36735; 307.893
1.37402; 308.051
1.38069; 308.203
1.38736; 308.346
1.39403; 308.48
1.4007; 308.605
1.40737; 308.72
1.41404; 308.825
1.42071; 308.919
1.42738; 309.002
1.43405; 309.074
1.44072; 309.135
1.44739; 309.183
1.45406; 309.22
1.46073; 309.245
1.4674; 309.257
1.47407; 0
1.48074; 0
1.48741; 0
1.49408; 0
1.50075; 0
1.50742; 0
1.51409; 0
1.52076; 0
1.52743; 0
1.5341; 0
1.54077; 0
1.54744; 0
1.55411; 0
1.56078; 0
1.56745; 0
1.57412; 0
1.58079; 0
1.58746; 0
1.59413; 0
1.6008; 0
1.60747; 0
1.61414; 0
1.62081; 0
1.62748; 0
1.63415; 0
1.64082; 0
1.64749; 0
1.65416; 0
1.66083; 0
1.6675; 0
1.67417; 0
1.68084; 0
1.68751; 0
1.69418; 0
1.70085; 0
1.70752; 0
1.71419; 0
1.72086; 0
1.72753; 0
1.7342; 0
1.74087; 0
1.74754; 0
1.75421; 0
1.76088; 0
1.76755; 0
1.77422; 0
1.78089; 0
1.78756; 0
1.79423; 0
1.8009; 0
1.80757; 0
1.81424; 0
1.82091; 0
1.82758; 0
1.83425; 0
1.84092; 0
1.84759; 0
1.85426; 0
1.86093; 0
1.8676; 0
1.87427; 0
1.88094; 0
1.88761; 0
1.89428; 0
1.90095; 0
1.90762; 0
1.91429; 0
1.92096; 0
1.92763; 0
1.9343; 0
1.94097; 0
1.94764; 0
1.95431; 0
1.96098; 0
1.96765; 0
1.97432; 0
1.98099; 0
1.98766; 0
1.99433; 0
2.001; 0
