0.0026; 400.144
0.0052; 400.165
0.0078; 400.188
0.0104; 400.235
0.013; 400.31
0.0156; 400.42
0.0182; 400.572
0.0208; 400.779
0.0234; 401.054
0.026; 401.415
0.0286; 401.885
0.0312; 402.49
0.0338; 403.263
0.0364; 404.238
0.039; 405.454
0.0416; 406.95
0.0442; 408.769
0.0468; 410.953
0.0494; 413.546
0.052; 416.597
0.0546; 420.149
0.0572; 424.235
0.0598; 428.851
0.0624; 433.958
0.065; 439.517
0.0676; 445.55
0.0702; 452.189
0.0728; 459.576
0.0754; 467.722
0.078; 476.478
0.0806; 485.666
0.0832; 494.887
0.0858; 503.579
0.0884; 512.047
0.091; 521.001
0.0936; 530.807
0.0962; 540.61
0.0988; 547.877
0.1014; 552.559
0.104; 555.363
0.1066; 556.968
0.1092; 557.856
0.1118; 558.335
0.1144; 558.588
0.117; 558.718
0.1196; 558.784
0.1222; 558.816
0.1248; 558.831
0.1274; 558.835
0.13; 558.831
0.1326; 558.816
0.1352; 558.784
0.1378; 558.718
0.1404; 558.588
0.143; 558.335
0.1456; 557.856
0.1482; 556.968
0.1508; 555.363
0.1534; 552.559
0.156; 547.877
0.1586; 540.61
0.1612; 530.807
0.1638; 521.001
0.1664; 512.047
0.169; 503.579
0.1716; 494.887
0.1742; 485.666
0.1768; 476.478
0.1794; 467.722
0.182; 459.576
0.1846; 452.189
0.1872; 445.55
0.1898; 439.517
0.1924; 433.958
0.195; 428.851
0.1976; 424.235
0.2002; 420.149
0.2028; 416.597
0.2054; 413.546
0.208; 410.953
0.2106; 408.769
0.2132; 406.95
0.2158; 405.454
0.2184; 404.238
0.221; 403.263
0.2236; 402.49
0.2262; 401.884
0.2288; 401.413
0.2314; 401.051
0.234; 400.774
0.2366; 400.565
0.2392; 400.408
0.2418; 400.291
0.2444; 400.206
0.247; 400.144
0.2496; 400.099
0.2522; 400.068
0.2548; 400.046
0.2574; 400.03
0.26; 400.02
0.2626; 400.013
0.2652; 400.008
0.2678; 400.005
0.2704; 400.003
0.273; 400.002
0.2756; 400.001
0.2782; 400.001
0.2808; 400
0.2834; 400
0.286; 400
0.2886; 400
0.2912; 400
0.2938; 400
0.2964; 400
0.299; 400
0.3016; 400
0.3042; 400
0.3068; 400
0.3094; 400
0.312; 400
0.3146; 400
0.3172; 400
0.3198; 400
0.3224; 400
0.325; 400
0.3276; 400
0.3302; 400
0.3328; 400
0.3354; 400
0.338; 400
0.3406; 400
0.3432; 400
0.3458; 400
0.3484; 400
0.351; 400
0.3536; 400
0.3562; 400
0.3588; 400
0.3614; 400
0.364; 400
0.3666; 400
0.3692; 400
0.3718; 400
0.3744; 400
0.377; 400
0.3796; 400
0.3822; 400
0.3848; 400
0.3874; 400
0.39; 400
0.3926; 400
0.3952; 400
0.3978; 400
0.4004; 400
0.403; 400
0.4056; 400
0.4082; 400
0.4108; 400
0.4134; 400
0.416; 400
0.4186; 400
0.4212; 400
0.4238; 400
0.4264; 400
0.429; 400
0.4316; 400
0.4342; 400
0.4368; 400
0.4394; 400
0.442; 400
0.4446; 400
0.4472; 400
0.4498; 400
0.4524; 400
0.455; 400
0.4576; 400
0.4602; 400
0.4628; 400
0.4654; 400
0.468; 400
0.4706; 400
0.4732; 400
0.4758; 400
0.4784; 400
0.481; 400
0.4836; 400
0.4862; 400
0.4888; 400
0.4914; 400
0.494; 400
0.4966; 400
0.4992; 400
0.5018; 400
0.5044; 400
0.507; 400
0.5096; 400
0.5122; 400
0.5148; 400
0.5174; 400
0.52; 400
0.5226; 400
0.5252; 400
0.5278; 400
0.5304; 400
0.533; 400
0.5356; 400
0.5382; 400
0.5408; 400
0.5434; 400
0.546; 400
0.5486; 400
0.5512; 400
0.5538; 400
0.5564; 400
0.559; 400
0.5616; 400
0.5642; 400
0.5668; 400
0.5694; 400
0.572; 400
0.5746; 400
0.5772; 400
0.5798; 400
0.5824; 400
0.585; 400
0.5876; 400
0.5902; 400
0.5928; 400
0.5954; 400
0.598; 400
0.6006; 400
0.6032; 400
0.6058; 400
0.6084; 400
0.611; 400
0.6136; 400
0.6162; 400
0.6188; 400
0.6214; 400
0.624; 400
0.6266; 400
0.6292; 400
0.6318; 400
0.6344; 400
0.637; 400
0.6396; 400
0.6422; 400
0.6448; 400
0.6474; 400
0.65; 400
0.6526; 400
0.6552; 400
0.6578; 400
0.6604; 400
0.663; 400
0.6656; 400
0.6682; 400
0.6708; 400
0.6734; 400
0.676; 400
0.6786; 400
0.6812; 400
0.6838; 400
0.6864; 400
0.689; 400
0.6916; 400
0.6942; 400
0.6968; 400
0.6994; 400
0.702; 400
0.7046; 400
0.7072; 400
0.7098; 400
0.7124; 400
0.715; 400
0.7176; 400
0.7202; 400
0.7228; 400
0.7254; 400
0.728; 400
0.7306; 400
0.7332; 400
0.7358; 400
0.7384; 400
0.741; 400
0.7436; 400
0.7462; 400
0.7488; 400
0.7514; 400
0.754; 400
0.7566; 400
0.7592; 400
0.7618; 400
0.7644; 400
0.767; 400
0.7696; 400
0.7722; 400
0.7748; 400
0.7774; 400
0.78; 400
