0.00026; 721.991
0.00052; 721.988
0.00078; 721.986
0.00104; 721.987
0.0013; 721.987
0.00156; 721.985
0.00182; 721.979
0.00208; 721.983
0.00234; 721.984
0.0026; 721.982
0.00286; 721.979
0.00312; 721.98
0.00338; 721.98
0.00364; 721.978
0.0039; 721.972
0.00416; 721.976
0.00442; 721.977
0.00468; 721.975
0.00494; 721.972
0.0052; 721.973
0.00546; 721.973
0.00572; 721.971
0.00598; 721.966
0.00624; 721.97
0.0065; 721.97
0.00676; 721.969
0.00702; 721.966
0.00728; 721.967
0.00754; 721.967
0.0078; 721.965
0.00806; 721.96
0.00832; 721.964
0.00858; 721.965
0.00884; 721.963
0.0091; 721.96
0.00936; 721.961
0.00962; 721.961
0.00988; 721.959
0.01014; 721.954
0.0104; 721.958
0.01066; 721.959
0.01092; 721.957
0.01118; 721.954
0.01144; 721.955
0.0117; 721.956
0.01196; 721.954
0.01222; 721.948
0.01248; 721.952
0.01274; 721.953
0.013; 721.952
0.01326; 721.949
0.01352; 721.95
0.01378; 721.95
0.01404; 721.948
0.0143; 721.943
0.01456; 721.947
0.01482; 721.948
0.01508; 721.947
0.01534; 721.944
0.0156; 721.945
0.01586; 721.945
0.01612; 721.943
0.01638; 721.938
0.01664; 721.942
0.0169; 721.943
0.01716; 721.942
0.01742; 721.939
0.01768; 721.94
0.01794; 721.941
0.0182; 721.939
0.01846; 721.933
0.01872; 721.938
0.01898; 721.939
0.01924; 721.938
0.0195; 721.935
0.01976; 721.936
0.02002; 721.936
0.02028; 721.935
0.02054; 721.929
0.0208; 721.934
0.02106; 721.935
0.02132; 721.934
0.02158; 721.931
0.02184; 721.932
0.0221; 721.932
0.02236; 721.931
0.02262; 721.925
0.02288; 721.93
0.02314; 721.931
0.0234; 721.93
0.02366; 721.927
0.02392; 721.928
0.02418; 721.929
0.02444; 721.927
0.0247; 721.922
0.02496; 721.926
0.02522; 721.928
0.02548; 721.927
0.02574; 721.924
0.026; 721.925
0.02626; 721.926
0.02652; 721.925
0.02678; 721.919
0.02704; 721.924
0.0273; 721.925
0.02756; 721.924
0.02782; 721.922
0.02808; 721.923
0.02834; 721.924
0.0286; 721.922
0.02886; 721.917
0.02912; 721.921
0.02938; 721.923
0.02964; 721.922
0.0299; 721.919
0.03016; 721.921
0.03042; 721.921
0.03068; 721.92
0.03094; 721.915
0.0312; 721.919
0.03146; 721.921
0.03172; 721.92
0.03198; 721.917
0.03224; 721.919
0.0325; 721.92
0.03276; 721.918
0.03302; 721.913
0.03328; 721.918
0.03354; 721.919
0.0338; 721.918
0.03406; 721.916
0.03432; 721.917
0.03458; 721.918
0.03484; 721.917
0.0351; 721.912
0.03536; 721.917
0.03562; 721.918
0.03588; 721.917
0.03614; 721.915
0.0364; 721.917
0.03666; 721.917
0.03692; 721.916
0.03718; 721.911
0.03744; 721.916
0.0377; 721.918
0.03796; 721.917
0.03822; 721.914
0.03848; 721.916
0.03874; 721.917
0.039; 721.916
0.03926; 721.911
0.03952; 721.916
0.03978; 721.917
0.04004; 721.916
0.0403; 721.914
0.04056; 721.916
0.04082; 721.917
0.04108; 721.916
0.04134; 721.911
0.0416; 721.916
0.04186; 721.917
0.04212; 721.917
0.04238; 721.914
0.04264; 721.916
0.0429; 721.917
0.04316; 721.916
0.04342; 721.911
0.04368; 721.916
0.04394; 721.918
0.0442; 721.917
0.04446; 721.915
0.04472; 721.917
0.04498; 721.918
0.04524; 721.917
0.0455; 721.912
0.04576; 721.917
0.04602; 721.919
0.04628; 721.918
0.04654; 721.916
0.0468; 721.918
0.04706; 721.919
0.04732; 721.918
0.04758; 721.913
0.04784; 721.918
0.0481; 721.92
0.04836; 721.919
0.04862; 721.917
0.04888; 721.919
0.04914; 721.92
0.0494; 721.919
0.04966; 721.914
0.04992; 721.919
0.05018; 721.921
0.05044; 721.921
0.0507; 721.919
0.05096; 721.921
0.05122; 721.922
0.05148; 721.921
0.05174; 721.917
0.052; 721.922
0.05226; 721.923
0.05252; 721.923
0.05278; 721.921
0.05304; 721.923
0.0533; 721.924
0.05356; 721.923
0.05382; 721.919
0.05408; 721.924
0.05434; 721.926
0.0546; 721.925
0.05486; 721.924
0.05512; 721.926
0.05538; 721.927
0.05564; 721.926
0.0559; 721.922
0.05616; 721.927
0.05642; 721.929
0.05668; 721.928
0.05694; 721.927
0.0572; 721.929
0.05746; 721.93
0.05772; 721.929
0.05798; 721.925
0.05824; 721.93
0.0585; 721.932
0.05876; 721.932
0.05902; 721.93
0.05928; 721.932
0.05954; 721.934
0.0598; 721.933
0.06006; 721.928
0.06032; 721.934
0.06058; 721.936
0.06084; 721.936
0.0611; 721.934
0.06136; 721.936
0.06162; 721.937
0.06188; 721.937
0.06214; 721.932
0.0624; 721.938
0.06266; 721.94
0.06292; 721.94
0.06318; 721.938
0.06344; 721.94
0.0637; 721.942
0.06396; 721.941
0.06422; 721.937
0.06448; 721.942
0.06474; 721.944
0.065; 721.944
0.06526; 721.943
0.06552; 721.945
0.06578; 721.946
0.06604; 721.946
0.0663; 721.942
0.06656; 721.947
0.06682; 721.949
0.06708; 721.949
0.06734; 721.947
0.0676; 721.95
0.06786; 721.951
0.06812; 721.951
0.06838; 721.947
0.06864; 721.952
0.0689; 721.954
0.06916; 721.954
0.06942; 721.953
0.06968; 721.955
0.06994; 721.957
0.0702; 721.956
0.07046; 721.952
0.07072; 721.957
0.07098; 721.96
0.07124; 721.96
0.0715; 721.958
0.07176; 721.961
0.07202; 721.962
0.07228; 721.962
0.07254; 721.957
0.0728; 721.963
0.07306; 721.965
0.07332; 721.965
0.07358; 721.964
0.07384; 721.966
0.0741; 721.968
0.07436; 721.968
0.07462; 721.963
0.07488; 721.969
0.07514; 721.971
0.0754; 721.971
0.07566; 721.97
0.07592; 721.972
0.07618; 721.974
0.07644; 721.974
0.0767; 721.97
0.07696; 721.975
0.07722; 721.978
0.07748; 721.978
0.07774; 721.976
0.078; 721.978
