0.00026; 733.921
0.00052; 733.924
0.00078; 733.922
0.00104; 733.918
0.0013; 733.916
0.00156; 733.918
0.00182; 733.917
0.00208; 733.914
0.00234; 733.914
0.0026; 733.915
0.00286; 733.914
0.00312; 733.911
0.00338; 733.909
0.00364; 733.911
0.0039; 733.91
0.00416; 733.906
0.00442; 733.907
0.00468; 733.908
0.00494; 733.907
0.0052; 733.904
0.00546; 733.902
0.00572; 733.904
0.00598; 733.903
0.00624; 733.9
0.0065; 733.9
0.00676; 733.901
0.00702; 733.9
0.00728; 733.898
0.00754; 733.896
0.0078; 733.898
0.00806; 733.897
0.00832; 733.893
0.00858; 733.894
0.00884; 733.895
0.0091; 733.894
0.00936; 733.891
0.00962; 733.89
0.00988; 733.892
0.01014; 733.891
0.0104; 733.887
0.01066; 733.888
0.01092; 733.889
0.01118; 733.888
0.01144; 733.886
0.0117; 733.884
0.01196; 733.886
0.01222; 733.885
0.01248; 733.882
0.01274; 733.883
0.013; 733.884
0.01326; 733.883
0.01352; 733.88
0.01378; 733.879
0.01404; 733.881
0.0143; 733.88
0.01456; 733.877
0.01482; 733.878
0.01508; 733.879
0.01534; 733.878
0.0156; 733.875
0.01586; 733.874
0.01612; 733.876
0.01638; 733.876
0.01664; 733.872
0.0169; 733.873
0.01716; 733.874
0.01742; 733.874
0.01768; 733.871
0.01794; 733.87
0.0182; 733.872
0.01846; 733.871
0.01872; 733.868
0.01898; 733.869
0.01924; 733.87
0.0195; 733.87
0.01976; 733.867
0.02002; 733.866
0.02028; 733.868
0.02054; 733.868
0.0208; 733.864
0.02106; 733.865
0.02132; 733.867
0.02158; 733.866
0.02184; 733.864
0.0221; 733.862
0.02236; 733.865
0.02262; 733.864
0.02288; 733.861
0.02314; 733.862
0.0234; 733.863
0.02366; 733.863
0.02392; 733.86
0.02418; 733.859
0.02444; 733.862
0.0247; 733.861
0.02496; 733.858
0.02522; 733.859
0.02548; 733.86
0.02574; 733.86
0.026; 733.857
0.02626; 733.856
0.02652; 733.859
0.02678; 733.858
0.02704; 733.855
0.0273; 733.856
0.02756; 733.858
0.02782; 733.858
0.02808; 733.855
0.02834; 733.854
0.0286; 733.857
0.02886; 733.856
0.02912; 733.853
0.02938; 733.854
0.02964; 733.856
0.0299; 733.856
0.03016; 733.853
0.03042; 733.852
0.03068; 733.855
0.03094; 733.854
0.0312; 733.851
0.03146; 733.852
0.03172; 733.854
0.03198; 733.854
0.03224; 733.851
0.0325; 733.85
0.03276; 733.853
0.03302; 733.853
0.03328; 733.85
0.03354; 733.851
0.0338; 733.853
0.03406; 733.853
0.03432; 733.85
0.03458; 733.849
0.03484; 733.852
0.0351; 733.852
0.03536; 733.849
0.03562; 733.85
0.03588; 733.852
0.03614; 733.852
0.0364; 733.85
0.03666; 733.849
0.03692; 733.851
0.03718; 733.851
0.03744; 733.848
0.0377; 733.85
0.03796; 733.851
0.03822; 733.851
0.03848; 733.849
0.03874; 733.848
0.039; 733.851
0.03926; 733.851
0.03952; 733.848
0.03978; 733.849
0.04004; 733.851
0.0403; 733.851
0.04056; 733.849
0.04082; 733.848
0.04108; 733.851
0.04134; 733.851
0.0416; 733.848
0.04186; 733.849
0.04212; 733.851
0.04238; 733.851
0.04264; 733.849
0.0429; 733.848
0.04316; 733.851
0.04342; 733.851
0.04368; 733.848
0.04394; 733.85
0.0442; 733.852
0.04446; 733.852
0.04472; 733.85
0.04498; 733.849
0.04524; 733.852
0.0455; 733.852
0.04576; 733.849
0.04602; 733.851
0.04628; 733.853
0.04654; 733.853
0.0468; 733.851
0.04706; 733.85
0.04732; 733.853
0.04758; 733.853
0.04784; 733.85
0.0481; 733.852
0.04836; 733.854
0.04862; 733.854
0.04888; 733.852
0.04914; 733.851
0.0494; 733.855
0.04966; 733.855
0.04992; 733.852
0.05018; 733.854
0.05044; 733.856
0.0507; 733.856
0.05096; 733.854
0.05122; 733.853
0.05148; 733.856
0.05174; 733.856
0.052; 733.854
0.05226; 733.855
0.05252; 733.858
0.05278; 733.858
0.05304; 733.856
0.0533; 733.855
0.05356; 733.859
0.05382; 733.859
0.05408; 733.856
0.05434; 733.858
0.0546; 733.86
0.05486; 733.86
0.05512; 733.858
0.05538; 733.858
0.05564; 733.861
0.0559; 733.861
0.05616; 733.858
0.05642; 733.86
0.05668; 733.863
0.05694; 733.863
0.0572; 733.861
0.05746; 733.86
0.05772; 733.864
0.05798; 733.864
0.05824; 733.861
0.0585; 733.863
0.05876; 733.866
0.05902; 733.866
0.05928; 733.864
0.05954; 733.864
0.0598; 733.867
0.06006; 733.867
0.06032; 733.865
0.06058; 733.867
0.06084; 733.869
0.0611; 733.87
0.06136; 733.868
0.06162; 733.867
0.06188; 733.871
0.06214; 733.871
0.0624; 733.869
0.06266; 733.871
0.06292; 733.873
0.06318; 733.873
0.06344; 733.872
0.0637; 733.871
0.06396; 733.875
0.06422; 733.875
0.06448; 733.873
0.06474; 733.875
0.065; 733.877
0.06526; 733.878
0.06552; 733.876
0.06578; 733.876
0.06604; 733.879
0.0663; 733.88
0.06656; 733.877
0.06682; 733.879
0.06708; 733.882
0.06734; 733.882
0.0676; 733.881
0.06786; 733.88
0.06812; 733.884
0.06838; 733.885
0.06864; 733.882
0.0689; 733.884
0.06916; 733.887
0.06942; 733.887
0.06968; 733.886
0.06994; 733.885
0.0702; 733.889
0.07046; 733.89
0.07072; 733.888
0.07098; 733.89
0.07124; 733.892
0.0715; 733.893
0.07176; 733.892
0.07202; 733.891
0.07228; 733.895
0.07254; 733.896
0.0728; 733.894
0.07306; 733.896
0.07332; 733.898
0.07358; 733.899
0.07384; 733.898
0.0741; 733.897
0.07436; 733.901
0.07462; 733.902
0.07488; 733.9
0.07514; 733.902
0.0754; 733.905
0.07566; 733.905
0.07592; 733.904
0.07618; 733.904
0.07644; 733.908
0.0767; 733.908
0.07696; 733.906
0.07722; 733.908
0.07748; 733.911
0.07774; 733.911
0.078; 733.91
