0.00026; 650.14
0.00052; 650.139
0.00078; 650.136
0.00104; 650.132
0.0013; 650.133
0.00156; 650.134
0.00182; 650.131
0.00208; 650.123
0.00234; 650.128
0.0026; 650.13
0.00286; 650.127
0.00312; 650.123
0.00338; 650.124
0.00364; 650.125
0.0039; 650.122
0.00416; 650.114
0.00442; 650.119
0.00468; 650.121
0.00494; 650.118
0.0052; 650.114
0.00546; 650.115
0.00572; 650.116
0.00598; 650.113
0.00624; 650.106
0.0065; 650.111
0.00676; 650.112
0.00702; 650.11
0.00728; 650.106
0.00754; 650.107
0.0078; 650.108
0.00806; 650.105
0.00832; 650.098
0.00858; 650.102
0.00884; 650.104
0.0091; 650.102
0.00936; 650.098
0.00962; 650.099
0.00988; 650.1
0.01014; 650.097
0.0104; 650.09
0.01066; 650.095
0.01092; 650.097
0.01118; 650.094
0.01144; 650.09
0.0117; 650.092
0.01196; 650.093
0.01222; 650.09
0.01248; 650.083
0.01274; 650.088
0.013; 650.09
0.01326; 650.088
0.01352; 650.084
0.01378; 650.085
0.01404; 650.086
0.0143; 650.083
0.01456; 650.076
0.01482; 650.082
0.01508; 650.083
0.01534; 650.081
0.0156; 650.077
0.01586; 650.079
0.01612; 650.08
0.01638; 650.077
0.01664; 650.07
0.0169; 650.076
0.01716; 650.077
0.01742; 650.076
0.01768; 650.072
0.01794; 650.073
0.0182; 650.074
0.01846; 650.072
0.01872; 650.065
0.01898; 650.07
0.01924; 650.072
0.0195; 650.07
0.01976; 650.066
0.02002; 650.068
0.02028; 650.069
0.02054; 650.067
0.0208; 650.06
0.02106; 650.065
0.02132; 650.067
0.02158; 650.066
0.02184; 650.062
0.0221; 650.063
0.02236; 650.065
0.02262; 650.062
0.02288; 650.055
0.02314; 650.061
0.0234; 650.063
0.02366; 650.061
0.02392; 650.057
0.02418; 650.059
0.02444; 650.061
0.0247; 650.058
0.02496; 650.051
0.02522; 650.057
0.02548; 650.059
0.02574; 650.057
0.026; 650.054
0.02626; 650.055
0.02652; 650.057
0.02678; 650.055
0.02704; 650.048
0.0273; 650.054
0.02756; 650.056
0.02782; 650.054
0.02808; 650.051
0.02834; 650.052
0.0286; 650.054
0.02886; 650.052
0.02912; 650.045
0.02938; 650.051
0.02964; 650.053
0.0299; 650.052
0.03016; 650.048
0.03042; 650.05
0.03068; 650.052
0.03094; 650.049
0.0312; 650.043
0.03146; 650.049
0.03172; 650.051
0.03198; 650.049
0.03224; 650.046
0.0325; 650.048
0.03276; 650.05
0.03302; 650.047
0.03328; 650.041
0.03354; 650.047
0.0338; 650.049
0.03406; 650.048
0.03432; 650.044
0.03458; 650.046
0.03484; 650.048
0.0351; 650.046
0.03536; 650.039
0.03562; 650.045
0.03588; 650.047
0.03614; 650.046
0.0364; 650.043
0.03666; 650.045
0.03692; 650.047
0.03718; 650.045
0.03744; 650.038
0.0377; 650.044
0.03796; 650.047
0.03822; 650.046
0.03848; 650.042
0.03874; 650.044
0.039; 650.046
0.03926; 650.045
0.03952; 650.038
0.03978; 650.044
0.04004; 650.046
0.0403; 650.045
0.04056; 650.042
0.04082; 650.044
0.04108; 650.046
0.04134; 650.045
0.0416; 650.038
0.04186; 650.044
0.04212; 650.047
0.04238; 650.046
0.04264; 650.043
0.0429; 650.045
0.04316; 650.047
0.04342; 650.045
0.04368; 650.039
0.04394; 650.045
0.0442; 650.048
0.04446; 650.047
0.04472; 650.044
0.04498; 650.046
0.04524; 650.048
0.0455; 650.046
0.04576; 650.04
0.04602; 650.046
0.04628; 650.049
0.04654; 650.048
0.0468; 650.045
0.04706; 650.047
0.04732; 650.05
0.04758; 650.048
0.04784; 650.042
0.0481; 650.048
0.04836; 650.051
0.04862; 650.05
0.04888; 650.047
0.04914; 650.049
0.0494; 650.052
0.04966; 650.05
0.04992; 650.044
0.05018; 650.05
0.05044; 650.053
0.0507; 650.052
0.05096; 650.049
0.05122; 650.052
0.05148; 650.054
0.05174; 650.052
0.052; 650.046
0.05226; 650.053
0.05252; 650.056
0.05278; 650.055
0.05304; 650.052
0.0533; 650.054
0.05356; 650.057
0.05382; 650.055
0.05408; 650.049
0.05434; 650.056
0.0546; 650.059
0.05486; 650.058
0.05512; 650.055
0.05538; 650.058
0.05564; 650.06
0.0559; 650.059
0.05616; 650.053
0.05642; 650.059
0.05668; 650.062
0.05694; 650.062
0.0572; 650.059
0.05746; 650.062
0.05772; 650.064
0.05798; 650.063
0.05824; 650.057
0.0585; 650.063
0.05876; 650.066
0.05902; 650.066
0.05928; 650.063
0.05954; 650.066
0.0598; 650.068
0.06006; 650.067
0.06032; 650.061
0.06058; 650.068
0.06084; 650.071
0.0611; 650.07
0.06136; 650.068
0.06162; 650.07
0.06188; 650.073
0.06214; 650.072
0.0624; 650.066
0.06266; 650.073
0.06292; 650.076
0.06318; 650.075
0.06344; 650.073
0.0637; 650.076
0.06396; 650.078
0.06422; 650.077
0.06448; 650.071
0.06474; 650.078
0.065; 650.081
0.06526; 650.081
0.06552; 650.078
0.06578; 650.081
0.06604; 650.084
0.0663; 650.083
0.06656; 650.077
0.06682; 650.084
0.06708; 650.087
0.06734; 650.087
0.0676; 650.084
0.06786; 650.087
0.06812; 650.09
0.06838; 650.089
0.06864; 650.083
0.0689; 650.09
0.06916; 650.094
0.06942; 650.093
0.06968; 650.091
0.06994; 650.094
0.0702; 650.097
0.07046; 650.096
0.07072; 650.09
0.07098; 650.097
0.07124; 650.101
0.0715; 650.1
0.07176; 650.098
0.07202; 650.101
0.07228; 650.104
0.07254; 650.103
0.0728; 650.098
0.07306; 650.105
0.07332; 650.108
0.07358; 650.108
0.07384; 650.106
0.0741; 650.109
0.07436; 650.112
0.07462; 650.111
0.07488; 650.106
0.07514; 650.113
0.0754; 650.116
0.07566; 650.116
0.07592; 650.114
0.07618; 650.117
0.07644; 650.12
0.0767; 650.12
0.07696; 650.114
0.07722; 650.121
0.07748; 650.125
0.07774; 650.124
0.078; 650.122
