0.00667; 0
0.01334; 0
0.02001; 0
0.02668; 0
0.03335; 0
0.04002; 0
0.04669; 0
0.05336; 0
0.06003; 0
0.0667; 0
0.07337; 0
0.08004; 0
0.08671; 0
0.09338; 0
0.10005; 0
0.10672; 0
0.11339; 0
0.12006; 0
0.12673; 0
0.1334; 0
0.14007; 0
0.14674; 0
0.15341; 0
0.16008; 0
0.16675; 0
0.17342; 0
0.18009; 0
0.18676; 0
0.19343; 0
0.2001; 0
0.20677; 0
0.21344; 0
0.22011; 0
0.22678; 0
0.23345; 0
0.24012; 0
0.24679; 0
0.25346; 0
0.26013; 0
0.2668; 0
0.27347; 0
0.28014; 0
0.28681; 0
0.29348; 0
0.30015; 0
0.30682; 0
0.31349; 0
0.32016; 0
0.32683; 0
0.3335; 0
0.34017; 0
0.34684; 0
0.35351; 0
0.36018; 0
0.36685; 0
0.37352; 0
0.38019; 0
0.38686; 0
0.39353; 0
0.4002; 0
0.40687; 0
0.41354; 0
0.42021; 0
0.42688; 0
0.43355; 0
0.44022; 0
0.44689; 0
0.45356; 0
0.46023; 0
0.4669; 0
0.47357; 525.48
0.48024; 525.413
0.48691; 525.281
0.49358; 525.082
0.50025; 524.818
0.50692; 524.488
0.51359; 524.093
0.52026; 523.634
0.52693; 523.112
0.5336; 522.526
0.54027; 521.878
0.54694; 521.17
0.55361; 520.401
0.56028; 519.572
0.56695; 518.686
0.57362; 517.743
0.58029; 516.745
0.58696; 515.692
0.59363; 514.586
0.6003; 513.429
0.60697; 512.221
0.61364; 510.965
0.62031; 509.661
0.62698; 508.312
0.63365; 506.918
0.64032; 505.481
0.64699; 504.002
0.65366; 502.484
0.66033; 500.926
0.667; 499.331
0.67367; 497.7
0.68034; 496.034
0.68701; 494.334
0.69368; 492.601
0.70035; 490.837
0.70702; 489.042
0.71369; 487.216
0.72036; 485.362
0.72703; 483.478
0.7337; 481.566
0.74037; 479.626
0.74704; 477.658
0.75371; 475.661
0.76038; 473.635
0.76705; 471.58
0.77372; 469.494
0.78039; 467.377
0.78706; 465.227
0.79373; 463.042
0.8004; 460.819
0.80707; 458.556
0.81374; 456.25
0.82041; 453.896
0.82708; 451.49
0.83375; 449.028
0.84042; 446.502
0.84709; 443.906
0.85376; 441.232
0.86043; 438.47
0.8671; 435.61
0.87377; 432.64
0.88044; 429.545
0.88711; 426.31
0.89378; 422.918
0.90045; 419.349
0.90712; 415.585
0.91379; 411.606
0.92046; 407.399
0.92713; 402.962
0.9338; 398.317
0.94047; 393.537
0.94714; 388.778
0.95381; 384.341
0.96048; 380.723
0.96715; 378.604
0.97382; 378.604
0.98049; 380.723
0.98716; 384.341
0.99383; 388.778
1.0005; 393.537
1.00717; 398.317
1.01384; 402.962
1.02051; 407.399
1.02718; 411.606
1.03385; 415.585
1.04052; 419.349
1.04719; 422.918
1.05386; 426.31
1.06053; 429.545
1.0672; 432.64
1.07387; 435.61
1.08054; 438.47
1.08721; 441.232
1.09388; 443.906
1.10055; 446.502
1.10722; 449.028
1.11389; 451.49
1.12056; 453.896
1.12723; 456.25
1.1339; 458.556
1.14057; 460.819
1.14724; 463.042
1.15391; 465.227
1.16058; 467.377
1.16725; 469.494
1.17392; 471.58
1.18059; 473.635
1.18726; 475.661
1.19393; 477.658
1.2006; 479.626
1.20727; 481.566
1.21394; 483.478
1.22061; 485.362
1.22728; 487.216
1.23395; 489.042
1.24062; 490.837
1.24729; 492.601
1.25396; 494.334
1.26063; 496.034
1.2673; 497.7
1.27397; 499.331
1.28064; 500.926
1.28731; 502.484
1.29398; 504.002
1.30065; 505.481
1.30732; 506.918
1.31399; 508.312
1.32066; 509.661
1.32733; 510.965
1.334; 512.221
1.34067; 513.429
1.34734; 514.586
1.35401; 515.692
1.36068; 516.745
1.36735; 517.743
1.37402; 518.686
1.38069; 519.572
1.38736; 520.401
1.39403; 521.17
1.4007; 521.878
1.40737; 522.526
1.41404; 523.112
1.42071; 523.634
1.42738; 524.093
1.43405; 524.488
1.44072; 524.818
1.44739; 525.082
1.45406; 525.281
1.46073; 525.413
1.4674; 525.48
1.47407; 0
1.48074; 0
1.48741; 0
1.49408; 0
1.50075; 0
1.50742; 0
1.51409; 0
1.52076; 0
1.52743; 0
1.5341; 0
1.54077; 0
1.54744; 0
1.55411; 0
1.56078; 0
1.56745; 0
1.57412; 0
1.58079; 0
1.58746; 0
1.59413; 0
1.6008; 0
1.60747; 0
1.61414; 0
1.62081; 0
1.62748; 0
1.63415; 0
1.64082; 0
1.64749; 0
1.65416; 0
1.66083; 0
1.6675; 0
1.67417; 0
1.68084; 0
1.68751; 0
1.69418; 0
1.70085; 0
1.70752; 0
1.71419; 0
1.72086; 0
1.72753; 0
1.7342; 0
1.74087; 0
1.74754; 0
1.75421; 0
1.76088; 0
1.76755; 0
1.77422; 0
1.78089; 0
1.78756; 0
1.79423; 0
1.8009; 0
1.80757; 0
1.81424; 0
1.82091; 0
1.82758; 0
1.83425; 0
1.84092; 0
1.84759; 0
1.85426; 0
1.86093; 0
1.8676; 0
1.87427; 0
1.88094; 0
1.88761; 0
1.89428; 0
1.90095; 0
1.90762; 0
1.91429; 0
1.92096; 0
1.92763; 0
1.9343; 0
1.94097; 0
1.94764; 0
1.95431; 0
1.96098; 0
1.96765; 0
1.97432; 0
1.98099; 0
1.98766; 0
1.99433; 0
2.001; 0
