0.00667; 0
0.01334; 0
0.02001; 0
0.02668; 0
0.03335; 0
0.04002; 0
0.04669; 0
0.05336; 0
0.06003; 0
0.0667; 0
0.07337; 0
0.08004; 0
0.08671; 0
0.09338; 0
0.10005; 0
0.10672; 0
0.11339; 0
0.12006; 0
0.12673; 0
0.1334; 0
0.14007; 0
0.14674; 0
0.15341; 0
0.16008; 0
0.16675; 0
0.17342; 0
0.18009; 0
0.18676; 0
0.19343; 0
0.2001; 0
0.20677; 0
0.21344; 0
0.22011; 0
0.22678; 0
0.23345; 0
0.24012; 0
0.24679; 0
0.25346; 0
0.26013; 0
0.2668; 0
0.27347; 0
0.28014; 0
0.28681; 0
0.29348; 0
0.30015; 0
0.30682; 0
0.31349; 0
0.32016; 0
0.32683; 0
0.3335; 0
0.34017; 0
0.34684; 0
0.35351; 0
0.36018; 0
0.36685; 0
0.37352; 0
0.38019; 0
0.38686; 0
0.39353; 0
0.4002; 0
0.40687; 0
0.41354; 0
0.42021; 0
0.42688; 0
0.43355; 0
0.44022; 0
0.44689; 0
0.45356; 0
0.46023; 0
0.4669; 0
0.47357; 427.488
0.48024; 427.427
0.48691; 427.304
0.49358; 427.121
0.50025; 426.877
0.50692; 426.573
0.51359; 426.21
0.52026; 425.788
0.52693; 425.308
0.5336; 424.771
0.54027; 424.179
0.54694; 423.531
0.55361; 422.831
0.56028; 422.078
0.56695; 421.274
0.57362; 420.421
0.58029; 419.521
0.58696; 418.575
0.59363; 417.585
0.6003; 416.553
0.60697; 415.48
0.61364; 414.368
0.62031; 413.22
0.62698; 412.037
0.63365; 410.822
0.64032; 409.576
0.64699; 408.301
0.65366; 406.999
0.66033; 405.673
0.667; 404.324
0.67367; 402.955
0.68034; 401.567
0.68701; 400.162
0.69368; 398.742
0.70035; 397.308
0.70702; 395.864
0.71369; 394.409
0.72036; 392.947
0.72703; 391.477
0.7337; 390.003
0.74037; 388.525
0.74704; 387.044
0.75371; 385.561
0.76038; 384.078
0.76705; 382.595
0.77372; 381.113
0.78039; 379.632
0.78706; 378.153
0.79373; 376.675
0.8004; 375.199
0.80707; 373.724
0.81374; 372.25
0.82041; 370.775
0.82708; 369.299
0.83375; 367.819
0.84042; 366.333
0.84709; 364.84
0.85376; 363.335
0.86043; 361.816
0.8671; 360.277
0.87377; 358.714
0.88044; 357.122
0.88711; 355.492
0.89378; 353.818
0.90045; 352.091
0.90712; 350.304
0.91379; 348.446
0.92046; 346.512
0.92713; 344.501
0.9338; 342.42
0.94047; 340.3
0.94714; 338.207
0.95381; 336.267
0.96048; 334.692
0.96715; 333.773
0.97382; 333.773
0.98049; 334.692
0.98716; 336.267
0.99383; 338.207
1.0005; 340.3
1.00717; 342.42
1.01384; 344.501
1.02051; 346.512
1.02718; 348.446
1.03385; 350.304
1.04052; 352.091
1.04719; 353.818
1.05386; 355.492
1.06053; 357.122
1.0672; 358.714
1.07387; 360.277
1.08054; 361.816
1.08721; 363.335
1.09388; 364.84
1.10055; 366.333
1.10722; 367.819
1.11389; 369.299
1.12056; 370.775
1.12723; 372.25
1.1339; 373.724
1.14057; 375.199
1.14724; 376.675
1.15391; 378.153
1.16058; 379.632
1.16725; 381.113
1.17392; 382.595
1.18059; 384.078
1.18726; 385.561
1.19393; 387.044
1.2006; 388.525
1.20727; 390.003
1.21394; 391.477
1.22061; 392.947
1.22728; 394.409
1.23395; 395.864
1.24062; 397.308
1.24729; 398.742
1.25396; 400.162
1.26063; 401.567
1.2673; 402.955
1.27397; 404.324
1.28064; 405.673
1.28731; 406.999
1.29398; 408.301
1.30065; 409.576
1.30732; 410.822
1.31399; 412.037
1.32066; 413.22
1.32733; 414.368
1.334; 415.48
1.34067; 416.553
1.34734; 417.585
1.35401; 418.575
1.36068; 419.521
1.36735; 420.421
1.37402; 421.274
1.38069; 422.078
1.38736; 422.831
1.39403; 423.531
1.4007; 424.179
1.40737; 424.771
1.41404; 425.308
1.42071; 425.788
1.42738; 426.21
1.43405; 426.573
1.44072; 426.877
1.44739; 427.121
1.45406; 427.304
1.46073; 427.427
1.4674; 427.488
1.47407; 0
1.48074; 0
1.48741; 0
1.49408; 0
1.50075; 0
1.50742; 0
1.51409; 0
1.52076; 0
1.52743; 0
1.5341; 0
1.54077; 0
1.54744; 0
1.55411; 0
1.56078; 0
1.56745; 0
1.57412; 0
1.58079; 0
1.58746; 0
1.59413; 0
1.6008; 0
1.60747; 0
1.61414; 0
1.62081; 0
1.62748; 0
1.63415; 0
1.64082; 0
1.64749; 0
1.65416; 0
1.66083; 0
1.6675; 0
1.67417; 0
1.68084; 0
1.68751; 0
1.69418; 0
1.70085; 0
1.70752; 0
1.71419; 0
1.72086; 0
1.72753; 0
1.7342; 0
1.74087; 0
1.74754; 0
1.75421; 0
1.76088; 0
1.76755; 0
1.77422; 0
1.78089; 0
1.78756; 0
1.79423; 0
1.8009; 0
1.80757; 0
1.81424; 0
1.82091; 0
1.82758; 0
1.83425; 0
1.84092; 0
1.84759; 0
1.85426; 0
1.86093; 0
1.8676; 0
1.87427; 0
1.88094; 0
1.88761; 0
1.89428; 0
1.90095; 0
1.90762; 0
1.91429; 0
1.92096; 0
1.92763; 0
1.9343; 0
1.94097; 0
1.94764; 0
1.95431; 0
1.96098; 0
1.96765; 0
1.97432; 0
1.98099; 0
1.98766; 0
1.99433; 0
2.001; 0
