0.00667; 0
0.01334; 0
0.02001; 0
0.02668; 0
0.03335; 0
0.04002; 0
0.04669; 0
0.05336; 0
0.06003; 0
0.0667; 0
0.07337; 0
0.08004; 0
0.08671; 0
0.09338; 0
0.10005; 0
0.10672; 0
0.11339; 0
0.12006; 0
0.12673; 0
0.1334; 0
0.14007; 0
0.14674; 0
0.15341; 0
0.16008; 0
0.16675; 0
0.17342; 0
0.18009; 0
0.18676; 0
0.19343; 0
0.2001; 0
0.20677; 0
0.21344; 0
0.22011; 0
0.22678; 0
0.23345; 0
0.24012; 0
0.24679; 0
0.25346; 0
0.26013; 0
0.2668; 0
0.27347; 0
0.28014; 0
0.28681; 0
0.29348; 0
0.30015; 0
0.30682; 0
0.31349; 0
0.32016; 0
0.32683; 0
0.3335; 0
0.34017; 0
0.34684; 0
0.35351; 0
0.36018; 0
0.36685; 0
0.37352; 0
0.38019; 0
0.38686; 0
0.39353; 0
0.4002; 0
0.40687; 0
0.41354; 0
0.42021; 0
0.42688; 0
0.43355; 0
0.44022; 0
0.44689; 0
0.45356; 0
0.46023; 0
0.4669; 0
0.47357; 698.342
0.48024; 698.274
0.48691; 698.138
0.49358; 697.933
0.50025; 697.661
0.50692; 697.321
0.51359; 696.914
0.52026; 696.439
0.52693; 695.897
0.5336; 695.288
0.54027; 694.612
0.54694; 693.871
0.55361; 693.063
0.56028; 692.189
0.56695; 691.25
0.57362; 690.247
0.58029; 689.178
0.58696; 688.046
0.59363; 686.85
0.6003; 685.59
0.60697; 684.267
0.61364; 682.881
0.62031; 681.432
0.62698; 679.921
0.63365; 678.348
0.64032; 676.712
0.64699; 675.014
0.65366; 673.254
0.66033; 671.432
0.667; 669.547
0.67367; 667.6
0.68034; 665.589
0.68701; 663.514
0.69368; 661.375
0.70035; 659.17
0.70702; 656.899
0.71369; 654.561
0.72036; 652.153
0.72703; 649.675
0.7337; 647.124
0.74037; 644.499
0.74704; 641.796
0.75371; 639.013
0.76038; 636.147
0.76705; 633.193
0.77372; 630.149
0.78039; 627.009
0.78706; 623.768
0.79373; 620.42
0.8004; 616.958
0.80707; 613.376
0.81374; 609.665
0.82041; 605.815
0.82708; 601.815
0.83375; 597.654
0.84042; 593.319
0.84709; 588.793
0.85376; 584.058
0.86043; 579.097
0.8671; 573.884
0.87377; 568.397
0.88044; 562.605
0.88711; 556.476
0.89378; 549.975
0.90045; 543.064
0.90712; 535.703
0.91379; 527.854
0.92046; 519.492
0.92713; 510.613
0.9338; 501.267
0.94047; 491.602
0.94714; 481.945
0.95381; 472.915
0.96048; 465.537
0.96715; 461.211
0.97382; 461.211
0.98049; 465.537
0.98716; 472.915
0.99383; 481.945
1.0005; 491.602
1.00717; 501.267
1.01384; 510.613
1.02051; 519.492
1.02718; 527.854
1.03385; 535.703
1.04052; 543.064
1.04719; 549.975
1.05386; 556.476
1.06053; 562.605
1.0672; 568.397
1.07387; 573.884
1.08054; 579.097
1.08721; 584.058
1.09388; 588.793
1.10055; 593.319
1.10722; 597.654
1.11389; 601.815
1.12056; 605.815
1.12723; 609.665
1.1339; 613.376
1.14057; 616.958
1.14724; 620.42
1.15391; 623.768
1.16058; 627.009
1.16725; 630.149
1.17392; 633.193
1.18059; 636.147
1.18726; 639.013
1.19393; 641.796
1.2006; 644.499
1.20727; 647.124
1.21394; 649.675
1.22061; 652.153
1.22728; 654.561
1.23395; 656.899
1.24062; 659.17
1.24729; 661.375
1.25396; 663.514
1.26063; 665.589
1.2673; 667.6
1.27397; 669.547
1.28064; 671.432
1.28731; 673.254
1.29398; 675.014
1.30065; 676.712
1.30732; 678.348
1.31399; 679.921
1.32066; 681.432
1.32733; 682.881
1.334; 684.267
1.34067; 685.59
1.34734; 686.85
1.35401; 688.046
1.36068; 689.178
1.36735; 690.247
1.37402; 691.25
1.38069; 692.189
1.38736; 693.063
1.39403; 693.871
1.4007; 694.612
1.40737; 695.288
1.41404; 695.897
1.42071; 696.439
1.42738; 696.914
1.43405; 697.321
1.44072; 697.661
1.44739; 697.933
1.45406; 698.138
1.46073; 698.274
1.4674; 698.342
1.47407; 0
1.48074; 0
1.48741; 0
1.49408; 0
1.50075; 0
1.50742; 0
1.51409; 0
1.52076; 0
1.52743; 0
1.5341; 0
1.54077; 0
1.54744; 0
1.55411; 0
1.56078; 0
1.56745; 0
1.57412; 0
1.58079; 0
1.58746; 0
1.59413; 0
1.6008; 0
1.60747; 0
1.61414; 0
1.62081; 0
1.62748; 0
1.63415; 0
1.64082; 0
1.64749; 0
1.65416; 0
1.66083; 0
1.6675; 0
1.67417; 0
1.68084; 0
1.68751; 0
1.69418; 0
1.70085; 0
1.70752; 0
1.71419; 0
1.72086; 0
1.72753; 0
1.7342; 0
1.74087; 0
1.74754; 0
1.75421; 0
1.76088; 0
1.76755; 0
1.77422; 0
1.78089; 0
1.78756; 0
1.79423; 0
1.8009; 0
1.80757; 0
1.81424; 0
1.82091; 0
1.82758; 0
1.83425; 0
1.84092; 0
1.84759; 0
1.85426; 0
1.86093; 0
1.8676; 0
1.87427; 0
1.88094; 0
1.88761; 0
1.89428; 0
1.90095; 0
1.90762; 0
1.91429; 0
1.92096; 0
1.92763; 0
1.9343; 0
1.94097; 0
1.94764; 0
1.95431; 0
1.96098; 0
1.96765; 0
1.97432; 0
1.98099; 0
1.98766; 0
1.99433; 0
2.001; 0
