0.00667; 0
0.01334; 0
0.02001; 0
0.02668; 0
0.03335; 0
0.04002; 0
0.04669; 0
0.05336; 0
0.06003; 0
0.0667; 0
0.07337; 0
0.08004; 0
0.08671; 0
0.09338; 0
0.10005; 0
0.10672; 0
0.11339; 0
0.12006; 0
0.12673; 0
0.1334; 0
0.14007; 0
0.14674; 0
0.15341; 0
0.16008; 0
0.16675; 0
0.17342; 0
0.18009; 0
0.18676; 0
0.19343; 0
0.2001; 0
0.20677; 0
0.21344; 0
0.22011; 0
0.22678; 0
0.23345; 0
0.24012; 0
0.24679; 0
0.25346; 0
0.26013; 0
0.2668; 0
0.27347; 0
0.28014; 0
0.28681; 0
0.29348; 0
0.30015; 0
0.30682; 0
0.31349; 0
0.32016; 0
0.32683; 0
0.3335; 0
0.34017; 0
0.34684; 0
0.35351; 0
0.36018; 0
0.36685; 0
0.37352; 0
0.38019; 0
0.38686; 0
0.39353; 0
0.4002; 0
0.40687; 0
0.41354; 0
0.42021; 0
0.42688; 0
0.43355; 0
0.44022; 0
0.44689; 0
0.45356; 0
0.46023; 0
0.4669; 0
0.47357; 0
0.48024; 0
0.48691; 1000
0.49358; 944.447
0.50025; 889.445
0.50692; 835.528
0.51359; 783.198
0.52026; 732.911
0.52693; 685.067
0.5336; 639.996
0.54027; 597.957
0.54694; 559.132
0.55361; 523.63
0.56028; 491.485
0.56695; 462.665
0.57362; 437.08
0.58029; 414.588
0.58696; 395.008
0.59363; 378.129
0.6003; 363.719
0.60697; 351.537
0.61364; 341.337
0.62031; 332.878
0.62698; 325.932
0.63365; 320.281
0.64032; 315.728
0.64699; 312.094
0.65366; 309.222
0.66033; 306.973
0.667; 305.228
0.67367; 303.887
0.68034; 302.866
0.68701; 302.096
0.69368; 301.521
0.70035; 301.096
0.70702; 300.785
0.71369; 300.56
0.72036; 300.401
0.72703; 300.291
0.7337; 300.218
0.74037; 300.174
0.74704; 300.154
0.75371; 300.156
0.76038; 300.179
0.76705; 300.224
0.77372; 300.297
0.78039; 300.403
0.78706; 300.551
0.79373; 300.754
0.8004; 301.028
0.80707; 301.393
0.81374; 301.876
0.82041; 302.507
0.82708; 303.326
0.83375; 304.379
0.84042; 305.723
0.84709; 307.422
0.85376; 309.554
0.86043; 312.208
0.8671; 315.485
0.87377; 319.501
0.88044; 324.384
0.88711; 330.275
0.89378; 337.329
0.90045; 345.714
0.90712; 355.604
0.91379; 367.182
0.92046; 380.626
0.92713; 396.1
0.9338; 413.73
0.94047; 433.555
0.94714; 455.459
0.95381; 479.024
0.96048; 503.321
0.96715; 526.585
0.97382; 545.915
0.98049; 557.366
0.98716; 557.366
0.99383; 545.915
1.0005; 526.585
1.00717; 503.321
1.01384; 479.024
1.02051; 455.459
1.02718; 433.555
1.03385; 413.73
1.04052; 396.1
1.04719; 380.626
1.05386; 367.182
1.06053; 355.604
1.0672; 345.714
1.07387; 337.329
1.08054; 330.275
1.08721; 324.384
1.09388; 319.501
1.10055; 315.485
1.10722; 312.208
1.11389; 309.554
1.12056; 307.422
1.12723; 305.723
1.1339; 304.379
1.14057; 303.326
1.14724; 302.507
1.15391; 301.876
1.16058; 301.393
1.16725; 301.028
1.17392; 300.754
1.18059; 300.551
1.18726; 300.403
1.19393; 300.297
1.2006; 300.224
1.20727; 300.179
1.21394; 300.156
1.22061; 300.154
1.22728; 300.174
1.23395; 300.218
1.24062; 300.291
1.24729; 300.401
1.25396; 300.56
1.26063; 300.785
1.2673; 301.096
1.27397; 301.521
1.28064; 302.096
1.28731; 302.866
1.29398; 303.887
1.30065; 305.228
1.30732; 306.973
1.31399; 309.222
1.32066; 312.094
1.32733; 315.728
1.334; 320.281
1.34067; 325.932
1.34734; 332.878
1.35401; 341.337
1.36068; 351.537
1.36735; 363.719
1.37402; 378.129
1.38069; 395.008
1.38736; 414.588
1.39403; 437.08
1.4007; 462.665
1.40737; 491.485
1.41404; 523.63
1.42071; 559.132
1.42738; 597.957
1.43405; 639.996
1.44072; 685.067
1.44739; 732.911
1.45406; 783.198
1.46073; 835.528
1.4674; 889.445
1.47407; 944.447
1.48074; 1000
1.48741; 0
1.49408; 0
1.50075; 0
1.50742; 0
1.51409; 0
1.52076; 0
1.52743; 0
1.5341; 0
1.54077; 0
1.54744; 0
1.55411; 0
1.56078; 0
1.56745; 0
1.57412; 0
1.58079; 0
1.58746; 0
1.59413; 0
1.6008; 0
1.60747; 0
1.61414; 0
1.62081; 0
1.62748; 0
1.63415; 0
1.64082; 0
1.64749; 0
1.65416; 0
1.66083; 0
1.6675; 0
1.67417; 0
1.68084; 0
1.68751; 0
1.69418; 0
1.70085; 0
1.70752; 0
1.71419; 0
1.72086; 0
1.72753; 0
1.7342; 0
1.74087; 0
1.74754; 0
1.75421; 0
1.76088; 0
1.76755; 0
1.77422; 0
1.78089; 0
1.78756; 0
1.79423; 0
1.8009; 0
1.80757; 0
1.81424; 0
1.82091; 0
1.82758; 0
1.83425; 0
1.84092; 0
1.84759; 0
1.85426; 0
1.86093; 0
1.8676; 0
1.87427; 0
1.88094; 0
1.88761; 0
1.89428; 0
1.90095; 0
1.90762; 0
1.91429; 0
1.92096; 0
1.92763; 0
1.9343; 0
1.94097; 0
1.94764; 0
1.95431; 0
1.96098; 0
1.96765; 0
1.97432; 0
1.98099; 0
1.98766; 0
1.99433; 0
2.001; 0
