0.00026; 0
0.00052; 0
0.00078; 0
0.00104; 0
0.0013; 0
0.00156; 0
0.00182; 0
0.00208; 0
0.00234; 0
0.0026; 0
0.00286; 0
0.00312; 0
0.00338; 0
0.00364; 0
0.0039; 0
0.00416; 0
0.00442; 0
0.00468; 0
0.00494; 0
0.0052; 0
0.00546; 0
0.00572; 0
0.00598; 0
0.00624; 0
0.0065; 0
0.00676; 0
0.00702; 0
0.00728; 0
0.00754; 0
0.0078; 0
0.00806; 0
0.00832; 0
0.00858; 0
0.00884; 0
0.0091; 0
0.00936; 0
0.00962; 0
0.00988; 0
0.01014; 0
0.0104; 0
0.01066; 0
0.01092; 0
0.01118; 0
0.01144; 0
0.0117; 0
0.01196; 0
0.01222; 0
0.01248; 0
0.01274; 0
0.013; 0
0.01326; 0
0.01352; 0
0.01378; 0
0.01404; 0
0.0143; 0
0.01456; 0
0.01482; 0
0.01508; 0
0.01534; 0
0.0156; 0
0.01586; 0
0.01612; 0
0.01638; 0
0.01664; 0
0.0169; 0
0.01716; 0
0.01742; 0
0.01768; 0
0.01794; 0
0.0182; 0
0.01846; 0
0.01872; 0
0.01898; 0
0.01924; 0
0.0195; 0
0.01976; 0
0.02002; 0
0.02028; 0
0.02054; 0
0.0208; 0
0.02106; 0
0.02132; 0
0.02158; 0
0.02184; 0
0.0221; 0
0.02236; 0
0.02262; 0
0.02288; 581.829
0.02314; 581.643
0.0234; 581.438
0.02366; 581.251
0.02392; 581.08
0.02418; 580.906
0.02444; 580.734
0.0247; 580.56
0.02496; 580.428
0.02522; 580.284
0.02548; 580.139
0.02574; 580.011
0.026; 579.897
0.02626; 579.778
0.02652; 579.66
0.02678; 579.538
0.02704; 579.457
0.0273; 579.364
0.02756; 579.267
0.02782; 579.188
0.02808; 579.122
0.02834; 579.05
0.0286; 578.978
0.02886; 578.902
0.02912; 578.866
0.02938; 578.816
0.02964; 578.763
0.0299; 578.725
0.03016; 578.7
0.03042; 578.669
0.03068; 578.636
0.03094; 578.598
0.0312; 578.6
0.03146; 578.586
0.03172; 578.569
0.03198; 578.566
0.03224; 578.575
0.0325; 578.576
0.03276; 578.575
0.03302; 578.568
0.03328; 578.6
0.03354; 578.616
0.0338; 578.626
0.03406; 578.651
0.03432; 578.686
0.03458; 578.713
0.03484; 578.737
0.0351; 578.755
0.03536; 578.809
0.03562; 578.847
0.03588; 578.88
0.03614; 578.925
0.0364; 578.98
0.03666; 579.027
0.03692; 579.069
0.03718; 579.104
0.03744; 579.176
0.0377; 579.231
0.03796; 579.279
0.03822; 579.339
0.03848; 579.409
0.03874; 579.47
0.039; 579.526
0.03926; 579.574
0.03952; 579.658
0.03978; 579.724
0.04004; 579.784
0.0403; 579.855
0.04056; 579.936
0.04082; 580.006
0.04108; 580.072
0.04134; 580.13
0.0416; 580.223
0.04186; 580.299
0.04212; 580.367
0.04238; 580.447
0.04264; 580.536
0.0429; 580.615
0.04316; 580.689
0.04342; 580.755
0.04368; 580.856
0.04394; 580.94
0.0442; 581.016
0.04446; 581.104
0.04472; 581.2
0.04498; 581.288
0.04524; 581.37
0.0455; 581.444
0.04576; 581.554
0.04602; 581.646
0.04628; 581.731
0.04654; 581.828
0.0468; 581.935
0.04706; 582.032
0.04732; 582.124
0.04758; 582.209
0.04784; 582.329
0.0481; 582.433
0.04836; 582.53
0.04862; 582.64
0.04888; 582.759
0.04914; 582.869
0.0494; 582.975
0.04966; 583.075
0.04992; 583.21
0.05018; 583.329
0.05044; 583.443
0.0507; 583.569
0.05096; 583.705
0.05122; 583.834
0.05148; 583.959
0.05174; 584.078
0.052; 584.234
0.05226; 584.374
0.05252; 584.51
0.05278; 584.659
0.05304; 584.818
0.0533; 584.971
0.05356; 585.121
0.05382; 585.266
0.05408; 585.448
0.05434; 585.616
0.0546; 585.779
0.05486; 585.957
0.05512; 586.146
0.05538; 586.329
0.05564; 586.511
0.0559; 586.688
0.05616; 586.902
0.05642; 587.104
0.05668; 587.302
0.05694; 587.516
0.0572; 587.742
0.05746; 587.965
0.05772; 588.189
0.05798; 588.407
0.05824; 588.634
0.0585; 0
0.05876; 0
0.05902; 0
0.05928; 0
0.05954; 0
0.0598; 0
0.06006; 0
0.06032; 0
0.06058; 0
0.06084; 0
0.0611; 0
0.06136; 0
0.06162; 0
0.06188; 0
0.06214; 0
0.0624; 0
0.06266; 0
0.06292; 0
0.06318; 0
0.06344; 0
0.0637; 0
0.06396; 0
0.06422; 0
0.06448; 0
0.06474; 0
0.065; 0
0.06526; 0
0.06552; 0
0.06578; 0
0.06604; 0
0.0663; 0
0.06656; 0
0.06682; 0
0.06708; 0
0.06734; 0
0.0676; 0
0.06786; 0
0.06812; 0
0.06838; 0
0.06864; 0
0.0689; 0
0.06916; 0
0.06942; 0
0.06968; 0
0.06994; 0
0.0702; 0
0.07046; 0
0.07072; 0
0.07098; 0
0.07124; 0
0.0715; 0
0.07176; 0
0.07202; 0
0.07228; 0
0.07254; 0
0.0728; 0
0.07306; 0
0.07332; 0
0.07358; 0
0.07384; 0
0.0741; 0
0.07436; 0
0.07462; 0
0.07488; 0
0.07514; 0
0.0754; 0
0.07566; 0
0.07592; 0
0.07618; 0
0.07644; 0
0.0767; 0
0.07696; 0
0.07722; 0
0.07748; 0
0.07774; 0
0.078; 0
