0.00026; 0
0.00052; 0
0.00078; 0
0.00104; 0
0.0013; 0
0.00156; 0
0.00182; 0
0.00208; 0
0.00234; 0
0.0026; 0
0.00286; 0
0.00312; 0
0.00338; 0
0.00364; 0
0.0039; 0
0.00416; 0
0.00442; 0
0.00468; 0
0.00494; 0
0.0052; 0
0.00546; 0
0.00572; 0
0.00598; 0
0.00624; 0
0.0065; 0
0.00676; 0
0.00702; 0
0.00728; 0
0.00754; 0
0.0078; 0
0.00806; 0
0.00832; 0
0.00858; 0
0.00884; 0
0.0091; 0
0.00936; 0
0.00962; 0
0.00988; 0
0.01014; 0
0.0104; 0
0.01066; 0
0.01092; 0
0.01118; 0
0.01144; 0
0.0117; 0
0.01196; 0
0.01222; 0
0.01248; 0
0.01274; 0
0.013; 0
0.01326; 0
0.01352; 0
0.01378; 0
0.01404; 0
0.0143; 0
0.01456; 0
0.01482; 0
0.01508; 0
0.01534; 0
0.0156; 0
0.01586; 0
0.01612; 0
0.01638; 0
0.01664; 0
0.0169; 0
0.01716; 0
0.01742; 0
0.01768; 0
0.01794; 0
0.0182; 0
0.01846; 0
0.01872; 0
0.01898; 0
0.01924; 0
0.0195; 0
0.01976; 0
0.02002; 0
0.02028; 0
0.02054; 0
0.0208; 0
0.02106; 0
0.02132; 0
0.02158; 0
0.02184; 0
0.0221; 0
0.02236; 0
0.02262; 0
0.02288; 602.723
0.02314; 602.554
0.0234; 602.401
0.02366; 602.23
0.02392; 602.087
0.02418; 601.935
0.02444; 601.799
0.0247; 601.661
0.02496; 601.533
0.02522; 601.394
0.02548; 601.291
0.02574; 601.17
0.026; 601.076
0.02626; 600.971
0.02652; 600.88
0.02678; 600.787
0.02704; 600.704
0.0273; 600.607
0.02756; 600.547
0.02782; 600.467
0.02808; 600.415
0.02834; 600.35
0.0286; 600.299
0.02886; 600.245
0.02912; 600.199
0.02938; 600.14
0.02964; 600.117
0.0299; 600.073
0.03016; 600.055
0.03042; 600.025
0.03068; 600.007
0.03094; 599.986
0.0312; 599.972
0.03146; 599.945
0.03172; 599.951
0.03198; 599.937
0.03224; 599.948
0.0325; 599.946
0.03276; 599.955
0.03302; 599.961
0.03328; 599.973
0.03354; 599.97
0.0338; 600.001
0.03406; 600.01
0.03432; 600.044
0.03458; 600.063
0.03484; 600.094
0.0351; 600.119
0.03536; 600.151
0.03562; 600.168
0.03588; 600.217
0.03614; 600.244
0.0364; 600.295
0.03666; 600.331
0.03692; 600.377
0.03718; 600.418
0.03744; 600.465
0.0377; 600.496
0.03796; 600.558
0.03822; 600.598
0.03848; 600.661
0.03874; 600.709
0.039; 600.767
0.03926; 600.819
0.03952; 600.876
0.03978; 600.917
0.04004; 600.989
0.0403; 601.039
0.04056; 601.111
0.04082; 601.168
0.04108; 601.234
0.04134; 601.294
0.0416; 601.359
0.04186; 601.408
0.04212; 601.488
0.04238; 601.545
0.04264; 601.624
0.0429; 601.688
0.04316; 601.762
0.04342; 601.829
0.04368; 601.901
0.04394; 601.956
0.0442; 602.043
0.04446; 602.106
0.04472; 602.192
0.04498; 602.263
0.04524; 602.344
0.0455; 602.418
0.04576; 602.497
0.04602; 602.56
0.04628; 602.655
0.04654; 602.726
0.0468; 602.821
0.04706; 602.9
0.04732; 602.989
0.04758; 603.072
0.04784; 603.161
0.0481; 603.234
0.04836; 603.338
0.04862; 603.421
0.04888; 603.526
0.04914; 603.617
0.0494; 603.718
0.04966; 603.813
0.04992; 603.915
0.05018; 604.001
0.05044; 604.12
0.0507; 604.217
0.05096; 604.337
0.05122; 604.443
0.05148; 604.561
0.05174; 604.674
0.052; 604.793
0.05226; 604.897
0.05252; 605.034
0.05278; 605.15
0.05304; 605.29
0.0533; 605.418
0.05356; 605.557
0.05382; 605.691
0.05408; 605.833
0.05434; 605.961
0.0546; 606.122
0.05486; 606.263
0.05512; 606.429
0.05538; 606.582
0.05564; 606.748
0.0559; 606.91
0.05616; 607.079
0.05642; 607.237
0.05668; 607.427
0.05694; 607.599
0.0572; 607.797
0.05746; 607.985
0.05772; 608.187
0.05798; 608.386
0.05824; 608.572
0.0585; 0
0.05876; 0
0.05902; 0
0.05928; 0
0.05954; 0
0.0598; 0
0.06006; 0
0.06032; 0
0.06058; 0
0.06084; 0
0.0611; 0
0.06136; 0
0.06162; 0
0.06188; 0
0.06214; 0
0.0624; 0
0.06266; 0
0.06292; 0
0.06318; 0
0.06344; 0
0.0637; 0
0.06396; 0
0.06422; 0
0.06448; 0
0.06474; 0
0.065; 0
0.06526; 0
0.06552; 0
0.06578; 0
0.06604; 0
0.0663; 0
0.06656; 0
0.06682; 0
0.06708; 0
0.06734; 0
0.0676; 0
0.06786; 0
0.06812; 0
0.06838; 0
0.06864; 0
0.0689; 0
0.06916; 0
0.06942; 0
0.06968; 0
0.06994; 0
0.0702; 0
0.07046; 0
0.07072; 0
0.07098; 0
0.07124; 0
0.0715; 0
0.07176; 0
0.07202; 0
0.07228; 0
0.07254; 0
0.0728; 0
0.07306; 0
0.07332; 0
0.07358; 0
0.07384; 0
0.0741; 0
0.07436; 0
0.07462; 0
0.07488; 0
0.07514; 0
0.0754; 0
0.07566; 0
0.07592; 0
0.07618; 0
0.07644; 0
0.0767; 0
0.07696; 0
0.07722; 0
0.07748; 0
0.07774; 0
0.078; 0
