0.00026; 0
0.00052; 0
0.00078; 0
0.00104; 0
0.0013; 0
0.00156; 0
0.00182; 0
0.00208; 0
0.00234; 0
0.0026; 0
0.00286; 0
0.00312; 0
0.00338; 0
0.00364; 0
0.0039; 0
0.00416; 0
0.00442; 0
0.00468; 0
0.00494; 0
0.0052; 0
0.00546; 0
0.00572; 0
0.00598; 0
0.00624; 0
0.0065; 0
0.00676; 0
0.00702; 0
0.00728; 0
0.00754; 0
0.0078; 0
0.00806; 0
0.00832; 0
0.00858; 0
0.00884; 0
0.0091; 0
0.00936; 0
0.00962; 0
0.00988; 0
0.01014; 0
0.0104; 0
0.01066; 0
0.01092; 0
0.01118; 0
0.01144; 0
0.0117; 0
0.01196; 0
0.01222; 0
0.01248; 0
0.01274; 0
0.013; 0
0.01326; 0
0.01352; 0
0.01378; 0
0.01404; 0
0.0143; 0
0.01456; 0
0.01482; 0
0.01508; 0
0.01534; 0
0.0156; 0
0.01586; 0
0.01612; 0
0.01638; 0
0.01664; 0
0.0169; 0
0.01716; 0
0.01742; 0
0.01768; 0
0.01794; 0
0.0182; 0
0.01846; 0
0.01872; 0
0.01898; 0
0.01924; 0
0.0195; 555.323
0.01976; 555.391
0.02002; 555.527
0.02028; 555.732
0.02054; 556.005
0.0208; 556.346
0.02106; 556.752
0.02132; 557.22
0.02158; 557.744
0.02184; 558.313
0.0221; 558.909
0.02236; 559.511
0.02262; 560.098
0.02288; 560.654
0.02314; 561.17
0.0234; 561.644
0.02366; 562.078
0.02392; 562.476
0.02418; 562.84
0.02444; 563.172
0.0247; 563.479
0.02496; 563.762
0.02522; 564.021
0.02548; 564.26
0.02574; 564.481
0.026; 564.686
0.02626; 564.873
0.02652; 565.046
0.02678; 565.204
0.02704; 565.351
0.0273; 565.482
0.02756; 565.599
0.02782; 565.706
0.02808; 565.802
0.02834; 565.885
0.0286; 565.956
0.02886; 566.016
0.02912; 566.067
0.02938; 566.105
0.02964; 566.131
0.0299; 566.148
0.03016; 566.156
0.03042; 566.153
0.03068; 566.139
0.03094; 566.116
0.0312; 566.085
0.03146; 566.043
0.03172; 565.992
0.03198; 565.933
0.03224; 565.868
0.0325; 565.795
0.03276; 565.715
0.03302; 565.63
0.03328; 565.542
0.03354; 565.447
0.0338; 565.349
0.03406; 565.25
0.03432; 565.152
0.03458; 565.053
0.03484; 564.955
0.0351; 564.861
0.03536; 564.773
0.03562; 564.688
0.03588; 564.611
0.03614; 564.542
0.0364; 564.485
0.03666; 564.438
0.03692; 564.404
0.03718; 564.383
0.03744; 564.379
0.0377; 564.39
0.03796; 564.416
0.03822; 564.461
0.03848; 564.525
0.03874; 564.606
0.039; 564.706
0.03926; 564.825
0.03952; 564.965
0.03978; 565.121
0.04004; 565.296
0.0403; 565.491
0.04056; 565.705
0.04082; 565.938
0.04108; 566.19
0.04134; 566.462
0.0416; 566.756
0.04186; 567.068
0.04212; 567.4
0.04238; 567.753
0.04264; 568.125
0.0429; 568.513
0.04316; 568.915
0.04342; 569.331
0.04368; 569.76
0.04394; 570.198
0.0442; 570.645
0.04446; 571.101
0.04472; 571.566
0.04498; 572.035
0.04524; 572.509
0.0455; 572.986
0.04576; 573.468
0.04602; 573.947
0.04628; 574.424
0.04654; 574.901
0.0468; 575.377
0.04706; 575.846
0.04732; 576.31
0.04758; 576.768
0.04784; 577.223
0.0481; 577.666
0.04836; 578.099
0.04862; 578.526
0.04888; 578.945
0.04914; 579.352
0.0494; 579.748
0.04966; 580.134
0.04992; 580.513
0.05018; 580.876
0.05044; 581.226
0.0507; 581.567
0.05096; 581.9
0.05122; 582.217
0.05148; 582.522
0.05174; 582.817
0.052; 583.104
0.05226; 583.374
0.05252; 583.63
0.05278; 583.877
0.05304; 584.116
0.0533; 584.339
0.05356; 584.55
0.05382; 584.75
0.05408; 584.943
0.05434; 585.118
0.0546; 585.28
0.05486; 585.433
0.05512; 585.577
0.05538; 585.706
0.05564; 585.822
0.0559; 585.928
0.05616; 586.027
0.05642; 586.107
0.05668; 586.174
0.05694; 586.232
0.0572; 586.282
0.05746; 586.316
0.05772; 586.337
0.05798; 586.345
0.05824; 0
0.0585; 0
0.05876; 0
0.05902; 0
0.05928; 0
0.05954; 0
0.0598; 0
0.06006; 0
0.06032; 0
0.06058; 0
0.06084; 0
0.0611; 0
0.06136; 0
0.06162; 0
0.06188; 0
0.06214; 0
0.0624; 0
0.06266; 0
0.06292; 0
0.06318; 0
0.06344; 0
0.0637; 0
0.06396; 0
0.06422; 0
0.06448; 0
0.06474; 0
0.065; 0
0.06526; 0
0.06552; 0
0.06578; 0
0.06604; 0
0.0663; 0
0.06656; 0
0.06682; 0
0.06708; 0
0.06734; 0
0.0676; 0
0.06786; 0
0.06812; 0
0.06838; 0
0.06864; 0
0.0689; 0
0.06916; 0
0.06942; 0
0.06968; 0
0.06994; 0
0.0702; 0
0.07046; 0
0.07072; 0
0.07098; 0
0.07124; 0
0.0715; 0
0.07176; 0
0.07202; 0
0.07228; 0
0.07254; 0
0.0728; 0
0.07306; 0
0.07332; 0
0.07358; 0
0.07384; 0
0.0741; 0
0.07436; 0
0.07462; 0
0.07488; 0
0.07514; 0
0.0754; 0
0.07566; 0
0.07592; 0
0.07618; 0
0.07644; 0
0.0767; 0
0.07696; 0
0.07722; 0
0.07748; 0
0.07774; 0
0.078; 0
