0.00026; 519.674
0.00052; 519.664
0.00078; 519.673
0.00104; 519.673
0.0013; 519.67
0.00156; 519.663
0.00182; 519.666
0.00208; 519.665
0.00234; 519.66
0.0026; 519.645
0.00286; 519.654
0.00312; 519.654
0.00338; 519.651
0.00364; 519.644
0.0039; 519.646
0.00416; 519.645
0.00442; 519.64
0.00468; 519.625
0.00494; 519.634
0.0052; 519.634
0.00546; 519.631
0.00572; 519.624
0.00598; 519.627
0.00624; 519.626
0.0065; 519.62
0.00676; 519.606
0.00702; 519.615
0.00728; 519.615
0.00754; 519.612
0.0078; 519.605
0.00806; 519.608
0.00832; 519.607
0.00858; 519.602
0.00884; 519.588
0.0091; 519.597
0.00936; 519.597
0.00962; 519.595
0.00988; 519.588
0.01014; 519.591
0.0104; 519.59
0.01066; 519.585
0.01092; 519.571
0.01118; 519.581
0.01144; 519.581
0.0117; 519.578
0.01196; 519.572
0.01222; 519.575
0.01248; 519.575
0.01274; 519.57
0.013; 519.556
0.01326; 519.566
0.01352; 519.566
0.01378; 519.564
0.01404; 519.557
0.0143; 519.561
0.01456; 519.56
0.01482; 519.556
0.01508; 519.542
0.01534; 519.552
0.0156; 519.552
0.01586; 519.55
0.01612; 519.544
0.01638; 519.547
0.01664; 519.547
0.0169; 519.542
0.01716; 519.529
0.01742; 519.539
0.01768; 519.539
0.01794; 519.537
0.0182; 519.531
0.01846; 519.535
0.01872; 519.535
0.01898; 519.531
0.01924; 519.517
0.0195; 519.527
0.01976; 519.528
0.02002; 519.526
0.02028; 519.52
0.02054; 519.524
0.0208; 519.524
0.02106; 519.52
0.02132; 519.506
0.02158; 519.517
0.02184; 519.518
0.0221; 519.516
0.02236; 519.51
0.02262; 519.514
0.02288; 519.514
0.02314; 519.51
0.0234; 519.497
0.02366; 519.507
0.02392; 519.508
0.02418; 519.507
0.02444; 519.501
0.0247; 519.505
0.02496; 519.506
0.02522; 519.502
0.02548; 519.489
0.02574; 519.499
0.026; 519.5
0.02626; 519.499
0.02652; 519.493
0.02678; 519.498
0.02704; 519.498
0.0273; 519.494
0.02756; 519.481
0.02782; 519.492
0.02808; 519.493
0.02834; 519.492
0.0286; 519.487
0.02886; 519.491
0.02912; 519.492
0.02938; 519.488
0.02964; 519.475
0.0299; 519.486
0.03016; 519.488
0.03042; 519.486
0.03068; 519.481
0.03094; 519.486
0.0312; 519.486
0.03146; 519.483
0.03172; 519.47
0.03198; 519.481
0.03224; 519.483
0.0325; 519.482
0.03276; 519.476
0.03302; 519.481
0.03328; 519.482
0.03354; 519.479
0.0338; 519.466
0.03406; 519.477
0.03432; 519.479
0.03458; 519.478
0.03484; 519.473
0.0351; 519.478
0.03536; 519.479
0.03562; 519.476
0.03588; 519.463
0.03614; 519.475
0.0364; 519.477
0.03666; 519.476
0.03692; 519.471
0.03718; 519.476
0.03744; 519.477
0.0377; 519.474
0.03796; 519.462
0.03822; 519.473
0.03848; 519.475
0.03874; 519.474
0.039; 519.47
0.03926; 519.475
0.03952; 519.476
0.03978; 519.473
0.04004; 519.461
0.0403; 519.473
0.04056; 519.475
0.04082; 519.474
0.04108; 519.47
0.04134; 519.475
0.0416; 519.476
0.04186; 519.474
0.04212; 519.462
0.04238; 519.473
0.04264; 519.476
0.0429; 519.475
0.04316; 519.471
0.04342; 519.476
0.04368; 519.478
0.04394; 519.475
0.0442; 519.463
0.04446; 519.475
0.04472; 519.477
0.04498; 519.477
0.04524; 519.473
0.0455; 519.478
0.04576; 519.48
0.04602; 519.477
0.04628; 519.466
0.04654; 519.478
0.0468; 519.48
0.04706; 519.48
0.04732; 519.476
0.04758; 519.482
0.04784; 519.484
0.0481; 519.481
0.04836; 519.47
0.04862; 519.482
0.04888; 519.484
0.04914; 519.484
0.0494; 519.48
0.04966; 519.486
0.04992; 519.488
0.05018; 519.486
0.05044; 519.474
0.0507; 519.487
0.05096; 519.489
0.05122; 519.49
0.05148; 519.486
0.05174; 519.492
0.052; 519.494
0.05226; 519.492
0.05252; 519.48
0.05278; 519.493
0.05304; 519.496
0.0533; 519.496
0.05356; 519.492
0.05382; 519.498
0.05408; 519.5
0.05434; 519.498
0.0546; 519.487
0.05486; 519.5
0.05512; 519.503
0.05538; 519.503
0.05564; 519.5
0.0559; 519.506
0.05616; 519.508
0.05642; 519.506
0.05668; 519.495
0.05694; 519.508
0.0572; 519.511
0.05746; 519.512
0.05772; 519.508
0.05798; 519.515
0.05824; 519.517
0.0585; 519.516
0.05876; 519.505
0.05902; 519.518
0.05928; 519.521
0.05954; 519.521
0.0598; 519.518
0.06006; 519.525
0.06032; 519.527
0.06058; 519.526
0.06084; 519.515
0.0611; 519.528
0.06136; 519.531
0.06162; 519.532
0.06188; 519.529
0.06214; 519.536
0.0624; 519.539
0.06266; 519.537
0.06292; 519.527
0.06318; 519.54
0.06344; 519.543
0.0637; 519.544
0.06396; 519.541
0.06422; 519.548
0.06448; 519.551
0.06474; 519.55
0.065; 519.539
0.06526; 519.553
0.06552; 519.556
0.06578; 519.557
0.06604; 519.554
0.0663; 519.561
0.06656; 519.565
0.06682; 519.564
0.06708; 519.553
0.06734; 519.567
0.0676; 519.57
0.06786; 519.572
0.06812; 519.569
0.06838; 519.576
0.06864; 519.579
0.0689; 519.578
0.06916; 519.568
0.06942; 519.582
0.06968; 519.586
0.06994; 519.587
0.0702; 519.585
0.07046; 519.592
0.07072; 519.595
0.07098; 519.595
0.07124; 519.585
0.0715; 519.599
0.07176; 519.603
0.07202; 519.604
0.07228; 519.602
0.07254; 519.609
0.0728; 519.613
0.07306; 519.612
0.07332; 519.602
0.07358; 519.616
0.07384; 519.621
0.0741; 519.622
0.07436; 519.62
0.07462; 519.627
0.07488; 519.631
0.07514; 519.631
0.0754; 519.621
0.07566; 519.635
0.07592; 519.639
0.07618; 519.641
0.07644; 519.638
0.0767; 519.646
0.07696; 519.65
0.07722; 519.649
0.07748; 519.639
0.07774; 519.653
0.078; 519.658
