0.00667; 0
0.01334; 0
0.02001; 0
0.02668; 0
0.03335; 0
0.04002; 0
0.04669; 0
0.05336; 0
0.06003; 0
0.0667; 0
0.07337; 0
0.08004; 0
0.08671; 0
0.09338; 0
0.10005; 0
0.10672; 0
0.11339; 0
0.12006; 0
0.12673; 0
0.1334; 0
0.14007; 0
0.14674; 0
0.15341; 0
0.16008; 0
0.16675; 0
0.17342; 0
0.18009; 0
0.18676; 0
0.19343; 0
0.2001; 0
0.20677; 0
0.21344; 0
0.22011; 0
0.22678; 0
0.23345; 0
0.24012; 0
0.24679; 0
0.25346; 0
0.26013; 0
0.2668; 0
0.27347; 0
0.28014; 0
0.28681; 0
0.29348; 0
0.30015; 0
0.30682; 0
0.31349; 0
0.32016; 0
0.32683; 0
0.3335; 0
0.34017; 0
0.34684; 0
0.35351; 0
0.36018; 0
0.36685; 0
0.37352; 0
0.38019; 0
0.38686; 0
0.39353; 0
0.4002; 0
0.40687; 0
0.41354; 0
0.42021; 0
0.42688; 0
0.43355; 0
0.44022; 0
0.44689; 0
0.45356; 0
0.46023; 0
0.4669; 0
0.47357; 436.694
0.48024; 436.632
0.48691; 436.507
0.49358; 436.321
0.50025; 436.073
0.50692; 435.764
0.51359; 435.394
0.52026; 434.965
0.52693; 434.477
0.5336; 433.931
0.54027; 433.328
0.54694; 432.669
0.55361; 431.955
0.56028; 431.188
0.56695; 430.37
0.57362; 429.501
0.58029; 428.584
0.58696; 427.619
0.59363; 426.609
0.6003; 425.556
0.60697; 424.461
0.61364; 423.326
0.62031; 422.153
0.62698; 420.944
0.63365; 419.701
0.64032; 418.427
0.64699; 417.122
0.65366; 415.789
0.66033; 414.43
0.667; 413.046
0.67367; 411.641
0.68034; 410.215
0.68701; 408.771
0.69368; 407.31
0.70035; 405.835
0.70702; 404.346
0.71369; 402.846
0.72036; 401.335
0.72703; 399.816
0.7337; 398.29
0.74037; 396.759
0.74704; 395.222
0.75371; 393.681
0.76038; 392.138
0.76705; 390.593
0.77372; 389.045
0.78039; 387.497
0.78706; 385.947
0.79373; 384.396
0.8004; 382.844
0.80707; 381.289
0.81374; 379.732
0.82041; 378.17
0.82708; 376.603
0.83375; 375.028
0.84042; 373.443
0.84709; 371.844
0.85376; 370.23
0.86043; 368.594
0.8671; 366.933
0.87377; 365.24
0.88044; 363.51
0.88711; 361.735
0.89378; 359.905
0.90045; 358.013
0.90712; 356.048
0.91379; 354.001
0.92046; 351.865
0.92713; 349.638
0.9338; 347.331
0.94047; 344.976
0.94714; 342.648
0.95381; 340.488
0.96048; 338.733
0.96715; 337.708
0.97382; 337.708
0.98049; 338.733
0.98716; 340.488
0.99383; 342.648
1.0005; 344.976
1.00717; 347.331
1.01384; 349.638
1.02051; 351.865
1.02718; 354.001
1.03385; 356.048
1.04052; 358.013
1.04719; 359.905
1.05386; 361.735
1.06053; 363.51
1.0672; 365.24
1.07387; 366.933
1.08054; 368.594
1.08721; 370.23
1.09388; 371.844
1.10055; 373.443
1.10722; 375.028
1.11389; 376.603
1.12056; 378.17
1.12723; 379.732
1.1339; 381.289
1.14057; 382.844
1.14724; 384.396
1.15391; 385.947
1.16058; 387.497
1.16725; 389.045
1.17392; 390.593
1.18059; 392.138
1.18726; 393.681
1.19393; 395.222
1.2006; 396.759
1.20727; 398.29
1.21394; 399.816
1.22061; 401.335
1.22728; 402.846
1.23395; 404.346
1.24062; 405.835
1.24729; 407.31
1.25396; 408.771
1.26063; 410.215
1.2673; 411.641
1.27397; 413.046
1.28064; 414.43
1.28731; 415.789
1.29398; 417.122
1.30065; 418.427
1.30732; 419.701
1.31399; 420.944
1.32066; 422.153
1.32733; 423.326
1.334; 424.461
1.34067; 425.556
1.34734; 426.609
1.35401; 427.619
1.36068; 428.584
1.36735; 429.501
1.37402; 430.37
1.38069; 431.188
1.38736; 431.955
1.39403; 432.669
1.4007; 433.328
1.40737; 433.931
1.41404; 434.477
1.42071; 434.965
1.42738; 435.394
1.43405; 435.764
1.44072; 436.073
1.44739; 436.321
1.45406; 436.507
1.46073; 436.632
1.4674; 436.694
1.47407; 0
1.48074; 0
1.48741; 0
1.49408; 0
1.50075; 0
1.50742; 0
1.51409; 0
1.52076; 0
1.52743; 0
1.5341; 0
1.54077; 0
1.54744; 0
1.55411; 0
1.56078; 0
1.56745; 0
1.57412; 0
1.58079; 0
1.58746; 0
1.59413; 0
1.6008; 0
1.60747; 0
1.61414; 0
1.62081; 0
1.62748; 0
1.63415; 0
1.64082; 0
1.64749; 0
1.65416; 0
1.66083; 0
1.6675; 0
1.67417; 0
1.68084; 0
1.68751; 0
1.69418; 0
1.70085; 0
1.70752; 0
1.71419; 0
1.72086; 0
1.72753; 0
1.7342; 0
1.74087; 0
1.74754; 0
1.75421; 0
1.76088; 0
1.76755; 0
1.77422; 0
1.78089; 0
1.78756; 0
1.79423; 0
1.8009; 0
1.80757; 0
1.81424; 0
1.82091; 0
1.82758; 0
1.83425; 0
1.84092; 0
1.84759; 0
1.85426; 0
1.86093; 0
1.8676; 0
1.87427; 0
1.88094; 0
1.88761; 0
1.89428; 0
1.90095; 0
1.90762; 0
1.91429; 0
1.92096; 0
1.92763; 0
1.9343; 0
1.94097; 0
1.94764; 0
1.95431; 0
1.96098; 0
1.96765; 0
1.97432; 0
1.98099; 0
1.98766; 0
1.99433; 0
2.001; 0
