0.00667; 0
0.01334; 0
0.02001; 0
0.02668; 0
0.03335; 0
0.04002; 0
0.04669; 0
0.05336; 0
0.06003; 0
0.0667; 0
0.07337; 0
0.08004; 0
0.08671; 0
0.09338; 0
0.10005; 0
0.10672; 0
0.11339; 0
0.12006; 0
0.12673; 0
0.1334; 0
0.14007; 0
0.14674; 0
0.15341; 0
0.16008; 0
0.16675; 0
0.17342; 0
0.18009; 0
0.18676; 0
0.19343; 0
0.2001; 0
0.20677; 0
0.21344; 0
0.22011; 0
0.22678; 0
0.23345; 0
0.24012; 0
0.24679; 0
0.25346; 0
0.26013; 0
0.2668; 0
0.27347; 0
0.28014; 0
0.28681; 0
0.29348; 0
0.30015; 0
0.30682; 0
0.31349; 0
0.32016; 0
0.32683; 0
0.3335; 0
0.34017; 0
0.34684; 0
0.35351; 0
0.36018; 0
0.36685; 0
0.37352; 0
0.38019; 0
0.38686; 0
0.39353; 0
0.4002; 0
0.40687; 0
0.41354; 0
0.42021; 0
0.42688; 0
0.43355; 0
0.44022; 0
0.44689; 0
0.45356; 0
0.46023; 0
0.4669; 0
0.47357; 535.316
0.48024; 535.249
0.48691; 535.116
0.49358; 534.917
0.50025; 534.652
0.50692; 534.321
0.51359; 533.926
0.52026; 533.466
0.52693; 532.941
0.5336; 532.354
0.54027; 531.704
0.54694; 530.993
0.55361; 530.221
0.56028; 529.39
0.56695; 528.5
0.57362; 527.553
0.58029; 526.55
0.58696; 525.492
0.59363; 524.38
0.6003; 523.216
0.60697; 522.001
0.61364; 520.736
0.62031; 519.424
0.62698; 518.064
0.63365; 516.659
0.64032; 515.209
0.64699; 513.717
0.65366; 512.184
0.66033; 510.61
0.667; 508.998
0.67367; 507.348
0.68034; 505.661
0.68701; 503.939
0.69368; 502.182
0.70035; 500.392
0.70702; 498.569
0.71369; 496.713
0.72036; 494.826
0.72703; 492.908
0.7337; 490.959
0.74037; 488.979
0.74704; 486.968
0.75371; 484.925
0.76038; 482.851
0.76705; 480.744
0.77372; 478.603
0.78039; 476.427
0.78706; 474.214
0.79373; 471.962
0.8004; 469.668
0.80707; 467.329
0.81374; 464.943
0.82041; 462.503
0.82708; 460.007
0.83375; 457.447
0.84042; 454.819
0.84709; 452.113
0.85376; 449.321
0.86043; 446.434
0.8671; 443.441
0.87377; 440.327
0.88044; 437.079
0.88711; 433.68
0.89378; 430.111
0.90045; 426.353
0.90712; 422.385
0.91379; 418.187
0.92046; 413.744
0.92713; 409.056
0.9338; 404.145
0.94047; 399.088
0.94714; 394.052
0.95381; 389.355
0.96048; 385.524
0.96715; 383.28
0.97382; 383.28
0.98049; 385.524
0.98716; 389.355
0.99383; 394.052
1.0005; 399.088
1.00717; 404.145
1.01384; 409.056
1.02051; 413.744
1.02718; 418.187
1.03385; 422.385
1.04052; 426.353
1.04719; 430.111
1.05386; 433.68
1.06053; 437.079
1.0672; 440.327
1.07387; 443.441
1.08054; 446.434
1.08721; 449.321
1.09388; 452.113
1.10055; 454.819
1.10722; 457.447
1.11389; 460.007
1.12056; 462.503
1.12723; 464.943
1.1339; 467.329
1.14057; 469.668
1.14724; 471.962
1.15391; 474.214
1.16058; 476.427
1.16725; 478.603
1.17392; 480.744
1.18059; 482.851
1.18726; 484.925
1.19393; 486.968
1.2006; 488.979
1.20727; 490.959
1.21394; 492.908
1.22061; 494.826
1.22728; 496.713
1.23395; 498.569
1.24062; 500.392
1.24729; 502.182
1.25396; 503.939
1.26063; 505.661
1.2673; 507.348
1.27397; 508.998
1.28064; 510.61
1.28731; 512.184
1.29398; 513.717
1.30065; 515.209
1.30732; 516.659
1.31399; 518.064
1.32066; 519.424
1.32733; 520.736
1.334; 522.001
1.34067; 523.216
1.34734; 524.38
1.35401; 525.492
1.36068; 526.55
1.36735; 527.553
1.37402; 528.5
1.38069; 529.39
1.38736; 530.221
1.39403; 530.993
1.4007; 531.704
1.40737; 532.354
1.41404; 532.941
1.42071; 533.466
1.42738; 533.926
1.43405; 534.321
1.44072; 534.652
1.44739; 534.917
1.45406; 535.116
1.46073; 535.249
1.4674; 535.316
1.47407; 0
1.48074; 0
1.48741; 0
1.49408; 0
1.50075; 0
1.50742; 0
1.51409; 0
1.52076; 0
1.52743; 0
1.5341; 0
1.54077; 0
1.54744; 0
1.55411; 0
1.56078; 0
1.56745; 0
1.57412; 0
1.58079; 0
1.58746; 0
1.59413; 0
1.6008; 0
1.60747; 0
1.61414; 0
1.62081; 0
1.62748; 0
1.63415; 0
1.64082; 0
1.64749; 0
1.65416; 0
1.66083; 0
1.6675; 0
1.67417; 0
1.68084; 0
1.68751; 0
1.69418; 0
1.70085; 0
1.70752; 0
1.71419; 0
1.72086; 0
1.72753; 0
1.7342; 0
1.74087; 0
1.74754; 0
1.75421; 0
1.76088; 0
1.76755; 0
1.77422; 0
1.78089; 0
1.78756; 0
1.79423; 0
1.8009; 0
1.80757; 0
1.81424; 0
1.82091; 0
1.82758; 0
1.83425; 0
1.84092; 0
1.84759; 0
1.85426; 0
1.86093; 0
1.8676; 0
1.87427; 0
1.88094; 0
1.88761; 0
1.89428; 0
1.90095; 0
1.90762; 0
1.91429; 0
1.92096; 0
1.92763; 0
1.9343; 0
1.94097; 0
1.94764; 0
1.95431; 0
1.96098; 0
1.96765; 0
1.97432; 0
1.98099; 0
1.98766; 0
1.99433; 0
2.001; 0
