0.00026; 843.882
0.00052; 843.876
0.00078; 843.871
0.00104; 843.86
0.0013; 843.844
0.00156; 843.823
0.00182; 843.797
0.00208; 843.766
0.00234; 843.729
0.0026; 843.688
0.00286; 843.643
0.00312; 843.593
0.00338; 843.538
0.00364; 843.479
0.0039; 843.417
0.00416; 843.35
0.00442; 843.28
0.00468; 843.206
0.00494; 843.13
0.0052; 843.05
0.00546; 842.967
0.00572; 842.881
0.00598; 842.793
0.00624; 842.702
0.0065; 842.61
0.00676; 842.515
0.00702; 842.419
0.00728; 842.32
0.00754; 842.22
0.0078; 842.119
0.00806; 842.017
0.00832; 841.914
0.00858; 841.81
0.00884; 841.705
0.0091; 841.6
0.00936; 841.494
0.00962; 841.388
0.00988; 841.283
0.01014; 841.178
0.0104; 841.073
0.01066; 840.968
0.01092; 840.865
0.01118; 840.763
0.01144; 840.661
0.0117; 840.56
0.01196; 840.461
0.01222; 840.364
0.01248; 840.268
0.01274; 840.174
0.013; 840.082
0.01326; 839.993
0.01352; 839.904
0.01378; 839.818
0.01404; 839.734
0.0143; 839.652
0.01456; 839.572
0.01482; 839.494
0.01508; 839.417
0.01534; 839.342
0.0156; 839.268
0.01586; 839.194
0.01612; 839.12
0.01638; 839.046
0.01664; 838.971
0.0169; 838.893
0.01716; 838.813
0.01742; 838.729
0.01768; 838.64
0.01794; 838.545
0.0182; 838.442
0.01846; 838.332
0.01872; 838.213
0.01898; 838.084
0.01924; 837.945
0.0195; 837.798
0.01976; 837.641
0.02002; 837.48
0.02028; 837.325
0.02054; 837.207
0.0208; 0
0.02106; 0
0.02132; 0
0.02158; 0
0.02184; 0
0.0221; 0
0.02236; 0
0.02262; 0
0.02288; 0
0.02314; 0
0.0234; 0
0.02366; 0
0.02392; 0
0.02418; 0
0.02444; 0
0.0247; 0
0.02496; 0
0.02522; 0
0.02548; 0
0.02574; 0
0.026; 0
0.02626; 0
0.02652; 0
0.02678; 0
0.02704; 0
0.0273; 0
0.02756; 0
0.02782; 0
0.02808; 0
0.02834; 0
0.0286; 0
0.02886; 0
0.02912; 0
0.02938; 0
0.02964; 0
0.0299; 0
0.03016; 0
0.03042; 0
0.03068; 0
0.03094; 0
0.0312; 0
0.03146; 0
0.03172; 0
0.03198; 0
0.03224; 0
0.0325; 0
0.03276; 0
0.03302; 0
0.03328; 0
0.03354; 0
0.0338; 0
0.03406; 0
0.03432; 0
0.03458; 0
0.03484; 0
0.0351; 0
0.03536; 652.248
0.03562; 651.228
0.03588; 650.201
0.03614; 649.154
0.0364; 648.071
0.03666; 646.945
0.03692; 645.788
0.03718; 644.61
0.03744; 643.416
0.0377; 642.204
0.03796; 640.975
0.03822; 639.729
0.03848; 638.468
0.03874; 637.192
0.039; 635.903
0.03926; 634.603
0.03952; 633.294
0.03978; 631.977
0.04004; 630.654
0.0403; 629.327
0.04056; 628
0.04082; 626.674
0.04108; 625.351
0.04134; 624.036
0.0416; 622.73
0.04186; 621.438
0.04212; 620.163
0.04238; 618.907
0.04264; 617.675
0.0429; 616.469
0.04316; 615.291
0.04342; 614.143
0.04368; 613.027
0.04394; 611.943
0.0442; 610.89
0.04446; 609.87
0.04472; 608.883
0.04498; 607.927
0.04524; 607.002
0.0455; 606.107
0.04576; 605.241
0.04602; 604.403
0.04628; 603.592
0.04654; 602.807
0.0468; 602.048
0.04706; 601.313
0.04732; 600.601
0.04758; 599.912
0.04784; 599.244
0.0481; 598.597
0.04836; 597.97
0.04862; 597.361
0.04888; 596.772
0.04914; 596.199
0.0494; 595.643
0.04966; 595.103
0.04992; 594.579
0.05018; 594.069
0.05044; 593.572
0.0507; 593.087
0.05096; 592.616
0.05122; 592.157
0.05148; 591.707
0.05174; 591.268
0.052; 590.838
0.05226; 590.417
0.05252; 590.003
0.05278; 589.596
0.05304; 589.197
0.0533; 588.803
0.05356; 588.413
0.05382; 588.027
0.05408; 587.646
0.05434; 587.266
0.0546; 586.888
0.05486; 586.511
0.05512; 586.135
0.05538; 585.758
0.05564; 585.38
0.0559; 584.999
0.05616; 584.616
0.05642; 584.229
0.05668; 583.836
0.05694; 583.438
0.0572; 583.036
0.05746; 582.626
0.05772; 582.208
0.05798; 581.781
0.05824; 581.345
0.0585; 580.9
0.05876; 580.444
0.05902; 579.975
0.05928; 579.497
0.05954; 579.006
0.0598; 578.502
0.06006; 577.984
0.06032; 577.453
0.06058; 576.908
0.06084; 576.349
0.0611; 575.775
0.06136; 575.19
0.06162; 574.59
0.06188; 573.977
0.06214; 573.352
0.0624; 572.716
0.06266; 572.071
0.06292; 571.416
0.06318; 570.753
0.06344; 570.089
0.0637; 569.421
0.06396; 568.753
0.06422; 568.086
0.06448; 567.427
0.06474; 566.776
0.065; 566.135
0.06526; 565.506
0.06552; 564.898
0.06578; 564.307
0.06604; 563.736
0.0663; 563.189
0.06656; 562.672
0.06682; 562.196
0.06708; 561.811
0.06734; 0
0.0676; 0
0.06786; 0
0.06812; 0
0.06838; 0
0.06864; 0
0.0689; 0
0.06916; 0
0.06942; 0
0.06968; 0
0.06994; 0
0.0702; 0
0.07046; 0
0.07072; 0
0.07098; 0
0.07124; 0
0.0715; 0
0.07176; 0
0.07202; 0
0.07228; 0
0.07254; 0
0.0728; 0
0.07306; 0
0.07332; 0
0.07358; 0
0.07384; 0
0.0741; 0
0.07436; 0
0.07462; 0
0.07488; 0
0.07514; 0
0.0754; 0
0.07566; 0
0.07592; 0
0.07618; 0
0.07644; 0
0.0767; 0
0.07696; 0
0.07722; 0
0.07748; 0
0.07774; 0
0.078; 0
