0.00667; 0
0.01334; 0
0.02001; 0
0.02668; 0
0.03335; 0
0.04002; 0
0.04669; 0
0.05336; 0
0.06003; 0
0.0667; 0
0.07337; 0
0.08004; 0
0.08671; 0
0.09338; 0
0.10005; 0
0.10672; 0
0.11339; 0
0.12006; 0
0.12673; 0
0.1334; 0
0.14007; 0
0.14674; 0
0.15341; 0
0.16008; 0
0.16675; 0
0.17342; 0
0.18009; 0
0.18676; 0
0.19343; 0
0.2001; 0
0.20677; 0
0.21344; 0
0.22011; 0
0.22678; 0
0.23345; 0
0.24012; 0
0.24679; 0
0.25346; 0
0.26013; 0
0.2668; 0
0.27347; 0
0.28014; 0
0.28681; 0
0.29348; 0
0.30015; 0
0.30682; 0
0.31349; 0
0.32016; 0
0.32683; 0
0.3335; 0
0.34017; 0
0.34684; 0
0.35351; 0
0.36018; 0
0.36685; 0
0.37352; 0
0.38019; 0
0.38686; 0
0.39353; 0
0.4002; 0
0.40687; 0
0.41354; 0
0.42021; 0
0.42688; 0
0.43355; 0
0.44022; 0
0.44689; 0
0.45356; 0
0.46023; 0
0.4669; 0
0.47357; 503.49
0.48024; 503.424
0.48691; 503.292
0.49358; 503.095
0.50025; 502.832
0.50692; 502.505
0.51359; 502.113
0.52026; 501.657
0.52693; 501.139
0.5336; 500.558
0.54027; 499.916
0.54694; 499.214
0.55361; 498.452
0.56028; 497.632
0.56695; 496.756
0.57362; 495.823
0.58029; 494.837
0.58696; 493.797
0.59363; 492.707
0.6003; 491.566
0.60697; 490.376
0.61364; 489.14
0.62031; 487.859
0.62698; 486.534
0.63365; 485.167
0.64032; 483.759
0.64699; 482.313
0.65366; 480.829
0.66033; 479.309
0.667; 477.755
0.67367; 476.169
0.68034; 474.551
0.68701; 472.903
0.69368; 471.226
0.70035; 469.522
0.70702; 467.792
0.71369; 466.036
0.72036; 464.256
0.72703; 462.452
0.7337; 460.625
0.74037; 458.776
0.74704; 456.905
0.75371; 455.011
0.76038; 453.096
0.76705; 451.158
0.77372; 449.198
0.78039; 447.214
0.78706; 445.205
0.79373; 443.17
0.8004; 441.107
0.80707; 439.014
0.81374; 436.888
0.82041; 434.727
0.82708; 432.525
0.83375; 430.28
0.84042; 427.985
0.84709; 425.635
0.85376; 423.223
0.86043; 420.741
0.8671; 418.179
0.87377; 415.528
0.88044; 412.775
0.88711; 409.906
0.89378; 406.907
0.90045; 403.761
0.90712; 400.451
0.91379; 396.96
0.92046; 393.278
0.92713; 389.401
0.9338; 385.349
0.94047; 381.185
0.94714; 377.043
0.95381; 373.185
0.96048; 370.04
0.96715; 368.2
0.97382; 368.2
0.98049; 370.04
0.98716; 373.185
0.99383; 377.043
1.0005; 381.185
1.00717; 385.349
1.01384; 389.401
1.02051; 393.278
1.02718; 396.96
1.03385; 400.451
1.04052; 403.761
1.04719; 406.907
1.05386; 409.906
1.06053; 412.775
1.0672; 415.528
1.07387; 418.179
1.08054; 420.741
1.08721; 423.223
1.09388; 425.635
1.10055; 427.985
1.10722; 430.28
1.11389; 432.525
1.12056; 434.727
1.12723; 436.888
1.1339; 439.014
1.14057; 441.107
1.14724; 443.17
1.15391; 445.205
1.16058; 447.214
1.16725; 449.198
1.17392; 451.158
1.18059; 453.096
1.18726; 455.011
1.19393; 456.905
1.2006; 458.776
1.20727; 460.625
1.21394; 462.452
1.22061; 464.256
1.22728; 466.036
1.23395; 467.792
1.24062; 469.522
1.24729; 471.226
1.25396; 472.903
1.26063; 474.551
1.2673; 476.169
1.27397; 477.755
1.28064; 479.309
1.28731; 480.829
1.29398; 482.313
1.30065; 483.759
1.30732; 485.167
1.31399; 486.534
1.32066; 487.859
1.32733; 489.14
1.334; 490.376
1.34067; 491.566
1.34734; 492.707
1.35401; 493.797
1.36068; 494.837
1.36735; 495.823
1.37402; 496.756
1.38069; 497.632
1.38736; 498.452
1.39403; 499.214
1.4007; 499.916
1.40737; 500.558
1.41404; 501.139
1.42071; 501.657
1.42738; 502.113
1.43405; 502.505
1.44072; 502.832
1.44739; 503.095
1.45406; 503.292
1.46073; 503.424
1.4674; 503.49
1.47407; 0
1.48074; 0
1.48741; 0
1.49408; 0
1.50075; 0
1.50742; 0
1.51409; 0
1.52076; 0
1.52743; 0
1.5341; 0
1.54077; 0
1.54744; 0
1.55411; 0
1.56078; 0
1.56745; 0
1.57412; 0
1.58079; 0
1.58746; 0
1.59413; 0
1.6008; 0
1.60747; 0
1.61414; 0
1.62081; 0
1.62748; 0
1.63415; 0
1.64082; 0
1.64749; 0
1.65416; 0
1.66083; 0
1.6675; 0
1.67417; 0
1.68084; 0
1.68751; 0
1.69418; 0
1.70085; 0
1.70752; 0
1.71419; 0
1.72086; 0
1.72753; 0
1.7342; 0
1.74087; 0
1.74754; 0
1.75421; 0
1.76088; 0
1.76755; 0
1.77422; 0
1.78089; 0
1.78756; 0
1.79423; 0
1.8009; 0
1.80757; 0
1.81424; 0
1.82091; 0
1.82758; 0
1.83425; 0
1.84092; 0
1.84759; 0
1.85426; 0
1.86093; 0
1.8676; 0
1.87427; 0
1.88094; 0
1.88761; 0
1.89428; 0
1.90095; 0
1.90762; 0
1.91429; 0
1.92096; 0
1.92763; 0
1.9343; 0
1.94097; 0
1.94764; 0
1.95431; 0
1.96098; 0
1.96765; 0
1.97432; 0
1.98099; 0
1.98766; 0
1.99433; 0
2.001; 0
