0.00667; 0
0.01334; 0
0.02001; 0
0.02668; 0
0.03335; 0
0.04002; 0
0.04669; 0
0.05336; 0
0.06003; 0
0.0667; 0
0.07337; 0
0.08004; 0
0.08671; 0
0.09338; 0
0.10005; 0
0.10672; 0
0.11339; 0
0.12006; 0
0.12673; 0
0.1334; 0
0.14007; 0
0.14674; 0
0.15341; 0
0.16008; 0
0.16675; 0
0.17342; 0
0.18009; 0
0.18676; 0
0.19343; 0
0.2001; 0
0.20677; 0
0.21344; 0
0.22011; 0
0.22678; 0
0.23345; 0
0.24012; 0
0.24679; 0
0.25346; 0
0.26013; 0
0.2668; 0
0.27347; 0
0.28014; 0
0.28681; 0
0.29348; 0
0.30015; 0
0.30682; 0
0.31349; 0
0.32016; 0
0.32683; 0
0.3335; 0
0.34017; 0
0.34684; 0
0.35351; 0
0.36018; 0
0.36685; 0
0.37352; 0
0.38019; 0
0.38686; 0
0.39353; 0
0.4002; 0
0.40687; 0
0.41354; 0
0.42021; 0
0.42688; 0
0.43355; 0
0.44022; 0
0.44689; 0
0.45356; 0
0.46023; 0
0.4669; 0
0.47357; 335.932
0.48024; 335.899
0.48691; 335.834
0.49358; 335.735
0.50025; 335.605
0.50692; 335.443
0.51359; 335.249
0.52026; 335.024
0.52693; 334.769
0.5336; 334.484
0.54027; 334.171
0.54694; 333.83
0.55361; 333.462
0.56028; 333.068
0.56695; 332.649
0.57362; 332.207
0.58029; 331.742
0.58696; 331.256
0.59363; 330.75
0.6003; 330.225
0.60697; 329.683
0.61364; 329.126
0.62031; 328.553
0.62698; 327.968
0.63365; 327.371
0.64032; 326.763
0.64699; 326.147
0.65366; 325.523
0.66033; 324.893
0.667; 324.258
0.67367; 323.62
0.68034; 322.979
0.68701; 322.338
0.69368; 321.697
0.70035; 321.058
0.70702; 320.422
0.71369; 319.79
0.72036; 319.162
0.72703; 318.541
0.7337; 317.927
0.74037; 317.32
0.74704; 316.723
0.75371; 316.135
0.76038; 315.557
0.76705; 314.99
0.77372; 314.435
0.78039; 313.892
0.78706; 313.362
0.79373; 312.844
0.8004; 312.341
0.80707; 311.851
0.81374; 311.374
0.82041; 310.912
0.82708; 310.465
0.83375; 310.031
0.84042; 309.611
0.84709; 309.206
0.85376; 308.814
0.86043; 308.435
0.8671; 308.069
0.87377; 307.715
0.88044; 307.372
0.88711; 307.04
0.89378; 306.718
0.90045; 306.404
0.90712; 306.097
0.91379; 305.795
0.92046; 305.499
0.92713; 305.207
0.9338; 304.919
0.94047; 304.638
0.94714; 304.37
0.95381; 304.13
0.96048; 303.939
0.96715; 303.829
0.97382; 303.829
0.98049; 303.939
0.98716; 304.13
0.99383; 304.37
1.0005; 304.638
1.00717; 304.919
1.01384; 305.207
1.02051; 305.499
1.02718; 305.795
1.03385; 306.097
1.04052; 306.404
1.04719; 306.718
1.05386; 307.04
1.06053; 307.372
1.0672; 307.715
1.07387; 308.069
1.08054; 308.435
1.08721; 308.814
1.09388; 309.206
1.10055; 309.611
1.10722; 310.031
1.11389; 310.465
1.12056; 310.912
1.12723; 311.374
1.1339; 311.851
1.14057; 312.341
1.14724; 312.844
1.15391; 313.362
1.16058; 313.892
1.16725; 314.435
1.17392; 314.99
1.18059; 315.557
1.18726; 316.135
1.19393; 316.723
1.2006; 317.32
1.20727; 317.927
1.21394; 318.541
1.22061; 319.162
1.22728; 319.79
1.23395; 320.422
1.24062; 321.058
1.24729; 321.697
1.25396; 322.338
1.26063; 322.979
1.2673; 323.62
1.27397; 324.258
1.28064; 324.893
1.28731; 325.523
1.29398; 326.147
1.30065; 326.763
1.30732; 327.371
1.31399; 327.968
1.32066; 328.553
1.32733; 329.126
1.334; 329.683
1.34067; 330.225
1.34734; 330.75
1.35401; 331.256
1.36068; 331.742
1.36735; 332.207
1.37402; 332.649
1.38069; 333.068
1.38736; 333.462
1.39403; 333.83
1.4007; 334.171
1.40737; 334.484
1.41404; 334.769
1.42071; 335.024
1.42738; 335.249
1.43405; 335.443
1.44072; 335.605
1.44739; 335.735
1.45406; 335.834
1.46073; 335.899
1.4674; 335.932
1.47407; 0
1.48074; 0
1.48741; 0
1.49408; 0
1.50075; 0
1.50742; 0
1.51409; 0
1.52076; 0
1.52743; 0
1.5341; 0
1.54077; 0
1.54744; 0
1.55411; 0
1.56078; 0
1.56745; 0
1.57412; 0
1.58079; 0
1.58746; 0
1.59413; 0
1.6008; 0
1.60747; 0
1.61414; 0
1.62081; 0
1.62748; 0
1.63415; 0
1.64082; 0
1.64749; 0
1.65416; 0
1.66083; 0
1.6675; 0
1.67417; 0
1.68084; 0
1.68751; 0
1.69418; 0
1.70085; 0
1.70752; 0
1.71419; 0
1.72086; 0
1.72753; 0
1.7342; 0
1.74087; 0
1.74754; 0
1.75421; 0
1.76088; 0
1.76755; 0
1.77422; 0
1.78089; 0
1.78756; 0
1.79423; 0
1.8009; 0
1.80757; 0
1.81424; 0
1.82091; 0
1.82758; 0
1.83425; 0
1.84092; 0
1.84759; 0
1.85426; 0
1.86093; 0
1.8676; 0
1.87427; 0
1.88094; 0
1.88761; 0
1.89428; 0
1.90095; 0
1.90762; 0
1.91429; 0
1.92096; 0
1.92763; 0
1.9343; 0
1.94097; 0
1.94764; 0
1.95431; 0
1.96098; 0
1.96765; 0
1.97432; 0
1.98099; 0
1.98766; 0
1.99433; 0
2.001; 0
