0.00667; 0
0.01334; 0
0.02001; 0
0.02668; 0
0.03335; 0
0.04002; 0
0.04669; 0
0.05336; 0
0.06003; 0
0.0667; 0
0.07337; 0
0.08004; 0
0.08671; 0
0.09338; 0
0.10005; 0
0.10672; 0
0.11339; 0
0.12006; 0
0.12673; 0
0.1334; 0
0.14007; 0
0.14674; 0
0.15341; 0
0.16008; 0
0.16675; 0
0.17342; 0
0.18009; 0
0.18676; 0
0.19343; 0
0.2001; 0
0.20677; 0
0.21344; 0
0.22011; 0
0.22678; 0
0.23345; 0
0.24012; 0
0.24679; 0
0.25346; 0
0.26013; 0
0.2668; 0
0.27347; 0
0.28014; 0
0.28681; 0
0.29348; 0
0.30015; 0
0.30682; 0
0.31349; 0
0.32016; 0
0.32683; 0
0.3335; 0
0.34017; 0
0.34684; 0
0.35351; 0
0.36018; 0
0.36685; 0
0.37352; 0
0.38019; 0
0.38686; 0
0.39353; 0
0.4002; 0
0.40687; 0
0.41354; 0
0.42021; 0
0.42688; 0
0.43355; 0
0.44022; 0
0.44689; 0
0.45356; 0
0.46023; 0
0.4669; 0
0.47357; 652.581
0.48024; 652.514
0.48691; 652.378
0.49358; 652.176
0.50025; 651.905
0.50692; 651.568
0.51359; 651.163
0.52026; 650.692
0.52693; 650.155
0.5336; 649.552
0.54027; 648.883
0.54694; 648.149
0.55361; 647.351
0.56028; 646.489
0.56695; 645.563
0.57362; 644.575
0.58029; 643.525
0.58696; 642.412
0.59363; 641.239
0.6003; 640.006
0.60697; 638.712
0.61364; 637.36
0.62031; 635.949
0.62698; 634.479
0.63365; 632.952
0.64032; 631.368
0.64699; 629.727
0.65366; 628.03
0.66033; 626.277
0.667; 624.468
0.67367; 622.603
0.68034; 620.682
0.68701; 618.706
0.69368; 616.673
0.70035; 614.584
0.70702; 612.438
0.71369; 610.235
0.72036; 607.972
0.72703; 605.651
0.7337; 603.268
0.74037; 600.823
0.74704; 598.314
0.75371; 595.738
0.76038; 593.094
0.76705; 590.377
0.77372; 587.586
0.78039; 584.716
0.78706; 581.763
0.79373; 578.722
0.8004; 575.588
0.80707; 572.355
0.81374; 569.015
0.82041; 565.561
0.82708; 561.983
0.83375; 558.271
0.84042; 554.415
0.84709; 550.399
0.85376; 546.211
0.86043; 541.831
0.8671; 537.242
0.87377; 532.421
0.88044; 527.343
0.88711; 521.981
0.89378; 516.304
0.90045; 510.278
0.90712; 503.87
0.91379; 497.047
0.92046; 489.785
0.92713; 482.084
0.9338; 473.984
0.94047; 465.613
0.94714; 457.254
0.95381; 449.441
0.96048; 443.059
0.96715; 439.318
0.97382; 439.318
0.98049; 443.059
0.98716; 449.441
0.99383; 457.254
1.0005; 465.613
1.00717; 473.984
1.01384; 482.084
1.02051; 489.785
1.02718; 497.047
1.03385; 503.87
1.04052; 510.278
1.04719; 516.304
1.05386; 521.981
1.06053; 527.343
1.0672; 532.421
1.07387; 537.242
1.08054; 541.831
1.08721; 546.211
1.09388; 550.399
1.10055; 554.415
1.10722; 558.271
1.11389; 561.983
1.12056; 565.561
1.12723; 569.015
1.1339; 572.355
1.14057; 575.588
1.14724; 578.722
1.15391; 581.763
1.16058; 584.716
1.16725; 587.586
1.17392; 590.377
1.18059; 593.094
1.18726; 595.738
1.19393; 598.314
1.2006; 600.823
1.20727; 603.268
1.21394; 605.651
1.22061; 607.972
1.22728; 610.235
1.23395; 612.438
1.24062; 614.584
1.24729; 616.673
1.25396; 618.706
1.26063; 620.682
1.2673; 622.603
1.27397; 624.468
1.28064; 626.277
1.28731; 628.03
1.29398; 629.727
1.30065; 631.368
1.30732; 632.952
1.31399; 634.479
1.32066; 635.949
1.32733; 637.36
1.334; 638.712
1.34067; 640.006
1.34734; 641.239
1.35401; 642.412
1.36068; 643.525
1.36735; 644.575
1.37402; 645.563
1.38069; 646.489
1.38736; 647.351
1.39403; 648.149
1.4007; 648.883
1.40737; 649.552
1.41404; 650.155
1.42071; 650.692
1.42738; 651.163
1.43405; 651.568
1.44072; 651.905
1.44739; 652.176
1.45406; 652.378
1.46073; 652.514
1.4674; 652.581
1.47407; 0
1.48074; 0
1.48741; 0
1.49408; 0
1.50075; 0
1.50742; 0
1.51409; 0
1.52076; 0
1.52743; 0
1.5341; 0
1.54077; 0
1.54744; 0
1.55411; 0
1.56078; 0
1.56745; 0
1.57412; 0
1.58079; 0
1.58746; 0
1.59413; 0
1.6008; 0
1.60747; 0
1.61414; 0
1.62081; 0
1.62748; 0
1.63415; 0
1.64082; 0
1.64749; 0
1.65416; 0
1.66083; 0
1.6675; 0
1.67417; 0
1.68084; 0
1.68751; 0
1.69418; 0
1.70085; 0
1.70752; 0
1.71419; 0
1.72086; 0
1.72753; 0
1.7342; 0
1.74087; 0
1.74754; 0
1.75421; 0
1.76088; 0
1.76755; 0
1.77422; 0
1.78089; 0
1.78756; 0
1.79423; 0
1.8009; 0
1.80757; 0
1.81424; 0
1.82091; 0
1.82758; 0
1.83425; 0
1.84092; 0
1.84759; 0
1.85426; 0
1.86093; 0
1.8676; 0
1.87427; 0
1.88094; 0
1.88761; 0
1.89428; 0
1.90095; 0
1.90762; 0
1.91429; 0
1.92096; 0
1.92763; 0
1.9343; 0
1.94097; 0
1.94764; 0
1.95431; 0
1.96098; 0
1.96765; 0
1.97432; 0
1.98099; 0
1.98766; 0
1.99433; 0
2.001; 0
