0.00026; 0
0.00052; 0
0.00078; 0
0.00104; 0
0.0013; 0
0.00156; 0
0.00182; 0
0.00208; 0
0.00234; 0
0.0026; 0
0.00286; 0
0.00312; 0
0.00338; 0
0.00364; 0
0.0039; 0
0.00416; 0
0.00442; 0
0.00468; 0
0.00494; 0
0.0052; 0
0.00546; 0
0.00572; 0
0.00598; 0
0.00624; 0
0.0065; 0
0.00676; 0
0.00702; 0
0.00728; 0
0.00754; 0
0.0078; 0
0.00806; 0
0.00832; 0
0.00858; 0
0.00884; 0
0.0091; 0
0.00936; 0
0.00962; 0
0.00988; 0
0.01014; 0
0.0104; 0
0.01066; 0
0.01092; 0
0.01118; 0
0.01144; 0
0.0117; 0
0.01196; 0
0.01222; 0
0.01248; 0
0.01274; 0
0.013; 0
0.01326; 0
0.01352; 0
0.01378; 0
0.01404; 0
0.0143; 0
0.01456; 0
0.01482; 0
0.01508; 0
0.01534; 0
0.0156; 0
0.01586; 0
0.01612; 0
0.01638; 0
0.01664; 0
0.0169; 0
0.01716; 0
0.01742; 0
0.01768; 0
0.01794; 0
0.0182; 0
0.01846; 0
0.01872; 0
0.01898; 0
0.01924; 0
0.0195; 554.774
0.01976; 554.825
0.02002; 554.929
0.02028; 555.084
0.02054; 555.291
0.0208; 555.549
0.02106; 555.857
0.02132; 556.212
0.02158; 556.609
0.02184; 557.039
0.0221; 557.491
0.02236; 557.948
0.02262; 558.393
0.02288; 558.815
0.02314; 559.208
0.0234; 559.569
0.02366; 559.9
0.02392; 560.203
0.02418; 560.482
0.02444; 560.737
0.0247; 560.973
0.02496; 561.19
0.02522; 561.393
0.02548; 561.578
0.02574; 561.751
0.026; 561.91
0.02626; 562.058
0.02652; 562.195
0.02678; 562.321
0.02704; 562.438
0.0273; 562.546
0.02756; 562.643
0.02782; 562.732
0.02808; 562.811
0.02834; 562.883
0.0286; 562.945
0.02886; 563
0.02912; 563.047
0.02938; 563.087
0.02964; 563.117
0.0299; 563.14
0.03016; 563.155
0.03042; 563.164
0.03068; 563.165
0.03094; 563.159
0.0312; 563.146
0.03146; 563.129
0.03172; 563.102
0.03198; 563.07
0.03224; 563.033
0.0325; 562.991
0.03276; 562.944
0.03302; 562.893
0.03328; 562.838
0.03354; 562.783
0.0338; 562.722
0.03406; 562.662
0.03432; 562.601
0.03458; 562.541
0.03484; 562.482
0.0351; 562.425
0.03536; 562.372
0.03562; 562.325
0.03588; 562.281
0.03614; 562.245
0.0364; 562.216
0.03666; 562.196
0.03692; 562.185
0.03718; 562.185
0.03744; 562.196
0.0377; 562.22
0.03796; 562.255
0.03822; 562.304
0.03848; 562.366
0.03874; 562.443
0.039; 562.532
0.03926; 562.636
0.03952; 562.755
0.03978; 562.888
0.04004; 563.033
0.0403; 563.192
0.04056; 563.365
0.04082; 563.554
0.04108; 563.756
0.04134; 563.973
0.0416; 564.205
0.04186; 564.453
0.04212; 564.714
0.04238; 564.991
0.04264; 565.281
0.0429; 565.584
0.04316; 565.897
0.04342; 566.22
0.04368; 566.551
0.04394; 566.892
0.0442; 567.237
0.04446; 567.589
0.04472; 567.946
0.04498; 568.308
0.04524; 568.672
0.0455; 569.038
0.04576; 569.406
0.04602; 569.776
0.04628; 570.142
0.04654; 570.507
0.0468; 570.868
0.04706; 571.228
0.04732; 571.583
0.04758; 571.933
0.04784; 572.278
0.0481; 572.619
0.04836; 572.95
0.04862; 573.275
0.04888; 573.592
0.04914; 573.903
0.0494; 574.205
0.04966; 574.498
0.04992; 574.784
0.05018; 575.065
0.05044; 575.331
0.0507; 575.591
0.05096; 575.84
0.05122; 576.084
0.05148; 576.316
0.05174; 576.54
0.052; 576.755
0.05226; 576.964
0.05252; 577.159
0.05278; 577.347
0.05304; 577.525
0.0533; 577.696
0.05356; 577.857
0.05382; 578.009
0.05408; 578.152
0.05434; 578.29
0.0546; 578.413
0.05486; 578.53
0.05512; 578.636
0.05538; 578.735
0.05564; 578.824
0.0559; 578.904
0.05616; 578.976
0.05642; 579.042
0.05668; 579.093
0.05694; 579.138
0.0572; 579.172
0.05746; 579.199
0.05772; 579.215
0.05798; 579.224
0.05824; 0
0.0585; 0
0.05876; 0
0.05902; 0
0.05928; 0
0.05954; 0
0.0598; 0
0.06006; 0
0.06032; 0
0.06058; 0
0.06084; 0
0.0611; 0
0.06136; 0
0.06162; 0
0.06188; 0
0.06214; 0
0.0624; 0
0.06266; 0
0.06292; 0
0.06318; 0
0.06344; 0
0.0637; 0
0.06396; 0
0.06422; 0
0.06448; 0
0.06474; 0
0.065; 0
0.06526; 0
0.06552; 0
0.06578; 0
0.06604; 0
0.0663; 0
0.06656; 0
0.06682; 0
0.06708; 0
0.06734; 0
0.0676; 0
0.06786; 0
0.06812; 0
0.06838; 0
0.06864; 0
0.0689; 0
0.06916; 0
0.06942; 0
0.06968; 0
0.06994; 0
0.0702; 0
0.07046; 0
0.07072; 0
0.07098; 0
0.07124; 0
0.0715; 0
0.07176; 0
0.07202; 0
0.07228; 0
0.07254; 0
0.0728; 0
0.07306; 0
0.07332; 0
0.07358; 0
0.07384; 0
0.0741; 0
0.07436; 0
0.07462; 0
0.07488; 0
0.07514; 0
0.0754; 0
0.07566; 0
0.07592; 0
0.07618; 0
0.07644; 0
0.0767; 0
0.07696; 0
0.07722; 0
0.07748; 0
0.07774; 0
0.078; 0
