0.00026; 398.109
0.00052; 398.101
0.00078; 398.113
0.00104; 398.113
0.0013; 398.096
0.00156; 398.069
0.00182; 398.093
0.00208; 398.094
0.00234; 398.075
0.0026; 398.067
0.00286; 398.077
0.00312; 398.076
0.00338; 398.059
0.00364; 398.031
0.0039; 398.056
0.00416; 398.057
0.00442; 398.039
0.00468; 398.031
0.00494; 398.041
0.0052; 398.04
0.00546; 398.023
0.00572; 397.996
0.00598; 398.021
0.00624; 398.022
0.0065; 398.004
0.00676; 397.996
0.00702; 398.007
0.00728; 398.006
0.00754; 397.989
0.0078; 397.962
0.00806; 397.987
0.00832; 397.989
0.00858; 397.971
0.00884; 397.964
0.0091; 397.975
0.00936; 397.974
0.00962; 397.958
0.00988; 397.931
0.01014; 397.957
0.0104; 397.959
0.01066; 397.941
0.01092; 397.934
0.01118; 397.945
0.01144; 397.945
0.0117; 397.929
0.01196; 397.902
0.01222; 397.928
0.01248; 397.93
0.01274; 397.913
0.013; 397.906
0.01326; 397.917
0.01352; 397.917
0.01378; 397.901
0.01404; 397.875
0.0143; 397.901
0.01456; 397.904
0.01482; 397.887
0.01508; 397.88
0.01534; 397.892
0.0156; 397.892
0.01586; 397.877
0.01612; 397.851
0.01638; 397.877
0.01664; 397.88
0.0169; 397.863
0.01716; 397.857
0.01742; 397.869
0.01768; 397.87
0.01794; 397.854
0.0182; 397.829
0.01846; 397.855
0.01872; 397.858
0.01898; 397.842
0.01924; 397.836
0.0195; 397.848
0.01976; 397.849
0.02002; 397.834
0.02028; 397.808
0.02054; 397.835
0.0208; 397.839
0.02106; 397.823
0.02132; 397.817
0.02158; 397.829
0.02184; 397.83
0.0221; 397.815
0.02236; 397.791
0.02262; 397.818
0.02288; 397.821
0.02314; 397.806
0.0234; 397.8
0.02366; 397.813
0.02392; 397.814
0.02418; 397.8
0.02444; 397.775
0.0247; 397.803
0.02496; 397.806
0.02522; 397.791
0.02548; 397.786
0.02574; 397.799
0.026; 397.8
0.02626; 397.786
0.02652; 397.761
0.02678; 397.789
0.02704; 397.793
0.0273; 397.778
0.02756; 397.773
0.02782; 397.786
0.02808; 397.788
0.02834; 397.774
0.0286; 397.75
0.02886; 397.778
0.02912; 397.782
0.02938; 397.767
0.02964; 397.763
0.0299; 397.776
0.03016; 397.778
0.03042; 397.764
0.03068; 397.741
0.03094; 397.769
0.0312; 397.773
0.03146; 397.759
0.03172; 397.754
0.03198; 397.768
0.03224; 397.77
0.0325; 397.757
0.03276; 397.733
0.03302; 397.762
0.03328; 397.767
0.03354; 397.752
0.0338; 397.748
0.03406; 397.762
0.03432; 397.765
0.03458; 397.751
0.03484; 397.728
0.0351; 397.756
0.03536; 397.762
0.03562; 397.747
0.03588; 397.743
0.03614; 397.758
0.0364; 397.76
0.03666; 397.747
0.03692; 397.724
0.03718; 397.753
0.03744; 397.759
0.0377; 397.744
0.03796; 397.741
0.03822; 397.756
0.03848; 397.759
0.03874; 397.746
0.039; 397.723
0.03926; 397.752
0.03952; 397.758
0.03978; 397.744
0.04004; 397.741
0.0403; 397.756
0.04056; 397.759
0.04082; 397.746
0.04108; 397.724
0.04134; 397.753
0.0416; 397.759
0.04186; 397.745
0.04212; 397.742
0.04238; 397.757
0.04264; 397.761
0.0429; 397.748
0.04316; 397.726
0.04342; 397.755
0.04368; 397.761
0.04394; 397.748
0.0442; 397.745
0.04446; 397.76
0.04472; 397.764
0.04498; 397.752
0.04524; 397.73
0.0455; 397.76
0.04576; 397.766
0.04602; 397.752
0.04628; 397.75
0.04654; 397.765
0.0468; 397.769
0.04706; 397.758
0.04732; 397.735
0.04758; 397.766
0.04784; 397.772
0.0481; 397.759
0.04836; 397.757
0.04862; 397.773
0.04888; 397.777
0.04914; 397.765
0.0494; 397.744
0.04966; 397.774
0.04992; 397.781
0.05018; 397.768
0.05044; 397.766
0.0507; 397.782
0.05096; 397.787
0.05122; 397.775
0.05148; 397.754
0.05174; 397.784
0.052; 397.791
0.05226; 397.779
0.05252; 397.777
0.05278; 397.794
0.05304; 397.798
0.0533; 397.787
0.05356; 397.766
0.05382; 397.797
0.05408; 397.804
0.05434; 397.792
0.0546; 397.79
0.05486; 397.807
0.05512; 397.812
0.05538; 397.802
0.05564; 397.78
0.0559; 397.812
0.05616; 397.819
0.05642; 397.807
0.05668; 397.806
0.05694; 397.823
0.0572; 397.828
0.05746; 397.818
0.05772; 397.797
0.05798; 397.829
0.05824; 397.836
0.0585; 397.825
0.05876; 397.823
0.05902; 397.841
0.05928; 397.846
0.05954; 397.836
0.0598; 397.816
0.06006; 397.847
0.06032; 397.855
0.06058; 397.844
0.06084; 397.843
0.0611; 397.86
0.06136; 397.866
0.06162; 397.856
0.06188; 397.836
0.06214; 397.868
0.0624; 397.876
0.06266; 397.864
0.06292; 397.864
0.06318; 397.882
0.06344; 397.888
0.0637; 397.878
0.06396; 397.858
0.06422; 397.89
0.06448; 397.898
0.06474; 397.887
0.065; 397.887
0.06526; 397.905
0.06552; 397.911
0.06578; 397.901
0.06604; 397.881
0.0663; 397.913
0.06656; 397.922
0.06682; 397.911
0.06708; 397.911
0.06734; 397.929
0.0676; 397.936
0.06786; 397.926
0.06812; 397.907
0.06838; 397.939
0.06864; 397.948
0.0689; 397.937
0.06916; 397.937
0.06942; 397.955
0.06968; 397.962
0.06994; 397.953
0.0702; 397.934
0.07046; 397.966
0.07072; 397.975
0.07098; 397.965
0.07124; 397.965
0.0715; 397.984
0.07176; 397.991
0.07202; 397.982
0.07228; 397.963
0.07254; 397.996
0.0728; 398.005
0.07306; 397.994
0.07332; 397.995
0.07358; 398.014
0.07384; 398.021
0.0741; 398.013
0.07436; 397.994
0.07462; 398.027
0.07488; 398.036
0.07514; 398.026
0.0754; 398.027
0.07566; 398.046
0.07592; 398.054
0.07618; 398.045
0.07644; 398.027
0.0767; 398.06
0.07696; 398.069
0.07722; 398.059
0.07748; 398.061
0.07774; 398.087
0.078; 398.103
