0.00026; 589.442
0.00052; 589.437
0.00078; 589.432
0.00104; 589.428
0.0013; 589.433
0.00156; 589.431
0.00182; 589.423
0.00208; 589.424
0.00234; 589.427
0.0026; 589.425
0.00286; 589.419
0.00312; 589.415
0.00338; 589.42
0.00364; 589.418
0.0039; 589.41
0.00416; 589.412
0.00442; 589.414
0.00468; 589.412
0.00494; 589.407
0.0052; 589.403
0.00546; 589.407
0.00572; 589.405
0.00598; 589.398
0.00624; 589.399
0.0065; 589.402
0.00676; 589.4
0.00702; 589.395
0.00728; 589.391
0.00754; 589.396
0.0078; 589.394
0.00806; 589.386
0.00832; 589.388
0.00858; 589.39
0.00884; 589.388
0.0091; 589.383
0.00936; 589.379
0.00962; 589.384
0.00988; 589.382
0.01014; 589.375
0.0104; 589.376
0.01066; 589.379
0.01092; 589.378
0.01118; 589.372
0.01144; 589.368
0.0117; 589.374
0.01196; 589.372
0.01222; 589.364
0.01248; 589.366
0.01274; 589.369
0.013; 589.367
0.01326; 589.362
0.01352; 589.358
0.01378; 589.364
0.01404; 589.362
0.0143; 589.355
0.01456; 589.356
0.01482; 589.36
0.01508; 589.358
0.01534; 589.353
0.0156; 589.349
0.01586; 589.355
0.01612; 589.353
0.01638; 589.346
0.01664; 589.348
0.0169; 589.351
0.01716; 589.35
0.01742; 589.344
0.01768; 589.341
0.01794; 589.346
0.0182; 589.345
0.01846; 589.338
0.01872; 589.34
0.01898; 589.343
0.01924; 589.342
0.0195; 589.337
0.01976; 589.334
0.02002; 589.339
0.02028; 589.338
0.02054; 589.331
0.0208; 589.333
0.02106; 589.336
0.02132; 589.335
0.02158; 589.33
0.02184; 589.327
0.0221; 589.332
0.02236; 589.331
0.02262; 589.324
0.02288; 589.326
0.02314; 589.33
0.0234; 589.329
0.02366; 589.324
0.02392; 589.321
0.02418; 589.327
0.02444; 589.326
0.0247; 589.319
0.02496; 589.321
0.02522; 589.324
0.02548; 589.323
0.02574; 589.319
0.026; 589.316
0.02626; 589.321
0.02652; 589.321
0.02678; 589.314
0.02704; 589.316
0.0273; 589.32
0.02756; 589.319
0.02782; 589.314
0.02808; 589.311
0.02834; 589.317
0.0286; 589.316
0.02886; 589.309
0.02912; 589.312
0.02938; 589.316
0.02964; 589.315
0.0299; 589.31
0.03016; 589.307
0.03042; 589.313
0.03068; 589.312
0.03094; 589.306
0.0312; 589.308
0.03146; 589.312
0.03172; 589.312
0.03198; 589.307
0.03224; 589.304
0.0325; 589.31
0.03276; 589.31
0.03302; 589.303
0.03328; 589.306
0.03354; 589.31
0.0338; 589.309
0.03406; 589.305
0.03432; 589.302
0.03458; 589.308
0.03484; 589.307
0.0351; 589.301
0.03536; 589.304
0.03562; 589.308
0.03588; 589.307
0.03614; 589.303
0.0364; 589.3
0.03666; 589.306
0.03692; 589.306
0.03718; 589.3
0.03744; 589.302
0.0377; 589.306
0.03796; 589.306
0.03822; 589.302
0.03848; 589.299
0.03874; 589.306
0.039; 589.305
0.03926; 589.299
0.03952; 589.302
0.03978; 589.306
0.04004; 589.306
0.0403; 589.302
0.04056; 589.299
0.04082; 589.305
0.04108; 589.305
0.04134; 589.299
0.0416; 589.302
0.04186; 589.306
0.04212; 589.306
0.04238; 589.302
0.04264; 589.3
0.0429; 589.306
0.04316; 589.306
0.04342; 589.3
0.04368; 589.303
0.04394; 589.307
0.0442; 589.307
0.04446; 589.303
0.04472; 589.301
0.04498; 589.307
0.04524; 589.307
0.0455; 589.301
0.04576; 589.304
0.04602; 589.309
0.04628; 589.309
0.04654; 589.305
0.0468; 589.303
0.04706; 589.309
0.04732; 589.309
0.04758; 589.303
0.04784; 589.306
0.0481; 589.311
0.04836; 589.311
0.04862; 589.307
0.04888; 589.305
0.04914; 589.312
0.0494; 589.312
0.04966; 589.306
0.04992; 589.309
0.05018; 589.314
0.05044; 589.314
0.0507; 589.311
0.05096; 589.309
0.05122; 589.315
0.05148; 589.316
0.05174; 589.31
0.052; 589.313
0.05226; 589.318
0.05252; 589.318
0.05278; 589.315
0.05304; 589.313
0.0533; 589.32
0.05356; 589.32
0.05382; 589.314
0.05408; 589.317
0.05434; 589.322
0.0546; 589.322
0.05486; 589.319
0.05512; 589.317
0.05538; 589.324
0.05564; 589.324
0.0559; 589.319
0.05616; 589.322
0.05642; 589.327
0.05668; 589.327
0.05694; 589.324
0.0572; 589.322
0.05746; 589.329
0.05772; 589.33
0.05798; 589.324
0.05824; 589.328
0.0585; 589.333
0.05876; 589.333
0.05902; 589.33
0.05928; 589.328
0.05954; 589.335
0.0598; 589.336
0.06006; 589.33
0.06032; 589.334
0.06058; 589.339
0.06084; 589.339
0.0611; 589.336
0.06136; 589.335
0.06162; 589.342
0.06188; 589.343
0.06214; 589.337
0.0624; 589.341
0.06266; 589.346
0.06292; 589.347
0.06318; 589.344
0.06344; 589.342
0.0637; 589.349
0.06396; 589.35
0.06422; 589.345
0.06448; 589.349
0.06474; 589.354
0.065; 589.355
0.06526; 589.352
0.06552; 589.35
0.06578; 589.358
0.06604; 589.358
0.0663; 589.353
0.06656; 589.357
0.06682; 589.363
0.06708; 589.363
0.06734; 589.36
0.0676; 589.359
0.06786; 589.366
0.06812; 589.367
0.06838; 589.362
0.06864; 589.366
0.0689; 589.372
0.06916; 589.373
0.06942; 589.37
0.06968; 589.368
0.06994; 589.376
0.0702; 589.377
0.07046; 589.372
0.07072; 589.376
0.07098; 589.382
0.07124; 589.383
0.0715; 589.38
0.07176; 589.379
0.07202; 589.387
0.07228; 589.388
0.07254; 589.383
0.0728; 589.387
0.07306; 589.393
0.07332; 589.394
0.07358; 589.391
0.07384; 589.39
0.0741; 589.398
0.07436; 589.399
0.07462; 589.395
0.07488; 589.399
0.07514; 589.405
0.0754; 589.406
0.07566; 589.403
0.07592; 589.402
0.07618; 589.41
0.07644; 589.411
0.0767; 589.407
0.07696; 589.411
0.07722; 589.417
0.07748; 589.418
0.07774; 589.416
0.078; 589.415
