0.00667; 0
0.01334; 0
0.02001; 0
0.02668; 0
0.03335; 0
0.04002; 0
0.04669; 0
0.05336; 0
0.06003; 0
0.0667; 0
0.07337; 0
0.08004; 0
0.08671; 0
0.09338; 0
0.10005; 0
0.10672; 0
0.11339; 0
0.12006; 0
0.12673; 0
0.1334; 0
0.14007; 0
0.14674; 0
0.15341; 0
0.16008; 0
0.16675; 0
0.17342; 0
0.18009; 0
0.18676; 0
0.19343; 0
0.2001; 0
0.20677; 0
0.21344; 0
0.22011; 0
0.22678; 0
0.23345; 0
0.24012; 0
0.24679; 0
0.25346; 0
0.26013; 0
0.2668; 0
0.27347; 0
0.28014; 0
0.28681; 0
0.29348; 0
0.30015; 0
0.30682; 0
0.31349; 0
0.32016; 0
0.32683; 0
0.3335; 0
0.34017; 0
0.34684; 0
0.35351; 0
0.36018; 0
0.36685; 0
0.37352; 0
0.38019; 0
0.38686; 0
0.39353; 0
0.4002; 0
0.40687; 0
0.41354; 0
0.42021; 0
0.42688; 0
0.43355; 0
0.44022; 0
0.44689; 0
0.45356; 0
0.46023; 0
0.4669; 0
0.47357; 567.368
0.48024; 567.301
0.48691; 567.168
0.49358; 566.967
0.50025; 566.701
0.50692; 566.368
0.51359; 565.969
0.52026; 565.506
0.52693; 564.977
0.5336; 564.385
0.54027; 563.73
0.54694; 563.012
0.55361; 562.232
0.56028; 561.391
0.56695; 560.491
0.57362; 559.532
0.58029; 558.515
0.58696; 557.441
0.59363; 556.311
0.6003; 555.127
0.60697; 553.89
0.61364; 552.6
0.62031; 551.259
0.62698; 549.868
0.63365; 548.429
0.64032; 546.941
0.64699; 545.407
0.65366; 543.828
0.66033; 542.204
0.667; 540.536
0.67367; 538.826
0.68034; 537.074
0.68701; 535.281
0.69368; 533.448
0.70035; 531.575
0.70702; 529.662
0.71369; 527.71
0.72036; 525.72
0.72703; 523.69
0.7337; 521.621
0.74037; 519.513
0.74704; 517.365
0.75371; 515.176
0.76038; 512.944
0.76705; 510.67
0.77372; 508.351
0.78039; 505.984
0.78706; 503.568
0.79373; 501.1
0.8004; 498.576
0.80707; 495.992
0.81374; 493.344
0.82041; 490.627
0.82708; 487.835
0.83375; 484.96
0.84042; 481.995
0.84709; 478.932
0.85376; 475.758
0.86043; 472.463
0.8671; 469.034
0.87377; 465.454
0.88044; 461.706
0.88711; 457.771
0.89378; 453.627
0.90045; 449.25
0.90712; 444.615
0.91379; 439.701
0.92046; 434.489
0.92713; 428.978
0.9338; 423.197
0.94047; 417.236
0.94714; 411.293
0.95381; 405.746
0.96048; 401.219
0.96715; 398.567
0.97382; 398.567
0.98049; 401.219
0.98716; 405.746
0.99383; 411.293
1.0005; 417.236
1.00717; 423.197
1.01384; 428.978
1.02051; 434.489
1.02718; 439.701
1.03385; 444.615
1.04052; 449.25
1.04719; 453.627
1.05386; 457.771
1.06053; 461.706
1.0672; 465.454
1.07387; 469.034
1.08054; 472.463
1.08721; 475.758
1.09388; 478.932
1.10055; 481.995
1.10722; 484.96
1.11389; 487.835
1.12056; 490.627
1.12723; 493.344
1.1339; 495.992
1.14057; 498.576
1.14724; 501.1
1.15391; 503.568
1.16058; 505.984
1.16725; 508.351
1.17392; 510.67
1.18059; 512.944
1.18726; 515.176
1.19393; 517.365
1.2006; 519.513
1.20727; 521.621
1.21394; 523.69
1.22061; 525.72
1.22728; 527.71
1.23395; 529.662
1.24062; 531.575
1.24729; 533.448
1.25396; 535.281
1.26063; 537.074
1.2673; 538.826
1.27397; 540.536
1.28064; 542.204
1.28731; 543.828
1.29398; 545.407
1.30065; 546.941
1.30732; 548.429
1.31399; 549.868
1.32066; 551.259
1.32733; 552.6
1.334; 553.89
1.34067; 555.127
1.34734; 556.311
1.35401; 557.441
1.36068; 558.515
1.36735; 559.532
1.37402; 560.491
1.38069; 561.391
1.38736; 562.232
1.39403; 563.012
1.4007; 563.73
1.40737; 564.385
1.41404; 564.977
1.42071; 565.506
1.42738; 565.969
1.43405; 566.368
1.44072; 566.701
1.44739; 566.967
1.45406; 567.168
1.46073; 567.301
1.4674; 567.368
1.47407; 0
1.48074; 0
1.48741; 0
1.49408; 0
1.50075; 0
1.50742; 0
1.51409; 0
1.52076; 0
1.52743; 0
1.5341; 0
1.54077; 0
1.54744; 0
1.55411; 0
1.56078; 0
1.56745; 0
1.57412; 0
1.58079; 0
1.58746; 0
1.59413; 0
1.6008; 0
1.60747; 0
1.61414; 0
1.62081; 0
1.62748; 0
1.63415; 0
1.64082; 0
1.64749; 0
1.65416; 0
1.66083; 0
1.6675; 0
1.67417; 0
1.68084; 0
1.68751; 0
1.69418; 0
1.70085; 0
1.70752; 0
1.71419; 0
1.72086; 0
1.72753; 0
1.7342; 0
1.74087; 0
1.74754; 0
1.75421; 0
1.76088; 0
1.76755; 0
1.77422; 0
1.78089; 0
1.78756; 0
1.79423; 0
1.8009; 0
1.80757; 0
1.81424; 0
1.82091; 0
1.82758; 0
1.83425; 0
1.84092; 0
1.84759; 0
1.85426; 0
1.86093; 0
1.8676; 0
1.87427; 0
1.88094; 0
1.88761; 0
1.89428; 0
1.90095; 0
1.90762; 0
1.91429; 0
1.92096; 0
1.92763; 0
1.9343; 0
1.94097; 0
1.94764; 0
1.95431; 0
1.96098; 0
1.96765; 0
1.97432; 0
1.98099; 0
1.98766; 0
1.99433; 0
2.001; 0
