0.00667; 0
0.01334; 0
0.02001; 0
0.02668; 0
0.03335; 0
0.04002; 0
0.04669; 0
0.05336; 0
0.06003; 0
0.0667; 0
0.07337; 0
0.08004; 0
0.08671; 0
0.09338; 0
0.10005; 0
0.10672; 0
0.11339; 0
0.12006; 0
0.12673; 0
0.1334; 0
0.14007; 0
0.14674; 0
0.15341; 0
0.16008; 0
0.16675; 0
0.17342; 0
0.18009; 0
0.18676; 0
0.19343; 0
0.2001; 0
0.20677; 0
0.21344; 0
0.22011; 0
0.22678; 0
0.23345; 0
0.24012; 0
0.24679; 0
0.25346; 0
0.26013; 0
0.2668; 0
0.27347; 0
0.28014; 0
0.28681; 0
0.29348; 0
0.30015; 0
0.30682; 0
0.31349; 0
0.32016; 0
0.32683; 0
0.3335; 0
0.34017; 0
0.34684; 0
0.35351; 0
0.36018; 0
0.36685; 0
0.37352; 0
0.38019; 0
0.38686; 0
0.39353; 0
0.4002; 0
0.40687; 0
0.41354; 0
0.42021; 0
0.42688; 0
0.43355; 0
0.44022; 0
0.44689; 0
0.45356; 0
0.46023; 0
0.4669; 0
0.47357; 305.633
0.48024; 305.624
0.48691; 305.608
0.49358; 305.583
0.50025; 305.55
0.50692; 305.509
0.51359; 305.46
0.52026; 305.404
0.52693; 305.341
0.5336; 305.27
0.54027; 305.192
0.54694; 305.109
0.55361; 305.018
0.56028; 304.923
0.56695; 304.822
0.57362; 304.715
0.58029; 304.605
0.58696; 304.49
0.59363; 304.372
0.6003; 304.25
0.60697; 304.125
0.61364; 303.999
0.62031; 303.87
0.62698; 303.74
0.63365; 303.608
0.64032; 303.476
0.64699; 303.344
0.65366; 303.213
0.66033; 303.081
0.667; 302.951
0.67367; 302.822
0.68034; 302.694
0.68701; 302.569
0.69368; 302.445
0.70035; 302.325
0.70702; 302.206
0.71369; 302.091
0.72036; 301.979
0.72703; 301.87
0.7337; 301.765
0.74037; 301.662
0.74704; 301.564
0.75371; 301.469
0.76038; 301.378
0.76705; 301.291
0.77372; 301.208
0.78039; 301.128
0.78706; 301.053
0.79373; 300.981
0.8004; 300.912
0.80707; 300.848
0.81374; 300.786
0.82041; 300.729
0.82708; 300.675
0.83375; 300.624
0.84042; 300.576
0.84709; 300.532
0.85376; 300.49
0.86043; 300.451
0.8671; 300.415
0.87377; 300.382
0.88044; 300.351
0.88711; 300.323
0.89378; 300.297
0.90045; 300.273
0.90712; 300.25
0.91379; 300.23
0.92046; 300.211
0.92713; 300.194
0.9338; 300.179
0.94047; 300.165
0.94714; 300.153
0.95381; 300.142
0.96048; 300.134
0.96715; 300.13
0.97382; 300.13
0.98049; 300.134
0.98716; 300.142
0.99383; 300.153
1.0005; 300.165
1.00717; 300.179
1.01384; 300.194
1.02051; 300.211
1.02718; 300.23
1.03385; 300.25
1.04052; 300.273
1.04719; 300.297
1.05386; 300.323
1.06053; 300.351
1.0672; 300.382
1.07387; 300.415
1.08054; 300.451
1.08721; 300.49
1.09388; 300.532
1.10055; 300.576
1.10722; 300.624
1.11389; 300.675
1.12056; 300.729
1.12723; 300.786
1.1339; 300.848
1.14057; 300.912
1.14724; 300.981
1.15391; 301.053
1.16058; 301.128
1.16725; 301.208
1.17392; 301.291
1.18059; 301.378
1.18726; 301.469
1.19393; 301.564
1.2006; 301.662
1.20727; 301.765
1.21394; 301.87
1.22061; 301.979
1.22728; 302.091
1.23395; 302.206
1.24062; 302.325
1.24729; 302.445
1.25396; 302.569
1.26063; 302.694
1.2673; 302.822
1.27397; 302.951
1.28064; 303.081
1.28731; 303.213
1.29398; 303.344
1.30065; 303.476
1.30732; 303.608
1.31399; 303.74
1.32066; 303.87
1.32733; 303.999
1.334; 304.125
1.34067; 304.25
1.34734; 304.372
1.35401; 304.49
1.36068; 304.605
1.36735; 304.715
1.37402; 304.822
1.38069; 304.923
1.38736; 305.018
1.39403; 305.109
1.4007; 305.192
1.40737; 305.27
1.41404; 305.341
1.42071; 305.404
1.42738; 305.46
1.43405; 305.509
1.44072; 305.55
1.44739; 305.583
1.45406; 305.608
1.46073; 305.624
1.4674; 305.633
1.47407; 0
1.48074; 0
1.48741; 0
1.49408; 0
1.50075; 0
1.50742; 0
1.51409; 0
1.52076; 0
1.52743; 0
1.5341; 0
1.54077; 0
1.54744; 0
1.55411; 0
1.56078; 0
1.56745; 0
1.57412; 0
1.58079; 0
1.58746; 0
1.59413; 0
1.6008; 0
1.60747; 0
1.61414; 0
1.62081; 0
1.62748; 0
1.63415; 0
1.64082; 0
1.64749; 0
1.65416; 0
1.66083; 0
1.6675; 0
1.67417; 0
1.68084; 0
1.68751; 0
1.69418; 0
1.70085; 0
1.70752; 0
1.71419; 0
1.72086; 0
1.72753; 0
1.7342; 0
1.74087; 0
1.74754; 0
1.75421; 0
1.76088; 0
1.76755; 0
1.77422; 0
1.78089; 0
1.78756; 0
1.79423; 0
1.8009; 0
1.80757; 0
1.81424; 0
1.82091; 0
1.82758; 0
1.83425; 0
1.84092; 0
1.84759; 0
1.85426; 0
1.86093; 0
1.8676; 0
1.87427; 0
1.88094; 0
1.88761; 0
1.89428; 0
1.90095; 0
1.90762; 0
1.91429; 0
1.92096; 0
1.92763; 0
1.9343; 0
1.94097; 0
1.94764; 0
1.95431; 0
1.96098; 0
1.96765; 0
1.97432; 0
1.98099; 0
1.98766; 0
1.99433; 0
2.001; 0
