0.00667; 0
0.01334; 0
0.02001; 0
0.02668; 0
0.03335; 0
0.04002; 0
0.04669; 0
0.05336; 0
0.06003; 0
0.0667; 0
0.07337; 0
0.08004; 0
0.08671; 0
0.09338; 0
0.10005; 0
0.10672; 0
0.11339; 0
0.12006; 0
0.12673; 0
0.1334; 0
0.14007; 0
0.14674; 0
0.15341; 0
0.16008; 0
0.16675; 0
0.17342; 0
0.18009; 0
0.18676; 0
0.19343; 0
0.2001; 0
0.20677; 0
0.21344; 0
0.22011; 0
0.22678; 0
0.23345; 0
0.24012; 0
0.24679; 0
0.25346; 0
0.26013; 0
0.2668; 0
0.27347; 0
0.28014; 0
0.28681; 0
0.29348; 0
0.30015; 0
0.30682; 0
0.31349; 0
0.32016; 0
0.32683; 0
0.3335; 0
0.34017; 0
0.34684; 0
0.35351; 0
0.36018; 0
0.36685; 0
0.37352; 0
0.38019; 0
0.38686; 0
0.39353; 0
0.4002; 0
0.40687; 0
0.41354; 0
0.42021; 0
0.42688; 0
0.43355; 0
0.44022; 0
0.44689; 0
0.45356; 0
0.46023; 0
0.4669; 0
0.47357; 568.103
0.48024; 568.036
0.48691; 567.902
0.49358; 567.702
0.50025; 567.435
0.50692; 567.102
0.51359; 566.704
0.52026; 566.24
0.52693; 565.712
0.5336; 565.12
0.54027; 564.464
0.54694; 563.746
0.55361; 562.966
0.56028; 562.125
0.56695; 561.224
0.57362; 560.265
0.58029; 559.248
0.58696; 558.173
0.59363; 557.044
0.6003; 555.859
0.60697; 554.621
0.61364; 553.331
0.62031; 551.989
0.62698; 550.598
0.63365; 549.157
0.64032; 547.669
0.64699; 546.134
0.65366; 544.554
0.66033; 542.929
0.667; 541.26
0.67367; 539.549
0.68034; 537.795
0.68701; 536.001
0.69368; 534.165
0.70035; 532.29
0.70702; 530.376
0.71369; 528.422
0.72036; 526.429
0.72703; 524.396
0.7337; 522.325
0.74037; 520.214
0.74704; 518.062
0.75371; 515.87
0.76038; 513.635
0.76705; 511.357
0.77372; 509.033
0.78039; 506.662
0.78706; 504.242
0.79373; 501.769
0.8004; 499.239
0.80707; 496.65
0.81374; 493.996
0.82041; 491.273
0.82708; 488.474
0.83375; 485.592
0.84042; 482.619
0.84709; 479.547
0.85376; 476.365
0.86043; 473.061
0.8671; 469.621
0.87377; 466.031
0.88044; 462.272
0.88711; 458.324
0.89378; 454.167
0.90045; 449.775
0.90712; 445.126
0.91379; 440.195
0.92046; 434.965
0.92713; 429.436
0.9338; 423.635
0.94047; 417.653
0.94714; 411.689
0.95381; 406.123
0.96048; 401.58
0.96715; 398.918
0.97382; 398.918
0.98049; 401.58
0.98716; 406.123
0.99383; 411.689
1.0005; 417.653
1.00717; 423.635
1.01384; 429.436
1.02051; 434.965
1.02718; 440.195
1.03385; 445.126
1.04052; 449.775
1.04719; 454.167
1.05386; 458.324
1.06053; 462.272
1.0672; 466.031
1.07387; 469.621
1.08054; 473.061
1.08721; 476.365
1.09388; 479.547
1.10055; 482.619
1.10722; 485.592
1.11389; 488.474
1.12056; 491.273
1.12723; 493.996
1.1339; 496.65
1.14057; 499.239
1.14724; 501.769
1.15391; 504.242
1.16058; 506.662
1.16725; 509.033
1.17392; 511.357
1.18059; 513.635
1.18726; 515.87
1.19393; 518.062
1.2006; 520.214
1.20727; 522.325
1.21394; 524.396
1.22061; 526.429
1.22728; 528.422
1.23395; 530.376
1.24062; 532.29
1.24729; 534.165
1.25396; 536.001
1.26063; 537.795
1.2673; 539.549
1.27397; 541.26
1.28064; 542.929
1.28731; 544.554
1.29398; 546.134
1.30065; 547.669
1.30732; 549.157
1.31399; 550.598
1.32066; 551.989
1.32733; 553.331
1.334; 554.621
1.34067; 555.859
1.34734; 557.044
1.35401; 558.173
1.36068; 559.248
1.36735; 560.265
1.37402; 561.224
1.38069; 562.125
1.38736; 562.966
1.39403; 563.746
1.4007; 564.464
1.40737; 565.12
1.41404; 565.712
1.42071; 566.24
1.42738; 566.704
1.43405; 567.102
1.44072; 567.435
1.44739; 567.702
1.45406; 567.902
1.46073; 568.036
1.4674; 568.103
1.47407; 0
1.48074; 0
1.48741; 0
1.49408; 0
1.50075; 0
1.50742; 0
1.51409; 0
1.52076; 0
1.52743; 0
1.5341; 0
1.54077; 0
1.54744; 0
1.55411; 0
1.56078; 0
1.56745; 0
1.57412; 0
1.58079; 0
1.58746; 0
1.59413; 0
1.6008; 0
1.60747; 0
1.61414; 0
1.62081; 0
1.62748; 0
1.63415; 0
1.64082; 0
1.64749; 0
1.65416; 0
1.66083; 0
1.6675; 0
1.67417; 0
1.68084; 0
1.68751; 0
1.69418; 0
1.70085; 0
1.70752; 0
1.71419; 0
1.72086; 0
1.72753; 0
1.7342; 0
1.74087; 0
1.74754; 0
1.75421; 0
1.76088; 0
1.76755; 0
1.77422; 0
1.78089; 0
1.78756; 0
1.79423; 0
1.8009; 0
1.80757; 0
1.81424; 0
1.82091; 0
1.82758; 0
1.83425; 0
1.84092; 0
1.84759; 0
1.85426; 0
1.86093; 0
1.8676; 0
1.87427; 0
1.88094; 0
1.88761; 0
1.89428; 0
1.90095; 0
1.90762; 0
1.91429; 0
1.92096; 0
1.92763; 0
1.9343; 0
1.94097; 0
1.94764; 0
1.95431; 0
1.96098; 0
1.96765; 0
1.97432; 0
1.98099; 0
1.98766; 0
1.99433; 0
2.001; 0
