0.00026; 0
0.00052; 0
0.00078; 0
0.00104; 0
0.0013; 0
0.00156; 0
0.00182; 0
0.00208; 0
0.00234; 0
0.0026; 0
0.00286; 0
0.00312; 0
0.00338; 0
0.00364; 0
0.0039; 0
0.00416; 0
0.00442; 0
0.00468; 0
0.00494; 0
0.0052; 0
0.00546; 0
0.00572; 0
0.00598; 0
0.00624; 0
0.0065; 0
0.00676; 0
0.00702; 0
0.00728; 0
0.00754; 0
0.0078; 0
0.00806; 0
0.00832; 0
0.00858; 0
0.00884; 0
0.0091; 0
0.00936; 0
0.00962; 0
0.00988; 0
0.01014; 0
0.0104; 0
0.01066; 0
0.01092; 0
0.01118; 0
0.01144; 0
0.0117; 0
0.01196; 0
0.01222; 0
0.01248; 0
0.01274; 0
0.013; 0
0.01326; 0
0.01352; 0
0.01378; 0
0.01404; 0
0.0143; 0
0.01456; 0
0.01482; 0
0.01508; 0
0.01534; 0
0.0156; 0
0.01586; 0
0.01612; 0
0.01638; 0
0.01664; 0
0.0169; 0
0.01716; 0
0.01742; 0
0.01768; 0
0.01794; 0
0.0182; 0
0.01846; 0
0.01872; 0
0.01898; 0
0.01924; 0
0.0195; 0
0.01976; 0
0.02002; 0
0.02028; 0
0.02054; 0
0.0208; 0
0.02106; 0
0.02132; 0
0.02158; 0
0.02184; 0
0.0221; 0
0.02236; 0
0.02262; 0
0.02288; 607.583
0.02314; 607.437
0.0234; 607.278
0.02366; 607.117
0.02392; 606.961
0.02418; 606.821
0.02444; 606.689
0.0247; 606.552
0.02496; 606.436
0.02522; 606.321
0.02548; 606.21
0.02574; 606.097
0.026; 605.989
0.02626; 605.894
0.02652; 605.807
0.02678; 605.712
0.02704; 605.638
0.0273; 605.565
0.02756; 605.494
0.02782; 605.422
0.02808; 605.352
0.02834; 605.297
0.0286; 605.247
0.02886; 605.191
0.02912; 605.153
0.02938; 605.116
0.02964; 605.081
0.0299; 605.043
0.03016; 605.007
0.03042; 604.985
0.03068; 604.967
0.03094; 604.942
0.0312; 604.935
0.03146; 604.928
0.03172; 604.922
0.03198; 604.912
0.03224; 604.904
0.0325; 604.909
0.03276; 604.918
0.03302; 604.918
0.03328; 604.936
0.03354; 604.952
0.0338; 604.97
0.03406; 604.983
0.03432; 604.996
0.03458; 605.022
0.03484; 605.051
0.0351; 605.07
0.03536; 605.107
0.03562; 605.142
0.03588; 605.177
0.03614; 605.207
0.0364; 605.238
0.03666; 605.279
0.03692; 605.324
0.03718; 605.358
0.03744; 605.409
0.0377; 605.458
0.03796; 605.506
0.03822; 605.548
0.03848; 605.59
0.03874; 605.643
0.039; 605.699
0.03926; 605.744
0.03952; 605.805
0.03978; 605.863
0.04004; 605.921
0.0403; 605.972
0.04056; 606.023
0.04082; 606.085
0.04108; 606.148
0.04134; 606.201
0.0416; 606.27
0.04186; 606.336
0.04212; 606.401
0.04238; 606.46
0.04264; 606.517
0.0429; 606.586
0.04316; 606.656
0.04342; 606.716
0.04368; 606.791
0.04394; 606.863
0.0442; 606.934
0.04446; 607
0.04472; 607.064
0.04498; 607.139
0.04524; 607.216
0.0455; 607.283
0.04576; 607.365
0.04602; 607.445
0.04628; 607.523
0.04654; 607.596
0.0468; 607.669
0.04706; 607.752
0.04732; 607.837
0.04758; 607.912
0.04784; 608.003
0.0481; 608.092
0.04836; 608.181
0.04862; 608.264
0.04888; 608.347
0.04914; 608.441
0.0494; 608.538
0.04966; 608.626
0.04992; 608.729
0.05018; 608.831
0.05044; 608.933
0.0507; 609.03
0.05096; 609.128
0.05122; 609.236
0.05148; 609.349
0.05174; 609.453
0.052; 609.573
0.05226; 609.692
0.05252; 609.812
0.05278; 609.928
0.05304; 610.045
0.0533; 610.173
0.05356; 610.307
0.05382; 610.432
0.05408; 610.574
0.05434; 610.715
0.0546; 610.859
0.05486; 610.998
0.05512; 611.14
0.05538; 611.293
0.05564; 611.452
0.0559; 611.604
0.05616; 611.773
0.05642; 611.942
0.05668; 612.114
0.05694; 612.284
0.0572; 612.456
0.05746; 612.643
0.05772; 612.837
0.05798; 613.023
0.05824; 613.202
0.0585; 0
0.05876; 0
0.05902; 0
0.05928; 0
0.05954; 0
0.0598; 0
0.06006; 0
0.06032; 0
0.06058; 0
0.06084; 0
0.0611; 0
0.06136; 0
0.06162; 0
0.06188; 0
0.06214; 0
0.0624; 0
0.06266; 0
0.06292; 0
0.06318; 0
0.06344; 0
0.0637; 0
0.06396; 0
0.06422; 0
0.06448; 0
0.06474; 0
0.065; 0
0.06526; 0
0.06552; 0
0.06578; 0
0.06604; 0
0.0663; 0
0.06656; 0
0.06682; 0
0.06708; 0
0.06734; 0
0.0676; 0
0.06786; 0
0.06812; 0
0.06838; 0
0.06864; 0
0.0689; 0
0.06916; 0
0.06942; 0
0.06968; 0
0.06994; 0
0.0702; 0
0.07046; 0
0.07072; 0
0.07098; 0
0.07124; 0
0.0715; 0
0.07176; 0
0.07202; 0
0.07228; 0
0.07254; 0
0.0728; 0
0.07306; 0
0.07332; 0
0.07358; 0
0.07384; 0
0.0741; 0
0.07436; 0
0.07462; 0
0.07488; 0
0.07514; 0
0.0754; 0
0.07566; 0
0.07592; 0
0.07618; 0
0.07644; 0
0.0767; 0
0.07696; 0
0.07722; 0
0.07748; 0
0.07774; 0
0.078; 0
