0.00667; 0
0.01334; 0
0.02001; 0
0.02668; 0
0.03335; 0
0.04002; 0
0.04669; 0
0.05336; 0
0.06003; 0
0.0667; 0
0.07337; 0
0.08004; 0
0.08671; 0
0.09338; 0
0.10005; 0
0.10672; 0
0.11339; 0
0.12006; 0
0.12673; 0
0.1334; 0
0.14007; 0
0.14674; 0
0.15341; 0
0.16008; 0
0.16675; 0
0.17342; 0
0.18009; 0
0.18676; 0
0.19343; 0
0.2001; 0
0.20677; 0
0.21344; 0
0.22011; 0
0.22678; 0
0.23345; 0
0.24012; 0
0.24679; 0
0.25346; 0
0.26013; 0
0.2668; 0
0.27347; 0
0.28014; 0
0.28681; 0
0.29348; 0
0.30015; 0
0.30682; 0
0.31349; 0
0.32016; 0
0.32683; 0
0.3335; 0
0.34017; 0
0.34684; 0
0.35351; 0
0.36018; 0
0.36685; 0
0.37352; 0
0.38019; 0
0.38686; 0
0.39353; 0
0.4002; 0
0.40687; 0
0.41354; 0
0.42021; 0
0.42688; 0
0.43355; 0
0.44022; 0
0.44689; 0
0.45356; 0
0.46023; 0
0.4669; 0
0.47357; 567.919
0.48024; 567.853
0.48691; 567.719
0.49358; 567.519
0.50025; 567.252
0.50692; 566.919
0.51359; 566.521
0.52026; 566.057
0.52693; 565.528
0.5336; 564.936
0.54027; 564.281
0.54694; 563.562
0.55361; 562.783
0.56028; 561.942
0.56695; 561.041
0.57362; 560.082
0.58029; 559.065
0.58696; 557.99
0.59363; 556.861
0.6003; 555.676
0.60697; 554.438
0.61364; 553.148
0.62031; 551.807
0.62698; 550.416
0.63365; 548.975
0.64032; 547.487
0.64699; 545.953
0.65366; 544.373
0.66033; 542.748
0.667; 541.079
0.67367; 539.368
0.68034; 537.615
0.68701; 535.821
0.69368; 533.986
0.70035; 532.112
0.70702; 530.198
0.71369; 528.244
0.72036; 526.252
0.72703; 524.22
0.7337; 522.149
0.74037; 520.039
0.74704; 517.888
0.75371; 515.697
0.76038; 513.463
0.76705; 511.185
0.77372; 508.863
0.78039; 506.493
0.78706; 504.074
0.79373; 501.601
0.8004; 499.073
0.80707; 496.486
0.81374; 493.833
0.82041; 491.111
0.82708; 488.314
0.83375; 485.434
0.84042; 482.464
0.84709; 479.394
0.85376; 476.214
0.86043; 472.912
0.8671; 469.475
0.87377; 465.887
0.88044; 462.13
0.88711; 458.186
0.89378; 454.032
0.90045; 449.644
0.90712; 444.998
0.91379; 440.071
0.92046; 434.846
0.92713; 429.321
0.9338; 423.525
0.94047; 417.549
0.94714; 411.59
0.95381; 406.029
0.96048; 401.49
0.96715; 398.83
0.97382; 398.83
0.98049; 401.49
0.98716; 406.029
0.99383; 411.59
1.0005; 417.549
1.00717; 423.525
1.01384; 429.321
1.02051; 434.846
1.02718; 440.071
1.03385; 444.998
1.04052; 449.644
1.04719; 454.032
1.05386; 458.186
1.06053; 462.13
1.0672; 465.887
1.07387; 469.475
1.08054; 472.912
1.08721; 476.214
1.09388; 479.394
1.10055; 482.464
1.10722; 485.434
1.11389; 488.314
1.12056; 491.111
1.12723; 493.833
1.1339; 496.486
1.14057; 499.073
1.14724; 501.601
1.15391; 504.074
1.16058; 506.493
1.16725; 508.863
1.17392; 511.185
1.18059; 513.463
1.18726; 515.697
1.19393; 517.888
1.2006; 520.039
1.20727; 522.149
1.21394; 524.22
1.22061; 526.252
1.22728; 528.244
1.23395; 530.198
1.24062; 532.112
1.24729; 533.986
1.25396; 535.821
1.26063; 537.615
1.2673; 539.368
1.27397; 541.079
1.28064; 542.748
1.28731; 544.373
1.29398; 545.953
1.30065; 547.487
1.30732; 548.975
1.31399; 550.416
1.32066; 551.807
1.32733; 553.148
1.334; 554.438
1.34067; 555.676
1.34734; 556.861
1.35401; 557.99
1.36068; 559.065
1.36735; 560.082
1.37402; 561.041
1.38069; 561.942
1.38736; 562.783
1.39403; 563.562
1.4007; 564.281
1.40737; 564.936
1.41404; 565.528
1.42071; 566.057
1.42738; 566.521
1.43405; 566.919
1.44072; 567.252
1.44739; 567.519
1.45406; 567.719
1.46073; 567.853
1.4674; 567.919
1.47407; 0
1.48074; 0
1.48741; 0
1.49408; 0
1.50075; 0
1.50742; 0
1.51409; 0
1.52076; 0
1.52743; 0
1.5341; 0
1.54077; 0
1.54744; 0
1.55411; 0
1.56078; 0
1.56745; 0
1.57412; 0
1.58079; 0
1.58746; 0
1.59413; 0
1.6008; 0
1.60747; 0
1.61414; 0
1.62081; 0
1.62748; 0
1.63415; 0
1.64082; 0
1.64749; 0
1.65416; 0
1.66083; 0
1.6675; 0
1.67417; 0
1.68084; 0
1.68751; 0
1.69418; 0
1.70085; 0
1.70752; 0
1.71419; 0
1.72086; 0
1.72753; 0
1.7342; 0
1.74087; 0
1.74754; 0
1.75421; 0
1.76088; 0
1.76755; 0
1.77422; 0
1.78089; 0
1.78756; 0
1.79423; 0
1.8009; 0
1.80757; 0
1.81424; 0
1.82091; 0
1.82758; 0
1.83425; 0
1.84092; 0
1.84759; 0
1.85426; 0
1.86093; 0
1.8676; 0
1.87427; 0
1.88094; 0
1.88761; 0
1.89428; 0
1.90095; 0
1.90762; 0
1.91429; 0
1.92096; 0
1.92763; 0
1.9343; 0
1.94097; 0
1.94764; 0
1.95431; 0
1.96098; 0
1.96765; 0
1.97432; 0
1.98099; 0
1.98766; 0
1.99433; 0
2.001; 0
