0.00667; 0
0.01334; 0
0.02001; 0
0.02668; 0
0.03335; 0
0.04002; 0
0.04669; 0
0.05336; 0
0.06003; 0
0.0667; 0
0.07337; 0
0.08004; 0
0.08671; 0
0.09338; 0
0.10005; 0
0.10672; 0
0.11339; 0
0.12006; 0
0.12673; 0
0.1334; 0
0.14007; 0
0.14674; 0
0.15341; 0
0.16008; 0
0.16675; 0
0.17342; 0
0.18009; 0
0.18676; 0
0.19343; 0
0.2001; 0
0.20677; 0
0.21344; 0
0.22011; 0
0.22678; 0
0.23345; 0
0.24012; 0
0.24679; 0
0.25346; 0
0.26013; 0
0.2668; 0
0.27347; 0
0.28014; 0
0.28681; 0
0.29348; 0
0.30015; 0
0.30682; 0
0.31349; 0
0.32016; 0
0.32683; 0
0.3335; 0
0.34017; 0
0.34684; 0
0.35351; 0
0.36018; 0
0.36685; 0
0.37352; 0
0.38019; 0
0.38686; 0
0.39353; 0
0.4002; 0
0.40687; 0
0.41354; 0
0.42021; 0
0.42688; 0
0.43355; 0
0.44022; 0
0.44689; 0
0.45356; 0
0.46023; 0
0.4669; 0
0.47357; 482.466
0.48024; 482.401
0.48691; 482.27
0.49358; 482.075
0.50025; 481.815
0.50692; 481.491
0.51359; 481.103
0.52026; 480.653
0.52693; 480.14
0.5336; 479.566
0.54027; 478.931
0.54694; 478.237
0.55361; 477.485
0.56028; 476.676
0.56695; 475.811
0.57362; 474.892
0.58029; 473.92
0.58696; 472.897
0.59363; 471.824
0.6003; 470.702
0.60697; 469.534
0.61364; 468.321
0.62031; 467.065
0.62698; 465.768
0.63365; 464.43
0.64032; 463.055
0.64699; 461.643
0.65366; 460.197
0.66033; 458.718
0.667; 457.208
0.67367; 455.668
0.68034; 454.101
0.68701; 452.507
0.69368; 450.888
0.70035; 449.246
0.70702; 447.582
0.71369; 445.897
0.72036; 444.192
0.72703; 442.469
0.7337; 440.728
0.74037; 438.969
0.74704; 437.195
0.75371; 435.404
0.76038; 433.598
0.76705; 431.776
0.77372; 429.938
0.78039; 428.084
0.78706; 426.213
0.79373; 424.325
0.8004; 422.417
0.80707; 420.489
0.81374; 418.537
0.82041; 416.561
0.82708; 414.556
0.83375; 412.519
0.84042; 410.446
0.84709; 408.331
0.85376; 406.17
0.86043; 403.955
0.8671; 401.678
0.87377; 399.331
0.88044; 396.903
0.88711; 394.383
0.89378; 391.757
0.90045; 389.012
0.90712; 386.133
0.91379; 383.106
0.92046; 379.92
0.92713; 376.573
0.9338; 373.083
0.94047; 369.501
0.94714; 365.944
0.95381; 362.633
0.96048; 359.937
0.96715; 358.359
0.97382; 358.359
0.98049; 359.937
0.98716; 362.633
0.99383; 365.944
1.0005; 369.501
1.00717; 373.083
1.01384; 376.573
1.02051; 379.92
1.02718; 383.106
1.03385; 386.133
1.04052; 389.012
1.04719; 391.757
1.05386; 394.383
1.06053; 396.903
1.0672; 399.331
1.07387; 401.678
1.08054; 403.955
1.08721; 406.17
1.09388; 408.331
1.10055; 410.446
1.10722; 412.519
1.11389; 414.556
1.12056; 416.561
1.12723; 418.537
1.1339; 420.489
1.14057; 422.417
1.14724; 424.325
1.15391; 426.213
1.16058; 428.084
1.16725; 429.938
1.17392; 431.776
1.18059; 433.598
1.18726; 435.404
1.19393; 437.195
1.2006; 438.969
1.20727; 440.728
1.21394; 442.469
1.22061; 444.192
1.22728; 445.897
1.23395; 447.582
1.24062; 449.246
1.24729; 450.888
1.25396; 452.507
1.26063; 454.101
1.2673; 455.668
1.27397; 457.208
1.28064; 458.718
1.28731; 460.197
1.29398; 461.643
1.30065; 463.055
1.30732; 464.43
1.31399; 465.768
1.32066; 467.065
1.32733; 468.321
1.334; 469.534
1.34067; 470.702
1.34734; 471.824
1.35401; 472.897
1.36068; 473.92
1.36735; 474.892
1.37402; 475.811
1.38069; 476.676
1.38736; 477.485
1.39403; 478.237
1.4007; 478.931
1.40737; 479.566
1.41404; 480.14
1.42071; 480.653
1.42738; 481.103
1.43405; 481.491
1.44072; 481.815
1.44739; 482.075
1.45406; 482.27
1.46073; 482.401
1.4674; 482.466
1.47407; 0
1.48074; 0
1.48741; 0
1.49408; 0
1.50075; 0
1.50742; 0
1.51409; 0
1.52076; 0
1.52743; 0
1.5341; 0
1.54077; 0
1.54744; 0
1.55411; 0
1.56078; 0
1.56745; 0
1.57412; 0
1.58079; 0
1.58746; 0
1.59413; 0
1.6008; 0
1.60747; 0
1.61414; 0
1.62081; 0
1.62748; 0
1.63415; 0
1.64082; 0
1.64749; 0
1.65416; 0
1.66083; 0
1.6675; 0
1.67417; 0
1.68084; 0
1.68751; 0
1.69418; 0
1.70085; 0
1.70752; 0
1.71419; 0
1.72086; 0
1.72753; 0
1.7342; 0
1.74087; 0
1.74754; 0
1.75421; 0
1.76088; 0
1.76755; 0
1.77422; 0
1.78089; 0
1.78756; 0
1.79423; 0
1.8009; 0
1.80757; 0
1.81424; 0
1.82091; 0
1.82758; 0
1.83425; 0
1.84092; 0
1.84759; 0
1.85426; 0
1.86093; 0
1.8676; 0
1.87427; 0
1.88094; 0
1.88761; 0
1.89428; 0
1.90095; 0
1.90762; 0
1.91429; 0
1.92096; 0
1.92763; 0
1.9343; 0
1.94097; 0
1.94764; 0
1.95431; 0
1.96098; 0
1.96765; 0
1.97432; 0
1.98099; 0
1.98766; 0
1.99433; 0
2.001; 0
