0.00026; 0
0.00052; 0
0.00078; 0
0.00104; 0
0.0013; 0
0.00156; 0
0.00182; 0
0.00208; 0
0.00234; 0
0.0026; 0
0.00286; 0
0.00312; 0
0.00338; 0
0.00364; 0
0.0039; 0
0.00416; 0
0.00442; 0
0.00468; 0
0.00494; 0
0.0052; 0
0.00546; 0
0.00572; 0
0.00598; 0
0.00624; 0
0.0065; 0
0.00676; 0
0.00702; 0
0.00728; 0
0.00754; 0
0.0078; 0
0.00806; 0
0.00832; 0
0.00858; 0
0.00884; 0
0.0091; 0
0.00936; 0
0.00962; 0
0.00988; 0
0.01014; 0
0.0104; 0
0.01066; 0
0.01092; 0
0.01118; 0
0.01144; 0
0.0117; 0
0.01196; 0
0.01222; 0
0.01248; 0
0.01274; 0
0.013; 0
0.01326; 0
0.01352; 0
0.01378; 0
0.01404; 0
0.0143; 0
0.01456; 0
0.01482; 0
0.01508; 0
0.01534; 0
0.0156; 0
0.01586; 0
0.01612; 0
0.01638; 0
0.01664; 0
0.0169; 0
0.01716; 0
0.01742; 0
0.01768; 0
0.01794; 0
0.0182; 0
0.01846; 0
0.01872; 0
0.01898; 0
0.01924; 0
0.0195; 0
0.01976; 0
0.02002; 0
0.02028; 0
0.02054; 0
0.0208; 0
0.02106; 0
0.02132; 0
0.02158; 0
0.02184; 0
0.0221; 0
0.02236; 0
0.02262; 0
0.02288; 603.583
0.02314; 603.442
0.0234; 603.271
0.02366; 603.107
0.02392; 602.94
0.02418; 602.812
0.02444; 602.672
0.0247; 602.528
0.02496; 602.399
0.02522; 602.288
0.02548; 602.168
0.02574; 602.055
0.026; 601.936
0.02626; 601.855
0.02652; 601.761
0.02678; 601.661
0.02704; 601.575
0.0273; 601.508
0.02756; 601.429
0.02782; 601.357
0.02808; 601.28
0.02834; 601.238
0.0286; 601.183
0.02886; 601.122
0.02912; 601.074
0.02938; 601.044
0.02964; 601.002
0.0299; 600.965
0.03016; 600.922
0.03042; 600.915
0.03068; 600.893
0.03094; 600.865
0.0312; 600.848
0.03146; 600.849
0.03172; 600.837
0.03198; 600.83
0.03224; 600.816
0.0325; 600.836
0.03276; 600.842
0.03302; 600.84
0.03328; 600.849
0.03354; 600.874
0.0338; 600.886
0.03406; 600.902
0.03432; 600.911
0.03458; 600.953
0.03484; 600.979
0.0351; 600.998
0.03536; 601.026
0.03562; 601.07
0.03588; 601.101
0.03614; 601.135
0.0364; 601.16
0.03666; 601.218
0.03692; 601.261
0.03718; 601.294
0.03744; 601.337
0.0377; 601.395
0.03796; 601.439
0.03822; 601.486
0.03848; 601.524
0.03874; 601.594
0.039; 601.648
0.03926; 601.692
0.03952; 601.746
0.03978; 601.814
0.04004; 601.868
0.0403; 601.924
0.04056; 601.971
0.04082; 602.05
0.04108; 602.112
0.04134; 602.165
0.0416; 602.226
0.04186; 602.302
0.04212; 602.363
0.04238; 602.427
0.04264; 602.481
0.0429; 602.566
0.04316; 602.636
0.04342; 602.695
0.04368; 602.763
0.04394; 602.846
0.0442; 602.914
0.04446; 602.984
0.04472; 603.045
0.04498; 603.138
0.04524; 603.214
0.0455; 603.281
0.04576; 603.356
0.04602; 603.446
0.04628; 603.522
0.04654; 603.6
0.0468; 603.669
0.04706; 603.77
0.04732; 603.855
0.04758; 603.931
0.04784; 604.016
0.0481; 604.115
0.04836; 604.201
0.04862; 604.29
0.04888; 604.37
0.04914; 604.482
0.0494; 604.579
0.04966; 604.667
0.04992; 604.765
0.05018; 604.878
0.05044; 604.977
0.0507; 605.08
0.05096; 605.176
0.05122; 605.303
0.05148; 605.416
0.05174; 605.521
0.052; 605.636
0.05226; 605.767
0.05252; 605.885
0.05278; 606.008
0.05304; 606.123
0.0533; 606.271
0.05356; 606.405
0.05382; 606.532
0.05408; 606.67
0.05434; 606.824
0.0546; 606.966
0.05486; 607.113
0.05512; 607.254
0.05538; 607.427
0.05564; 607.588
0.0559; 607.742
0.05616; 607.908
0.05642; 608.091
0.05668; 608.263
0.05694; 608.441
0.0572; 608.613
0.05746; 608.821
0.05772; 609.017
0.05798; 609.207
0.05824; 609.384
0.0585; 0
0.05876; 0
0.05902; 0
0.05928; 0
0.05954; 0
0.0598; 0
0.06006; 0
0.06032; 0
0.06058; 0
0.06084; 0
0.0611; 0
0.06136; 0
0.06162; 0
0.06188; 0
0.06214; 0
0.0624; 0
0.06266; 0
0.06292; 0
0.06318; 0
0.06344; 0
0.0637; 0
0.06396; 0
0.06422; 0
0.06448; 0
0.06474; 0
0.065; 0
0.06526; 0
0.06552; 0
0.06578; 0
0.06604; 0
0.0663; 0
0.06656; 0
0.06682; 0
0.06708; 0
0.06734; 0
0.0676; 0
0.06786; 0
0.06812; 0
0.06838; 0
0.06864; 0
0.0689; 0
0.06916; 0
0.06942; 0
0.06968; 0
0.06994; 0
0.0702; 0
0.07046; 0
0.07072; 0
0.07098; 0
0.07124; 0
0.0715; 0
0.07176; 0
0.07202; 0
0.07228; 0
0.07254; 0
0.0728; 0
0.07306; 0
0.07332; 0
0.07358; 0
0.07384; 0
0.0741; 0
0.07436; 0
0.07462; 0
0.07488; 0
0.07514; 0
0.0754; 0
0.07566; 0
0.07592; 0
0.07618; 0
0.07644; 0
0.0767; 0
0.07696; 0
0.07722; 0
0.07748; 0
0.07774; 0
0.078; 0
