0.00667; 0
0.01334; 0
0.02001; 0
0.02668; 0
0.03335; 0
0.04002; 0
0.04669; 0
0.05336; 0
0.06003; 0
0.0667; 0
0.07337; 0
0.08004; 0
0.08671; 0
0.09338; 0
0.10005; 0
0.10672; 0
0.11339; 0
0.12006; 0
0.12673; 0
0.1334; 0
0.14007; 0
0.14674; 0
0.15341; 0
0.16008; 0
0.16675; 0
0.17342; 0
0.18009; 0
0.18676; 0
0.19343; 0
0.2001; 0
0.20677; 0
0.21344; 0
0.22011; 0
0.22678; 0
0.23345; 0
0.24012; 0
0.24679; 0
0.25346; 0
0.26013; 0
0.2668; 0
0.27347; 0
0.28014; 0
0.28681; 0
0.29348; 0
0.30015; 0
0.30682; 0
0.31349; 0
0.32016; 0
0.32683; 0
0.3335; 0
0.34017; 0
0.34684; 0
0.35351; 0
0.36018; 0
0.36685; 0
0.37352; 0
0.38019; 0
0.38686; 0
0.39353; 0
0.4002; 0
0.40687; 0
0.41354; 0
0.42021; 0
0.42688; 0
0.43355; 0
0.44022; 0
0.44689; 0
0.45356; 0
0.46023; 0
0.4669; 0
0.47357; 495.357
0.48024; 495.291
0.48691; 495.16
0.49358; 494.964
0.50025; 494.702
0.50692; 494.376
0.51359; 493.985
0.52026; 493.531
0.52693; 493.015
0.5336; 492.436
0.54027; 491.797
0.54694; 491.097
0.55361; 490.339
0.56028; 489.523
0.56695; 488.651
0.57362; 487.723
0.58029; 486.742
0.58696; 485.708
0.59363; 484.623
0.6003; 483.489
0.60697; 482.308
0.61364; 481.08
0.62031; 479.808
0.62698; 478.493
0.63365; 477.137
0.64032; 475.741
0.64699; 474.307
0.65366; 472.837
0.66033; 471.333
0.667; 469.795
0.67367; 468.226
0.68034; 466.627
0.68701; 464.999
0.69368; 463.344
0.70035; 461.664
0.70702; 459.958
0.71369; 458.229
0.72036; 456.478
0.72703; 454.704
0.7337; 452.91
0.74037; 451.095
0.74704; 449.261
0.75371; 447.407
0.76038; 445.533
0.76705; 443.64
0.77372; 441.726
0.78039; 439.792
0.78706; 437.836
0.79373; 435.858
0.8004; 433.854
0.80707; 431.825
0.81374; 429.766
0.82041; 427.676
0.82708; 425.55
0.83375; 423.385
0.84042; 421.176
0.84709; 418.917
0.85376; 416.602
0.86043; 414.223
0.8671; 411.772
0.87377; 409.239
0.88044; 406.612
0.88711; 403.878
0.89378; 401.024
0.90045; 398.033
0.90712; 394.89
0.91379; 391.579
0.92046; 388.089
0.92713; 384.418
0.9338; 380.585
0.94047; 376.647
0.94714; 372.732
0.95381; 369.086
0.96048; 366.116
0.96715; 364.377
0.97382; 364.377
0.98049; 366.116
0.98716; 369.086
0.99383; 372.732
1.0005; 376.647
1.00717; 380.585
1.01384; 384.418
1.02051; 388.089
1.02718; 391.579
1.03385; 394.89
1.04052; 398.033
1.04719; 401.024
1.05386; 403.878
1.06053; 406.612
1.0672; 409.239
1.07387; 411.772
1.08054; 414.223
1.08721; 416.602
1.09388; 418.917
1.10055; 421.176
1.10722; 423.385
1.11389; 425.55
1.12056; 427.676
1.12723; 429.766
1.1339; 431.825
1.14057; 433.854
1.14724; 435.858
1.15391; 437.836
1.16058; 439.792
1.16725; 441.726
1.17392; 443.64
1.18059; 445.533
1.18726; 447.407
1.19393; 449.261
1.2006; 451.095
1.20727; 452.91
1.21394; 454.704
1.22061; 456.478
1.22728; 458.229
1.23395; 459.958
1.24062; 461.664
1.24729; 463.344
1.25396; 464.999
1.26063; 466.627
1.2673; 468.226
1.27397; 469.795
1.28064; 471.333
1.28731; 472.837
1.29398; 474.307
1.30065; 475.741
1.30732; 477.137
1.31399; 478.493
1.32066; 479.808
1.32733; 481.08
1.334; 482.308
1.34067; 483.489
1.34734; 484.623
1.35401; 485.708
1.36068; 486.742
1.36735; 487.723
1.37402; 488.651
1.38069; 489.523
1.38736; 490.339
1.39403; 491.097
1.4007; 491.797
1.40737; 492.436
1.41404; 493.015
1.42071; 493.531
1.42738; 493.985
1.43405; 494.376
1.44072; 494.702
1.44739; 494.964
1.45406; 495.16
1.46073; 495.291
1.4674; 495.357
1.47407; 0
1.48074; 0
1.48741; 0
1.49408; 0
1.50075; 0
1.50742; 0
1.51409; 0
1.52076; 0
1.52743; 0
1.5341; 0
1.54077; 0
1.54744; 0
1.55411; 0
1.56078; 0
1.56745; 0
1.57412; 0
1.58079; 0
1.58746; 0
1.59413; 0
1.6008; 0
1.60747; 0
1.61414; 0
1.62081; 0
1.62748; 0
1.63415; 0
1.64082; 0
1.64749; 0
1.65416; 0
1.66083; 0
1.6675; 0
1.67417; 0
1.68084; 0
1.68751; 0
1.69418; 0
1.70085; 0
1.70752; 0
1.71419; 0
1.72086; 0
1.72753; 0
1.7342; 0
1.74087; 0
1.74754; 0
1.75421; 0
1.76088; 0
1.76755; 0
1.77422; 0
1.78089; 0
1.78756; 0
1.79423; 0
1.8009; 0
1.80757; 0
1.81424; 0
1.82091; 0
1.82758; 0
1.83425; 0
1.84092; 0
1.84759; 0
1.85426; 0
1.86093; 0
1.8676; 0
1.87427; 0
1.88094; 0
1.88761; 0
1.89428; 0
1.90095; 0
1.90762; 0
1.91429; 0
1.92096; 0
1.92763; 0
1.9343; 0
1.94097; 0
1.94764; 0
1.95431; 0
1.96098; 0
1.96765; 0
1.97432; 0
1.98099; 0
1.98766; 0
1.99433; 0
2.001; 0
