0.00667; 0
0.01334; 0
0.02001; 0
0.02668; 0
0.03335; 0
0.04002; 0
0.04669; 0
0.05336; 0
0.06003; 0
0.0667; 0
0.07337; 0
0.08004; 0
0.08671; 0
0.09338; 0
0.10005; 0
0.10672; 0
0.11339; 0
0.12006; 0
0.12673; 0
0.1334; 0
0.14007; 0
0.14674; 0
0.15341; 0
0.16008; 0
0.16675; 0
0.17342; 0
0.18009; 0
0.18676; 0
0.19343; 0
0.2001; 0
0.20677; 0
0.21344; 0
0.22011; 0
0.22678; 0
0.23345; 0
0.24012; 0
0.24679; 0
0.25346; 0
0.26013; 0
0.2668; 0
0.27347; 0
0.28014; 0
0.28681; 0
0.29348; 0
0.30015; 0
0.30682; 0
0.31349; 0
0.32016; 0
0.32683; 0
0.3335; 0
0.34017; 0
0.34684; 0
0.35351; 0
0.36018; 0
0.36685; 0
0.37352; 0
0.38019; 0
0.38686; 0
0.39353; 0
0.4002; 0
0.40687; 0
0.41354; 0
0.42021; 0
0.42688; 0
0.43355; 0
0.44022; 0
0.44689; 0
0.45356; 0
0.46023; 0
0.4669; 0
0.47357; 664.439
0.48024; 664.371
0.48691; 664.236
0.49358; 664.033
0.50025; 663.762
0.50692; 663.424
0.51359; 663.019
0.52026; 662.547
0.52693; 662.008
0.5336; 661.403
0.54027; 660.733
0.54694; 659.997
0.55361; 659.196
0.56028; 658.331
0.56695; 657.402
0.57362; 656.41
0.58029; 655.355
0.58696; 654.237
0.59363; 653.058
0.6003; 651.818
0.60697; 650.517
0.61364; 649.155
0.62031; 647.735
0.62698; 646.254
0.63365; 644.715
0.64032; 643.118
0.64699; 641.462
0.65366; 639.749
0.66033; 637.978
0.667; 636.149
0.67367; 634.262
0.68034; 632.318
0.68701; 630.317
0.69368; 628.256
0.70035; 626.137
0.70702; 623.959
0.71369; 621.721
0.72036; 619.421
0.72703; 617.058
0.7337; 614.632
0.74037; 612.14
0.74704; 609.581
0.75371; 606.951
0.76038; 604.25
0.76705; 601.472
0.77372; 598.615
0.78039; 595.675
0.78706; 592.647
0.79373; 589.527
0.8004; 586.308
0.80707; 582.984
0.81374; 579.548
0.82041; 575.991
0.82708; 572.304
0.83375; 568.476
0.84042; 564.496
0.84709; 560.348
0.85376; 556.018
0.86043; 551.487
0.8671; 546.737
0.87377; 541.743
0.88044; 536.48
0.88711; 530.919
0.89378; 525.029
0.90045; 518.774
0.90712; 512.118
0.91379; 505.029
0.92046; 497.483
0.92713; 489.476
0.9338; 481.053
0.94047; 472.347
0.94714; 463.652
0.95381; 455.524
0.96048; 448.884
0.96715; 444.991
0.97382; 444.991
0.98049; 448.884
0.98716; 455.524
0.99383; 463.652
1.0005; 472.347
1.00717; 481.053
1.01384; 489.476
1.02051; 497.483
1.02718; 505.029
1.03385; 512.118
1.04052; 518.774
1.04719; 525.029
1.05386; 530.919
1.06053; 536.48
1.0672; 541.743
1.07387; 546.737
1.08054; 551.487
1.08721; 556.018
1.09388; 560.348
1.10055; 564.496
1.10722; 568.476
1.11389; 572.304
1.12056; 575.991
1.12723; 579.548
1.1339; 582.984
1.14057; 586.308
1.14724; 589.527
1.15391; 592.647
1.16058; 595.675
1.16725; 598.615
1.17392; 601.472
1.18059; 604.25
1.18726; 606.951
1.19393; 609.581
1.2006; 612.14
1.20727; 614.632
1.21394; 617.058
1.22061; 619.421
1.22728; 621.721
1.23395; 623.959
1.24062; 626.137
1.24729; 628.256
1.25396; 630.317
1.26063; 632.318
1.2673; 634.262
1.27397; 636.149
1.28064; 637.978
1.28731; 639.749
1.29398; 641.462
1.30065; 643.118
1.30732; 644.715
1.31399; 646.254
1.32066; 647.735
1.32733; 649.155
1.334; 650.517
1.34067; 651.818
1.34734; 653.058
1.35401; 654.237
1.36068; 655.355
1.36735; 656.41
1.37402; 657.402
1.38069; 658.331
1.38736; 659.196
1.39403; 659.997
1.4007; 660.733
1.40737; 661.403
1.41404; 662.008
1.42071; 662.547
1.42738; 663.019
1.43405; 663.424
1.44072; 663.762
1.44739; 664.033
1.45406; 664.236
1.46073; 664.371
1.4674; 664.439
1.47407; 0
1.48074; 0
1.48741; 0
1.49408; 0
1.50075; 0
1.50742; 0
1.51409; 0
1.52076; 0
1.52743; 0
1.5341; 0
1.54077; 0
1.54744; 0
1.55411; 0
1.56078; 0
1.56745; 0
1.57412; 0
1.58079; 0
1.58746; 0
1.59413; 0
1.6008; 0
1.60747; 0
1.61414; 0
1.62081; 0
1.62748; 0
1.63415; 0
1.64082; 0
1.64749; 0
1.65416; 0
1.66083; 0
1.6675; 0
1.67417; 0
1.68084; 0
1.68751; 0
1.69418; 0
1.70085; 0
1.70752; 0
1.71419; 0
1.72086; 0
1.72753; 0
1.7342; 0
1.74087; 0
1.74754; 0
1.75421; 0
1.76088; 0
1.76755; 0
1.77422; 0
1.78089; 0
1.78756; 0
1.79423; 0
1.8009; 0
1.80757; 0
1.81424; 0
1.82091; 0
1.82758; 0
1.83425; 0
1.84092; 0
1.84759; 0
1.85426; 0
1.86093; 0
1.8676; 0
1.87427; 0
1.88094; 0
1.88761; 0
1.89428; 0
1.90095; 0
1.90762; 0
1.91429; 0
1.92096; 0
1.92763; 0
1.9343; 0
1.94097; 0
1.94764; 0
1.95431; 0
1.96098; 0
1.96765; 0
1.97432; 0
1.98099; 0
1.98766; 0
1.99433; 0
2.001; 0
