0.00667; 0
0.01334; 0
0.02001; 0
0.02668; 0
0.03335; 0
0.04002; 0
0.04669; 0
0.05336; 0
0.06003; 0
0.0667; 0
0.07337; 0
0.08004; 0
0.08671; 0
0.09338; 0
0.10005; 0
0.10672; 0
0.11339; 0
0.12006; 0
0.12673; 0
0.1334; 0
0.14007; 0
0.14674; 0
0.15341; 0
0.16008; 0
0.16675; 0
0.17342; 0
0.18009; 0
0.18676; 0
0.19343; 0
0.2001; 0
0.20677; 0
0.21344; 0
0.22011; 0
0.22678; 0
0.23345; 0
0.24012; 0
0.24679; 0
0.25346; 0
0.26013; 0
0.2668; 0
0.27347; 0
0.28014; 0
0.28681; 0
0.29348; 0
0.30015; 0
0.30682; 0
0.31349; 0
0.32016; 0
0.32683; 0
0.3335; 0
0.34017; 0
0.34684; 0
0.35351; 0
0.36018; 0
0.36685; 0
0.37352; 0
0.38019; 0
0.38686; 0
0.39353; 0
0.4002; 0
0.40687; 0
0.41354; 0
0.42021; 0
0.42688; 0
0.43355; 0
0.44022; 0
0.44689; 0
0.45356; 0
0.46023; 0
0.4669; 0
0.47357; 585.219
0.48024; 585.152
0.48691; 585.018
0.49358; 584.817
0.50025; 584.549
0.50692; 584.215
0.51359; 583.816
0.52026; 583.35
0.52693; 582.82
0.5336; 582.225
0.54027; 581.567
0.54694; 580.846
0.55361; 580.062
0.56028; 579.217
0.56695; 578.311
0.57362; 577.345
0.58029; 576.321
0.58696; 575.239
0.59363; 574.1
0.6003; 572.906
0.60697; 571.656
0.61364; 570.353
0.62031; 568.997
0.62698; 567.59
0.63365; 566.132
0.64032; 564.624
0.64699; 563.067
0.65366; 561.463
0.66033; 559.812
0.667; 558.114
0.67367; 556.372
0.68034; 554.584
0.68701; 552.752
0.69368; 550.877
0.70035; 548.958
0.70702; 546.996
0.71369; 544.992
0.72036; 542.944
0.72703; 540.853
0.7337; 538.718
0.74037; 536.539
0.74704; 534.315
0.75371; 532.044
0.76038; 529.727
0.76705; 527.359
0.77372; 524.941
0.78039; 522.469
0.78706; 519.94
0.79373; 517.352
0.8004; 514.7
0.80707; 511.98
0.81374; 509.187
0.82041; 506.315
0.82708; 503.358
0.83375; 500.308
0.84042; 497.157
0.84709; 493.894
0.85376; 490.508
0.86043; 486.986
0.8671; 483.313
0.87377; 479.473
0.88044; 475.447
0.88711; 471.213
0.89378; 466.748
0.90045; 462.026
0.90712; 457.02
0.91379; 451.706
0.92046; 446.065
0.92713; 440.095
0.9338; 433.829
0.94047; 427.363
0.94714; 420.915
0.95381; 414.893
0.96048; 409.978
0.96715; 407.098
0.97382; 407.098
0.98049; 409.978
0.98716; 414.893
0.99383; 420.915
1.0005; 427.363
1.00717; 433.829
1.01384; 440.095
1.02051; 446.065
1.02718; 451.706
1.03385; 457.02
1.04052; 462.026
1.04719; 466.748
1.05386; 471.213
1.06053; 475.447
1.0672; 479.473
1.07387; 483.313
1.08054; 486.986
1.08721; 490.508
1.09388; 493.894
1.10055; 497.157
1.10722; 500.308
1.11389; 503.358
1.12056; 506.315
1.12723; 509.187
1.1339; 511.98
1.14057; 514.7
1.14724; 517.352
1.15391; 519.94
1.16058; 522.469
1.16725; 524.941
1.17392; 527.359
1.18059; 529.727
1.18726; 532.044
1.19393; 534.315
1.2006; 536.539
1.20727; 538.718
1.21394; 540.853
1.22061; 542.944
1.22728; 544.992
1.23395; 546.996
1.24062; 548.958
1.24729; 550.877
1.25396; 552.752
1.26063; 554.584
1.2673; 556.372
1.27397; 558.114
1.28064; 559.812
1.28731; 561.463
1.29398; 563.067
1.30065; 564.624
1.30732; 566.132
1.31399; 567.59
1.32066; 568.997
1.32733; 570.353
1.334; 571.656
1.34067; 572.906
1.34734; 574.1
1.35401; 575.239
1.36068; 576.321
1.36735; 577.345
1.37402; 578.311
1.38069; 579.217
1.38736; 580.062
1.39403; 580.846
1.4007; 581.567
1.40737; 582.225
1.41404; 582.82
1.42071; 583.35
1.42738; 583.816
1.43405; 584.215
1.44072; 584.549
1.44739; 584.817
1.45406; 585.018
1.46073; 585.152
1.4674; 585.219
1.47407; 0
1.48074; 0
1.48741; 0
1.49408; 0
1.50075; 0
1.50742; 0
1.51409; 0
1.52076; 0
1.52743; 0
1.5341; 0
1.54077; 0
1.54744; 0
1.55411; 0
1.56078; 0
1.56745; 0
1.57412; 0
1.58079; 0
1.58746; 0
1.59413; 0
1.6008; 0
1.60747; 0
1.61414; 0
1.62081; 0
1.62748; 0
1.63415; 0
1.64082; 0
1.64749; 0
1.65416; 0
1.66083; 0
1.6675; 0
1.67417; 0
1.68084; 0
1.68751; 0
1.69418; 0
1.70085; 0
1.70752; 0
1.71419; 0
1.72086; 0
1.72753; 0
1.7342; 0
1.74087; 0
1.74754; 0
1.75421; 0
1.76088; 0
1.76755; 0
1.77422; 0
1.78089; 0
1.78756; 0
1.79423; 0
1.8009; 0
1.80757; 0
1.81424; 0
1.82091; 0
1.82758; 0
1.83425; 0
1.84092; 0
1.84759; 0
1.85426; 0
1.86093; 0
1.8676; 0
1.87427; 0
1.88094; 0
1.88761; 0
1.89428; 0
1.90095; 0
1.90762; 0
1.91429; 0
1.92096; 0
1.92763; 0
1.9343; 0
1.94097; 0
1.94764; 0
1.95431; 0
1.96098; 0
1.96765; 0
1.97432; 0
1.98099; 0
1.98766; 0
1.99433; 0
2.001; 0
