0.00026; 765.847
0.00052; 765.844
0.00078; 765.847
0.00104; 765.847
0.0013; 765.845
0.00156; 765.843
0.00182; 765.843
0.00208; 765.844
0.00234; 765.842
0.0026; 765.837
0.00286; 765.84
0.00312; 765.841
0.00338; 765.839
0.00364; 765.836
0.0039; 765.837
0.00416; 765.837
0.00442; 765.835
0.00468; 765.831
0.00494; 765.834
0.0052; 765.834
0.00546; 765.832
0.00572; 765.83
0.00598; 765.83
0.00624; 765.831
0.0065; 765.829
0.00676; 765.825
0.00702; 765.828
0.00728; 765.828
0.00754; 765.826
0.0078; 765.824
0.00806; 765.825
0.00832; 765.825
0.00858; 765.824
0.00884; 765.819
0.0091; 765.822
0.00936; 765.823
0.00962; 765.821
0.00988; 765.818
0.01014; 765.819
0.0104; 765.82
0.01066; 765.818
0.01092; 765.814
0.01118; 765.817
0.01144; 765.817
0.0117; 765.816
0.01196; 765.813
0.01222; 765.814
0.01248; 765.815
0.01274; 765.813
0.013; 765.808
0.01326; 765.811
0.01352; 765.812
0.01378; 765.811
0.01404; 765.808
0.0143; 765.809
0.01456; 765.81
0.01482; 765.808
0.01508; 765.804
0.01534; 765.807
0.0156; 765.808
0.01586; 765.806
0.01612; 765.804
0.01638; 765.805
0.01664; 765.806
0.0169; 765.804
0.01716; 765.799
0.01742; 765.803
0.01768; 765.804
0.01794; 765.802
0.0182; 765.8
0.01846; 765.801
0.01872; 765.802
0.01898; 765.8
0.01924; 765.796
0.0195; 765.799
0.01976; 765.8
0.02002; 765.798
0.02028; 765.796
0.02054; 765.797
0.0208; 765.798
0.02106; 765.796
0.02132; 765.792
0.02158; 765.795
0.02184; 765.796
0.0221; 765.795
0.02236; 765.793
0.02262; 765.794
0.02288; 765.795
0.02314; 765.793
0.0234; 765.789
0.02366; 765.792
0.02392; 765.793
0.02418; 765.792
0.02444; 765.79
0.0247; 765.791
0.02496; 765.792
0.02522; 765.79
0.02548; 765.786
0.02574; 765.79
0.026; 765.791
0.02626; 765.789
0.02652; 765.787
0.02678; 765.788
0.02704; 765.789
0.0273; 765.788
0.02756; 765.784
0.02782; 765.787
0.02808; 765.788
0.02834; 765.787
0.0286; 765.785
0.02886; 765.786
0.02912; 765.787
0.02938; 765.786
0.02964; 765.782
0.0299; 765.785
0.03016; 765.786
0.03042; 765.785
0.03068; 765.783
0.03094; 765.784
0.0312; 765.786
0.03146; 765.784
0.03172; 765.78
0.03198; 765.784
0.03224; 765.785
0.0325; 765.784
0.03276; 765.782
0.03302; 765.783
0.03328; 765.784
0.03354; 765.783
0.0338; 765.779
0.03406; 765.782
0.03432; 765.784
0.03458; 765.782
0.03484; 765.78
0.0351; 765.782
0.03536; 765.783
0.03562; 765.782
0.03588; 765.778
0.03614; 765.782
0.0364; 765.783
0.03666; 765.782
0.03692; 765.78
0.03718; 765.781
0.03744; 765.782
0.0377; 765.781
0.03796; 765.777
0.03822; 765.781
0.03848; 765.782
0.03874; 765.781
0.039; 765.779
0.03926; 765.781
0.03952; 765.782
0.03978; 765.781
0.04004; 765.777
0.0403; 765.781
0.04056; 765.782
0.04082; 765.781
0.04108; 765.779
0.04134; 765.781
0.0416; 765.782
0.04186; 765.781
0.04212; 765.777
0.04238; 765.781
0.04264; 765.782
0.0429; 765.782
0.04316; 765.78
0.04342; 765.781
0.04368; 765.783
0.04394; 765.782
0.0442; 765.778
0.04446; 765.781
0.04472; 765.783
0.04498; 765.782
0.04524; 765.78
0.0455; 765.782
0.04576; 765.783
0.04602; 765.782
0.04628; 765.778
0.04654; 765.782
0.0468; 765.784
0.04706; 765.783
0.04732; 765.781
0.04758; 765.783
0.04784; 765.784
0.0481; 765.783
0.04836; 765.78
0.04862; 765.784
0.04888; 765.785
0.04914; 765.785
0.0494; 765.783
0.04966; 765.784
0.04992; 765.786
0.05018; 765.785
0.05044; 765.781
0.0507; 765.785
0.05096; 765.787
0.05122; 765.786
0.05148; 765.785
0.05174; 765.786
0.052; 765.788
0.05226; 765.787
0.05252; 765.783
0.05278; 765.787
0.05304; 765.789
0.0533; 765.788
0.05356; 765.787
0.05382; 765.788
0.05408; 765.79
0.05434; 765.789
0.0546; 765.786
0.05486; 765.789
0.05512; 765.791
0.05538; 765.791
0.05564; 765.789
0.0559; 765.791
0.05616; 765.792
0.05642; 765.792
0.05668; 765.788
0.05694; 765.792
0.0572; 765.794
0.05746; 765.793
0.05772; 765.792
0.05798; 765.794
0.05824; 765.795
0.0585; 765.795
0.05876; 765.791
0.05902; 765.795
0.05928; 765.797
0.05954; 765.797
0.0598; 765.795
0.06006; 765.797
0.06032; 765.799
0.06058; 765.798
0.06084; 765.795
0.0611; 765.799
0.06136; 765.801
0.06162; 765.8
0.06188; 765.798
0.06214; 765.8
0.0624; 765.802
0.06266; 765.802
0.06292; 765.798
0.06318; 765.802
0.06344; 765.804
0.0637; 765.804
0.06396; 765.803
0.06422; 765.804
0.06448; 765.806
0.06474; 765.806
0.065; 765.802
0.06526; 765.807
0.06552; 765.809
0.06578; 765.808
0.06604; 765.807
0.0663; 765.809
0.06656; 765.811
0.06682; 765.81
0.06708; 765.807
0.06734; 765.811
0.0676; 765.813
0.06786; 765.813
0.06812; 765.811
0.06838; 765.813
0.06864; 765.815
0.0689; 765.815
0.06916; 765.811
0.06942; 765.816
0.06968; 765.818
0.06994; 765.817
0.0702; 765.816
0.07046; 765.818
0.07072; 765.82
0.07098; 765.82
0.07124; 765.817
0.0715; 765.821
0.07176; 765.823
0.07202; 765.823
0.07228; 765.822
0.07254; 765.824
0.0728; 765.826
0.07306; 765.825
0.07332; 765.822
0.07358; 765.826
0.07384; 765.828
0.0741; 765.828
0.07436; 765.827
0.07462; 765.829
0.07488; 765.831
0.07514; 765.831
0.0754; 765.828
0.07566; 765.832
0.07592; 765.834
0.07618; 765.834
0.07644; 765.833
0.0767; 765.835
0.07696; 765.837
0.07722; 765.837
0.07748; 765.834
0.07774; 765.838
0.078; 765.84
