0.00026; 0
0.00052; 0
0.00078; 0
0.00104; 0
0.0013; 0
0.00156; 0
0.00182; 0
0.00208; 0
0.00234; 0
0.0026; 0
0.00286; 0
0.00312; 0
0.00338; 0
0.00364; 0
0.0039; 0
0.00416; 0
0.00442; 0
0.00468; 0
0.00494; 0
0.0052; 0
0.00546; 0
0.00572; 0
0.00598; 0
0.00624; 0
0.0065; 0
0.00676; 0
0.00702; 0
0.00728; 0
0.00754; 0
0.0078; 0
0.00806; 0
0.00832; 0
0.00858; 0
0.00884; 0
0.0091; 0
0.00936; 0
0.00962; 0
0.00988; 0
0.01014; 0
0.0104; 0
0.01066; 0
0.01092; 0
0.01118; 0
0.01144; 0
0.0117; 0
0.01196; 0
0.01222; 0
0.01248; 0
0.01274; 0
0.013; 0
0.01326; 0
0.01352; 0
0.01378; 0
0.01404; 0
0.0143; 0
0.01456; 0
0.01482; 0
0.01508; 0
0.01534; 0
0.0156; 0
0.01586; 0
0.01612; 0
0.01638; 0
0.01664; 0
0.0169; 0
0.01716; 0
0.01742; 0
0.01768; 0
0.01794; 0
0.0182; 0
0.01846; 0
0.01872; 0
0.01898; 0
0.01924; 0
0.0195; 0
0.01976; 0
0.02002; 0
0.02028; 0
0.02054; 0
0.0208; 0
0.02106; 0
0.02132; 0
0.02158; 0
0.02184; 0
0.0221; 0
0.02236; 0
0.02262; 0
0.02288; 607.185
0.02314; 607.038
0.0234; 606.868
0.02366; 606.704
0.02392; 606.563
0.02418; 606.423
0.02444; 606.276
0.0247; 606.151
0.02496; 606.033
0.02522; 605.917
0.02548; 605.796
0.02574; 605.681
0.026; 605.587
0.02626; 605.492
0.02652; 605.388
0.02678; 605.307
0.02704; 605.232
0.0273; 605.157
0.02756; 605.077
0.02782; 605.002
0.02808; 604.948
0.02834; 604.892
0.0286; 604.827
0.02886; 604.784
0.02912; 604.745
0.02938; 604.706
0.02964; 604.661
0.0299; 604.622
0.03016; 604.601
0.03042; 604.579
0.03068; 604.546
0.03094; 604.534
0.0312; 604.526
0.03146; 604.518
0.03172; 604.502
0.03198; 604.491
0.03224; 604.498
0.0325; 604.502
0.03276; 604.495
0.03302; 604.51
0.03328; 604.526
0.03354; 604.541
0.0338; 604.549
0.03406; 604.56
0.03432; 604.589
0.03458; 604.615
0.03484; 604.628
0.0351; 604.663
0.03536; 604.697
0.03562; 604.732
0.03588; 604.757
0.03614; 604.786
0.0364; 604.832
0.03666; 604.873
0.03692; 604.902
0.03718; 604.951
0.03744; 605
0.0377; 605.047
0.03796; 605.086
0.03822; 605.127
0.03848; 605.185
0.03874; 605.238
0.039; 605.278
0.03926; 605.338
0.03952; 605.397
0.03978; 605.454
0.04004; 605.502
0.0403; 605.553
0.04056; 605.619
0.04082; 605.68
0.04108; 605.729
0.04134; 605.797
0.0416; 605.864
0.04186; 605.928
0.04212; 605.984
0.04238; 606.041
0.04264; 606.115
0.0429; 606.183
0.04316; 606.238
0.04342; 606.313
0.04368; 606.386
0.04394; 606.457
0.0442; 606.519
0.04446; 606.584
0.04472; 606.663
0.04498; 606.738
0.04524; 606.8
0.0455; 606.882
0.04576; 606.962
0.04602; 607.041
0.04628; 607.11
0.04654; 607.182
0.0468; 607.27
0.04706; 607.352
0.04732; 607.423
0.04758; 607.513
0.04784; 607.602
0.0481; 607.69
0.04836; 607.77
0.04862; 607.852
0.04888; 607.95
0.04914; 608.044
0.0494; 608.126
0.04966; 608.228
0.04992; 608.33
0.05018; 608.431
0.05044; 608.524
0.0507; 608.62
0.05096; 608.733
0.05122; 608.842
0.05148; 608.94
0.05174; 609.058
0.052; 609.177
0.05226; 609.295
0.05252; 609.406
0.05278; 609.521
0.05304; 609.653
0.0533; 609.782
0.05356; 609.901
0.05382; 610.041
0.05408; 610.181
0.05434; 610.322
0.0546; 610.456
0.05486; 610.595
0.05512; 610.752
0.05538; 610.906
0.05564; 611.05
0.0559; 611.216
0.05616; 611.383
0.05642; 611.552
0.05668; 611.715
0.05694; 611.884
0.0572; 612.072
0.05746; 612.259
0.05772; 612.439
0.05798; 612.639
0.05824; 612.819
0.0585; 0
0.05876; 0
0.05902; 0
0.05928; 0
0.05954; 0
0.0598; 0
0.06006; 0
0.06032; 0
0.06058; 0
0.06084; 0
0.0611; 0
0.06136; 0
0.06162; 0
0.06188; 0
0.06214; 0
0.0624; 0
0.06266; 0
0.06292; 0
0.06318; 0
0.06344; 0
0.0637; 0
0.06396; 0
0.06422; 0
0.06448; 0
0.06474; 0
0.065; 0
0.06526; 0
0.06552; 0
0.06578; 0
0.06604; 0
0.0663; 0
0.06656; 0
0.06682; 0
0.06708; 0
0.06734; 0
0.0676; 0
0.06786; 0
0.06812; 0
0.06838; 0
0.06864; 0
0.0689; 0
0.06916; 0
0.06942; 0
0.06968; 0
0.06994; 0
0.0702; 0
0.07046; 0
0.07072; 0
0.07098; 0
0.07124; 0
0.0715; 0
0.07176; 0
0.07202; 0
0.07228; 0
0.07254; 0
0.0728; 0
0.07306; 0
0.07332; 0
0.07358; 0
0.07384; 0
0.0741; 0
0.07436; 0
0.07462; 0
0.07488; 0
0.07514; 0
0.0754; 0
0.07566; 0
0.07592; 0
0.07618; 0
0.07644; 0
0.0767; 0
0.07696; 0
0.07722; 0
0.07748; 0
0.07774; 0
0.078; 0
