0.00667; 0
0.01334; 0
0.02001; 0
0.02668; 0
0.03335; 0
0.04002; 0
0.04669; 0
0.05336; 0
0.06003; 0
0.0667; 0
0.07337; 0
0.08004; 0
0.08671; 0
0.09338; 0
0.10005; 0
0.10672; 0
0.11339; 0
0.12006; 0
0.12673; 0
0.1334; 0
0.14007; 0
0.14674; 0
0.15341; 0
0.16008; 0
0.16675; 0
0.17342; 0
0.18009; 0
0.18676; 0
0.19343; 0
0.2001; 0
0.20677; 0
0.21344; 0
0.22011; 0
0.22678; 0
0.23345; 0
0.24012; 0
0.24679; 0
0.25346; 0
0.26013; 0
0.2668; 0
0.27347; 0
0.28014; 0
0.28681; 0
0.29348; 0
0.30015; 0
0.30682; 0
0.31349; 0
0.32016; 0
0.32683; 0
0.3335; 0
0.34017; 0
0.34684; 0
0.35351; 0
0.36018; 0
0.36685; 0
0.37352; 0
0.38019; 0
0.38686; 0
0.39353; 0
0.4002; 0
0.40687; 0
0.41354; 0
0.42021; 0
0.42688; 0
0.43355; 0
0.44022; 0
0.44689; 0
0.45356; 0
0.46023; 0
0.4669; 0
0.47357; 598.842
0.48024; 598.775
0.48691; 598.641
0.49358; 598.439
0.50025; 598.171
0.50692; 597.837
0.51359; 597.436
0.52026; 596.969
0.52693; 596.438
0.5336; 595.841
0.54027; 595.181
0.54694; 594.457
0.55361; 593.67
0.56028; 592.821
0.56695; 591.912
0.57362; 590.941
0.58029; 589.912
0.58696; 588.824
0.59363; 587.678
0.6003; 586.475
0.60697; 585.217
0.61364; 583.903
0.62031; 582.536
0.62698; 581.116
0.63365; 579.644
0.64032; 578.121
0.64699; 576.547
0.65366; 574.924
0.66033; 573.252
0.667; 571.532
0.67367; 569.764
0.68034; 567.95
0.68701; 566.089
0.69368; 564.182
0.70035; 562.229
0.70702; 560.229
0.71369; 558.184
0.72036; 556.093
0.72703; 553.955
0.7337; 551.77
0.74037; 549.537
0.74704; 547.256
0.75371; 544.923
0.76038; 542.539
0.76705; 540.101
0.77372; 537.607
0.78039; 535.055
0.78706; 532.44
0.79373; 529.76
0.8004; 527.011
0.80707; 524.187
0.81374; 521.283
0.82041; 518.294
0.82708; 515.211
0.83375; 512.028
0.84042; 508.734
0.84709; 505.318
0.85376; 501.77
0.86043; 498.075
0.8671; 494.217
0.87377; 490.179
0.88044; 485.94
0.88711; 481.478
0.89378; 476.767
0.90045; 471.781
0.90712; 466.492
0.91379; 460.873
0.92046; 454.904
0.92713; 448.584
0.9338; 441.947
0.94047; 435.097
0.94714; 428.262
0.95381; 421.878
0.96048; 416.666
0.96715; 413.612
0.97382; 413.612
0.98049; 416.666
0.98716; 421.878
0.99383; 428.262
1.0005; 435.097
1.00717; 441.947
1.01384; 448.584
1.02051; 454.904
1.02718; 460.873
1.03385; 466.492
1.04052; 471.781
1.04719; 476.767
1.05386; 481.478
1.06053; 485.94
1.0672; 490.179
1.07387; 494.217
1.08054; 498.075
1.08721; 501.77
1.09388; 505.318
1.10055; 508.734
1.10722; 512.028
1.11389; 515.211
1.12056; 518.294
1.12723; 521.283
1.1339; 524.187
1.14057; 527.011
1.14724; 529.76
1.15391; 532.44
1.16058; 535.055
1.16725; 537.607
1.17392; 540.101
1.18059; 542.539
1.18726; 544.923
1.19393; 547.256
1.2006; 549.537
1.20727; 551.77
1.21394; 553.955
1.22061; 556.093
1.22728; 558.184
1.23395; 560.229
1.24062; 562.229
1.24729; 564.182
1.25396; 566.089
1.26063; 567.95
1.2673; 569.764
1.27397; 571.532
1.28064; 573.252
1.28731; 574.924
1.29398; 576.547
1.30065; 578.121
1.30732; 579.644
1.31399; 581.116
1.32066; 582.536
1.32733; 583.903
1.334; 585.217
1.34067; 586.475
1.34734; 587.678
1.35401; 588.824
1.36068; 589.912
1.36735; 590.941
1.37402; 591.912
1.38069; 592.821
1.38736; 593.67
1.39403; 594.457
1.4007; 595.181
1.40737; 595.841
1.41404; 596.438
1.42071; 596.969
1.42738; 597.436
1.43405; 597.837
1.44072; 598.171
1.44739; 598.439
1.45406; 598.641
1.46073; 598.775
1.4674; 598.842
1.47407; 0
1.48074; 0
1.48741; 0
1.49408; 0
1.50075; 0
1.50742; 0
1.51409; 0
1.52076; 0
1.52743; 0
1.5341; 0
1.54077; 0
1.54744; 0
1.55411; 0
1.56078; 0
1.56745; 0
1.57412; 0
1.58079; 0
1.58746; 0
1.59413; 0
1.6008; 0
1.60747; 0
1.61414; 0
1.62081; 0
1.62748; 0
1.63415; 0
1.64082; 0
1.64749; 0
1.65416; 0
1.66083; 0
1.6675; 0
1.67417; 0
1.68084; 0
1.68751; 0
1.69418; 0
1.70085; 0
1.70752; 0
1.71419; 0
1.72086; 0
1.72753; 0
1.7342; 0
1.74087; 0
1.74754; 0
1.75421; 0
1.76088; 0
1.76755; 0
1.77422; 0
1.78089; 0
1.78756; 0
1.79423; 0
1.8009; 0
1.80757; 0
1.81424; 0
1.82091; 0
1.82758; 0
1.83425; 0
1.84092; 0
1.84759; 0
1.85426; 0
1.86093; 0
1.8676; 0
1.87427; 0
1.88094; 0
1.88761; 0
1.89428; 0
1.90095; 0
1.90762; 0
1.91429; 0
1.92096; 0
1.92763; 0
1.9343; 0
1.94097; 0
1.94764; 0
1.95431; 0
1.96098; 0
1.96765; 0
1.97432; 0
1.98099; 0
1.98766; 0
1.99433; 0
2.001; 0
