0.00667; 0
0.01334; 0
0.02001; 0
0.02668; 0
0.03335; 0
0.04002; 0
0.04669; 0
0.05336; 0
0.06003; 0
0.0667; 0
0.07337; 0
0.08004; 0
0.08671; 0
0.09338; 0
0.10005; 0
0.10672; 0
0.11339; 0
0.12006; 0
0.12673; 0
0.1334; 0
0.14007; 0
0.14674; 0
0.15341; 0
0.16008; 0
0.16675; 0
0.17342; 0
0.18009; 0
0.18676; 0
0.19343; 0
0.2001; 0
0.20677; 0
0.21344; 0
0.22011; 0
0.22678; 0
0.23345; 0
0.24012; 0
0.24679; 0
0.25346; 0
0.26013; 0
0.2668; 0
0.27347; 0
0.28014; 0
0.28681; 0
0.29348; 0
0.30015; 0
0.30682; 0
0.31349; 0
0.32016; 0
0.32683; 0
0.3335; 0
0.34017; 0
0.34684; 0
0.35351; 0
0.36018; 0
0.36685; 0
0.37352; 0
0.38019; 0
0.38686; 0
0.39353; 0
0.4002; 0
0.40687; 0
0.41354; 0
0.42021; 0
0.42688; 0
0.43355; 0
0.44022; 0
0.44689; 0
0.45356; 0
0.46023; 0
0.4669; 0
0.47357; 421.718
0.48024; 421.658
0.48691; 421.537
0.49358; 421.356
0.50025; 421.115
0.50692; 420.815
0.51359; 420.456
0.52026; 420.039
0.52693; 419.566
0.5336; 419.036
0.54027; 418.451
0.54694; 417.812
0.55361; 417.12
0.56028; 416.377
0.56695; 415.585
0.57362; 414.743
0.58029; 413.856
0.58696; 412.923
0.59363; 411.947
0.6003; 410.929
0.60697; 409.872
0.61364; 408.777
0.62031; 407.646
0.62698; 406.482
0.63365; 405.286
0.64032; 404.059
0.64699; 402.806
0.65366; 401.526
0.66033; 400.223
0.667; 398.898
0.67367; 397.553
0.68034; 396.19
0.68701; 394.812
0.69368; 393.42
0.70035; 392.015
0.70702; 390.6
0.71369; 389.177
0.72036; 387.746
0.72703; 386.31
0.7337; 384.87
0.74037; 383.427
0.74704; 381.983
0.75371; 380.539
0.76038; 379.095
0.76705; 377.653
0.77372; 376.213
0.78039; 374.776
0.78706; 373.342
0.79373; 371.912
0.8004; 370.485
0.80707; 369.061
0.81374; 367.64
0.82041; 366.221
0.82708; 364.802
0.83375; 363.382
0.84042; 361.96
0.84709; 360.532
0.85376; 359.097
0.86043; 357.65
0.8671; 356.188
0.87377; 354.706
0.88044; 353.198
0.88711; 351.659
0.89378; 350.082
0.90045; 348.458
0.90712; 346.779
0.91379; 345.038
0.92046; 343.229
0.92713; 341.35
0.9338; 339.409
0.94047; 337.433
0.94714; 335.484
0.95381; 333.679
0.96048; 332.215
0.96715; 331.36
0.97382; 331.36
0.98049; 332.215
0.98716; 333.679
0.99383; 335.484
1.0005; 337.433
1.00717; 339.409
1.01384; 341.35
1.02051; 343.229
1.02718; 345.038
1.03385; 346.779
1.04052; 348.458
1.04719; 350.082
1.05386; 351.659
1.06053; 353.198
1.0672; 354.706
1.07387; 356.188
1.08054; 357.65
1.08721; 359.097
1.09388; 360.532
1.10055; 361.96
1.10722; 363.382
1.11389; 364.802
1.12056; 366.221
1.12723; 367.64
1.1339; 369.061
1.14057; 370.485
1.14724; 371.912
1.15391; 373.342
1.16058; 374.776
1.16725; 376.213
1.17392; 377.653
1.18059; 379.095
1.18726; 380.539
1.19393; 381.983
1.2006; 383.427
1.20727; 384.87
1.21394; 386.31
1.22061; 387.746
1.22728; 389.177
1.23395; 390.6
1.24062; 392.015
1.24729; 393.42
1.25396; 394.812
1.26063; 396.19
1.2673; 397.553
1.27397; 398.898
1.28064; 400.223
1.28731; 401.526
1.29398; 402.806
1.30065; 404.059
1.30732; 405.286
1.31399; 406.482
1.32066; 407.646
1.32733; 408.777
1.334; 409.872
1.34067; 410.929
1.34734; 411.947
1.35401; 412.923
1.36068; 413.856
1.36735; 414.743
1.37402; 415.585
1.38069; 416.377
1.38736; 417.12
1.39403; 417.812
1.4007; 418.451
1.40737; 419.036
1.41404; 419.566
1.42071; 420.039
1.42738; 420.456
1.43405; 420.815
1.44072; 421.115
1.44739; 421.356
1.45406; 421.537
1.46073; 421.658
1.4674; 421.718
1.47407; 0
1.48074; 0
1.48741; 0
1.49408; 0
1.50075; 0
1.50742; 0
1.51409; 0
1.52076; 0
1.52743; 0
1.5341; 0
1.54077; 0
1.54744; 0
1.55411; 0
1.56078; 0
1.56745; 0
1.57412; 0
1.58079; 0
1.58746; 0
1.59413; 0
1.6008; 0
1.60747; 0
1.61414; 0
1.62081; 0
1.62748; 0
1.63415; 0
1.64082; 0
1.64749; 0
1.65416; 0
1.66083; 0
1.6675; 0
1.67417; 0
1.68084; 0
1.68751; 0
1.69418; 0
1.70085; 0
1.70752; 0
1.71419; 0
1.72086; 0
1.72753; 0
1.7342; 0
1.74087; 0
1.74754; 0
1.75421; 0
1.76088; 0
1.76755; 0
1.77422; 0
1.78089; 0
1.78756; 0
1.79423; 0
1.8009; 0
1.80757; 0
1.81424; 0
1.82091; 0
1.82758; 0
1.83425; 0
1.84092; 0
1.84759; 0
1.85426; 0
1.86093; 0
1.8676; 0
1.87427; 0
1.88094; 0
1.88761; 0
1.89428; 0
1.90095; 0
1.90762; 0
1.91429; 0
1.92096; 0
1.92763; 0
1.9343; 0
1.94097; 0
1.94764; 0
1.95431; 0
1.96098; 0
1.96765; 0
1.97432; 0
1.98099; 0
1.98766; 0
1.99433; 0
2.001; 0
