0.00667; 0
0.01334; 0
0.02001; 0
0.02668; 0
0.03335; 0
0.04002; 0
0.04669; 0
0.05336; 0
0.06003; 0
0.0667; 0
0.07337; 0
0.08004; 0
0.08671; 0
0.09338; 0
0.10005; 0
0.10672; 0
0.11339; 0
0.12006; 0
0.12673; 0
0.1334; 0
0.14007; 0
0.14674; 0
0.15341; 0
0.16008; 0
0.16675; 0
0.17342; 0
0.18009; 0
0.18676; 0
0.19343; 0
0.2001; 0
0.20677; 0
0.21344; 0
0.22011; 0
0.22678; 0
0.23345; 0
0.24012; 0
0.24679; 0
0.25346; 0
0.26013; 0
0.2668; 0
0.27347; 0
0.28014; 0
0.28681; 0
0.29348; 0
0.30015; 0
0.30682; 0
0.31349; 0
0.32016; 0
0.32683; 0
0.3335; 0
0.34017; 0
0.34684; 0
0.35351; 0
0.36018; 0
0.36685; 0
0.37352; 0
0.38019; 0
0.38686; 0
0.39353; 0
0.4002; 0
0.40687; 0
0.41354; 0
0.42021; 0
0.42688; 0
0.43355; 0
0.44022; 0
0.44689; 0
0.45356; 0
0.46023; 0
0.4669; 0
0.47357; 567.736
0.48024; 567.669
0.48691; 567.535
0.49358; 567.335
0.50025; 567.068
0.50692; 566.735
0.51359; 566.337
0.52026; 565.873
0.52693; 565.345
0.5336; 564.753
0.54027; 564.097
0.54694; 563.379
0.55361; 562.599
0.56028; 561.758
0.56695; 560.858
0.57362; 559.899
0.58029; 558.881
0.58696; 557.807
0.59363; 556.678
0.6003; 555.493
0.60697; 554.256
0.61364; 552.966
0.62031; 551.624
0.62698; 550.233
0.63365; 548.793
0.64032; 547.306
0.64699; 545.771
0.65366; 544.191
0.66033; 542.567
0.667; 540.899
0.67367; 539.188
0.68034; 537.435
0.68701; 535.641
0.69368; 533.807
0.70035; 531.933
0.70702; 530.019
0.71369; 528.066
0.72036; 526.074
0.72703; 524.044
0.7337; 521.973
0.74037; 519.864
0.74704; 517.714
0.75371; 515.523
0.76038; 513.29
0.76705; 511.014
0.77372; 508.692
0.78039; 506.323
0.78706; 503.905
0.79373; 501.434
0.8004; 498.908
0.80707; 496.321
0.81374; 493.67
0.82041; 490.95
0.82708; 488.154
0.83375; 485.276
0.84042; 482.308
0.84709; 479.24
0.85376; 476.062
0.86043; 472.763
0.8671; 469.328
0.87377; 465.743
0.88044; 461.989
0.88711; 458.048
0.89378; 453.897
0.90045; 449.513
0.90712; 444.871
0.91379; 439.948
0.92046; 434.727
0.92713; 429.207
0.9338; 423.416
0.94047; 417.445
0.94714; 411.492
0.95381; 405.935
0.96048; 401.4
0.96715; 398.743
0.97382; 398.743
0.98049; 401.4
0.98716; 405.935
0.99383; 411.492
1.0005; 417.445
1.00717; 423.416
1.01384; 429.207
1.02051; 434.727
1.02718; 439.948
1.03385; 444.871
1.04052; 449.513
1.04719; 453.897
1.05386; 458.048
1.06053; 461.989
1.0672; 465.743
1.07387; 469.328
1.08054; 472.763
1.08721; 476.062
1.09388; 479.24
1.10055; 482.308
1.10722; 485.276
1.11389; 488.154
1.12056; 490.95
1.12723; 493.67
1.1339; 496.321
1.14057; 498.908
1.14724; 501.434
1.15391; 503.905
1.16058; 506.323
1.16725; 508.692
1.17392; 511.014
1.18059; 513.29
1.18726; 515.523
1.19393; 517.714
1.2006; 519.864
1.20727; 521.973
1.21394; 524.044
1.22061; 526.074
1.22728; 528.066
1.23395; 530.019
1.24062; 531.933
1.24729; 533.807
1.25396; 535.641
1.26063; 537.435
1.2673; 539.188
1.27397; 540.899
1.28064; 542.567
1.28731; 544.191
1.29398; 545.771
1.30065; 547.306
1.30732; 548.793
1.31399; 550.233
1.32066; 551.624
1.32733; 552.966
1.334; 554.256
1.34067; 555.493
1.34734; 556.678
1.35401; 557.807
1.36068; 558.881
1.36735; 559.899
1.37402; 560.858
1.38069; 561.758
1.38736; 562.599
1.39403; 563.379
1.4007; 564.097
1.40737; 564.753
1.41404; 565.345
1.42071; 565.873
1.42738; 566.337
1.43405; 566.735
1.44072; 567.068
1.44739; 567.335
1.45406; 567.535
1.46073; 567.669
1.4674; 567.736
1.47407; 0
1.48074; 0
1.48741; 0
1.49408; 0
1.50075; 0
1.50742; 0
1.51409; 0
1.52076; 0
1.52743; 0
1.5341; 0
1.54077; 0
1.54744; 0
1.55411; 0
1.56078; 0
1.56745; 0
1.57412; 0
1.58079; 0
1.58746; 0
1.59413; 0
1.6008; 0
1.60747; 0
1.61414; 0
1.62081; 0
1.62748; 0
1.63415; 0
1.64082; 0
1.64749; 0
1.65416; 0
1.66083; 0
1.6675; 0
1.67417; 0
1.68084; 0
1.68751; 0
1.69418; 0
1.70085; 0
1.70752; 0
1.71419; 0
1.72086; 0
1.72753; 0
1.7342; 0
1.74087; 0
1.74754; 0
1.75421; 0
1.76088; 0
1.76755; 0
1.77422; 0
1.78089; 0
1.78756; 0
1.79423; 0
1.8009; 0
1.80757; 0
1.81424; 0
1.82091; 0
1.82758; 0
1.83425; 0
1.84092; 0
1.84759; 0
1.85426; 0
1.86093; 0
1.8676; 0
1.87427; 0
1.88094; 0
1.88761; 0
1.89428; 0
1.90095; 0
1.90762; 0
1.91429; 0
1.92096; 0
1.92763; 0
1.9343; 0
1.94097; 0
1.94764; 0
1.95431; 0
1.96098; 0
1.96765; 0
1.97432; 0
1.98099; 0
1.98766; 0
1.99433; 0
2.001; 0
