0.00026; 0
0.00052; 0
0.00078; 0
0.00104; 0
0.0013; 0
0.00156; 0
0.00182; 0
0.00208; 0
0.00234; 0
0.0026; 0
0.00286; 0
0.00312; 0
0.00338; 0
0.00364; 0
0.0039; 0
0.00416; 0
0.00442; 0
0.00468; 0
0.00494; 0
0.0052; 0
0.00546; 0
0.00572; 0
0.00598; 0
0.00624; 0
0.0065; 0
0.00676; 0
0.00702; 0
0.00728; 0
0.00754; 0
0.0078; 0
0.00806; 0
0.00832; 0
0.00858; 0
0.00884; 0
0.0091; 0
0.00936; 0
0.00962; 0
0.00988; 0
0.01014; 0
0.0104; 0
0.01066; 0
0.01092; 0
0.01118; 0
0.01144; 0
0.0117; 0
0.01196; 0
0.01222; 0
0.01248; 365.763
0.01274; 366.232
0.013; 366.806
0.01326; 367.45
0.01352; 368.112
0.01378; 368.806
0.01404; 369.522
0.0143; 370.261
0.01456; 371.022
0.01482; 371.801
0.01508; 372.605
0.01534; 373.428
0.0156; 374.27
0.01586; 375.125
0.01612; 376.02
0.01638; 376.918
0.01664; 377.836
0.0169; 378.766
0.01716; 379.709
0.01742; 380.663
0.01768; 381.624
0.01794; 382.595
0.0182; 383.574
0.01846; 384.556
0.01872; 385.537
0.01898; 386.54
0.01924; 387.532
0.0195; 388.526
0.01976; 389.515
0.02002; 390.499
0.02028; 391.476
0.02054; 392.441
0.0208; 393.399
0.02106; 394.345
0.02132; 395.276
0.02158; 396.187
0.02184; 397.099
0.0221; 397.982
0.02236; 398.849
0.02262; 399.693
0.02288; 400.515
0.02314; 401.312
0.0234; 402.082
0.02366; 402.828
0.02392; 403.546
0.02418; 404.236
0.02444; 404.892
0.0247; 405.536
0.02496; 406.139
0.02522; 406.715
0.02548; 407.259
0.02574; 407.77
0.026; 408.25
0.02626; 408.695
0.02652; 409.11
0.02678; 409.492
0.02704; 409.84
0.0273; 410.153
0.02756; 410.447
0.02782; 410.7
0.02808; 410.924
0.02834; 411.115
0.0286; 411.274
0.02886; 411.401
0.02912; 411.494
0.02938; 411.558
0.02964; 411.591
0.0299; 411.593
0.03016; 411.562
0.03042; 411.515
0.03068; 411.43
0.03094; 411.319
0.0312; 411.18
0.03146; 411.012
0.03172; 410.816
0.03198; 410.592
0.03224; 410.343
0.0325; 410.068
0.03276; 409.766
0.03302; 409.437
0.03328; 409.096
0.03354; 408.724
0.0338; 408.332
0.03406; 407.916
0.03432; 407.477
0.03458; 407.017
0.03484; 406.534
0.0351; 406.033
0.03536; 405.511
0.03562; 404.97
0.03588; 404.407
0.03614; 403.84
0.0364; 403.248
0.03666; 402.641
0.03692; 402.019
0.03718; 401.381
0.03744; 400.728
0.0377; 400.059
0.03796; 399.379
0.03822; 398.687
0.03848; 397.982
0.03874; 397.262
0.039; 396.548
0.03926; 395.815
0.03952; 395.077
0.03978; 394.33
0.04004; 393.575
0.0403; 392.815
0.04056; 392.046
0.04082; 391.274
0.04108; 390.499
0.04134; 389.719
0.0416; 388.933
0.04186; 388.163
0.04212; 387.381
0.04238; 386.604
0.04264; 385.826
0.0429; 385.049
0.04316; 384.274
0.04342; 383.499
0.04368; 382.729
0.04394; 381.961
0.0442; 381.195
0.04446; 380.425
0.04472; 379.676
0.04498; 378.913
0.04524; 378.151
0.0455; 377.38
0.04576; 376.599
0.04602; 375.803
0.04628; 374.988
0.04654; 374.157
0.0468; 373.307
0.04706; 372.435
0.04732; 371.539
0.04758; 370.647
0.04784; 369.725
0.0481; 368.793
0.04836; 367.846
0.04862; 366.888
0.04888; 365.919
0.04914; 364.939
0.0494; 363.956
0.04966; 362.967
0.04992; 361.974
0.05018; 360.973
0.05044; 359.994
0.0507; 359.002
0.05096; 358.016
0.05122; 357.032
0.05148; 356.05
0.05174; 355.073
0.052; 354.098
0.05226; 353.131
0.05252; 352.172
0.05278; 351.219
0.05304; 350.268
0.0533; 349.351
0.05356; 348.43
0.05382; 347.524
0.05408; 346.628
0.05434; 345.743
0.0546; 344.87
0.05486; 344.007
0.05512; 343.161
0.05538; 342.328
0.05564; 341.509
0.0559; 340.698
0.05616; 339.926
0.05642; 339.156
0.05668; 338.406
0.05694; 337.672
0.0572; 336.953
0.05746; 336.251
0.05772; 335.562
0.05798; 334.893
0.05824; 334.242
0.0585; 333.606
0.05876; 332.983
0.05902; 332.401
0.05928; 331.823
0.05954; 331.268
0.0598; 330.731
0.06006; 330.211
0.06032; 329.71
0.06058; 329.224
0.06084; 328.76
0.0611; 328.315
0.06136; 327.888
0.06162; 327.475
0.06188; 327.104
0.06214; 326.739
0.0624; 326.399
0.06266; 326.077
0.06292; 325.775
0.06318; 325.491
0.06344; 325.225
0.0637; 324.978
0.06396; 324.746
0.06422; 324.527
0.06448; 324.346
0.06474; 324.211
0.065; 0
0.06526; 0
0.06552; 0
0.06578; 0
0.06604; 0
0.0663; 0
0.06656; 0
0.06682; 0
0.06708; 0
0.06734; 0
0.0676; 0
0.06786; 0
0.06812; 0
0.06838; 0
0.06864; 0
0.0689; 0
0.06916; 0
0.06942; 0
0.06968; 0
0.06994; 0
0.0702; 0
0.07046; 0
0.07072; 0
0.07098; 0
0.07124; 0
0.0715; 0
0.07176; 0
0.07202; 0
0.07228; 0
0.07254; 0
0.0728; 0
0.07306; 0
0.07332; 0
0.07358; 0
0.07384; 0
0.0741; 0
0.07436; 0
0.07462; 0
0.07488; 0
0.07514; 0
0.0754; 0
0.07566; 0
0.07592; 0
0.07618; 0
0.07644; 0
0.0767; 0
0.07696; 0
0.07722; 0
0.07748; 0
0.07774; 0
0.078; 0
