0.00667; 0
0.01334; 0
0.02001; 0
0.02668; 0
0.03335; 0
0.04002; 0
0.04669; 0
0.05336; 0
0.06003; 0
0.0667; 0
0.07337; 0
0.08004; 0
0.08671; 0
0.09338; 0
0.10005; 0
0.10672; 0
0.11339; 0
0.12006; 0
0.12673; 0
0.1334; 0
0.14007; 0
0.14674; 0
0.15341; 0
0.16008; 0
0.16675; 0
0.17342; 0
0.18009; 0
0.18676; 0
0.19343; 0
0.2001; 0
0.20677; 0
0.21344; 0
0.22011; 0
0.22678; 0
0.23345; 0
0.24012; 0
0.24679; 0
0.25346; 0
0.26013; 0
0.2668; 0
0.27347; 0
0.28014; 0
0.28681; 0
0.29348; 0
0.30015; 0
0.30682; 0
0.31349; 0
0.32016; 0
0.32683; 0
0.3335; 0
0.34017; 0
0.34684; 0
0.35351; 0
0.36018; 0
0.36685; 0
0.37352; 0
0.38019; 0
0.38686; 0
0.39353; 0
0.4002; 0
0.40687; 0
0.41354; 0
0.42021; 0
0.42688; 0
0.43355; 0
0.44022; 0
0.44689; 0
0.45356; 0
0.46023; 0
0.4669; 0
0.47357; 514.136
0.48024; 514.07
0.48691; 513.937
0.49358; 513.739
0.50025; 513.476
0.50692; 513.147
0.51359; 512.754
0.52026; 512.297
0.52693; 511.776
0.5336; 511.193
0.54027; 510.548
0.54694; 509.842
0.55361; 509.077
0.56028; 508.253
0.56695; 507.371
0.57362; 506.433
0.58029; 505.441
0.58696; 504.394
0.59363; 503.296
0.6003; 502.147
0.60697; 500.948
0.61364; 499.702
0.62031; 498.409
0.62698; 497.072
0.63365; 495.692
0.64032; 494.269
0.64699; 492.807
0.65366; 491.306
0.66033; 489.767
0.667; 488.193
0.67367; 486.584
0.68034; 484.943
0.68701; 483.269
0.69368; 481.565
0.70035; 479.831
0.70702; 478.069
0.71369; 476.279
0.72036; 474.463
0.72703; 472.62
0.7337; 470.752
0.74037; 468.858
0.74704; 466.939
0.75371; 464.995
0.76038; 463.026
0.76705; 461.031
0.77372; 459.01
0.78039; 456.961
0.78706; 454.884
0.79373; 452.775
0.8004; 450.635
0.80707; 448.459
0.81374; 446.246
0.82041; 443.991
0.82708; 441.691
0.83375; 439.34
0.84042; 436.934
0.84709; 434.464
0.85376; 431.926
0.86043; 429.308
0.8671; 426.602
0.87377; 423.796
0.88044; 420.878
0.88711; 417.832
0.89378; 414.643
0.90045; 411.293
0.90712; 407.763
0.91379; 404.036
0.92046; 400.1
0.92713; 395.953
0.9338; 391.615
0.94047; 387.152
0.94714; 382.713
0.95381; 378.575
0.96048; 375.201
0.96715; 373.226
0.97382; 373.226
0.98049; 375.201
0.98716; 378.575
0.99383; 382.713
1.0005; 387.152
1.00717; 391.615
1.01384; 395.953
1.02051; 400.1
1.02718; 404.036
1.03385; 407.763
1.04052; 411.293
1.04719; 414.643
1.05386; 417.832
1.06053; 420.878
1.0672; 423.796
1.07387; 426.602
1.08054; 429.308
1.08721; 431.926
1.09388; 434.464
1.10055; 436.934
1.10722; 439.34
1.11389; 441.691
1.12056; 443.991
1.12723; 446.246
1.1339; 448.459
1.14057; 450.635
1.14724; 452.775
1.15391; 454.884
1.16058; 456.961
1.16725; 459.01
1.17392; 461.031
1.18059; 463.026
1.18726; 464.995
1.19393; 466.939
1.2006; 468.858
1.20727; 470.752
1.21394; 472.62
1.22061; 474.463
1.22728; 476.279
1.23395; 478.069
1.24062; 479.831
1.24729; 481.565
1.25396; 483.269
1.26063; 484.943
1.2673; 486.584
1.27397; 488.193
1.28064; 489.767
1.28731; 491.306
1.29398; 492.807
1.30065; 494.269
1.30732; 495.692
1.31399; 497.072
1.32066; 498.409
1.32733; 499.702
1.334; 500.948
1.34067; 502.147
1.34734; 503.296
1.35401; 504.394
1.36068; 505.441
1.36735; 506.433
1.37402; 507.371
1.38069; 508.253
1.38736; 509.077
1.39403; 509.842
1.4007; 510.548
1.40737; 511.193
1.41404; 511.776
1.42071; 512.297
1.42738; 512.754
1.43405; 513.147
1.44072; 513.476
1.44739; 513.739
1.45406; 513.937
1.46073; 514.07
1.4674; 514.136
1.47407; 0
1.48074; 0
1.48741; 0
1.49408; 0
1.50075; 0
1.50742; 0
1.51409; 0
1.52076; 0
1.52743; 0
1.5341; 0
1.54077; 0
1.54744; 0
1.55411; 0
1.56078; 0
1.56745; 0
1.57412; 0
1.58079; 0
1.58746; 0
1.59413; 0
1.6008; 0
1.60747; 0
1.61414; 0
1.62081; 0
1.62748; 0
1.63415; 0
1.64082; 0
1.64749; 0
1.65416; 0
1.66083; 0
1.6675; 0
1.67417; 0
1.68084; 0
1.68751; 0
1.69418; 0
1.70085; 0
1.70752; 0
1.71419; 0
1.72086; 0
1.72753; 0
1.7342; 0
1.74087; 0
1.74754; 0
1.75421; 0
1.76088; 0
1.76755; 0
1.77422; 0
1.78089; 0
1.78756; 0
1.79423; 0
1.8009; 0
1.80757; 0
1.81424; 0
1.82091; 0
1.82758; 0
1.83425; 0
1.84092; 0
1.84759; 0
1.85426; 0
1.86093; 0
1.8676; 0
1.87427; 0
1.88094; 0
1.88761; 0
1.89428; 0
1.90095; 0
1.90762; 0
1.91429; 0
1.92096; 0
1.92763; 0
1.9343; 0
1.94097; 0
1.94764; 0
1.95431; 0
1.96098; 0
1.96765; 0
1.97432; 0
1.98099; 0
1.98766; 0
1.99433; 0
2.001; 0
