0.00667; 0
0.01334; 0
0.02001; 0
0.02668; 0
0.03335; 0
0.04002; 0
0.04669; 0
0.05336; 0
0.06003; 0
0.0667; 0
0.07337; 0
0.08004; 0
0.08671; 0
0.09338; 0
0.10005; 0
0.10672; 0
0.11339; 0
0.12006; 0
0.12673; 0
0.1334; 0
0.14007; 0
0.14674; 0
0.15341; 0
0.16008; 0
0.16675; 0
0.17342; 0
0.18009; 0
0.18676; 0
0.19343; 0
0.2001; 0
0.20677; 0
0.21344; 0
0.22011; 0
0.22678; 0
0.23345; 0
0.24012; 0
0.24679; 0
0.25346; 0
0.26013; 0
0.2668; 0
0.27347; 0
0.28014; 0
0.28681; 0
0.29348; 0
0.30015; 0
0.30682; 0
0.31349; 0
0.32016; 0
0.32683; 0
0.3335; 0
0.34017; 0
0.34684; 0
0.35351; 0
0.36018; 0
0.36685; 0
0.37352; 0
0.38019; 0
0.38686; 0
0.39353; 0
0.4002; 0
0.40687; 0
0.41354; 0
0.42021; 0
0.42688; 0
0.43355; 0
0.44022; 0
0.44689; 0
0.45356; 0
0.46023; 0
0.4669; 0
0.47357; 669.335
0.48024; 669.267
0.48691; 669.131
0.49358; 668.928
0.50025; 668.657
0.50692; 668.318
0.51359; 667.913
0.52026; 667.44
0.52693; 666.901
0.5336; 666.296
0.54027; 665.625
0.54694; 664.888
0.55361; 664.086
0.56028; 663.22
0.56695; 662.29
0.57362; 661.296
0.58029; 660.239
0.58696; 659.119
0.59363; 657.937
0.6003; 656.694
0.60697; 655.39
0.61364; 654.025
0.62031; 652.6
0.62698; 651.116
0.63365; 649.572
0.64032; 647.969
0.64699; 646.307
0.65366; 644.587
0.66033; 642.808
0.667; 640.971
0.67367; 639.076
0.68034; 637.123
0.68701; 635.11
0.69368; 633.039
0.70035; 630.907
0.70702; 628.716
0.71369; 626.463
0.72036; 624.147
0.72703; 621.768
0.7337; 619.324
0.74037; 616.813
0.74704; 614.233
0.75371; 611.581
0.76038; 608.855
0.76705; 606.052
0.77372; 603.168
0.78039; 600.199
0.78706; 597.141
0.79373; 593.988
0.8004; 590.734
0.80707; 587.373
0.81374; 583.897
0.82041; 580.298
0.82708; 576.566
0.83375; 572.69
0.84042; 568.657
0.84709; 564.455
0.85376; 560.067
0.86043; 555.474
0.8671; 550.657
0.87377; 545.592
0.88044; 540.252
0.88711; 534.61
0.89378; 528.631
0.90045; 522.281
0.90712; 515.524
0.91379; 508.325
0.92046; 500.661
0.92713; 492.528
0.9338; 483.972
0.94047; 475.128
0.94714; 466.293
0.95381; 458.035
0.96048; 451.288
0.96715; 447.333
0.97382; 447.333
0.98049; 451.288
0.98716; 458.035
0.99383; 466.293
1.0005; 475.128
1.00717; 483.972
1.01384; 492.528
1.02051; 500.661
1.02718; 508.325
1.03385; 515.524
1.04052; 522.281
1.04719; 528.631
1.05386; 534.61
1.06053; 540.252
1.0672; 545.592
1.07387; 550.657
1.08054; 555.474
1.08721; 560.067
1.09388; 564.455
1.10055; 568.657
1.10722; 572.69
1.11389; 576.566
1.12056; 580.298
1.12723; 583.897
1.1339; 587.373
1.14057; 590.734
1.14724; 593.988
1.15391; 597.141
1.16058; 600.199
1.16725; 603.168
1.17392; 606.052
1.18059; 608.855
1.18726; 611.581
1.19393; 614.233
1.2006; 616.813
1.20727; 619.324
1.21394; 621.768
1.22061; 624.147
1.22728; 626.463
1.23395; 628.716
1.24062; 630.907
1.24729; 633.039
1.25396; 635.11
1.26063; 637.123
1.2673; 639.076
1.27397; 640.971
1.28064; 642.808
1.28731; 644.587
1.29398; 646.307
1.30065; 647.969
1.30732; 649.572
1.31399; 651.116
1.32066; 652.6
1.32733; 654.025
1.334; 655.39
1.34067; 656.694
1.34734; 657.937
1.35401; 659.119
1.36068; 660.239
1.36735; 661.296
1.37402; 662.29
1.38069; 663.22
1.38736; 664.086
1.39403; 664.888
1.4007; 665.625
1.40737; 666.296
1.41404; 666.901
1.42071; 667.44
1.42738; 667.913
1.43405; 668.318
1.44072; 668.657
1.44739; 668.928
1.45406; 669.131
1.46073; 669.267
1.4674; 669.335
1.47407; 0
1.48074; 0
1.48741; 0
1.49408; 0
1.50075; 0
1.50742; 0
1.51409; 0
1.52076; 0
1.52743; 0
1.5341; 0
1.54077; 0
1.54744; 0
1.55411; 0
1.56078; 0
1.56745; 0
1.57412; 0
1.58079; 0
1.58746; 0
1.59413; 0
1.6008; 0
1.60747; 0
1.61414; 0
1.62081; 0
1.62748; 0
1.63415; 0
1.64082; 0
1.64749; 0
1.65416; 0
1.66083; 0
1.6675; 0
1.67417; 0
1.68084; 0
1.68751; 0
1.69418; 0
1.70085; 0
1.70752; 0
1.71419; 0
1.72086; 0
1.72753; 0
1.7342; 0
1.74087; 0
1.74754; 0
1.75421; 0
1.76088; 0
1.76755; 0
1.77422; 0
1.78089; 0
1.78756; 0
1.79423; 0
1.8009; 0
1.80757; 0
1.81424; 0
1.82091; 0
1.82758; 0
1.83425; 0
1.84092; 0
1.84759; 0
1.85426; 0
1.86093; 0
1.8676; 0
1.87427; 0
1.88094; 0
1.88761; 0
1.89428; 0
1.90095; 0
1.90762; 0
1.91429; 0
1.92096; 0
1.92763; 0
1.9343; 0
1.94097; 0
1.94764; 0
1.95431; 0
1.96098; 0
1.96765; 0
1.97432; 0
1.98099; 0
1.98766; 0
1.99433; 0
2.001; 0
