0.00667; 0
0.01334; 0
0.02001; 0
0.02668; 0
0.03335; 0
0.04002; 0
0.04669; 0
0.05336; 0
0.06003; 0
0.0667; 0
0.07337; 0
0.08004; 0
0.08671; 0
0.09338; 0
0.10005; 0
0.10672; 0
0.11339; 0
0.12006; 0
0.12673; 0
0.1334; 0
0.14007; 0
0.14674; 0
0.15341; 0
0.16008; 0
0.16675; 0
0.17342; 0
0.18009; 0
0.18676; 0
0.19343; 0
0.2001; 0
0.20677; 0
0.21344; 0
0.22011; 0
0.22678; 0
0.23345; 0
0.24012; 0
0.24679; 0
0.25346; 0
0.26013; 0
0.2668; 0
0.27347; 0
0.28014; 0
0.28681; 0
0.29348; 0
0.30015; 0
0.30682; 0
0.31349; 0
0.32016; 0
0.32683; 0
0.3335; 0
0.34017; 0
0.34684; 0
0.35351; 0
0.36018; 0
0.36685; 0
0.37352; 0
0.38019; 0
0.38686; 0
0.39353; 0
0.4002; 0
0.40687; 0
0.41354; 0
0.42021; 0
0.42688; 0
0.43355; 0
0.44022; 0
0.44689; 0
0.45356; 0
0.46023; 0
0.4669; 0
0.47357; 325.439
0.48024; 325.413
0.48691; 325.361
0.49358; 325.283
0.50025; 325.18
0.50692; 325.051
0.51359; 324.898
0.52026; 324.72
0.52693; 324.519
0.5336; 324.294
0.54027; 324.047
0.54694; 323.778
0.55361; 323.488
0.56028; 323.178
0.56695; 322.849
0.57362; 322.502
0.58029; 322.138
0.58696; 321.757
0.59363; 321.362
0.6003; 320.953
0.60697; 320.531
0.61364; 320.098
0.62031; 319.654
0.62698; 319.201
0.63365; 318.74
0.64032; 318.272
0.64699; 317.798
0.65366; 317.32
0.66033; 316.838
0.667; 316.354
0.67367; 315.868
0.68034; 315.382
0.68701; 314.898
0.69368; 314.414
0.70035; 313.934
0.70702; 313.457
0.71369; 312.985
0.72036; 312.518
0.72703; 312.057
0.7337; 311.603
0.74037; 311.157
0.74704; 310.718
0.75371; 310.288
0.76038; 309.868
0.76705; 309.457
0.77372; 309.056
0.78039; 308.666
0.78706; 308.287
0.79373; 307.919
0.8004; 307.562
0.80707; 307.216
0.81374; 306.883
0.82041; 306.561
0.82708; 306.25
0.83375; 305.952
0.84042; 305.665
0.84709; 305.389
0.85376; 305.125
0.86043; 304.872
0.8671; 304.629
0.87377; 304.397
0.88044; 304.175
0.88711; 303.962
0.89378; 303.757
0.90045; 303.561
0.90712; 303.371
0.91379; 303.188
0.92046; 303.011
0.92713; 302.839
0.9338; 302.672
0.94047; 302.512
0.94714; 302.361
0.95381; 302.226
0.96048; 302.121
0.96715; 302.06
0.97382; 302.06
0.98049; 302.121
0.98716; 302.226
0.99383; 302.361
1.0005; 302.512
1.00717; 302.672
1.01384; 302.839
1.02051; 303.011
1.02718; 303.188
1.03385; 303.371
1.04052; 303.561
1.04719; 303.757
1.05386; 303.962
1.06053; 304.175
1.0672; 304.397
1.07387; 304.629
1.08054; 304.872
1.08721; 305.125
1.09388; 305.389
1.10055; 305.665
1.10722; 305.952
1.11389; 306.25
1.12056; 306.561
1.12723; 306.883
1.1339; 307.216
1.14057; 307.562
1.14724; 307.919
1.15391; 308.287
1.16058; 308.666
1.16725; 309.056
1.17392; 309.457
1.18059; 309.868
1.18726; 310.288
1.19393; 310.718
1.2006; 311.157
1.20727; 311.603
1.21394; 312.057
1.22061; 312.518
1.22728; 312.985
1.23395; 313.457
1.24062; 313.934
1.24729; 314.414
1.25396; 314.898
1.26063; 315.382
1.2673; 315.868
1.27397; 316.354
1.28064; 316.838
1.28731; 317.32
1.29398; 317.798
1.30065; 318.272
1.30732; 318.74
1.31399; 319.201
1.32066; 319.654
1.32733; 320.098
1.334; 320.531
1.34067; 320.953
1.34734; 321.362
1.35401; 321.757
1.36068; 322.138
1.36735; 322.502
1.37402; 322.849
1.38069; 323.178
1.38736; 323.488
1.39403; 323.778
1.4007; 324.047
1.40737; 324.294
1.41404; 324.519
1.42071; 324.72
1.42738; 324.898
1.43405; 325.051
1.44072; 325.18
1.44739; 325.283
1.45406; 325.361
1.46073; 325.413
1.4674; 325.439
1.47407; 0
1.48074; 0
1.48741; 0
1.49408; 0
1.50075; 0
1.50742; 0
1.51409; 0
1.52076; 0
1.52743; 0
1.5341; 0
1.54077; 0
1.54744; 0
1.55411; 0
1.56078; 0
1.56745; 0
1.57412; 0
1.58079; 0
1.58746; 0
1.59413; 0
1.6008; 0
1.60747; 0
1.61414; 0
1.62081; 0
1.62748; 0
1.63415; 0
1.64082; 0
1.64749; 0
1.65416; 0
1.66083; 0
1.6675; 0
1.67417; 0
1.68084; 0
1.68751; 0
1.69418; 0
1.70085; 0
1.70752; 0
1.71419; 0
1.72086; 0
1.72753; 0
1.7342; 0
1.74087; 0
1.74754; 0
1.75421; 0
1.76088; 0
1.76755; 0
1.77422; 0
1.78089; 0
1.78756; 0
1.79423; 0
1.8009; 0
1.80757; 0
1.81424; 0
1.82091; 0
1.82758; 0
1.83425; 0
1.84092; 0
1.84759; 0
1.85426; 0
1.86093; 0
1.8676; 0
1.87427; 0
1.88094; 0
1.88761; 0
1.89428; 0
1.90095; 0
1.90762; 0
1.91429; 0
1.92096; 0
1.92763; 0
1.9343; 0
1.94097; 0
1.94764; 0
1.95431; 0
1.96098; 0
1.96765; 0
1.97432; 0
1.98099; 0
1.98766; 0
1.99433; 0
2.001; 0
