0.00667; 0
0.01334; 0
0.02001; 0
0.02668; 0
0.03335; 0
0.04002; 0
0.04669; 0
0.05336; 0
0.06003; 0
0.0667; 0
0.07337; 0
0.08004; 0
0.08671; 0
0.09338; 0
0.10005; 0
0.10672; 0
0.11339; 0
0.12006; 0
0.12673; 0
0.1334; 0
0.14007; 0
0.14674; 0
0.15341; 0
0.16008; 0
0.16675; 0
0.17342; 0
0.18009; 0
0.18676; 0
0.19343; 0
0.2001; 0
0.20677; 0
0.21344; 0
0.22011; 0
0.22678; 0
0.23345; 0
0.24012; 0
0.24679; 0
0.25346; 0
0.26013; 0
0.2668; 0
0.27347; 0
0.28014; 0
0.28681; 0
0.29348; 0
0.30015; 0
0.30682; 0
0.31349; 0
0.32016; 0
0.32683; 0
0.3335; 0
0.34017; 0
0.34684; 0
0.35351; 0
0.36018; 0
0.36685; 0
0.37352; 0
0.38019; 0
0.38686; 0
0.39353; 0
0.4002; 0
0.40687; 0
0.41354; 0
0.42021; 0
0.42688; 0
0.43355; 0
0.44022; 0
0.44689; 0
0.45356; 0
0.46023; 0
0.4669; 0
0.47357; 696.99
0.48024; 696.922
0.48691; 696.786
0.49358; 696.582
0.50025; 696.31
0.50692; 695.97
0.51359; 695.563
0.52026; 695.088
0.52693; 694.546
0.5336; 693.937
0.54027; 693.262
0.54694; 692.52
0.55361; 691.712
0.56028; 690.839
0.56695; 689.901
0.57362; 688.898
0.58029; 687.83
0.58696; 686.698
0.59363; 685.503
0.6003; 684.244
0.60697; 682.921
0.61364; 681.536
0.62031; 680.089
0.62698; 678.579
0.63365; 677.007
0.64032; 675.373
0.64699; 673.677
0.65366; 671.919
0.66033; 670.098
0.667; 668.216
0.67367; 666.271
0.68034; 664.262
0.68701; 662.191
0.69368; 660.055
0.70035; 657.854
0.70702; 655.586
0.71369; 653.252
0.72036; 650.849
0.72703; 648.375
0.7337; 645.829
0.74037; 643.209
0.74704; 640.512
0.75371; 637.735
0.76038; 634.875
0.76705; 631.929
0.77372; 628.892
0.78039; 625.76
0.78706; 622.527
0.79373; 619.188
0.8004; 615.737
0.80707; 612.165
0.81374; 608.464
0.82041; 604.626
0.82708; 600.639
0.83375; 596.491
0.84042; 592.17
0.84709; 587.658
0.85376; 582.94
0.86043; 577.996
0.8671; 572.802
0.87377; 567.334
0.88044; 561.563
0.88711; 555.457
0.89378; 548.981
0.90045; 542.096
0.90712; 534.762
0.91379; 526.944
0.92046; 518.615
0.92713; 509.771
0.9338; 500.462
0.94047; 490.835
0.94714; 481.216
0.95381; 472.222
0.96048; 464.873
0.96715; 460.564
0.97382; 460.564
0.98049; 464.873
0.98716; 472.222
0.99383; 481.216
1.0005; 490.835
1.00717; 500.462
1.01384; 509.771
1.02051; 518.615
1.02718; 526.944
1.03385; 534.762
1.04052; 542.096
1.04719; 548.981
1.05386; 555.457
1.06053; 561.563
1.0672; 567.334
1.07387; 572.802
1.08054; 577.996
1.08721; 582.94
1.09388; 587.658
1.10055; 592.17
1.10722; 596.491
1.11389; 600.639
1.12056; 604.626
1.12723; 608.464
1.1339; 612.165
1.14057; 615.737
1.14724; 619.188
1.15391; 622.527
1.16058; 625.76
1.16725; 628.892
1.17392; 631.929
1.18059; 634.875
1.18726; 637.735
1.19393; 640.512
1.2006; 643.209
1.20727; 645.829
1.21394; 648.375
1.22061; 650.849
1.22728; 653.252
1.23395; 655.586
1.24062; 657.854
1.24729; 660.055
1.25396; 662.191
1.26063; 664.262
1.2673; 666.271
1.27397; 668.216
1.28064; 670.098
1.28731; 671.919
1.29398; 673.677
1.30065; 675.373
1.30732; 677.007
1.31399; 678.579
1.32066; 680.089
1.32733; 681.536
1.334; 682.921
1.34067; 684.244
1.34734; 685.503
1.35401; 686.698
1.36068; 687.83
1.36735; 688.898
1.37402; 689.901
1.38069; 690.839
1.38736; 691.712
1.39403; 692.52
1.4007; 693.262
1.40737; 693.937
1.41404; 694.546
1.42071; 695.088
1.42738; 695.563
1.43405; 695.97
1.44072; 696.31
1.44739; 696.582
1.45406; 696.786
1.46073; 696.922
1.4674; 696.99
1.47407; 0
1.48074; 0
1.48741; 0
1.49408; 0
1.50075; 0
1.50742; 0
1.51409; 0
1.52076; 0
1.52743; 0
1.5341; 0
1.54077; 0
1.54744; 0
1.55411; 0
1.56078; 0
1.56745; 0
1.57412; 0
1.58079; 0
1.58746; 0
1.59413; 0
1.6008; 0
1.60747; 0
1.61414; 0
1.62081; 0
1.62748; 0
1.63415; 0
1.64082; 0
1.64749; 0
1.65416; 0
1.66083; 0
1.6675; 0
1.67417; 0
1.68084; 0
1.68751; 0
1.69418; 0
1.70085; 0
1.70752; 0
1.71419; 0
1.72086; 0
1.72753; 0
1.7342; 0
1.74087; 0
1.74754; 0
1.75421; 0
1.76088; 0
1.76755; 0
1.77422; 0
1.78089; 0
1.78756; 0
1.79423; 0
1.8009; 0
1.80757; 0
1.81424; 0
1.82091; 0
1.82758; 0
1.83425; 0
1.84092; 0
1.84759; 0
1.85426; 0
1.86093; 0
1.8676; 0
1.87427; 0
1.88094; 0
1.88761; 0
1.89428; 0
1.90095; 0
1.90762; 0
1.91429; 0
1.92096; 0
1.92763; 0
1.9343; 0
1.94097; 0
1.94764; 0
1.95431; 0
1.96098; 0
1.96765; 0
1.97432; 0
1.98099; 0
1.98766; 0
1.99433; 0
2.001; 0
