0.00026; 0
0.00052; 0
0.00078; 0
0.00104; 0
0.0013; 0
0.00156; 0
0.00182; 0
0.00208; 0
0.00234; 0
0.0026; 0
0.00286; 0
0.00312; 0
0.00338; 0
0.00364; 0
0.0039; 0
0.00416; 0
0.00442; 0
0.00468; 0
0.00494; 0
0.0052; 0
0.00546; 0
0.00572; 0
0.00598; 0
0.00624; 0
0.0065; 0
0.00676; 0
0.00702; 0
0.00728; 0
0.00754; 0
0.0078; 0
0.00806; 0
0.00832; 0
0.00858; 0
0.00884; 0
0.0091; 0
0.00936; 0
0.00962; 0
0.00988; 0
0.01014; 0
0.0104; 0
0.01066; 0
0.01092; 0
0.01118; 0
0.01144; 0
0.0117; 0
0.01196; 0
0.01222; 0
0.01248; 0
0.01274; 0
0.013; 0
0.01326; 0
0.01352; 0
0.01378; 0
0.01404; 0
0.0143; 0
0.01456; 0
0.01482; 0
0.01508; 0
0.01534; 0
0.0156; 0
0.01586; 0
0.01612; 0
0.01638; 0
0.01664; 0
0.0169; 0
0.01716; 0
0.01742; 0
0.01768; 0
0.01794; 0
0.0182; 0
0.01846; 0
0.01872; 0
0.01898; 0
0.01924; 0
0.0195; 0
0.01976; 0
0.02002; 0
0.02028; 0
0.02054; 0
0.0208; 0
0.02106; 0
0.02132; 0
0.02158; 0
0.02184; 0
0.0221; 0
0.02236; 0
0.02262; 0
0.02288; 580.297
0.02314; 580.106
0.0234; 579.913
0.02366; 579.73
0.02392; 579.54
0.02418; 579.342
0.02444; 579.184
0.0247; 579.042
0.02496; 578.889
0.02522; 578.732
0.02548; 578.598
0.02574; 578.475
0.026; 578.343
0.02626; 578.201
0.02652; 578.097
0.02678; 578.008
0.02704; 577.907
0.0273; 577.801
0.02756; 577.717
0.02782; 577.644
0.02808; 577.56
0.02834; 577.466
0.0286; 577.409
0.02886; 577.366
0.02912; 577.309
0.02938; 577.247
0.02964; 577.207
0.0299; 577.176
0.03016; 577.134
0.03042; 577.08
0.03068; 577.063
0.03094; 577.059
0.0312; 577.04
0.03146; 577.016
0.03172; 577.011
0.03198; 577.015
0.03224; 577.006
0.0325; 576.986
0.03276; 577.001
0.03302; 577.028
0.03328; 577.04
0.03354; 577.044
0.0338; 577.068
0.03406; 577.1
0.03432; 577.119
0.03458; 577.124
0.03484; 577.164
0.0351; 577.215
0.03536; 577.251
0.03562; 577.278
0.03588; 577.324
0.03614; 577.377
0.0364; 577.416
0.03666; 577.44
0.03692; 577.499
0.03718; 577.569
0.03744; 577.622
0.0377; 577.666
0.03796; 577.727
0.03822; 577.796
0.03848; 577.849
0.03874; 577.888
0.039; 577.961
0.03926; 578.043
0.03952; 578.109
0.03978; 578.165
0.04004; 578.238
0.0403; 578.318
0.04056; 578.382
0.04082; 578.431
0.04108; 578.513
0.04134; 578.605
0.0416; 578.68
0.04186; 578.746
0.04212; 578.828
0.04238; 578.916
0.04264; 578.988
0.0429; 579.046
0.04316; 579.137
0.04342; 579.237
0.04368; 579.32
0.04394; 579.393
0.0442; 579.483
0.04446; 579.58
0.04472; 579.66
0.04498; 579.726
0.04524; 579.825
0.0455; 579.934
0.04576; 580.025
0.04602; 580.107
0.04628; 580.206
0.04654; 580.312
0.0468; 580.402
0.04706; 580.479
0.04732; 580.588
0.04758; 580.707
0.04784; 580.809
0.0481; 580.903
0.04836; 581.015
0.04862; 581.132
0.04888; 581.235
0.04914; 581.325
0.0494; 581.449
0.04966; 581.582
0.04992; 581.699
0.05018; 581.809
0.05044; 581.937
0.0507; 582.072
0.05096; 582.193
0.05122; 582.301
0.05148; 582.443
0.05174; 582.596
0.052; 582.734
0.05226; 582.866
0.05252; 583.016
0.05278; 583.173
0.05304; 583.318
0.0533; 583.451
0.05356; 583.618
0.05382; 583.797
0.05408; 583.962
0.05434; 584.12
0.0546; 584.299
0.05486; 584.485
0.05512; 584.659
0.05538; 584.823
0.05564; 585.022
0.0559; 585.233
0.05616; 585.431
0.05642; 585.623
0.05668; 585.837
0.05694; 586.059
0.0572; 586.272
0.05746; 586.476
0.05772; 586.718
0.05798; 586.972
0.05824; 587.189
0.0585; 0
0.05876; 0
0.05902; 0
0.05928; 0
0.05954; 0
0.0598; 0
0.06006; 0
0.06032; 0
0.06058; 0
0.06084; 0
0.0611; 0
0.06136; 0
0.06162; 0
0.06188; 0
0.06214; 0
0.0624; 0
0.06266; 0
0.06292; 0
0.06318; 0
0.06344; 0
0.0637; 0
0.06396; 0
0.06422; 0
0.06448; 0
0.06474; 0
0.065; 0
0.06526; 0
0.06552; 0
0.06578; 0
0.06604; 0
0.0663; 0
0.06656; 0
0.06682; 0
0.06708; 0
0.06734; 0
0.0676; 0
0.06786; 0
0.06812; 0
0.06838; 0
0.06864; 0
0.0689; 0
0.06916; 0
0.06942; 0
0.06968; 0
0.06994; 0
0.0702; 0
0.07046; 0
0.07072; 0
0.07098; 0
0.07124; 0
0.0715; 0
0.07176; 0
0.07202; 0
0.07228; 0
0.07254; 0
0.0728; 0
0.07306; 0
0.07332; 0
0.07358; 0
0.07384; 0
0.0741; 0
0.07436; 0
0.07462; 0
0.07488; 0
0.07514; 0
0.0754; 0
0.07566; 0
0.07592; 0
0.07618; 0
0.07644; 0
0.0767; 0
0.07696; 0
0.07722; 0
0.07748; 0
0.07774; 0
0.078; 0
