0.0026; 744.832
0.0052; 744.85
0.0078; 744.867
0.0104; 744.901
0.013; 744.95
0.0156; 745.015
0.0182; 745.094
0.0208; 745.186
0.0234; 745.289
0.026; 745.402
0.0286; 745.524
0.0312; 745.653
0.0338; 745.787
0.0364; 745.924
0.039; 746.064
0.0416; 746.204
0.0442; 746.345
0.0468; 746.484
0.0494; 746.62
0.052; 746.753
0.0546; 746.883
0.0572; 747.009
0.0598; 747.13
0.0624; 747.247
0.065; 747.36
0.0676; 747.469
0.0702; 747.574
0.0728; 747.675
0.0754; 747.771
0.078; 747.864
0.0806; 747.953
0.0832; 748.037
0.0858; 748.117
0.0884; 748.193
0.091; 748.265
0.0936; 748.332
0.0962; 748.394
0.0988; 748.449
0.1014; 748.497
0.104; 748.54
0.1066; 748.578
0.1092; 748.612
0.1118; 748.64
0.1144; 748.665
0.117; 748.685
0.1196; 748.7
0.1222; 748.711
0.1248; 748.716
0.1274; 748.715
0.13; 748.708
0.1326; 748.695
0.1352; 748.674
0.1378; 748.646
0.1404; 748.608
0.143; 748.561
0.1456; 748.504
0.1482; 748.434
0.1508; 748.35
0.1534; 748.251
0.156; 748.134
0.1586; 748.001
0.1612; 747.85
0.1638; 747.682
0.1664; 747.495
0.169; 747.29
0.1716; 747.064
0.1742; 746.817
0.1768; 746.55
0.1794; 746.263
0.182; 745.956
0.1846; 745.629
0.1872; 745.282
0.1898; 744.916
0.1924; 744.532
0.195; 744.131
0.1976; 743.715
0.2002; 743.285
0.2028; 742.845
0.2054; 742.394
0.208; 741.937
0.2106; 741.474
0.2132; 741.008
0.2158; 740.542
0.2184; 740.077
0.221; 739.615
0.2236; 739.159
0.2262; 738.708
0.2288; 738.265
0.2314; 737.827
0.234; 737.396
0.2366; 736.97
0.2392; 736.546
0.2418; 736.123
0.2444; 735.699
0.247; 735.271
0.2496; 734.835
0.2522; 734.388
0.2548; 733.927
0.2574; 733.448
0.26; 732.947
0.2626; 732.423
0.2652; 731.87
0.2678; 731.288
0.2704; 730.672
0.273; 730.022
0.2756; 729.336
0.2782; 728.613
0.2808; 727.852
0.2834; 727.056
0.286; 726.224
0.2886; 725.359
0.2912; 724.463
0.2938; 723.539
0.2964; 722.592
0.299; 721.625
0.3016; 720.642
0.3042; 719.647
0.3068; 718.646
0.3094; 717.642
0.312; 716.636
0.3146; 715.694
0.3172; 714.8
0.3198; 713.927
0.3224; 713.064
0.325; 712.208
0.3276; 711.354
0.3302; 710.492
0.3328; 709.644
0.3354; 708.819
0.338; 708.021
0.3406; 707.253
0.3432; 706.524
0.3458; 705.797
0.3484; 705.064
0.351; 704.385
0.3536; 703.75
0.3562; 703.15
0.3588; 702.582
0.3614; 702.04
0.364; 701.518
0.3666; 701.016
0.3692; 700.528
0.3718; 700.046
0.3744; 699.561
0.377; 699.064
0.3796; 698.548
0.3822; 698.006
0.3848; 697.43
0.3874; 696.816
0.39; 696.157
0.3926; 695.449
0.3952; 694.69
0.3978; 693.876
0.4004; 693.007
0.403; 692.082
0.4056; 691.103
0.4082; 690.071
0.4108; 688.988
0.4134; 687.859
0.416; 686.687
0.4186; 685.476
0.4212; 684.233
0.4238; 682.961
0.4264; 681.665
0.429; 680.351
0.4316; 679.023
0.4342; 677.684
0.4368; 676.338
0.4394; 674.989
0.442; 673.636
0.4446; 672.282
0.4472; 670.926
0.4498; 669.567
0.4524; 668.202
0.455; 666.829
0.4576; 665.443
0.4602; 664.036
0.4628; 662.6
0.4654; 661.126
0.468; 659.603
0.4706; 658.021
0.4732; 656.37
0.4758; 654.639
0.4784; 652.817
0.481; 650.892
0.4836; 648.856
0.4862; 646.701
0.4888; 644.424
0.4914; 642.023
0.494; 639.503
0.4966; 636.848
0.4992; 634.043
0.5018; 631.081
0.5044; 627.957
0.507; 624.667
0.5096; 621.208
0.5122; 617.578
0.5148; 613.773
0.5174; 609.794
0.52; 605.676
0.5226; 601.409
0.5252; 597.121
0.5278; 592.906
0.5304; 588.604
0.533; 584.235
0.5356; 579.837
0.5382; 575.417
0.5408; 570.979
0.5434; 566.526
0.546; 562.062
0.5486; 557.593
0.5512; 553.126
0.5538; 548.665
0.5564; 544.217
0.559; 539.787
0.5616; 535.38
0.5642; 531.003
0.5668; 526.661
0.5694; 522.358
0.572; 518.099
0.5746; 513.891
0.5772; 509.736
0.5798; 505.64
0.5824; 501.606
0.585; 497.639
0.5876; 493.742
0.5902; 489.918
0.5928; 486.171
0.5954; 482.503
0.598; 478.917
0.6006; 475.414
0.6032; 471.998
0.6058; 468.669
0.6084; 465.43
0.611; 462.282
0.6136; 459.226
0.6162; 456.262
0.6188; 453.391
0.6214; 450.615
0.624; 447.932
0.6266; 445.343
0.6292; 442.847
0.6318; 440.445
0.6344; 438.135
0.637; 435.916
0.6396; 433.788
0.6422; 431.75
0.6448; 429.799
0.6474; 427.935
0.65; 426.157
0.6526; 424.461
0.6552; 422.847
0.6578; 421.313
0.6604; 419.856
0.663; 418.475
0.6656; 417.167
0.6682; 415.931
0.6708; 414.764
0.6734; 413.664
0.676; 412.628
0.6786; 411.655
0.6812; 410.741
0.6838; 409.885
0.6864; 409.084
0.689; 408.335
0.6916; 407.637
0.6942; 406.988
0.6968; 406.383
0.6994; 405.823
0.702; 405.303
0.7046; 404.823
0.7072; 404.379
0.7098; 403.97
0.7124; 403.594
0.715; 403.248
0.7176; 402.931
0.7202; 402.641
0.7228; 402.376
0.7254; 402.135
0.728; 401.915
0.7306; 401.715
0.7332; 401.535
0.7358; 401.371
0.7384; 401.224
0.741; 401.091
0.7436; 400.972
0.7462; 400.866
0.7488; 400.771
0.7514; 400.687
0.754; 400.613
0.7566; 400.548
0.7592; 400.492
0.7618; 400.443
0.7644; 400.401
0.767; 400.367
0.7696; 400.338
0.7722; 400.316
0.7748; 400.299
0.7774; 400.288
0.78; 400.283
