0.00026; 525.446
0.00052; 525.441
0.00078; 525.45
0.00104; 525.448
0.0013; 525.434
0.00156; 525.436
0.00182; 525.441
0.00208; 525.439
0.00234; 525.429
0.0026; 525.421
0.00286; 525.43
0.00312; 525.427
0.00338; 525.413
0.00364; 525.416
0.0039; 525.421
0.00416; 525.418
0.00442; 525.408
0.00468; 525.401
0.00494; 525.41
0.0052; 525.408
0.00546; 525.394
0.00572; 525.396
0.00598; 525.401
0.00624; 525.399
0.0065; 525.389
0.00676; 525.382
0.00702; 525.391
0.00728; 525.389
0.00754; 525.375
0.0078; 525.378
0.00806; 525.384
0.00832; 525.381
0.00858; 525.372
0.00884; 525.365
0.0091; 525.374
0.00936; 525.372
0.00962; 525.359
0.00988; 525.362
0.01014; 525.367
0.0104; 525.365
0.01066; 525.356
0.01092; 525.349
0.01118; 525.359
0.01144; 525.357
0.0117; 525.343
0.01196; 525.347
0.01222; 525.352
0.01248; 525.35
0.01274; 525.341
0.013; 525.334
0.01326; 525.344
0.01352; 525.342
0.01378; 525.329
0.01404; 525.332
0.0143; 525.338
0.01456; 525.336
0.01482; 525.327
0.01508; 525.32
0.01534; 525.33
0.0156; 525.328
0.01586; 525.315
0.01612; 525.318
0.01638; 525.324
0.01664; 525.323
0.0169; 525.314
0.01716; 525.307
0.01742; 525.317
0.01768; 525.316
0.01794; 525.303
0.0182; 525.306
0.01846; 525.312
0.01872; 525.311
0.01898; 525.302
0.01924; 525.296
0.0195; 525.306
0.01976; 525.304
0.02002; 525.292
0.02028; 525.295
0.02054; 525.301
0.0208; 525.3
0.02106; 525.291
0.02132; 525.286
0.02158; 525.296
0.02184; 525.294
0.0221; 525.282
0.02236; 525.286
0.02262; 525.292
0.02288; 525.291
0.02314; 525.282
0.0234; 525.277
0.02366; 525.287
0.02392; 525.286
0.02418; 525.273
0.02444; 525.277
0.0247; 525.284
0.02496; 525.283
0.02522; 525.274
0.02548; 525.269
0.02574; 525.279
0.026; 525.278
0.02626; 525.266
0.02652; 525.27
0.02678; 525.276
0.02704; 525.275
0.0273; 525.267
0.02756; 525.262
0.02782; 525.272
0.02808; 525.271
0.02834; 525.259
0.0286; 525.263
0.02886; 525.27
0.02912; 525.269
0.02938; 525.261
0.02964; 525.256
0.0299; 525.266
0.03016; 525.266
0.03042; 525.253
0.03068; 525.258
0.03094; 525.265
0.0312; 525.264
0.03146; 525.256
0.03172; 525.251
0.03198; 525.262
0.03224; 525.261
0.0325; 525.249
0.03276; 525.254
0.03302; 525.261
0.03328; 525.26
0.03354; 525.252
0.0338; 525.247
0.03406; 525.258
0.03432; 525.258
0.03458; 525.246
0.03484; 525.25
0.0351; 525.257
0.03536; 525.257
0.03562; 525.249
0.03588; 525.244
0.03614; 525.255
0.0364; 525.255
0.03666; 525.243
0.03692; 525.248
0.03718; 525.255
0.03744; 525.255
0.0377; 525.247
0.03796; 525.243
0.03822; 525.254
0.03848; 525.254
0.03874; 525.242
0.039; 525.247
0.03926; 525.254
0.03952; 525.254
0.03978; 525.247
0.04004; 525.242
0.0403; 525.253
0.04056; 525.253
0.04082; 525.242
0.04108; 525.247
0.04134; 525.255
0.0416; 525.255
0.04186; 525.247
0.04212; 525.243
0.04238; 525.254
0.04264; 525.254
0.0429; 525.243
0.04316; 525.248
0.04342; 525.256
0.04368; 525.256
0.04394; 525.249
0.0442; 525.244
0.04446; 525.256
0.04472; 525.256
0.04498; 525.245
0.04524; 525.25
0.0455; 525.258
0.04576; 525.258
0.04602; 525.251
0.04628; 525.247
0.04654; 525.258
0.0468; 525.259
0.04706; 525.248
0.04732; 525.253
0.04758; 525.261
0.04784; 525.262
0.0481; 525.255
0.04836; 525.25
0.04862; 525.262
0.04888; 525.263
0.04914; 525.252
0.0494; 525.257
0.04966; 525.265
0.04992; 525.266
0.05018; 525.259
0.05044; 525.255
0.0507; 525.267
0.05096; 525.268
0.05122; 525.257
0.05148; 525.263
0.05174; 525.271
0.052; 525.271
0.05226; 525.264
0.05252; 525.26
0.05278; 525.272
0.05304; 525.273
0.0533; 525.263
0.05356; 525.268
0.05382; 525.277
0.05408; 525.278
0.05434; 525.271
0.0546; 525.267
0.05486; 525.279
0.05512; 525.28
0.05538; 525.27
0.05564; 525.276
0.0559; 525.284
0.05616; 525.285
0.05642; 525.279
0.05668; 525.275
0.05694; 525.287
0.0572; 525.288
0.05746; 525.278
0.05772; 525.284
0.05798; 525.293
0.05824; 525.294
0.0585; 525.287
0.05876; 525.284
0.05902; 525.297
0.05928; 525.298
0.05954; 525.288
0.0598; 525.294
0.06006; 525.303
0.06032; 525.304
0.06058; 525.298
0.06084; 525.294
0.0611; 525.307
0.06136; 525.308
0.06162; 525.298
0.06188; 525.304
0.06214; 525.313
0.0624; 525.315
0.06266; 525.309
0.06292; 525.306
0.06318; 525.318
0.06344; 525.32
0.0637; 525.31
0.06396; 525.316
0.06422; 525.325
0.06448; 525.327
0.06474; 525.321
0.065; 525.318
0.06526; 525.331
0.06552; 525.333
0.06578; 525.323
0.06604; 525.329
0.0663; 525.339
0.06656; 525.34
0.06682; 525.334
0.06708; 525.331
0.06734; 525.344
0.0676; 525.346
0.06786; 525.337
0.06812; 525.344
0.06838; 525.353
0.06864; 525.355
0.0689; 525.349
0.06916; 525.346
0.06942; 525.359
0.06968; 525.361
0.06994; 525.351
0.0702; 525.358
0.07046; 525.368
0.07072; 525.37
0.07098; 525.364
0.07124; 525.362
0.0715; 525.375
0.07176; 525.377
0.07202; 525.368
0.07228; 525.375
0.07254; 525.384
0.0728; 525.386
0.07306; 525.381
0.07332; 525.378
0.07358; 525.392
0.07384; 525.394
0.0741; 525.385
0.07436; 525.392
0.07462; 525.402
0.07488; 525.404
0.07514; 525.399
0.0754; 525.397
0.07566; 525.41
0.07592; 525.413
0.07618; 525.404
0.07644; 525.411
0.0767; 525.421
0.07696; 525.423
0.07722; 525.417
0.07748; 525.415
0.07774; 525.434
0.078; 525.443
