0.00667; 0
0.01334; 0
0.02001; 0
0.02668; 0
0.03335; 0
0.04002; 0
0.04669; 0
0.05336; 0
0.06003; 0
0.0667; 0
0.07337; 0
0.08004; 0
0.08671; 0
0.09338; 0
0.10005; 0
0.10672; 0
0.11339; 0
0.12006; 0
0.12673; 0
0.1334; 0
0.14007; 0
0.14674; 0
0.15341; 0
0.16008; 0
0.16675; 0
0.17342; 0
0.18009; 0
0.18676; 0
0.19343; 0
0.2001; 0
0.20677; 0
0.21344; 0
0.22011; 0
0.22678; 0
0.23345; 0
0.24012; 0
0.24679; 0
0.25346; 0
0.26013; 0
0.2668; 0
0.27347; 0
0.28014; 0
0.28681; 0
0.29348; 0
0.30015; 0
0.30682; 0
0.31349; 0
0.32016; 0
0.32683; 0
0.3335; 0
0.34017; 0
0.34684; 0
0.35351; 0
0.36018; 0
0.36685; 0
0.37352; 0
0.38019; 0
0.38686; 0
0.39353; 0
0.4002; 0
0.40687; 0
0.41354; 0
0.42021; 0
0.42688; 0
0.43355; 0
0.44022; 0
0.44689; 0
0.45356; 0
0.46023; 0
0.4669; 0
0.47357; 660.672
0.48024; 660.604
0.48691; 660.468
0.49358; 660.265
0.50025; 659.995
0.50692; 659.657
0.51359; 659.252
0.52026; 658.78
0.52693; 658.242
0.5336; 657.638
0.54027; 656.968
0.54694; 656.233
0.55361; 655.433
0.56028; 654.569
0.56695; 653.641
0.57362; 652.65
0.58029; 651.596
0.58696; 650.48
0.59363; 649.303
0.6003; 648.065
0.60697; 646.766
0.61364; 645.408
0.62031; 643.99
0.62698; 642.513
0.63365; 640.978
0.64032; 639.385
0.64699; 637.734
0.65366; 636.026
0.66033; 634.26
0.667; 632.438
0.67367; 630.558
0.68034; 628.622
0.68701; 626.628
0.69368; 624.576
0.70035; 622.467
0.70702; 620.299
0.71369; 618.071
0.72036; 615.784
0.72703; 613.434
0.7337; 611.022
0.74037; 608.545
0.74704; 606.001
0.75371; 603.389
0.76038; 600.705
0.76705; 597.947
0.77372; 595.111
0.78039; 592.193
0.78706; 589.189
0.79373; 586.094
0.8004; 582.902
0.80707; 579.607
0.81374; 576.202
0.82041; 572.677
0.82708; 569.025
0.83375; 565.234
0.84042; 561.293
0.84709; 557.187
0.85376; 552.902
0.86043; 548.42
0.8671; 543.72
0.87377; 538.781
0.88044; 533.577
0.88711; 528.08
0.89378; 522.257
0.90045; 516.074
0.90712; 509.498
0.91379; 502.493
0.92046; 495.037
0.92713; 487.128
0.9338; 478.807
0.94047; 470.208
0.94714; 461.619
0.95381; 453.591
0.96048; 447.033
0.96715; 443.189
0.97382; 443.189
0.98049; 447.033
0.98716; 453.591
0.99383; 461.619
1.0005; 470.208
1.00717; 478.807
1.01384; 487.128
1.02051; 495.037
1.02718; 502.493
1.03385; 509.498
1.04052; 516.074
1.04719; 522.257
1.05386; 528.08
1.06053; 533.577
1.0672; 538.781
1.07387; 543.72
1.08054; 548.42
1.08721; 552.902
1.09388; 557.187
1.10055; 561.293
1.10722; 565.234
1.11389; 569.025
1.12056; 572.677
1.12723; 576.202
1.1339; 579.607
1.14057; 582.902
1.14724; 586.094
1.15391; 589.189
1.16058; 592.193
1.16725; 595.111
1.17392; 597.947
1.18059; 600.705
1.18726; 603.389
1.19393; 606.001
1.2006; 608.545
1.20727; 611.022
1.21394; 613.434
1.22061; 615.784
1.22728; 618.071
1.23395; 620.299
1.24062; 622.467
1.24729; 624.576
1.25396; 626.628
1.26063; 628.622
1.2673; 630.558
1.27397; 632.438
1.28064; 634.26
1.28731; 636.026
1.29398; 637.734
1.30065; 639.385
1.30732; 640.978
1.31399; 642.513
1.32066; 643.99
1.32733; 645.408
1.334; 646.766
1.34067; 648.065
1.34734; 649.303
1.35401; 650.48
1.36068; 651.596
1.36735; 652.65
1.37402; 653.641
1.38069; 654.569
1.38736; 655.433
1.39403; 656.233
1.4007; 656.968
1.40737; 657.638
1.41404; 658.242
1.42071; 658.78
1.42738; 659.252
1.43405; 659.657
1.44072; 659.995
1.44739; 660.265
1.45406; 660.468
1.46073; 660.604
1.4674; 660.672
1.47407; 0
1.48074; 0
1.48741; 0
1.49408; 0
1.50075; 0
1.50742; 0
1.51409; 0
1.52076; 0
1.52743; 0
1.5341; 0
1.54077; 0
1.54744; 0
1.55411; 0
1.56078; 0
1.56745; 0
1.57412; 0
1.58079; 0
1.58746; 0
1.59413; 0
1.6008; 0
1.60747; 0
1.61414; 0
1.62081; 0
1.62748; 0
1.63415; 0
1.64082; 0
1.64749; 0
1.65416; 0
1.66083; 0
1.6675; 0
1.67417; 0
1.68084; 0
1.68751; 0
1.69418; 0
1.70085; 0
1.70752; 0
1.71419; 0
1.72086; 0
1.72753; 0
1.7342; 0
1.74087; 0
1.74754; 0
1.75421; 0
1.76088; 0
1.76755; 0
1.77422; 0
1.78089; 0
1.78756; 0
1.79423; 0
1.8009; 0
1.80757; 0
1.81424; 0
1.82091; 0
1.82758; 0
1.83425; 0
1.84092; 0
1.84759; 0
1.85426; 0
1.86093; 0
1.8676; 0
1.87427; 0
1.88094; 0
1.88761; 0
1.89428; 0
1.90095; 0
1.90762; 0
1.91429; 0
1.92096; 0
1.92763; 0
1.9343; 0
1.94097; 0
1.94764; 0
1.95431; 0
1.96098; 0
1.96765; 0
1.97432; 0
1.98099; 0
1.98766; 0
1.99433; 0
2.001; 0
