0.00026; 0
0.00052; 0
0.00078; 0
0.00104; 0
0.0013; 0
0.00156; 0
0.00182; 0
0.00208; 0
0.00234; 0
0.0026; 0
0.00286; 0
0.00312; 0
0.00338; 0
0.00364; 0
0.0039; 0
0.00416; 0
0.00442; 0
0.00468; 0
0.00494; 0
0.0052; 0
0.00546; 0
0.00572; 0
0.00598; 0
0.00624; 0
0.0065; 0
0.00676; 0
0.00702; 0
0.00728; 0
0.00754; 0
0.0078; 0
0.00806; 0
0.00832; 0
0.00858; 0
0.00884; 0
0.0091; 0
0.00936; 0
0.00962; 0
0.00988; 0
0.01014; 0
0.0104; 0
0.01066; 0
0.01092; 0
0.01118; 0
0.01144; 0
0.0117; 0
0.01196; 0
0.01222; 0
0.01248; 0
0.01274; 0
0.013; 0
0.01326; 0
0.01352; 0
0.01378; 0
0.01404; 0
0.0143; 0
0.01456; 0
0.01482; 0
0.01508; 0
0.01534; 0
0.0156; 0
0.01586; 0
0.01612; 0
0.01638; 0
0.01664; 0
0.0169; 0
0.01716; 0
0.01742; 0
0.01768; 0
0.01794; 0
0.0182; 0
0.01846; 0
0.01872; 0
0.01898; 0
0.01924; 0
0.0195; 0
0.01976; 0
0.02002; 0
0.02028; 0
0.02054; 0
0.0208; 0
0.02106; 0
0.02132; 0
0.02158; 0
0.02184; 0
0.0221; 0
0.02236; 0
0.02262; 0
0.02288; 612.865
0.02314; 612.716
0.0234; 612.571
0.02366; 612.41
0.02392; 612.273
0.02418; 612.137
0.02444; 612.014
0.0247; 611.886
0.02496; 611.767
0.02522; 611.646
0.02548; 611.548
0.02574; 611.434
0.026; 611.342
0.02626; 611.249
0.02652; 611.169
0.02678; 611.082
0.02704; 611.004
0.0273; 610.922
0.02756; 610.863
0.02782; 610.787
0.02808; 610.732
0.02834; 610.677
0.0286; 610.633
0.02886; 610.583
0.02912; 610.539
0.02938; 610.492
0.02964; 610.466
0.0299; 610.424
0.03016; 610.401
0.03042; 610.378
0.03068; 610.365
0.03094; 610.344
0.0312; 610.33
0.03146; 610.311
0.03172; 610.314
0.03198; 610.298
0.03224; 610.303
0.0325; 610.305
0.03276; 610.317
0.03302; 610.321
0.03328; 610.33
0.03354; 610.334
0.0338; 610.359
0.03406; 610.365
0.03432; 610.39
0.03458; 610.413
0.03484; 610.444
0.0351; 610.467
0.03536; 610.495
0.03562; 610.516
0.03588; 610.558
0.03614; 610.581
0.0364; 610.621
0.03666; 610.659
0.03692; 610.705
0.03718; 610.742
0.03744; 610.783
0.0377; 610.818
0.03796; 610.872
0.03822; 610.906
0.03848; 610.958
0.03874; 611.007
0.039; 611.064
0.03926; 611.111
0.03952; 611.162
0.03978; 611.206
0.04004; 611.269
0.0403; 611.312
0.04056; 611.373
0.04082; 611.43
0.04108; 611.494
0.04134; 611.548
0.0416; 611.607
0.04186; 611.658
0.04212; 611.728
0.04238; 611.778
0.04264; 611.846
0.0429; 611.909
0.04316; 611.98
0.04342; 612.04
0.04368; 612.105
0.04394; 612.163
0.0442; 612.239
0.04446; 612.295
0.04472; 612.369
0.04498; 612.439
0.04524; 612.516
0.0455; 612.583
0.04576; 612.655
0.04602; 612.719
0.04628; 612.803
0.04654; 612.866
0.0468; 612.947
0.04706; 613.025
0.04732; 613.11
0.04758; 613.186
0.04784; 613.266
0.0481; 613.34
0.04836; 613.432
0.04862; 613.506
0.04888; 613.597
0.04914; 613.685
0.0494; 613.782
0.04966; 613.868
0.04992; 613.961
0.05018; 614.046
0.05044; 614.152
0.0507; 614.239
0.05096; 614.344
0.05122; 614.446
0.05148; 614.558
0.05174; 614.66
0.052; 614.768
0.05226; 614.871
0.05252; 614.994
0.05278; 615.098
0.05304; 615.222
0.0533; 615.344
0.05356; 615.474
0.05382; 615.597
0.05408; 615.726
0.05434; 615.85
0.0546; 615.995
0.05486; 616.123
0.05512; 616.269
0.05538; 616.415
0.05564; 616.57
0.0559; 616.718
0.05616; 616.873
0.05642; 617.024
0.05668; 617.196
0.05694; 617.353
0.0572; 617.529
0.05746; 617.706
0.05772; 617.895
0.05798; 618.076
0.05824; 618.245
0.0585; 0
0.05876; 0
0.05902; 0
0.05928; 0
0.05954; 0
0.0598; 0
0.06006; 0
0.06032; 0
0.06058; 0
0.06084; 0
0.0611; 0
0.06136; 0
0.06162; 0
0.06188; 0
0.06214; 0
0.0624; 0
0.06266; 0
0.06292; 0
0.06318; 0
0.06344; 0
0.0637; 0
0.06396; 0
0.06422; 0
0.06448; 0
0.06474; 0
0.065; 0
0.06526; 0
0.06552; 0
0.06578; 0
0.06604; 0
0.0663; 0
0.06656; 0
0.06682; 0
0.06708; 0
0.06734; 0
0.0676; 0
0.06786; 0
0.06812; 0
0.06838; 0
0.06864; 0
0.0689; 0
0.06916; 0
0.06942; 0
0.06968; 0
0.06994; 0
0.0702; 0
0.07046; 0
0.07072; 0
0.07098; 0
0.07124; 0
0.0715; 0
0.07176; 0
0.07202; 0
0.07228; 0
0.07254; 0
0.0728; 0
0.07306; 0
0.07332; 0
0.07358; 0
0.07384; 0
0.0741; 0
0.07436; 0
0.07462; 0
0.07488; 0
0.07514; 0
0.0754; 0
0.07566; 0
0.07592; 0
0.07618; 0
0.07644; 0
0.0767; 0
0.07696; 0
0.07722; 0
0.07748; 0
0.07774; 0
0.078; 0
