0.00667; 0
0.01334; 0
0.02001; 0
0.02668; 0
0.03335; 0
0.04002; 0
0.04669; 0
0.05336; 0
0.06003; 0
0.0667; 0
0.07337; 0
0.08004; 0
0.08671; 0
0.09338; 0
0.10005; 0
0.10672; 0
0.11339; 0
0.12006; 0
0.12673; 0
0.1334; 0
0.14007; 0
0.14674; 0
0.15341; 0
0.16008; 0
0.16675; 0
0.17342; 0
0.18009; 0
0.18676; 0
0.19343; 0
0.2001; 0
0.20677; 0
0.21344; 0
0.22011; 0
0.22678; 0
0.23345; 0
0.24012; 0
0.24679; 0
0.25346; 0
0.26013; 0
0.2668; 0
0.27347; 0
0.28014; 0
0.28681; 0
0.29348; 0
0.30015; 0
0.30682; 0
0.31349; 0
0.32016; 0
0.32683; 0
0.3335; 0
0.34017; 0
0.34684; 0
0.35351; 0
0.36018; 0
0.36685; 0
0.37352; 0
0.38019; 0
0.38686; 0
0.39353; 0
0.4002; 0
0.40687; 0
0.41354; 0
0.42021; 0
0.42688; 0
0.43355; 0
0.44022; 0
0.44689; 0
0.45356; 0
0.46023; 0
0.4669; 0
0.47357; 393.04
0.48024; 392.984
0.48691; 392.874
0.49358; 392.709
0.50025; 392.49
0.50692; 392.216
0.51359; 391.889
0.52026; 391.509
0.52693; 391.078
0.5336; 390.595
0.54027; 390.063
0.54694; 389.482
0.55361; 388.854
0.56028; 388.179
0.56695; 387.46
0.57362; 386.698
0.58029; 385.895
0.58696; 385.051
0.59363; 384.169
0.6003; 383.251
0.60697; 382.299
0.61364; 381.313
0.62031; 380.297
0.62698; 379.253
0.63365; 378.181
0.64032; 377.085
0.64699; 375.966
0.65366; 374.826
0.66033; 373.668
0.667; 372.493
0.67367; 371.303
0.68034; 370.1
0.68701; 368.886
0.69368; 367.664
0.70035; 366.434
0.70702; 365.199
0.71369; 363.96
0.72036; 362.72
0.72703; 361.479
0.7337; 360.239
0.74037; 359.002
0.74704; 357.769
0.75371; 356.541
0.76038; 355.32
0.76705; 354.107
0.77372; 352.902
0.78039; 351.706
0.78706; 350.52
0.79373; 349.345
0.8004; 348.18
0.80707; 347.027
0.81374; 345.884
0.82041; 344.752
0.82708; 343.631
0.83375; 342.519
0.84042; 341.415
0.84709; 340.319
0.85376; 339.229
0.86043; 338.142
0.8671; 337.056
0.87377; 335.969
0.88044; 334.876
0.88711; 333.774
0.89378; 332.658
0.90045; 331.524
0.90712; 330.365
0.91379; 329.176
0.92046; 327.954
0.92713; 326.697
0.9338; 325.41
0.94047; 324.109
0.94714; 322.833
0.95381; 321.657
0.96048; 320.707
0.96715; 320.153
0.97382; 320.153
0.98049; 320.707
0.98716; 321.657
0.99383; 322.833
1.0005; 324.109
1.00717; 325.41
1.01384; 326.697
1.02051; 327.954
1.02718; 329.176
1.03385; 330.365
1.04052; 331.524
1.04719; 332.658
1.05386; 333.774
1.06053; 334.876
1.0672; 335.969
1.07387; 337.056
1.08054; 338.142
1.08721; 339.229
1.09388; 340.319
1.10055; 341.415
1.10722; 342.519
1.11389; 343.631
1.12056; 344.752
1.12723; 345.884
1.1339; 347.027
1.14057; 348.18
1.14724; 349.345
1.15391; 350.52
1.16058; 351.706
1.16725; 352.902
1.17392; 354.107
1.18059; 355.32
1.18726; 356.541
1.19393; 357.769
1.2006; 359.002
1.20727; 360.239
1.21394; 361.479
1.22061; 362.72
1.22728; 363.96
1.23395; 365.199
1.24062; 366.434
1.24729; 367.664
1.25396; 368.886
1.26063; 370.1
1.2673; 371.303
1.27397; 372.493
1.28064; 373.668
1.28731; 374.826
1.29398; 375.966
1.30065; 377.085
1.30732; 378.181
1.31399; 379.253
1.32066; 380.297
1.32733; 381.313
1.334; 382.299
1.34067; 383.251
1.34734; 384.169
1.35401; 385.051
1.36068; 385.895
1.36735; 386.698
1.37402; 387.46
1.38069; 388.179
1.38736; 388.854
1.39403; 389.482
1.4007; 390.063
1.40737; 390.595
1.41404; 391.078
1.42071; 391.509
1.42738; 391.889
1.43405; 392.216
1.44072; 392.49
1.44739; 392.709
1.45406; 392.874
1.46073; 392.984
1.4674; 393.04
1.47407; 0
1.48074; 0
1.48741; 0
1.49408; 0
1.50075; 0
1.50742; 0
1.51409; 0
1.52076; 0
1.52743; 0
1.5341; 0
1.54077; 0
1.54744; 0
1.55411; 0
1.56078; 0
1.56745; 0
1.57412; 0
1.58079; 0
1.58746; 0
1.59413; 0
1.6008; 0
1.60747; 0
1.61414; 0
1.62081; 0
1.62748; 0
1.63415; 0
1.64082; 0
1.64749; 0
1.65416; 0
1.66083; 0
1.6675; 0
1.67417; 0
1.68084; 0
1.68751; 0
1.69418; 0
1.70085; 0
1.70752; 0
1.71419; 0
1.72086; 0
1.72753; 0
1.7342; 0
1.74087; 0
1.74754; 0
1.75421; 0
1.76088; 0
1.76755; 0
1.77422; 0
1.78089; 0
1.78756; 0
1.79423; 0
1.8009; 0
1.80757; 0
1.81424; 0
1.82091; 0
1.82758; 0
1.83425; 0
1.84092; 0
1.84759; 0
1.85426; 0
1.86093; 0
1.8676; 0
1.87427; 0
1.88094; 0
1.88761; 0
1.89428; 0
1.90095; 0
1.90762; 0
1.91429; 0
1.92096; 0
1.92763; 0
1.9343; 0
1.94097; 0
1.94764; 0
1.95431; 0
1.96098; 0
1.96765; 0
1.97432; 0
1.98099; 0
1.98766; 0
1.99433; 0
2.001; 0
