0.00667; 0
0.01334; 0
0.02001; 0
0.02668; 0
0.03335; 0
0.04002; 0
0.04669; 0
0.05336; 0
0.06003; 0
0.0667; 0
0.07337; 0
0.08004; 0
0.08671; 0
0.09338; 0
0.10005; 0
0.10672; 0
0.11339; 0
0.12006; 0
0.12673; 0
0.1334; 0
0.14007; 0
0.14674; 0
0.15341; 0
0.16008; 0
0.16675; 0
0.17342; 0
0.18009; 0
0.18676; 0
0.19343; 0
0.2001; 0
0.20677; 0
0.21344; 0
0.22011; 0
0.22678; 0
0.23345; 0
0.24012; 0
0.24679; 0
0.25346; 0
0.26013; 0
0.2668; 0
0.27347; 0
0.28014; 0
0.28681; 0
0.29348; 0
0.30015; 0
0.30682; 0
0.31349; 0
0.32016; 0
0.32683; 0
0.3335; 0
0.34017; 0
0.34684; 0
0.35351; 0
0.36018; 0
0.36685; 0
0.37352; 0
0.38019; 0
0.38686; 0
0.39353; 0
0.4002; 0
0.40687; 0
0.41354; 0
0.42021; 0
0.42688; 0
0.43355; 0
0.44022; 0
0.44689; 0
0.45356; 0
0.46023; 0
0.4669; 0
0.47357; 400.256
0.48024; 400.199
0.48691; 400.085
0.49358; 399.916
0.50025; 399.689
0.50692; 399.408
0.51359; 399.071
0.52026; 398.68
0.52693; 398.236
0.5336; 397.739
0.54027; 397.191
0.54694; 396.593
0.55361; 395.945
0.56028; 395.25
0.56695; 394.509
0.57362; 393.723
0.58029; 392.894
0.58696; 392.024
0.59363; 391.114
0.6003; 390.167
0.60697; 389.183
0.61364; 388.165
0.62031; 387.115
0.62698; 386.035
0.63365; 384.927
0.64032; 383.793
0.64699; 382.635
0.65366; 381.454
0.66033; 380.253
0.667; 379.035
0.67367; 377.8
0.68034; 376.551
0.68701; 375.291
0.69368; 374.019
0.70035; 372.74
0.70702; 371.454
0.71369; 370.163
0.72036; 368.869
0.72703; 367.574
0.7337; 366.278
0.74037; 364.984
0.74704; 363.693
0.75371; 362.406
0.76038; 361.124
0.76705; 359.849
0.77372; 358.58
0.78039; 357.32
0.78706; 356.068
0.79373; 354.825
0.8004; 353.591
0.80707; 352.366
0.81374; 351.151
0.82041; 349.944
0.82708; 348.746
0.83375; 347.555
0.84042; 346.37
0.84709; 345.19
0.85376; 344.013
0.86043; 342.835
0.8671; 341.656
0.87377; 340.47
0.88044; 339.275
0.88711; 338.065
0.89378; 336.836
0.90045; 335.582
0.90712; 334.297
0.91379; 332.974
0.92046; 331.61
0.92713; 330.203
0.9338; 328.758
0.94047; 327.295
0.94714; 325.858
0.95381; 324.531
0.96048; 323.457
0.96715; 322.831
0.97382; 322.831
0.98049; 323.457
0.98716; 324.531
0.99383; 325.858
1.0005; 327.295
1.00717; 328.758
1.01384; 330.203
1.02051; 331.61
1.02718; 332.974
1.03385; 334.297
1.04052; 335.582
1.04719; 336.836
1.05386; 338.065
1.06053; 339.275
1.0672; 340.47
1.07387; 341.656
1.08054; 342.835
1.08721; 344.013
1.09388; 345.19
1.10055; 346.37
1.10722; 347.555
1.11389; 348.746
1.12056; 349.944
1.12723; 351.151
1.1339; 352.366
1.14057; 353.591
1.14724; 354.825
1.15391; 356.068
1.16058; 357.32
1.16725; 358.58
1.17392; 359.849
1.18059; 361.124
1.18726; 362.406
1.19393; 363.693
1.2006; 364.984
1.20727; 366.278
1.21394; 367.574
1.22061; 368.869
1.22728; 370.163
1.23395; 371.454
1.24062; 372.74
1.24729; 374.019
1.25396; 375.291
1.26063; 376.551
1.2673; 377.8
1.27397; 379.035
1.28064; 380.253
1.28731; 381.454
1.29398; 382.635
1.30065; 383.793
1.30732; 384.927
1.31399; 386.035
1.32066; 387.115
1.32733; 388.165
1.334; 389.183
1.34067; 390.167
1.34734; 391.114
1.35401; 392.024
1.36068; 392.894
1.36735; 393.723
1.37402; 394.509
1.38069; 395.25
1.38736; 395.945
1.39403; 396.593
1.4007; 397.191
1.40737; 397.739
1.41404; 398.236
1.42071; 398.68
1.42738; 399.071
1.43405; 399.408
1.44072; 399.689
1.44739; 399.916
1.45406; 400.085
1.46073; 400.199
1.4674; 400.256
1.47407; 0
1.48074; 0
1.48741; 0
1.49408; 0
1.50075; 0
1.50742; 0
1.51409; 0
1.52076; 0
1.52743; 0
1.5341; 0
1.54077; 0
1.54744; 0
1.55411; 0
1.56078; 0
1.56745; 0
1.57412; 0
1.58079; 0
1.58746; 0
1.59413; 0
1.6008; 0
1.60747; 0
1.61414; 0
1.62081; 0
1.62748; 0
1.63415; 0
1.64082; 0
1.64749; 0
1.65416; 0
1.66083; 0
1.6675; 0
1.67417; 0
1.68084; 0
1.68751; 0
1.69418; 0
1.70085; 0
1.70752; 0
1.71419; 0
1.72086; 0
1.72753; 0
1.7342; 0
1.74087; 0
1.74754; 0
1.75421; 0
1.76088; 0
1.76755; 0
1.77422; 0
1.78089; 0
1.78756; 0
1.79423; 0
1.8009; 0
1.80757; 0
1.81424; 0
1.82091; 0
1.82758; 0
1.83425; 0
1.84092; 0
1.84759; 0
1.85426; 0
1.86093; 0
1.8676; 0
1.87427; 0
1.88094; 0
1.88761; 0
1.89428; 0
1.90095; 0
1.90762; 0
1.91429; 0
1.92096; 0
1.92763; 0
1.9343; 0
1.94097; 0
1.94764; 0
1.95431; 0
1.96098; 0
1.96765; 0
1.97432; 0
1.98099; 0
1.98766; 0
1.99433; 0
2.001; 0
