0.00667; 0
0.01334; 0
0.02001; 0
0.02668; 0
0.03335; 0
0.04002; 0
0.04669; 0
0.05336; 0
0.06003; 0
0.0667; 0
0.07337; 0
0.08004; 0
0.08671; 0
0.09338; 0
0.10005; 0
0.10672; 0
0.11339; 0
0.12006; 0
0.12673; 0
0.1334; 0
0.14007; 0
0.14674; 0
0.15341; 0
0.16008; 0
0.16675; 0
0.17342; 0
0.18009; 0
0.18676; 0
0.19343; 0
0.2001; 0
0.20677; 0
0.21344; 0
0.22011; 0
0.22678; 0
0.23345; 0
0.24012; 0
0.24679; 0
0.25346; 0
0.26013; 0
0.2668; 0
0.27347; 0
0.28014; 0
0.28681; 0
0.29348; 0
0.30015; 0
0.30682; 0
0.31349; 0
0.32016; 0
0.32683; 0
0.3335; 0
0.34017; 0
0.34684; 0
0.35351; 0
0.36018; 0
0.36685; 0
0.37352; 0
0.38019; 0
0.38686; 0
0.39353; 0
0.4002; 0
0.40687; 0
0.41354; 0
0.42021; 0
0.42688; 0
0.43355; 0
0.44022; 0
0.44689; 0
0.45356; 0
0.46023; 0
0.4669; 0
0.47357; 688.048
0.48024; 687.98
0.48691; 687.844
0.49358; 687.64
0.50025; 687.368
0.50692; 687.029
0.51359; 686.622
0.52026; 686.148
0.52693; 685.607
0.5336; 685
0.54027; 684.325
0.54694; 683.585
0.55361; 682.78
0.56028; 681.909
0.56695; 680.973
0.57362; 679.973
0.58029; 678.909
0.58696; 677.781
0.59363; 676.59
0.6003; 675.336
0.60697; 674.019
0.61364; 672.641
0.62031; 671.2
0.62698; 669.699
0.63365; 668.136
0.64032; 666.512
0.64699; 664.827
0.65366; 663.081
0.66033; 661.274
0.667; 659.406
0.67367; 657.477
0.68034; 655.487
0.68701; 653.434
0.69368; 651.319
0.70035; 649.14
0.70702; 646.898
0.71369; 644.59
0.72036; 642.215
0.72703; 639.772
0.7337; 637.259
0.74037; 634.674
0.74704; 632.015
0.75371; 629.278
0.76038; 626.462
0.76705; 623.562
0.77372; 620.574
0.78039; 617.495
0.78706; 614.319
0.79373; 611.04
0.8004; 607.652
0.80707; 604.148
0.81374; 600.521
0.82041; 596.759
0.82708; 592.855
0.83375; 588.795
0.84042; 584.567
0.84709; 580.156
0.85376; 575.544
0.86043; 570.714
0.8671; 565.642
0.87377; 560.304
0.88044; 554.673
0.88711; 548.716
0.89378; 542.401
0.90045; 535.689
0.90712; 528.542
0.91379; 520.924
0.92046; 512.809
0.92713; 504.196
0.9338; 495.13
0.94047; 485.756
0.94714; 476.391
0.95381; 467.635
0.96048; 460.481
0.96715; 456.286
0.97382; 456.286
0.98049; 460.481
0.98716; 467.635
0.99383; 476.391
1.0005; 485.756
1.00717; 495.13
1.01384; 504.196
1.02051; 512.809
1.02718; 520.924
1.03385; 528.542
1.04052; 535.689
1.04719; 542.401
1.05386; 548.716
1.06053; 554.673
1.0672; 560.304
1.07387; 565.642
1.08054; 570.714
1.08721; 575.544
1.09388; 580.156
1.10055; 584.567
1.10722; 588.795
1.11389; 592.855
1.12056; 596.759
1.12723; 600.521
1.1339; 604.148
1.14057; 607.652
1.14724; 611.04
1.15391; 614.319
1.16058; 617.495
1.16725; 620.574
1.17392; 623.562
1.18059; 626.462
1.18726; 629.278
1.19393; 632.015
1.2006; 634.674
1.20727; 637.259
1.21394; 639.772
1.22061; 642.215
1.22728; 644.59
1.23395; 646.898
1.24062; 649.14
1.24729; 651.319
1.25396; 653.434
1.26063; 655.487
1.2673; 657.477
1.27397; 659.406
1.28064; 661.274
1.28731; 663.081
1.29398; 664.827
1.30065; 666.512
1.30732; 668.136
1.31399; 669.699
1.32066; 671.2
1.32733; 672.641
1.334; 674.019
1.34067; 675.336
1.34734; 676.59
1.35401; 677.781
1.36068; 678.909
1.36735; 679.973
1.37402; 680.973
1.38069; 681.909
1.38736; 682.78
1.39403; 683.585
1.4007; 684.325
1.40737; 685
1.41404; 685.607
1.42071; 686.148
1.42738; 686.622
1.43405; 687.029
1.44072; 687.368
1.44739; 687.64
1.45406; 687.844
1.46073; 687.98
1.4674; 688.048
1.47407; 0
1.48074; 0
1.48741; 0
1.49408; 0
1.50075; 0
1.50742; 0
1.51409; 0
1.52076; 0
1.52743; 0
1.5341; 0
1.54077; 0
1.54744; 0
1.55411; 0
1.56078; 0
1.56745; 0
1.57412; 0
1.58079; 0
1.58746; 0
1.59413; 0
1.6008; 0
1.60747; 0
1.61414; 0
1.62081; 0
1.62748; 0
1.63415; 0
1.64082; 0
1.64749; 0
1.65416; 0
1.66083; 0
1.6675; 0
1.67417; 0
1.68084; 0
1.68751; 0
1.69418; 0
1.70085; 0
1.70752; 0
1.71419; 0
1.72086; 0
1.72753; 0
1.7342; 0
1.74087; 0
1.74754; 0
1.75421; 0
1.76088; 0
1.76755; 0
1.77422; 0
1.78089; 0
1.78756; 0
1.79423; 0
1.8009; 0
1.80757; 0
1.81424; 0
1.82091; 0
1.82758; 0
1.83425; 0
1.84092; 0
1.84759; 0
1.85426; 0
1.86093; 0
1.8676; 0
1.87427; 0
1.88094; 0
1.88761; 0
1.89428; 0
1.90095; 0
1.90762; 0
1.91429; 0
1.92096; 0
1.92763; 0
1.9343; 0
1.94097; 0
1.94764; 0
1.95431; 0
1.96098; 0
1.96765; 0
1.97432; 0
1.98099; 0
1.98766; 0
1.99433; 0
2.001; 0
