0.00667; 0
0.01334; 0
0.02001; 0
0.02668; 0
0.03335; 0
0.04002; 0
0.04669; 0
0.05336; 0
0.06003; 0
0.0667; 0
0.07337; 0
0.08004; 0
0.08671; 0
0.09338; 0
0.10005; 0
0.10672; 0
0.11339; 0
0.12006; 0
0.12673; 0
0.1334; 0
0.14007; 0
0.14674; 0
0.15341; 0
0.16008; 0
0.16675; 0
0.17342; 0
0.18009; 0
0.18676; 0
0.19343; 0
0.2001; 0
0.20677; 0
0.21344; 0
0.22011; 0
0.22678; 0
0.23345; 0
0.24012; 0
0.24679; 0
0.25346; 0
0.26013; 0
0.2668; 0
0.27347; 0
0.28014; 0
0.28681; 0
0.29348; 0
0.30015; 0
0.30682; 0
0.31349; 0
0.32016; 0
0.32683; 0
0.3335; 0
0.34017; 0
0.34684; 0
0.35351; 0
0.36018; 0
0.36685; 0
0.37352; 0
0.38019; 0
0.38686; 0
0.39353; 0
0.4002; 0
0.40687; 0
0.41354; 0
0.42021; 0
0.42688; 0
0.43355; 0
0.44022; 0
0.44689; 0
0.45356; 0
0.46023; 0
0.4669; 0
0.47357; 685.042
0.48024; 684.974
0.48691; 684.838
0.49358; 684.634
0.50025; 684.363
0.50692; 684.023
0.51359; 683.617
0.52026; 683.143
0.52693; 682.602
0.5336; 681.995
0.54027; 681.321
0.54694; 680.582
0.55361; 679.777
0.56028; 678.907
0.56695; 677.972
0.57362; 676.973
0.58029; 675.909
0.58696; 674.783
0.59363; 673.593
0.6003; 672.341
0.60697; 671.027
0.61364; 669.65
0.62031; 668.213
0.62698; 666.714
0.63365; 665.154
0.64032; 663.533
0.64699; 661.852
0.65366; 660.11
0.66033; 658.308
0.667; 656.445
0.67367; 654.522
0.68034; 652.537
0.68701; 650.491
0.69368; 648.383
0.70035; 646.212
0.70702; 643.977
0.71369; 641.678
0.72036; 639.313
0.72703; 636.88
0.7337; 634.378
0.74037; 631.805
0.74704; 629.158
0.75371; 626.435
0.76038; 623.634
0.76705; 620.749
0.77372; 617.778
0.78039; 614.717
0.78706; 611.559
0.79373; 608.301
0.8004; 604.935
0.80707; 601.454
0.81374; 597.85
0.82041; 594.115
0.82708; 590.238
0.83375; 586.208
0.84042; 582.012
0.84709; 577.634
0.85376; 573.058
0.86043; 568.266
0.8671; 563.235
0.87377; 557.941
0.88044; 552.356
0.88711; 546.45
0.89378; 540.189
0.90045; 533.535
0.90712; 526.451
0.91379; 518.9
0.92046; 510.858
0.92713; 502.321
0.9338; 493.338
0.94047; 484.049
0.94714; 474.769
0.95381; 466.092
0.96048; 459.004
0.96715; 454.848
0.97382; 454.848
0.98049; 459.004
0.98716; 466.092
0.99383; 474.769
1.0005; 484.049
1.00717; 493.338
1.01384; 502.321
1.02051; 510.858
1.02718; 518.9
1.03385; 526.451
1.04052; 533.535
1.04719; 540.189
1.05386; 546.45
1.06053; 552.356
1.0672; 557.941
1.07387; 563.235
1.08054; 568.266
1.08721; 573.058
1.09388; 577.634
1.10055; 582.012
1.10722; 586.208
1.11389; 590.238
1.12056; 594.115
1.12723; 597.85
1.1339; 601.454
1.14057; 604.935
1.14724; 608.301
1.15391; 611.559
1.16058; 614.717
1.16725; 617.778
1.17392; 620.749
1.18059; 623.634
1.18726; 626.435
1.19393; 629.158
1.2006; 631.805
1.20727; 634.378
1.21394; 636.88
1.22061; 639.313
1.22728; 641.678
1.23395; 643.977
1.24062; 646.212
1.24729; 648.383
1.25396; 650.491
1.26063; 652.537
1.2673; 654.522
1.27397; 656.445
1.28064; 658.308
1.28731; 660.11
1.29398; 661.852
1.30065; 663.533
1.30732; 665.154
1.31399; 666.714
1.32066; 668.213
1.32733; 669.65
1.334; 671.027
1.34067; 672.341
1.34734; 673.593
1.35401; 674.783
1.36068; 675.909
1.36735; 676.973
1.37402; 677.972
1.38069; 678.907
1.38736; 679.777
1.39403; 680.582
1.4007; 681.321
1.40737; 681.995
1.41404; 682.602
1.42071; 683.143
1.42738; 683.617
1.43405; 684.023
1.44072; 684.363
1.44739; 684.634
1.45406; 684.838
1.46073; 684.974
1.4674; 685.042
1.47407; 0
1.48074; 0
1.48741; 0
1.49408; 0
1.50075; 0
1.50742; 0
1.51409; 0
1.52076; 0
1.52743; 0
1.5341; 0
1.54077; 0
1.54744; 0
1.55411; 0
1.56078; 0
1.56745; 0
1.57412; 0
1.58079; 0
1.58746; 0
1.59413; 0
1.6008; 0
1.60747; 0
1.61414; 0
1.62081; 0
1.62748; 0
1.63415; 0
1.64082; 0
1.64749; 0
1.65416; 0
1.66083; 0
1.6675; 0
1.67417; 0
1.68084; 0
1.68751; 0
1.69418; 0
1.70085; 0
1.70752; 0
1.71419; 0
1.72086; 0
1.72753; 0
1.7342; 0
1.74087; 0
1.74754; 0
1.75421; 0
1.76088; 0
1.76755; 0
1.77422; 0
1.78089; 0
1.78756; 0
1.79423; 0
1.8009; 0
1.80757; 0
1.81424; 0
1.82091; 0
1.82758; 0
1.83425; 0
1.84092; 0
1.84759; 0
1.85426; 0
1.86093; 0
1.8676; 0
1.87427; 0
1.88094; 0
1.88761; 0
1.89428; 0
1.90095; 0
1.90762; 0
1.91429; 0
1.92096; 0
1.92763; 0
1.9343; 0
1.94097; 0
1.94764; 0
1.95431; 0
1.96098; 0
1.96765; 0
1.97432; 0
1.98099; 0
1.98766; 0
1.99433; 0
2.001; 0
