0.00667; 0
0.01334; 0
0.02001; 0
0.02668; 0
0.03335; 0
0.04002; 0
0.04669; 0
0.05336; 0
0.06003; 0
0.0667; 0
0.07337; 0
0.08004; 0
0.08671; 0
0.09338; 0
0.10005; 0
0.10672; 0
0.11339; 0
0.12006; 0
0.12673; 0
0.1334; 0
0.14007; 0
0.14674; 0
0.15341; 0
0.16008; 0
0.16675; 0
0.17342; 0
0.18009; 0
0.18676; 0
0.19343; 0
0.2001; 0
0.20677; 0
0.21344; 0
0.22011; 0
0.22678; 0
0.23345; 0
0.24012; 0
0.24679; 0
0.25346; 0
0.26013; 0
0.2668; 0
0.27347; 0
0.28014; 0
0.28681; 0
0.29348; 0
0.30015; 0
0.30682; 0
0.31349; 0
0.32016; 0
0.32683; 0
0.3335; 0
0.34017; 0
0.34684; 0
0.35351; 0
0.36018; 0
0.36685; 0
0.37352; 0
0.38019; 0
0.38686; 0
0.39353; 0
0.4002; 0
0.40687; 0
0.41354; 0
0.42021; 0
0.42688; 0
0.43355; 0
0.44022; 0
0.44689; 0
0.45356; 0
0.46023; 0
0.4669; 0
0.47357; 368.588
0.48024; 368.54
0.48691; 368.444
0.49358; 368.301
0.50025; 368.11
0.50692; 367.872
0.51359; 367.588
0.52026; 367.258
0.52693; 366.883
0.5336; 366.465
0.54027; 366.004
0.54694; 365.5
0.55361; 364.956
0.56028; 364.373
0.56695; 363.752
0.57362; 363.094
0.58029; 362.401
0.58696; 361.674
0.59363; 360.915
0.6003; 360.127
0.60697; 359.309
0.61364; 358.465
0.62031; 357.596
0.62698; 356.704
0.63365; 355.79
0.64032; 354.858
0.64699; 353.907
0.65366; 352.941
0.66033; 351.961
0.667; 350.969
0.67367; 349.967
0.68034; 348.956
0.68701; 347.939
0.69368; 346.917
0.70035; 345.892
0.70702; 344.866
0.71369; 343.839
0.72036; 342.815
0.72703; 341.793
0.7337; 340.777
0.74037; 339.766
0.74704; 338.763
0.75371; 337.768
0.76038; 336.783
0.76705; 335.809
0.77372; 334.846
0.78039; 333.896
0.78706; 332.959
0.79373; 332.036
0.8004; 331.127
0.80707; 330.233
0.81374; 329.354
0.82041; 328.49
0.82708; 327.641
0.83375; 326.807
0.84042; 325.987
0.84709; 325.181
0.85376; 324.388
0.86043; 323.606
0.8671; 322.835
0.87377; 322.072
0.88044; 321.316
0.88711; 320.564
0.89378; 319.813
0.90045; 319.06
0.90712; 318.302
0.91379; 317.536
0.92046; 316.759
0.92713; 315.969
0.9338; 315.169
0.94047; 314.37
0.94714; 313.592
0.95381; 312.879
0.96048; 312.306
0.96715; 311.973
0.97382; 311.973
0.98049; 312.306
0.98716; 312.879
0.99383; 313.592
1.0005; 314.37
1.00717; 315.169
1.01384; 315.969
1.02051; 316.759
1.02718; 317.536
1.03385; 318.302
1.04052; 319.06
1.04719; 319.813
1.05386; 320.564
1.06053; 321.316
1.0672; 322.072
1.07387; 322.835
1.08054; 323.606
1.08721; 324.388
1.09388; 325.181
1.10055; 325.987
1.10722; 326.807
1.11389; 327.641
1.12056; 328.49
1.12723; 329.354
1.1339; 330.233
1.14057; 331.127
1.14724; 332.036
1.15391; 332.959
1.16058; 333.896
1.16725; 334.846
1.17392; 335.809
1.18059; 336.783
1.18726; 337.768
1.19393; 338.763
1.2006; 339.766
1.20727; 340.777
1.21394; 341.793
1.22061; 342.815
1.22728; 343.839
1.23395; 344.866
1.24062; 345.892
1.24729; 346.917
1.25396; 347.939
1.26063; 348.956
1.2673; 349.967
1.27397; 350.969
1.28064; 351.961
1.28731; 352.941
1.29398; 353.907
1.30065; 354.858
1.30732; 355.79
1.31399; 356.704
1.32066; 357.596
1.32733; 358.465
1.334; 359.309
1.34067; 360.127
1.34734; 360.915
1.35401; 361.674
1.36068; 362.401
1.36735; 363.094
1.37402; 363.752
1.38069; 364.373
1.38736; 364.956
1.39403; 365.5
1.4007; 366.004
1.40737; 366.465
1.41404; 366.883
1.42071; 367.258
1.42738; 367.588
1.43405; 367.872
1.44072; 368.11
1.44739; 368.301
1.45406; 368.444
1.46073; 368.54
1.4674; 368.588
1.47407; 0
1.48074; 0
1.48741; 0
1.49408; 0
1.50075; 0
1.50742; 0
1.51409; 0
1.52076; 0
1.52743; 0
1.5341; 0
1.54077; 0
1.54744; 0
1.55411; 0
1.56078; 0
1.56745; 0
1.57412; 0
1.58079; 0
1.58746; 0
1.59413; 0
1.6008; 0
1.60747; 0
1.61414; 0
1.62081; 0
1.62748; 0
1.63415; 0
1.64082; 0
1.64749; 0
1.65416; 0
1.66083; 0
1.6675; 0
1.67417; 0
1.68084; 0
1.68751; 0
1.69418; 0
1.70085; 0
1.70752; 0
1.71419; 0
1.72086; 0
1.72753; 0
1.7342; 0
1.74087; 0
1.74754; 0
1.75421; 0
1.76088; 0
1.76755; 0
1.77422; 0
1.78089; 0
1.78756; 0
1.79423; 0
1.8009; 0
1.80757; 0
1.81424; 0
1.82091; 0
1.82758; 0
1.83425; 0
1.84092; 0
1.84759; 0
1.85426; 0
1.86093; 0
1.8676; 0
1.87427; 0
1.88094; 0
1.88761; 0
1.89428; 0
1.90095; 0
1.90762; 0
1.91429; 0
1.92096; 0
1.92763; 0
1.9343; 0
1.94097; 0
1.94764; 0
1.95431; 0
1.96098; 0
1.96765; 0
1.97432; 0
1.98099; 0
1.98766; 0
1.99433; 0
2.001; 0
