0.00026; 0
0.00052; 0
0.00078; 0
0.00104; 0
0.0013; 0
0.00156; 0
0.00182; 0
0.00208; 0
0.00234; 0
0.0026; 0
0.00286; 0
0.00312; 0
0.00338; 0
0.00364; 0
0.0039; 0
0.00416; 0
0.00442; 0
0.00468; 0
0.00494; 0
0.0052; 0
0.00546; 0
0.00572; 0
0.00598; 0
0.00624; 0
0.0065; 0
0.00676; 0
0.00702; 0
0.00728; 0
0.00754; 0
0.0078; 0
0.00806; 0
0.00832; 0
0.00858; 0
0.00884; 0
0.0091; 0
0.00936; 0
0.00962; 0
0.00988; 0
0.01014; 0
0.0104; 0
0.01066; 0
0.01092; 0
0.01118; 0
0.01144; 0
0.0117; 0
0.01196; 0
0.01222; 0
0.01248; 0
0.01274; 0
0.013; 0
0.01326; 0
0.01352; 0
0.01378; 0
0.01404; 0
0.0143; 0
0.01456; 0
0.01482; 0
0.01508; 0
0.01534; 0
0.0156; 0
0.01586; 0
0.01612; 0
0.01638; 0
0.01664; 0
0.0169; 0
0.01716; 0
0.01742; 0
0.01768; 0
0.01794; 0
0.0182; 0
0.01846; 0
0.01872; 0
0.01898; 0
0.01924; 0
0.0195; 0
0.01976; 0
0.02002; 0
0.02028; 0
0.02054; 0
0.0208; 0
0.02106; 0
0.02132; 0
0.02158; 0
0.02184; 0
0.0221; 0
0.02236; 0
0.02262; 0
0.02288; 580.582
0.02314; 580.406
0.0234; 580.216
0.02366; 580.016
0.02392; 579.82
0.02418; 579.651
0.02444; 579.497
0.0247; 579.332
0.02496; 579.178
0.02522; 579.037
0.02548; 578.905
0.02574; 578.764
0.026; 578.625
0.02626; 578.512
0.02652; 578.412
0.02678; 578.3
0.02704; 578.198
0.0273; 578.107
0.02756; 578.025
0.02782; 577.934
0.02808; 577.842
0.02834; 577.777
0.0286; 577.725
0.02886; 577.658
0.02912; 577.601
0.02938; 577.555
0.02964; 577.516
0.0299; 577.467
0.03016; 577.417
0.03042; 577.392
0.03068; 577.379
0.03094; 577.352
0.0312; 577.332
0.03146; 577.323
0.03172; 577.32
0.03198; 577.306
0.03224; 577.29
0.0325; 577.297
0.03276; 577.317
0.03302; 577.32
0.03328; 577.331
0.03354; 577.351
0.0338; 577.377
0.03406; 577.391
0.03432; 577.402
0.03458; 577.435
0.03484; 577.48
0.0351; 577.508
0.03536; 577.543
0.03562; 577.585
0.03588; 577.632
0.03614; 577.667
0.0364; 577.698
0.03666; 577.751
0.03692; 577.815
0.03718; 577.861
0.03744; 577.913
0.0377; 577.972
0.03796; 578.035
0.03822; 578.085
0.03848; 578.131
0.03874; 578.198
0.039; 578.275
0.03926; 578.334
0.03952; 578.398
0.03978; 578.469
0.04004; 578.544
0.0403; 578.605
0.04056; 578.662
0.04082; 578.738
0.04108; 578.826
0.04134; 578.895
0.0416; 578.968
0.04186; 579.048
0.04212; 579.132
0.04238; 579.202
0.04264; 579.268
0.0429; 579.352
0.04316; 579.448
0.04342; 579.525
0.04368; 579.607
0.04394; 579.695
0.0442; 579.787
0.04446; 579.865
0.04472; 579.938
0.04498; 580.031
0.04524; 580.135
0.0455; 580.22
0.04576; 580.31
0.04602; 580.407
0.04628; 580.508
0.04654; 580.596
0.0468; 580.679
0.04706; 580.781
0.04732; 580.896
0.04758; 580.992
0.04784; 581.093
0.0481; 581.201
0.04836; 581.314
0.04862; 581.414
0.04888; 581.51
0.04914; 581.626
0.0494; 581.754
0.04966; 581.865
0.04992; 581.981
0.05018; 582.105
0.05044; 582.234
0.0507; 582.351
0.05096; 582.465
0.05122; 582.6
0.05148; 582.747
0.05174; 582.877
0.052; 583.014
0.05226; 583.159
0.05252; 583.311
0.05278; 583.451
0.05304; 583.588
0.0533; 583.748
0.05356; 583.919
0.05382; 584.076
0.05408; 584.239
0.05434; 584.412
0.0546; 584.591
0.05486; 584.76
0.05512; 584.927
0.05538; 585.117
0.05564; 585.32
0.0559; 585.509
0.05616; 585.705
0.05642; 585.912
0.05668; 586.126
0.05694; 586.332
0.0572; 586.537
0.05746; 586.768
0.05772; 587.014
0.05798; 587.245
0.05824; 587.457
0.0585; 0
0.05876; 0
0.05902; 0
0.05928; 0
0.05954; 0
0.0598; 0
0.06006; 0
0.06032; 0
0.06058; 0
0.06084; 0
0.0611; 0
0.06136; 0
0.06162; 0
0.06188; 0
0.06214; 0
0.0624; 0
0.06266; 0
0.06292; 0
0.06318; 0
0.06344; 0
0.0637; 0
0.06396; 0
0.06422; 0
0.06448; 0
0.06474; 0
0.065; 0
0.06526; 0
0.06552; 0
0.06578; 0
0.06604; 0
0.0663; 0
0.06656; 0
0.06682; 0
0.06708; 0
0.06734; 0
0.0676; 0
0.06786; 0
0.06812; 0
0.06838; 0
0.06864; 0
0.0689; 0
0.06916; 0
0.06942; 0
0.06968; 0
0.06994; 0
0.0702; 0
0.07046; 0
0.07072; 0
0.07098; 0
0.07124; 0
0.0715; 0
0.07176; 0
0.07202; 0
0.07228; 0
0.07254; 0
0.0728; 0
0.07306; 0
0.07332; 0
0.07358; 0
0.07384; 0
0.0741; 0
0.07436; 0
0.07462; 0
0.07488; 0
0.07514; 0
0.0754; 0
0.07566; 0
0.07592; 0
0.07618; 0
0.07644; 0
0.0767; 0
0.07696; 0
0.07722; 0
0.07748; 0
0.07774; 0
0.078; 0
