0.00667; 0
0.01334; 0
0.02001; 0
0.02668; 0
0.03335; 0
0.04002; 0
0.04669; 0
0.05336; 0
0.06003; 0
0.0667; 0
0.07337; 0
0.08004; 0
0.08671; 0
0.09338; 0
0.10005; 0
0.10672; 0
0.11339; 0
0.12006; 0
0.12673; 0
0.1334; 0
0.14007; 0
0.14674; 0
0.15341; 0
0.16008; 0
0.16675; 0
0.17342; 0
0.18009; 0
0.18676; 0
0.19343; 0
0.2001; 0
0.20677; 0
0.21344; 0
0.22011; 0
0.22678; 0
0.23345; 0
0.24012; 0
0.24679; 0
0.25346; 0
0.26013; 0
0.2668; 0
0.27347; 0
0.28014; 0
0.28681; 0
0.29348; 0
0.30015; 0
0.30682; 0
0.31349; 0
0.32016; 0
0.32683; 0
0.3335; 0
0.34017; 0
0.34684; 0
0.35351; 0
0.36018; 0
0.36685; 0
0.37352; 0
0.38019; 0
0.38686; 0
0.39353; 0
0.4002; 0
0.40687; 0
0.41354; 0
0.42021; 0
0.42688; 0
0.43355; 0
0.44022; 0
0.44689; 0
0.45356; 0
0.46023; 0
0.4669; 0
0.47357; 635.06
0.48024; 634.992
0.48691; 634.857
0.49358; 634.655
0.50025; 634.385
0.50692; 634.048
0.51359; 633.645
0.52026; 633.176
0.52693; 632.64
0.5336; 632.039
0.54027; 631.373
0.54694; 630.643
0.55361; 629.848
0.56028; 628.99
0.56695; 628.07
0.57362; 627.087
0.58029; 626.044
0.58696; 624.939
0.59363; 623.775
0.6003; 622.552
0.60697; 621.27
0.61364; 619.93
0.62031; 618.533
0.62698; 617.08
0.63365; 615.571
0.64032; 614.006
0.64699; 612.387
0.65366; 610.714
0.66033; 608.988
0.667; 607.207
0.67367; 605.374
0.68034; 603.488
0.68701; 601.549
0.69368; 599.557
0.70035; 597.513
0.70702; 595.414
0.71369; 593.262
0.72036; 591.056
0.72703; 588.794
0.7337; 586.476
0.74037; 584.1
0.74704; 581.665
0.75371; 579.169
0.76038; 576.609
0.76705; 573.983
0.77372; 571.289
0.78039; 568.523
0.78706; 565.68
0.79373; 562.757
0.8004; 559.748
0.80707; 556.648
0.81374; 553.451
0.82041; 550.148
0.82708; 546.732
0.83375; 543.192
0.84042; 539.519
0.84709; 535.699
0.85376; 531.719
0.86043; 527.563
0.8671; 523.212
0.87377; 518.646
0.88044; 513.842
0.88711; 508.774
0.89378; 503.412
0.90045; 497.725
0.90712; 491.681
0.91379; 485.251
0.92046; 478.411
0.92713; 471.16
0.9338; 463.537
0.94047; 455.662
0.94714; 447.8
0.95381; 440.453
0.96048; 434.453
0.96715; 430.936
0.97382; 430.936
0.98049; 434.453
0.98716; 440.453
0.99383; 447.8
1.0005; 455.662
1.00717; 463.537
1.01384; 471.16
1.02051; 478.411
1.02718; 485.251
1.03385; 491.681
1.04052; 497.725
1.04719; 503.412
1.05386; 508.774
1.06053; 513.842
1.0672; 518.646
1.07387; 523.212
1.08054; 527.563
1.08721; 531.719
1.09388; 535.699
1.10055; 539.519
1.10722; 543.192
1.11389; 546.732
1.12056; 550.148
1.12723; 553.451
1.1339; 556.648
1.14057; 559.748
1.14724; 562.757
1.15391; 565.68
1.16058; 568.523
1.16725; 571.289
1.17392; 573.983
1.18059; 576.609
1.18726; 579.169
1.19393; 581.665
1.2006; 584.1
1.20727; 586.476
1.21394; 588.794
1.22061; 591.056
1.22728; 593.262
1.23395; 595.414
1.24062; 597.513
1.24729; 599.557
1.25396; 601.549
1.26063; 603.488
1.2673; 605.374
1.27397; 607.207
1.28064; 608.988
1.28731; 610.714
1.29398; 612.387
1.30065; 614.006
1.30732; 615.571
1.31399; 617.08
1.32066; 618.533
1.32733; 619.93
1.334; 621.27
1.34067; 622.552
1.34734; 623.775
1.35401; 624.939
1.36068; 626.044
1.36735; 627.087
1.37402; 628.07
1.38069; 628.99
1.38736; 629.848
1.39403; 630.643
1.4007; 631.373
1.40737; 632.039
1.41404; 632.64
1.42071; 633.176
1.42738; 633.645
1.43405; 634.048
1.44072; 634.385
1.44739; 634.655
1.45406; 634.857
1.46073; 634.992
1.4674; 635.06
1.47407; 0
1.48074; 0
1.48741; 0
1.49408; 0
1.50075; 0
1.50742; 0
1.51409; 0
1.52076; 0
1.52743; 0
1.5341; 0
1.54077; 0
1.54744; 0
1.55411; 0
1.56078; 0
1.56745; 0
1.57412; 0
1.58079; 0
1.58746; 0
1.59413; 0
1.6008; 0
1.60747; 0
1.61414; 0
1.62081; 0
1.62748; 0
1.63415; 0
1.64082; 0
1.64749; 0
1.65416; 0
1.66083; 0
1.6675; 0
1.67417; 0
1.68084; 0
1.68751; 0
1.69418; 0
1.70085; 0
1.70752; 0
1.71419; 0
1.72086; 0
1.72753; 0
1.7342; 0
1.74087; 0
1.74754; 0
1.75421; 0
1.76088; 0
1.76755; 0
1.77422; 0
1.78089; 0
1.78756; 0
1.79423; 0
1.8009; 0
1.80757; 0
1.81424; 0
1.82091; 0
1.82758; 0
1.83425; 0
1.84092; 0
1.84759; 0
1.85426; 0
1.86093; 0
1.8676; 0
1.87427; 0
1.88094; 0
1.88761; 0
1.89428; 0
1.90095; 0
1.90762; 0
1.91429; 0
1.92096; 0
1.92763; 0
1.9343; 0
1.94097; 0
1.94764; 0
1.95431; 0
1.96098; 0
1.96765; 0
1.97432; 0
1.98099; 0
1.98766; 0
1.99433; 0
2.001; 0
