0.00026; 0
0.00052; 0
0.00078; 0
0.00104; 0
0.0013; 0
0.00156; 0
0.00182; 0
0.00208; 0
0.00234; 0
0.0026; 0
0.00286; 0
0.00312; 0
0.00338; 0
0.00364; 0
0.0039; 0
0.00416; 0
0.00442; 0
0.00468; 0
0.00494; 0
0.0052; 0
0.00546; 0
0.00572; 0
0.00598; 0
0.00624; 0
0.0065; 0
0.00676; 0
0.00702; 0
0.00728; 0
0.00754; 0
0.0078; 0
0.00806; 0
0.00832; 0
0.00858; 0
0.00884; 750
0.0091; 750
0.00936; 750
0.00962; 750
0.00988; 750
0.01014; 750
0.0104; 750
0.01066; 750
0.01092; 750
0.01118; 750
0.01144; 750
0.0117; 750
0.01196; 750
0.01222; 750
0.01248; 750
0.01274; 750
0.013; 750
0.01326; 750
0.01352; 750
0.01378; 750
0.01404; 750
0.0143; 750
0.01456; 750
0.01482; 750
0.01508; 750
0.01534; 750
0.0156; 750
0.01586; 750
0.01612; 750
0.01638; 750
0.01664; 750
0.0169; 750
0.01716; 750
0.01742; 750
0.01768; 750
0.01794; 750
0.0182; 750
0.01846; 750
0.01872; 750
0.01898; 750
0.01924; 750
0.0195; 750
0.01976; 750
0.02002; 750
0.02028; 750
0.02054; 750
0.0208; 750
0.02106; 750
0.02132; 750
0.02158; 750
0.02184; 750
0.0221; 750
0.02236; 750
0.02262; 750
0.02288; 750
0.02314; 750
0.0234; 750
0.02366; 750
0.02392; 750
0.02418; 750
0.02444; 749.999
0.0247; 749.998
0.02496; 749.996
0.02522; 749.993
0.02548; 749.988
0.02574; 749.98
0.026; 749.968
0.02626; 749.949
0.02652; 749.919
0.02678; 749.875
0.02704; 749.808
0.0273; 749.709
0.02756; 749.563
0.02782; 749.351
0.02808; 749.046
0.02834; 748.613
0.0286; 748.005
0.02886; 747.164
0.02912; 746.014
0.02938; 744.463
0.02964; 742.402
0.0299; 739.7
0.03016; 736.211
0.03042; 731.774
0.03068; 726.217
0.03094; 719.367
0.0312; 711.061
0.03146; 701.153
0.03172; 689.533
0.03198; 676.136
0.03224; 660.956
0.0325; 644.056
0.03276; 625.571
0.03302; 605.706
0.03328; 584.736
0.03354; 562.986
0.0338; 540.821
0.03406; 518.618
0.03432; 496.752
0.03458; 475.572
0.03484; 455.38
0.0351; 436.424
0.03536; 418.884
0.03562; 402.876
0.03588; 388.448
0.03614; 375.593
0.0364; 364.257
0.03666; 354.35
0.03692; 345.758
0.03718; 338.354
0.03744; 332.007
0.0377; 326.59
0.03796; 321.983
0.03822; 318.08
0.03848; 314.784
0.03874; 312.012
0.039; 309.69
0.03926; 307.757
0.03952; 306.158
0.03978; 304.846
0.04004; 303.777
0.0403; 302.915
0.04056; 302.227
0.04082; 301.684
0.04108; 301.26
0.04134; 300.932
0.0416; 300.682
0.04186; 300.494
0.04212; 300.354
0.04238; 300.251
0.04264; 300.176
0.0429; 300.122
0.04316; 300.084
0.04342; 300.057
0.04368; 300.038
0.04394; 300.026
0.0442; 300.017
0.04446; 300.011
0.04472; 300.007
0.04498; 300.005
0.04524; 300.003
0.0455; 300.002
0.04576; 300.001
0.04602; 300.001
0.04628; 300
0.04654; 300
0.0468; 300
0.04706; 300
0.04732; 300
0.04758; 300
0.04784; 300
0.0481; 300
0.04836; 300
0.04862; 300
0.04888; 300
0.04914; 300
0.0494; 300
0.04966; 300
0.04992; 300
0.05018; 300
0.05044; 300
0.0507; 300
0.05096; 300
0.05122; 300
0.05148; 300
0.05174; 300
0.052; 300
0.05226; 300
0.05252; 300
0.05278; 300
0.05304; 300
0.0533; 300
0.05356; 300
0.05382; 300
0.05408; 300
0.05434; 300
0.0546; 300
0.05486; 300
0.05512; 300
0.05538; 300
0.05564; 300
0.0559; 300
0.05616; 300
0.05642; 300
0.05668; 300
0.05694; 300
0.0572; 300
0.05746; 300
0.05772; 300
0.05798; 300
0.05824; 300
0.0585; 300
0.05876; 300
0.05902; 300
0.05928; 300
0.05954; 300
0.0598; 300
0.06006; 300
0.06032; 300
0.06058; 300
0.06084; 300
0.0611; 300
0.06136; 300
0.06162; 300
0.06188; 300
0.06214; 300
0.0624; 300
0.06266; 300
0.06292; 300
0.06318; 300
0.06344; 300
0.0637; 300
0.06396; 300
0.06422; 300
0.06448; 300
0.06474; 300
0.065; 300
0.06526; 300
0.06552; 300
0.06578; 300
0.06604; 300
0.0663; 300
0.06656; 300
0.06682; 300
0.06708; 300
0.06734; 0
0.0676; 0
0.06786; 0
0.06812; 0
0.06838; 0
0.06864; 0
0.0689; 0
0.06916; 0
0.06942; 0
0.06968; 0
0.06994; 0
0.0702; 0
0.07046; 0
0.07072; 0
0.07098; 0
0.07124; 0
0.0715; 0
0.07176; 0
0.07202; 0
0.07228; 0
0.07254; 0
0.0728; 0
0.07306; 0
0.07332; 0
0.07358; 0
0.07384; 0
0.0741; 0
0.07436; 0
0.07462; 0
0.07488; 0
0.07514; 0
0.0754; 0
0.07566; 0
0.07592; 0
0.07618; 0
0.07644; 0
0.0767; 0
0.07696; 0
0.07722; 0
0.07748; 0
0.07774; 0
0.078; 0
