0.00667; 0
0.01334; 0
0.02001; 0
0.02668; 0
0.03335; 0
0.04002; 0
0.04669; 0
0.05336; 0
0.06003; 0
0.0667; 0
0.07337; 0
0.08004; 0
0.08671; 0
0.09338; 0
0.10005; 0
0.10672; 0
0.11339; 0
0.12006; 0
0.12673; 0
0.1334; 0
0.14007; 0
0.14674; 0
0.15341; 0
0.16008; 0
0.16675; 0
0.17342; 0
0.18009; 0
0.18676; 0
0.19343; 0
0.2001; 0
0.20677; 0
0.21344; 0
0.22011; 0
0.22678; 0
0.23345; 0
0.24012; 0
0.24679; 0
0.25346; 0
0.26013; 0
0.2668; 0
0.27347; 0
0.28014; 0
0.28681; 0
0.29348; 0
0.30015; 0
0.30682; 0
0.31349; 0
0.32016; 0
0.32683; 0
0.3335; 0
0.34017; 0
0.34684; 0
0.35351; 0
0.36018; 0
0.36685; 0
0.37352; 0
0.38019; 0
0.38686; 0
0.39353; 0
0.4002; 0
0.40687; 0
0.41354; 0
0.42021; 0
0.42688; 0
0.43355; 0
0.44022; 0
0.44689; 0
0.45356; 0
0.46023; 0
0.4669; 0
0.47357; 402.201
0.48024; 402.144
0.48691; 402.029
0.49358; 401.858
0.50025; 401.631
0.50692; 401.347
0.51359; 401.008
0.52026; 400.614
0.52693; 400.167
0.5336; 399.667
0.54027; 399.114
0.54694; 398.512
0.55361; 397.86
0.56028; 397.159
0.56695; 396.413
0.57362; 395.621
0.58029; 394.786
0.58696; 393.909
0.59363; 392.992
0.6003; 392.037
0.60697; 391.045
0.61364; 390.02
0.62031; 388.961
0.62698; 387.872
0.63365; 386.755
0.64032; 385.611
0.64699; 384.443
0.65366; 383.252
0.66033; 382.041
0.667; 380.811
0.67367; 379.565
0.68034; 378.305
0.68701; 377.032
0.69368; 375.748
0.70035; 374.456
0.70702; 373.157
0.71369; 371.853
0.72036; 370.545
0.72703; 369.236
0.7337; 367.926
0.74037; 366.618
0.74704; 365.311
0.75371; 364.009
0.76038; 362.711
0.76705; 361.419
0.77372; 360.134
0.78039; 358.857
0.78706; 357.588
0.79373; 356.327
0.8004; 355.075
0.80707; 353.831
0.81374; 352.597
0.82041; 351.37
0.82708; 350.152
0.83375; 348.939
0.84042; 347.733
0.84709; 346.53
0.85376; 345.329
0.86043; 344.128
0.8671; 342.922
0.87377; 341.71
0.88044; 340.487
0.88711; 339.248
0.89378; 337.988
0.90045; 336.701
0.90712; 335.381
0.91379; 334.022
0.92046; 332.619
0.92713; 331.171
0.9338; 329.683
0.94047; 328.175
0.94714; 326.693
0.95381; 325.325
0.96048; 324.217
0.96715; 323.571
0.97382; 323.571
0.98049; 324.217
0.98716; 325.325
0.99383; 326.693
1.0005; 328.175
1.00717; 329.683
1.01384; 331.171
1.02051; 332.619
1.02718; 334.022
1.03385; 335.381
1.04052; 336.701
1.04719; 337.988
1.05386; 339.248
1.06053; 340.487
1.0672; 341.71
1.07387; 342.922
1.08054; 344.128
1.08721; 345.329
1.09388; 346.53
1.10055; 347.733
1.10722; 348.939
1.11389; 350.152
1.12056; 351.37
1.12723; 352.597
1.1339; 353.831
1.14057; 355.075
1.14724; 356.327
1.15391; 357.588
1.16058; 358.857
1.16725; 360.134
1.17392; 361.419
1.18059; 362.711
1.18726; 364.009
1.19393; 365.311
1.2006; 366.618
1.20727; 367.926
1.21394; 369.236
1.22061; 370.545
1.22728; 371.853
1.23395; 373.157
1.24062; 374.456
1.24729; 375.748
1.25396; 377.032
1.26063; 378.305
1.2673; 379.565
1.27397; 380.811
1.28064; 382.041
1.28731; 383.252
1.29398; 384.443
1.30065; 385.611
1.30732; 386.755
1.31399; 387.872
1.32066; 388.961
1.32733; 390.02
1.334; 391.045
1.34067; 392.037
1.34734; 392.992
1.35401; 393.909
1.36068; 394.786
1.36735; 395.621
1.37402; 396.413
1.38069; 397.159
1.38736; 397.86
1.39403; 398.512
1.4007; 399.114
1.40737; 399.667
1.41404; 400.167
1.42071; 400.614
1.42738; 401.008
1.43405; 401.347
1.44072; 401.631
1.44739; 401.858
1.45406; 402.029
1.46073; 402.144
1.4674; 402.201
1.47407; 0
1.48074; 0
1.48741; 0
1.49408; 0
1.50075; 0
1.50742; 0
1.51409; 0
1.52076; 0
1.52743; 0
1.5341; 0
1.54077; 0
1.54744; 0
1.55411; 0
1.56078; 0
1.56745; 0
1.57412; 0
1.58079; 0
1.58746; 0
1.59413; 0
1.6008; 0
1.60747; 0
1.61414; 0
1.62081; 0
1.62748; 0
1.63415; 0
1.64082; 0
1.64749; 0
1.65416; 0
1.66083; 0
1.6675; 0
1.67417; 0
1.68084; 0
1.68751; 0
1.69418; 0
1.70085; 0
1.70752; 0
1.71419; 0
1.72086; 0
1.72753; 0
1.7342; 0
1.74087; 0
1.74754; 0
1.75421; 0
1.76088; 0
1.76755; 0
1.77422; 0
1.78089; 0
1.78756; 0
1.79423; 0
1.8009; 0
1.80757; 0
1.81424; 0
1.82091; 0
1.82758; 0
1.83425; 0
1.84092; 0
1.84759; 0
1.85426; 0
1.86093; 0
1.8676; 0
1.87427; 0
1.88094; 0
1.88761; 0
1.89428; 0
1.90095; 0
1.90762; 0
1.91429; 0
1.92096; 0
1.92763; 0
1.9343; 0
1.94097; 0
1.94764; 0
1.95431; 0
1.96098; 0
1.96765; 0
1.97432; 0
1.98099; 0
1.98766; 0
1.99433; 0
2.001; 0
