0.00667; 0
0.01334; 0
0.02001; 0
0.02668; 0
0.03335; 0
0.04002; 0
0.04669; 0
0.05336; 0
0.06003; 0
0.0667; 0
0.07337; 0
0.08004; 0
0.08671; 0
0.09338; 0
0.10005; 0
0.10672; 0
0.11339; 0
0.12006; 0
0.12673; 0
0.1334; 0
0.14007; 0
0.14674; 0
0.15341; 0
0.16008; 0
0.16675; 0
0.17342; 0
0.18009; 0
0.18676; 0
0.19343; 0
0.2001; 0
0.20677; 0
0.21344; 0
0.22011; 0
0.22678; 0
0.23345; 0
0.24012; 0
0.24679; 0
0.25346; 0
0.26013; 0
0.2668; 0
0.27347; 0
0.28014; 0
0.28681; 0
0.29348; 0
0.30015; 0
0.30682; 0
0.31349; 0
0.32016; 0
0.32683; 0
0.3335; 0
0.34017; 0
0.34684; 0
0.35351; 0
0.36018; 0
0.36685; 0
0.37352; 0
0.38019; 0
0.38686; 0
0.39353; 0
0.4002; 0
0.40687; 0
0.41354; 0
0.42021; 0
0.42688; 0
0.43355; 0
0.44022; 0
0.44689; 0
0.45356; 0
0.46023; 0
0.4669; 0
0.47357; 329.286
0.48024; 329.257
0.48691; 329.2
0.49358; 329.114
0.50025; 329
0.50692; 328.859
0.51359; 328.69
0.52026; 328.494
0.52693; 328.271
0.5336; 328.023
0.54027; 327.751
0.54694; 327.454
0.55361; 327.134
0.56028; 326.791
0.56695; 326.428
0.57362; 326.044
0.58029; 325.641
0.58696; 325.22
0.59363; 324.782
0.6003; 324.328
0.60697; 323.86
0.61364; 323.378
0.62031; 322.885
0.62698; 322.381
0.63365; 321.868
0.64032; 321.346
0.64699; 320.818
0.65366; 320.283
0.66033; 319.745
0.667; 319.203
0.67367; 318.659
0.68034; 318.114
0.68701; 317.57
0.69368; 317.027
0.70035; 316.486
0.70702; 315.948
0.71369; 315.415
0.72036; 314.887
0.72703; 314.366
0.7337; 313.851
0.74037; 313.344
0.74704; 312.845
0.75371; 312.356
0.76038; 311.876
0.76705; 311.407
0.77372; 310.948
0.78039; 310.501
0.78706; 310.065
0.79373; 309.641
0.8004; 309.229
0.80707; 308.83
0.81374; 308.444
0.82041; 308.07
0.82708; 307.709
0.83375; 307.361
0.84042; 307.025
0.84709; 306.702
0.85376; 306.391
0.86043; 306.092
0.8671; 305.805
0.87377; 305.529
0.88044; 305.264
0.88711; 305.008
0.89378; 304.762
0.90045; 304.524
0.90712; 304.293
0.91379; 304.069
0.92046; 303.851
0.92713; 303.637
0.9338; 303.428
0.94047; 303.227
0.94714; 303.036
0.95381; 302.866
0.96048; 302.731
0.96715; 302.654
0.97382; 302.654
0.98049; 302.731
0.98716; 302.866
0.99383; 303.036
1.0005; 303.227
1.00717; 303.428
1.01384; 303.637
1.02051; 303.851
1.02718; 304.069
1.03385; 304.293
1.04052; 304.524
1.04719; 304.762
1.05386; 305.008
1.06053; 305.264
1.0672; 305.529
1.07387; 305.805
1.08054; 306.092
1.08721; 306.391
1.09388; 306.702
1.10055; 307.025
1.10722; 307.361
1.11389; 307.709
1.12056; 308.07
1.12723; 308.444
1.1339; 308.83
1.14057; 309.229
1.14724; 309.641
1.15391; 310.065
1.16058; 310.501
1.16725; 310.948
1.17392; 311.407
1.18059; 311.876
1.18726; 312.356
1.19393; 312.845
1.2006; 313.344
1.20727; 313.851
1.21394; 314.366
1.22061; 314.887
1.22728; 315.415
1.23395; 315.948
1.24062; 316.486
1.24729; 317.027
1.25396; 317.57
1.26063; 318.114
1.2673; 318.659
1.27397; 319.203
1.28064; 319.745
1.28731; 320.283
1.29398; 320.818
1.30065; 321.346
1.30732; 321.868
1.31399; 322.381
1.32066; 322.885
1.32733; 323.378
1.334; 323.86
1.34067; 324.328
1.34734; 324.782
1.35401; 325.22
1.36068; 325.641
1.36735; 326.044
1.37402; 326.428
1.38069; 326.791
1.38736; 327.134
1.39403; 327.454
1.4007; 327.751
1.40737; 328.023
1.41404; 328.271
1.42071; 328.494
1.42738; 328.69
1.43405; 328.859
1.44072; 329
1.44739; 329.114
1.45406; 329.2
1.46073; 329.257
1.4674; 329.286
1.47407; 0
1.48074; 0
1.48741; 0
1.49408; 0
1.50075; 0
1.50742; 0
1.51409; 0
1.52076; 0
1.52743; 0
1.5341; 0
1.54077; 0
1.54744; 0
1.55411; 0
1.56078; 0
1.56745; 0
1.57412; 0
1.58079; 0
1.58746; 0
1.59413; 0
1.6008; 0
1.60747; 0
1.61414; 0
1.62081; 0
1.62748; 0
1.63415; 0
1.64082; 0
1.64749; 0
1.65416; 0
1.66083; 0
1.6675; 0
1.67417; 0
1.68084; 0
1.68751; 0
1.69418; 0
1.70085; 0
1.70752; 0
1.71419; 0
1.72086; 0
1.72753; 0
1.7342; 0
1.74087; 0
1.74754; 0
1.75421; 0
1.76088; 0
1.76755; 0
1.77422; 0
1.78089; 0
1.78756; 0
1.79423; 0
1.8009; 0
1.80757; 0
1.81424; 0
1.82091; 0
1.82758; 0
1.83425; 0
1.84092; 0
1.84759; 0
1.85426; 0
1.86093; 0
1.8676; 0
1.87427; 0
1.88094; 0
1.88761; 0
1.89428; 0
1.90095; 0
1.90762; 0
1.91429; 0
1.92096; 0
1.92763; 0
1.9343; 0
1.94097; 0
1.94764; 0
1.95431; 0
1.96098; 0
1.96765; 0
1.97432; 0
1.98099; 0
1.98766; 0
1.99433; 0
2.001; 0
