0.00026; 0
0.00052; 0
0.00078; 0
0.00104; 0
0.0013; 0
0.00156; 0
0.00182; 0
0.00208; 0
0.00234; 0
0.0026; 0
0.00286; 0
0.00312; 0
0.00338; 0
0.00364; 0
0.0039; 0
0.00416; 0
0.00442; 0
0.00468; 0
0.00494; 0
0.0052; 0
0.00546; 0
0.00572; 0
0.00598; 0
0.00624; 0
0.0065; 0
0.00676; 0
0.00702; 0
0.00728; 0
0.00754; 0
0.0078; 0
0.00806; 0
0.00832; 0
0.00858; 0
0.00884; 0
0.0091; 0
0.00936; 0
0.00962; 0
0.00988; 0
0.01014; 0
0.0104; 0
0.01066; 0
0.01092; 0
0.01118; 0
0.01144; 0
0.0117; 0
0.01196; 0
0.01222; 0
0.01248; 0
0.01274; 0
0.013; 0
0.01326; 0
0.01352; 0
0.01378; 0
0.01404; 0
0.0143; 0
0.01456; 0
0.01482; 0
0.01508; 0
0.01534; 0
0.0156; 0
0.01586; 0
0.01612; 0
0.01638; 0
0.01664; 0
0.0169; 0
0.01716; 0
0.01742; 0
0.01768; 0
0.01794; 0
0.0182; 0
0.01846; 0
0.01872; 0
0.01898; 0
0.01924; 0
0.0195; 553.896
0.01976; 553.998
0.02002; 554.208
0.02028; 554.522
0.02054; 554.938
0.0208; 555.458
0.02106; 556.079
0.02132; 556.795
0.02158; 557.595
0.02184; 558.462
0.0221; 559.373
0.02236; 560.294
0.02262; 561.191
0.02288; 562.041
0.02314; 562.831
0.0234; 563.558
0.02366; 564.225
0.02392; 564.835
0.02418; 565.394
0.02444; 565.906
0.0247; 566.378
0.02496; 566.813
0.02522; 567.214
0.02548; 567.584
0.02574; 567.926
0.026; 568.244
0.02626; 568.534
0.02652; 568.801
0.02678; 569.047
0.02704; 569.272
0.0273; 569.476
0.02756; 569.66
0.02782; 569.826
0.02808; 569.976
0.02834; 570.103
0.0286; 570.212
0.02886; 570.305
0.02912; 570.381
0.02938; 570.438
0.02964; 570.479
0.0299; 570.504
0.03016; 570.515
0.03042; 570.504
0.03068; 570.478
0.03094; 570.438
0.0312; 570.383
0.03146; 570.311
0.03172; 570.226
0.03198; 570.129
0.03224; 570.021
0.0325; 569.896
0.03276; 569.76
0.03302; 569.617
0.03328; 569.465
0.03354; 569.303
0.0338; 569.136
0.03406; 568.967
0.03432; 568.797
0.03458; 568.621
0.03484; 568.446
0.0351; 568.277
0.03536; 568.112
0.03562; 567.953
0.03588; 567.804
0.03614; 567.668
0.0364; 567.547
0.03666; 567.436
0.03692; 567.343
0.03718; 567.272
0.03744; 567.221
0.0377; 567.192
0.03796; 567.186
0.03822; 567.207
0.03848; 567.256
0.03874; 567.327
0.039; 567.425
0.03926; 567.554
0.03952; 567.71
0.03978; 567.892
0.04004; 568.103
0.0403; 568.343
0.04056; 568.613
0.04082; 568.906
0.04108; 569.229
0.04134; 569.584
0.0416; 569.968
0.04186; 570.381
0.04212; 570.825
0.04238; 571.299
0.04264; 571.803
0.0429; 572.327
0.04316; 572.874
0.04342; 573.444
0.04368; 574.032
0.04394; 574.634
0.0442; 575.253
0.04446; 575.887
0.04472; 576.534
0.04498; 577.185
0.04524; 577.845
0.0455; 578.512
0.04576; 579.183
0.04602; 579.854
0.04628; 580.524
0.04654; 581.195
0.0468; 581.865
0.04706; 582.522
0.04732; 583.173
0.04758; 583.819
0.04784; 584.455
0.0481; 585.077
0.04836; 585.689
0.04862; 586.291
0.04888; 586.883
0.04914; 587.452
0.0494; 588.007
0.04966; 588.552
0.04992; 589.08
0.05018; 589.59
0.05044; 590.084
0.0507; 590.566
0.05096; 591.034
0.05122; 591.476
0.05148; 591.903
0.05174; 592.318
0.052; 592.715
0.05226; 593.092
0.05252; 593.454
0.05278; 593.803
0.05304; 594.138
0.0533; 594.447
0.05356; 594.74
0.05382; 595.022
0.05408; 595.286
0.05434; 595.531
0.0546; 595.759
0.05486; 595.975
0.05512; 596.179
0.05538; 596.355
0.05564; 596.516
0.0559; 596.665
0.05616; 596.797
0.05642; 596.91
0.05668; 597.006
0.05694; 597.09
0.0572; 597.161
0.05746; 597.205
0.05772; 597.233
0.05798; 597.25
0.05824; 0
0.0585; 0
0.05876; 0
0.05902; 0
0.05928; 0
0.05954; 0
0.0598; 0
0.06006; 0
0.06032; 0
0.06058; 0
0.06084; 0
0.0611; 0
0.06136; 0
0.06162; 0
0.06188; 0
0.06214; 0
0.0624; 0
0.06266; 0
0.06292; 0
0.06318; 0
0.06344; 0
0.0637; 0
0.06396; 0
0.06422; 0
0.06448; 0
0.06474; 0
0.065; 0
0.06526; 0
0.06552; 0
0.06578; 0
0.06604; 0
0.0663; 0
0.06656; 0
0.06682; 0
0.06708; 0
0.06734; 0
0.0676; 0
0.06786; 0
0.06812; 0
0.06838; 0
0.06864; 0
0.0689; 0
0.06916; 0
0.06942; 0
0.06968; 0
0.06994; 0
0.0702; 0
0.07046; 0
0.07072; 0
0.07098; 0
0.07124; 0
0.0715; 0
0.07176; 0
0.07202; 0
0.07228; 0
0.07254; 0
0.0728; 0
0.07306; 0
0.07332; 0
0.07358; 0
0.07384; 0
0.0741; 0
0.07436; 0
0.07462; 0
0.07488; 0
0.07514; 0
0.0754; 0
0.07566; 0
0.07592; 0
0.07618; 0
0.07644; 0
0.0767; 0
0.07696; 0
0.07722; 0
0.07748; 0
0.07774; 0
0.078; 0
