0.00026; 0
0.00052; 0
0.00078; 0
0.00104; 0
0.0013; 0
0.00156; 0
0.00182; 0
0.00208; 0
0.00234; 0
0.0026; 0
0.00286; 0
0.00312; 0
0.00338; 0
0.00364; 0
0.0039; 0
0.00416; 0
0.00442; 0
0.00468; 0
0.00494; 0
0.0052; 0
0.00546; 0
0.00572; 0
0.00598; 0
0.00624; 0
0.0065; 0
0.00676; 0
0.00702; 0
0.00728; 0
0.00754; 0
0.0078; 0
0.00806; 0
0.00832; 0
0.00858; 0
0.00884; 0
0.0091; 0
0.00936; 0
0.00962; 0
0.00988; 0
0.01014; 0
0.0104; 0
0.01066; 0
0.01092; 0
0.01118; 0
0.01144; 0
0.0117; 0
0.01196; 0
0.01222; 0
0.01248; 0
0.01274; 0
0.013; 0
0.01326; 0
0.01352; 0
0.01378; 0
0.01404; 0
0.0143; 0
0.01456; 0
0.01482; 0
0.01508; 0
0.01534; 0
0.0156; 0
0.01586; 0
0.01612; 0
0.01638; 0
0.01664; 0
0.0169; 0
0.01716; 0
0.01742; 0
0.01768; 0
0.01794; 0
0.0182; 0
0.01846; 0
0.01872; 0
0.01898; 0
0.01924; 0
0.0195; 0
0.01976; 0
0.02002; 0
0.02028; 0
0.02054; 0
0.0208; 0
0.02106; 0
0.02132; 0
0.02158; 0
0.02184; 0
0.0221; 0
0.02236; 0
0.02262; 0
0.02288; 606.692
0.02314; 606.533
0.0234; 606.367
0.02366; 606.221
0.02392; 606.071
0.02418; 605.914
0.02444; 605.777
0.0247; 605.661
0.02496; 605.537
0.02522; 605.406
0.02548; 605.29
0.02574; 605.194
0.026; 605.091
0.02626; 604.98
0.02652; 604.887
0.02678; 604.815
0.02704; 604.733
0.0273; 604.644
0.02756; 604.569
0.02782; 604.513
0.02808; 604.45
0.02834; 604.378
0.0286; 604.324
0.02886; 604.289
0.02912; 604.245
0.02938; 604.192
0.02964; 604.152
0.0299; 604.131
0.03016; 604.102
0.03042; 604.063
0.03068; 604.041
0.03094; 604.038
0.0312; 604.025
0.03146; 604.002
0.03172; 603.991
0.03198; 603.999
0.03224; 603.998
0.0325; 603.986
0.03276; 603.99
0.03302; 604.013
0.03328; 604.025
0.03354; 604.026
0.0338; 604.039
0.03406; 604.069
0.03432; 604.09
0.03458; 604.099
0.03484; 604.124
0.0351; 604.167
0.03536; 604.198
0.03562; 604.217
0.03588; 604.248
0.03614; 604.295
0.0364; 604.333
0.03666; 604.359
0.03692; 604.399
0.03718; 604.456
0.03744; 604.501
0.0377; 604.534
0.03796; 604.578
0.03822; 604.638
0.03848; 604.688
0.03874; 604.725
0.039; 604.776
0.03926; 604.844
0.03952; 604.899
0.03978; 604.943
0.04004; 604.996
0.0403; 605.065
0.04056; 605.124
0.04082; 605.17
0.04108; 605.229
0.04134; 605.305
0.0416; 605.368
0.04186; 605.419
0.04212; 605.48
0.04238; 605.556
0.04264; 605.621
0.0429; 605.674
0.04316; 605.74
0.04342; 605.823
0.04368; 605.892
0.04394; 605.95
0.0442; 606.017
0.04446; 606.1
0.04472; 606.172
0.04498; 606.231
0.04524; 606.304
0.0455; 606.394
0.04576; 606.471
0.04602; 606.535
0.04628; 606.61
0.04654; 606.701
0.0468; 606.781
0.04706; 606.849
0.04732; 606.93
0.04758; 607.028
0.04784; 607.114
0.0481; 607.188
0.04836; 607.273
0.04862; 607.374
0.04888; 607.465
0.04914; 607.543
0.0494; 607.636
0.04966; 607.747
0.04992; 607.845
0.05018; 607.932
0.05044; 608.031
0.0507; 608.145
0.05096; 608.251
0.05122; 608.345
0.05148; 608.453
0.05174; 608.58
0.052; 608.695
0.05226; 608.8
0.05252; 608.916
0.05278; 609.05
0.05304; 609.175
0.0533; 609.289
0.05356; 609.418
0.05382; 609.566
0.05408; 609.703
0.05434; 609.831
0.0546; 609.971
0.05486; 610.128
0.05512; 610.277
0.05538; 610.417
0.05564; 610.572
0.0559; 610.746
0.05616; 610.91
0.05642; 611.066
0.05668; 611.235
0.05694; 611.422
0.0572; 611.603
0.05746; 611.776
0.05772; 611.966
0.05798; 612.176
0.05824; 612.356
0.0585; 0
0.05876; 0
0.05902; 0
0.05928; 0
0.05954; 0
0.0598; 0
0.06006; 0
0.06032; 0
0.06058; 0
0.06084; 0
0.0611; 0
0.06136; 0
0.06162; 0
0.06188; 0
0.06214; 0
0.0624; 0
0.06266; 0
0.06292; 0
0.06318; 0
0.06344; 0
0.0637; 0
0.06396; 0
0.06422; 0
0.06448; 0
0.06474; 0
0.065; 0
0.06526; 0
0.06552; 0
0.06578; 0
0.06604; 0
0.0663; 0
0.06656; 0
0.06682; 0
0.06708; 0
0.06734; 0
0.0676; 0
0.06786; 0
0.06812; 0
0.06838; 0
0.06864; 0
0.0689; 0
0.06916; 0
0.06942; 0
0.06968; 0
0.06994; 0
0.0702; 0
0.07046; 0
0.07072; 0
0.07098; 0
0.07124; 0
0.0715; 0
0.07176; 0
0.07202; 0
0.07228; 0
0.07254; 0
0.0728; 0
0.07306; 0
0.07332; 0
0.07358; 0
0.07384; 0
0.0741; 0
0.07436; 0
0.07462; 0
0.07488; 0
0.07514; 0
0.0754; 0
0.07566; 0
0.07592; 0
0.07618; 0
0.07644; 0
0.0767; 0
0.07696; 0
0.07722; 0
0.07748; 0
0.07774; 0
0.078; 0
