0.00026; 570.677
0.00052; 570.67
0.00078; 570.662
0.00104; 570.67
0.0013; 570.67
0.00156; 570.666
0.00182; 570.661
0.00208; 570.664
0.00234; 570.663
0.0026; 570.658
0.00286; 570.646
0.00312; 570.655
0.00338; 570.655
0.00364; 570.651
0.0039; 570.646
0.00416; 570.649
0.00442; 570.648
0.00468; 570.643
0.00494; 570.632
0.0052; 570.641
0.00546; 570.641
0.00572; 570.637
0.00598; 570.631
0.00624; 570.635
0.0065; 570.635
0.00676; 570.629
0.00702; 570.618
0.00728; 570.627
0.00754; 570.627
0.0078; 570.623
0.00806; 570.618
0.00832; 570.622
0.00858; 570.622
0.00884; 570.616
0.0091; 570.605
0.00936; 570.614
0.00962; 570.615
0.00988; 570.611
0.01014; 570.606
0.0104; 570.61
0.01066; 570.609
0.01092; 570.604
0.01118; 570.593
0.01144; 570.602
0.0117; 570.603
0.01196; 570.599
0.01222; 570.594
0.01248; 570.598
0.01274; 570.598
0.013; 570.593
0.01326; 570.582
0.01352; 570.591
0.01378; 570.592
0.01404; 570.588
0.0143; 570.583
0.01456; 570.587
0.01482; 570.587
0.01508; 570.582
0.01534; 570.572
0.0156; 570.581
0.01586; 570.582
0.01612; 570.578
0.01638; 570.573
0.01664; 570.577
0.0169; 570.578
0.01716; 570.573
0.01742; 570.562
0.01768; 570.571
0.01794; 570.572
0.0182; 570.569
0.01846; 570.564
0.01872; 570.568
0.01898; 570.569
0.01924; 570.564
0.0195; 570.553
0.01976; 570.563
0.02002; 570.564
0.02028; 570.56
0.02054; 570.556
0.0208; 570.56
0.02106; 570.561
0.02132; 570.556
0.02158; 570.546
0.02184; 570.555
0.0221; 570.557
0.02236; 570.553
0.02262; 570.549
0.02288; 570.553
0.02314; 570.554
0.0234; 570.549
0.02366; 570.539
0.02392; 570.548
0.02418; 570.55
0.02444; 570.546
0.0247; 570.542
0.02496; 570.546
0.02522; 570.547
0.02548; 570.543
0.02574; 570.533
0.026; 570.542
0.02626; 570.544
0.02652; 570.541
0.02678; 570.537
0.02704; 570.541
0.0273; 570.542
0.02756; 570.538
0.02782; 570.528
0.02808; 570.537
0.02834; 570.539
0.0286; 570.536
0.02886; 570.532
0.02912; 570.536
0.02938; 570.537
0.02964; 570.533
0.0299; 570.523
0.03016; 570.533
0.03042; 570.535
0.03068; 570.531
0.03094; 570.528
0.0312; 570.532
0.03146; 570.533
0.03172; 570.529
0.03198; 570.519
0.03224; 570.529
0.0325; 570.531
0.03276; 570.528
0.03302; 570.524
0.03328; 570.529
0.03354; 570.53
0.0338; 570.526
0.03406; 570.516
0.03432; 570.526
0.03458; 570.528
0.03484; 570.525
0.0351; 570.522
0.03536; 570.527
0.03562; 570.528
0.03588; 570.524
0.03614; 570.514
0.0364; 570.525
0.03666; 570.527
0.03692; 570.524
0.03718; 570.52
0.03744; 570.525
0.0377; 570.527
0.03796; 570.523
0.03822; 570.513
0.03848; 570.524
0.03874; 570.526
0.039; 570.523
0.03926; 570.52
0.03952; 570.525
0.03978; 570.526
0.04004; 570.523
0.0403; 570.513
0.04056; 570.524
0.04082; 570.526
0.04108; 570.523
0.04134; 570.52
0.0416; 570.525
0.04186; 570.527
0.04212; 570.523
0.04238; 570.514
0.04264; 570.525
0.0429; 570.527
0.04316; 570.524
0.04342; 570.521
0.04368; 570.526
0.04394; 570.528
0.0442; 570.525
0.04446; 570.515
0.04472; 570.526
0.04498; 570.528
0.04524; 570.526
0.0455; 570.523
0.04576; 570.528
0.04602; 570.53
0.04628; 570.527
0.04654; 570.517
0.0468; 570.528
0.04706; 570.53
0.04732; 570.528
0.04758; 570.525
0.04784; 570.531
0.0481; 570.532
0.04836; 570.529
0.04862; 570.52
0.04888; 570.531
0.04914; 570.534
0.0494; 570.531
0.04966; 570.528
0.04992; 570.534
0.05018; 570.536
0.05044; 570.533
0.0507; 570.524
0.05096; 570.535
0.05122; 570.537
0.05148; 570.535
0.05174; 570.533
0.052; 570.538
0.05226; 570.54
0.05252; 570.537
0.05278; 570.528
0.05304; 570.539
0.0533; 570.542
0.05356; 570.54
0.05382; 570.537
0.05408; 570.543
0.05434; 570.545
0.0546; 570.542
0.05486; 570.533
0.05512; 570.544
0.05538; 570.547
0.05564; 570.545
0.0559; 570.543
0.05616; 570.548
0.05642; 570.551
0.05668; 570.548
0.05694; 570.539
0.0572; 570.55
0.05746; 570.553
0.05772; 570.551
0.05798; 570.549
0.05824; 570.555
0.0585; 570.557
0.05876; 570.554
0.05902; 570.546
0.05928; 570.557
0.05954; 570.56
0.0598; 570.558
0.06006; 570.556
0.06032; 570.562
0.06058; 570.565
0.06084; 570.562
0.0611; 570.553
0.06136; 570.565
0.06162; 570.568
0.06188; 570.566
0.06214; 570.564
0.0624; 570.57
0.06266; 570.573
0.06292; 570.571
0.06318; 570.562
0.06344; 570.574
0.0637; 570.577
0.06396; 570.575
0.06422; 570.573
0.06448; 570.579
0.06474; 570.582
0.065; 570.58
0.06526; 570.571
0.06552; 570.583
0.06578; 570.586
0.06604; 570.585
0.0663; 570.583
0.06656; 570.589
0.06682; 570.592
0.06708; 570.589
0.06734; 570.581
0.0676; 570.593
0.06786; 570.596
0.06812; 570.595
0.06838; 570.593
0.06864; 570.599
0.0689; 570.602
0.06916; 570.6
0.06942; 570.592
0.06968; 570.604
0.06994; 570.607
0.0702; 570.606
0.07046; 570.604
0.07072; 570.611
0.07098; 570.614
0.07124; 570.611
0.0715; 570.603
0.07176; 570.615
0.07202; 570.619
0.07228; 570.618
0.07254; 570.616
0.0728; 570.623
0.07306; 570.626
0.07332; 570.624
0.07358; 570.616
0.07384; 570.628
0.0741; 570.631
0.07436; 570.63
0.07462; 570.629
0.07488; 570.636
0.07514; 570.639
0.0754; 570.637
0.07566; 570.629
0.07592; 570.641
0.07618; 570.645
0.07644; 570.643
0.0767; 570.642
0.07696; 570.648
0.07722; 570.651
0.07748; 570.65
0.07774; 570.642
0.078; 570.651
