0.00026; 0
0.00052; 0
0.00078; 0
0.00104; 0
0.0013; 0
0.00156; 0
0.00182; 0
0.00208; 0
0.00234; 0
0.0026; 0
0.00286; 0
0.00312; 0
0.00338; 0
0.00364; 0
0.0039; 0
0.00416; 0
0.00442; 0
0.00468; 0
0.00494; 0
0.0052; 0
0.00546; 0
0.00572; 0
0.00598; 0
0.00624; 0
0.0065; 0
0.00676; 0
0.00702; 0
0.00728; 0
0.00754; 0
0.0078; 0
0.00806; 0
0.00832; 0
0.00858; 0
0.00884; 0
0.0091; 0
0.00936; 0
0.00962; 0
0.00988; 0
0.01014; 0
0.0104; 0
0.01066; 0
0.01092; 0
0.01118; 0
0.01144; 0
0.0117; 0
0.01196; 0
0.01222; 0
0.01248; 0
0.01274; 0
0.013; 0
0.01326; 0
0.01352; 0
0.01378; 0
0.01404; 0
0.0143; 0
0.01456; 0
0.01482; 0
0.01508; 0
0.01534; 0
0.0156; 0
0.01586; 0
0.01612; 0
0.01638; 0
0.01664; 0
0.0169; 0
0.01716; 0
0.01742; 0
0.01768; 0
0.01794; 0
0.0182; 0
0.01846; 0
0.01872; 0
0.01898; 0
0.01924; 0
0.0195; 0
0.01976; 0
0.02002; 0
0.02028; 0
0.02054; 0
0.0208; 0
0.02106; 0
0.02132; 0
0.02158; 0
0.02184; 0
0.0221; 0
0.02236; 0
0.02262; 0
0.02288; 575.16
0.02314; 574.979
0.0234; 574.768
0.02366; 574.568
0.02392; 574.369
0.02418; 574.199
0.02444; 574.011
0.0247; 573.853
0.02496; 573.698
0.02522; 573.555
0.02548; 573.406
0.02574; 573.269
0.026; 573.13
0.02626; 573.016
0.02652; 572.885
0.02678; 572.782
0.02704; 572.681
0.0273; 572.591
0.02756; 572.494
0.02782; 572.408
0.02808; 572.319
0.02834; 572.255
0.0286; 572.172
0.02886; 572.116
0.02912; 572.062
0.02938; 572.018
0.02964; 571.966
0.0299; 571.925
0.03016; 571.878
0.03042; 571.857
0.03068; 571.815
0.03094; 571.799
0.0312; 571.784
0.03146; 571.779
0.03172; 571.764
0.03198; 571.758
0.03224; 571.748
0.0325; 571.76
0.03276; 571.752
0.03302; 571.769
0.03328; 571.786
0.03354; 571.811
0.0338; 571.826
0.03406; 571.849
0.03432; 571.866
0.03458; 571.906
0.03484; 571.923
0.0351; 571.966
0.03536; 572.007
0.03562; 572.055
0.03588; 572.092
0.03614; 572.137
0.0364; 572.175
0.03666; 572.235
0.03692; 572.272
0.03718; 572.333
0.03744; 572.392
0.0377; 572.458
0.03796; 572.512
0.03822; 572.573
0.03848; 572.626
0.03874; 572.7
0.039; 572.752
0.03926; 572.826
0.03952; 572.898
0.03978; 572.976
0.04004; 573.042
0.0403; 573.114
0.04056; 573.178
0.04082; 573.263
0.04108; 573.325
0.04134; 573.41
0.0416; 573.491
0.04186; 573.578
0.04212; 573.654
0.04238; 573.735
0.04264; 573.808
0.0429; 573.902
0.04316; 573.972
0.04342; 574.065
0.04368; 574.155
0.04394; 574.25
0.0442; 574.334
0.04446; 574.423
0.04472; 574.505
0.04498; 574.607
0.04524; 574.686
0.0455; 574.787
0.04576; 574.886
0.04602; 574.99
0.04628; 575.083
0.04654; 575.183
0.0468; 575.274
0.04706; 575.386
0.04732; 575.476
0.04758; 575.589
0.04784; 575.699
0.0481; 575.815
0.04836; 575.92
0.04862; 576.032
0.04888; 576.137
0.04914; 576.263
0.0494; 576.368
0.04966; 576.495
0.04992; 576.621
0.05018; 576.754
0.05044; 576.876
0.0507; 577.006
0.05096; 577.129
0.05122; 577.274
0.05148; 577.398
0.05174; 577.547
0.052; 577.694
0.05226; 577.848
0.05252; 577.993
0.05278; 578.147
0.05304; 578.295
0.0533; 578.465
0.05356; 578.616
0.05382; 578.791
0.05408; 578.965
0.05434; 579.148
0.0546; 579.323
0.05486; 579.506
0.05512; 579.685
0.05538; 579.887
0.05564; 580.071
0.0559; 580.279
0.05616; 580.488
0.05642; 580.705
0.05668; 580.916
0.05694; 581.138
0.0572; 581.356
0.05746; 581.599
0.05772; 581.827
0.05798; 582.078
0.05824; 582.304
0.0585; 0
0.05876; 0
0.05902; 0
0.05928; 0
0.05954; 0
0.0598; 0
0.06006; 0
0.06032; 0
0.06058; 0
0.06084; 0
0.0611; 0
0.06136; 0
0.06162; 0
0.06188; 0
0.06214; 0
0.0624; 0
0.06266; 0
0.06292; 0
0.06318; 0
0.06344; 0
0.0637; 0
0.06396; 0
0.06422; 0
0.06448; 0
0.06474; 0
0.065; 0
0.06526; 0
0.06552; 0
0.06578; 0
0.06604; 0
0.0663; 0
0.06656; 0
0.06682; 0
0.06708; 0
0.06734; 0
0.0676; 0
0.06786; 0
0.06812; 0
0.06838; 0
0.06864; 0
0.0689; 0
0.06916; 0
0.06942; 0
0.06968; 0
0.06994; 0
0.0702; 0
0.07046; 0
0.07072; 0
0.07098; 0
0.07124; 0
0.0715; 0
0.07176; 0
0.07202; 0
0.07228; 0
0.07254; 0
0.0728; 0
0.07306; 0
0.07332; 0
0.07358; 0
0.07384; 0
0.0741; 0
0.07436; 0
0.07462; 0
0.07488; 0
0.07514; 0
0.0754; 0
0.07566; 0
0.07592; 0
0.07618; 0
0.07644; 0
0.0767; 0
0.07696; 0
0.07722; 0
0.07748; 0
0.07774; 0
0.078; 0
