0.00667; 0
0.01334; 0
0.02001; 0
0.02668; 0
0.03335; 0
0.04002; 0
0.04669; 0
0.05336; 0
0.06003; 0
0.0667; 0
0.07337; 0
0.08004; 0
0.08671; 0
0.09338; 0
0.10005; 0
0.10672; 0
0.11339; 0
0.12006; 0
0.12673; 0
0.1334; 0
0.14007; 0
0.14674; 0
0.15341; 0
0.16008; 0
0.16675; 0
0.17342; 0
0.18009; 0
0.18676; 0
0.19343; 0
0.2001; 0
0.20677; 0
0.21344; 0
0.22011; 0
0.22678; 0
0.23345; 0
0.24012; 0
0.24679; 0
0.25346; 0
0.26013; 0
0.2668; 0
0.27347; 0
0.28014; 0
0.28681; 0
0.29348; 0
0.30015; 0
0.30682; 0
0.31349; 0
0.32016; 0
0.32683; 0
0.3335; 0
0.34017; 0
0.34684; 0
0.35351; 0
0.36018; 0
0.36685; 0
0.37352; 0
0.38019; 0
0.38686; 0
0.39353; 0
0.4002; 0
0.40687; 0
0.41354; 0
0.42021; 0
0.42688; 0
0.43355; 0
0.44022; 0
0.44689; 0
0.45356; 0
0.46023; 0
0.4669; 0
0.47357; 308.821
0.48024; 308.81
0.48691; 308.786
0.49358; 308.751
0.50025; 308.704
0.50692; 308.646
0.51359; 308.576
0.52026; 308.496
0.52693; 308.405
0.5336; 308.304
0.54027; 308.194
0.54694; 308.073
0.55361; 307.944
0.56028; 307.807
0.56695; 307.661
0.57362; 307.509
0.58029; 307.349
0.58696; 307.183
0.59363; 307.011
0.6003; 306.835
0.60697; 306.653
0.61364; 306.468
0.62031; 306.28
0.62698; 306.089
0.63365; 305.895
0.64032; 305.701
0.64699; 305.505
0.65366; 305.309
0.66033; 305.113
0.667; 304.918
0.67367; 304.724
0.68034; 304.531
0.68701; 304.341
0.69368; 304.153
0.70035; 303.968
0.70702; 303.787
0.71369; 303.608
0.72036; 303.434
0.72703; 303.264
0.7337; 303.098
0.74037; 302.937
0.74704; 302.781
0.75371; 302.63
0.76038; 302.484
0.76705; 302.343
0.77372; 302.207
0.78039; 302.077
0.78706; 301.952
0.79373; 301.833
0.8004; 301.718
0.80707; 301.61
0.81374; 301.506
0.82041; 301.408
0.82708; 301.314
0.83375; 301.226
0.84042; 301.143
0.84709; 301.064
0.85376; 300.99
0.86043; 300.921
0.8671; 300.856
0.87377; 300.796
0.88044; 300.739
0.88711; 300.686
0.89378; 300.637
0.90045; 300.591
0.90712; 300.548
0.91379; 300.509
0.92046; 300.472
0.92713; 300.438
0.9338; 300.406
0.94047; 300.377
0.94714; 300.35
0.95381; 300.328
0.96048; 300.311
0.96715; 300.301
0.97382; 300.301
0.98049; 300.311
0.98716; 300.328
0.99383; 300.35
1.0005; 300.377
1.00717; 300.406
1.01384; 300.438
1.02051; 300.472
1.02718; 300.509
1.03385; 300.548
1.04052; 300.591
1.04719; 300.637
1.05386; 300.686
1.06053; 300.739
1.0672; 300.796
1.07387; 300.856
1.08054; 300.921
1.08721; 300.99
1.09388; 301.064
1.10055; 301.143
1.10722; 301.226
1.11389; 301.314
1.12056; 301.408
1.12723; 301.506
1.1339; 301.61
1.14057; 301.718
1.14724; 301.833
1.15391; 301.952
1.16058; 302.077
1.16725; 302.207
1.17392; 302.343
1.18059; 302.484
1.18726; 302.63
1.19393; 302.781
1.2006; 302.937
1.20727; 303.098
1.21394; 303.264
1.22061; 303.434
1.22728; 303.608
1.23395; 303.787
1.24062; 303.968
1.24729; 304.153
1.25396; 304.341
1.26063; 304.531
1.2673; 304.724
1.27397; 304.918
1.28064; 305.113
1.28731; 305.309
1.29398; 305.505
1.30065; 305.701
1.30732; 305.895
1.31399; 306.089
1.32066; 306.28
1.32733; 306.468
1.334; 306.653
1.34067; 306.835
1.34734; 307.011
1.35401; 307.183
1.36068; 307.349
1.36735; 307.509
1.37402; 307.661
1.38069; 307.807
1.38736; 307.944
1.39403; 308.073
1.4007; 308.194
1.40737; 308.304
1.41404; 308.405
1.42071; 308.496
1.42738; 308.576
1.43405; 308.646
1.44072; 308.704
1.44739; 308.751
1.45406; 308.786
1.46073; 308.81
1.4674; 308.821
1.47407; 0
1.48074; 0
1.48741; 0
1.49408; 0
1.50075; 0
1.50742; 0
1.51409; 0
1.52076; 0
1.52743; 0
1.5341; 0
1.54077; 0
1.54744; 0
1.55411; 0
1.56078; 0
1.56745; 0
1.57412; 0
1.58079; 0
1.58746; 0
1.59413; 0
1.6008; 0
1.60747; 0
1.61414; 0
1.62081; 0
1.62748; 0
1.63415; 0
1.64082; 0
1.64749; 0
1.65416; 0
1.66083; 0
1.6675; 0
1.67417; 0
1.68084; 0
1.68751; 0
1.69418; 0
1.70085; 0
1.70752; 0
1.71419; 0
1.72086; 0
1.72753; 0
1.7342; 0
1.74087; 0
1.74754; 0
1.75421; 0
1.76088; 0
1.76755; 0
1.77422; 0
1.78089; 0
1.78756; 0
1.79423; 0
1.8009; 0
1.80757; 0
1.81424; 0
1.82091; 0
1.82758; 0
1.83425; 0
1.84092; 0
1.84759; 0
1.85426; 0
1.86093; 0
1.8676; 0
1.87427; 0
1.88094; 0
1.88761; 0
1.89428; 0
1.90095; 0
1.90762; 0
1.91429; 0
1.92096; 0
1.92763; 0
1.9343; 0
1.94097; 0
1.94764; 0
1.95431; 0
1.96098; 0
1.96765; 0
1.97432; 0
1.98099; 0
1.98766; 0
1.99433; 0
2.001; 0
