0.00667; 0
0.01334; 0
0.02001; 0
0.02668; 0
0.03335; 0
0.04002; 0
0.04669; 0
0.05336; 0
0.06003; 0
0.0667; 0
0.07337; 0
0.08004; 0
0.08671; 0
0.09338; 0
0.10005; 0
0.10672; 0
0.11339; 0
0.12006; 0
0.12673; 0
0.1334; 0
0.14007; 0
0.14674; 0
0.15341; 0
0.16008; 0
0.16675; 0
0.17342; 0
0.18009; 0
0.18676; 0
0.19343; 0
0.2001; 0
0.20677; 0
0.21344; 0
0.22011; 0
0.22678; 0
0.23345; 0
0.24012; 0
0.24679; 0
0.25346; 0
0.26013; 0
0.2668; 0
0.27347; 0
0.28014; 0
0.28681; 0
0.29348; 0
0.30015; 0
0.30682; 0
0.31349; 0
0.32016; 0
0.32683; 0
0.3335; 0
0.34017; 0
0.34684; 0
0.35351; 0
0.36018; 0
0.36685; 0
0.37352; 0
0.38019; 0
0.38686; 0
0.39353; 0
0.4002; 0
0.40687; 0
0.41354; 0
0.42021; 0
0.42688; 0
0.43355; 0
0.44022; 0
0.44689; 0
0.45356; 0
0.46023; 0
0.4669; 0
0.47357; 639.03
0.48024; 638.963
0.48691; 638.828
0.49358; 638.625
0.50025; 638.355
0.50692; 638.019
0.51359; 637.615
0.52026; 637.145
0.52693; 636.609
0.5336; 636.008
0.54027; 635.341
0.54694; 634.61
0.55361; 633.815
0.56028; 632.956
0.56695; 632.034
0.57362; 631.051
0.58029; 630.005
0.58696; 628.899
0.59363; 627.733
0.6003; 626.507
0.60697; 625.222
0.61364; 623.88
0.62031; 622.48
0.62698; 621.023
0.63365; 619.51
0.64032; 617.941
0.64699; 616.317
0.65366; 614.638
0.66033; 612.906
0.667; 611.119
0.67367; 609.278
0.68034; 607.385
0.68701; 605.437
0.69368; 603.436
0.70035; 601.381
0.70702; 599.272
0.71369; 597.109
0.72036; 594.89
0.72703; 592.614
0.7337; 590.282
0.74037; 587.89
0.74704; 585.438
0.75371; 582.924
0.76038; 580.345
0.76705; 577.699
0.77372; 574.982
0.78039; 572.192
0.78706; 569.325
0.79373; 566.375
0.8004; 563.338
0.80707; 560.208
0.81374; 556.978
0.82041; 553.641
0.82708; 550.188
0.83375; 546.61
0.84042; 542.895
0.84709; 539.031
0.85376; 535.003
0.86043; 530.796
0.8671; 526.392
0.87377; 521.768
0.88044; 516.902
0.88711; 511.767
0.89378; 506.333
0.90045; 500.57
0.90712; 494.444
0.91379; 487.924
0.92046; 480.989
0.92713; 473.636
0.9338; 465.905
0.94047; 457.917
0.94714; 449.942
0.95381; 442.49
0.96048; 436.403
0.96715; 432.836
0.97382; 432.836
0.98049; 436.403
0.98716; 442.49
0.99383; 449.942
1.0005; 457.917
1.00717; 465.905
1.01384; 473.636
1.02051; 480.989
1.02718; 487.924
1.03385; 494.444
1.04052; 500.57
1.04719; 506.333
1.05386; 511.767
1.06053; 516.902
1.0672; 521.768
1.07387; 526.392
1.08054; 530.796
1.08721; 535.003
1.09388; 539.031
1.10055; 542.895
1.10722; 546.61
1.11389; 550.188
1.12056; 553.641
1.12723; 556.978
1.1339; 560.208
1.14057; 563.338
1.14724; 566.375
1.15391; 569.325
1.16058; 572.192
1.16725; 574.982
1.17392; 577.699
1.18059; 580.345
1.18726; 582.924
1.19393; 585.438
1.2006; 587.89
1.20727; 590.282
1.21394; 592.614
1.22061; 594.89
1.22728; 597.109
1.23395; 599.272
1.24062; 601.381
1.24729; 603.436
1.25396; 605.437
1.26063; 607.385
1.2673; 609.278
1.27397; 611.119
1.28064; 612.906
1.28731; 614.638
1.29398; 616.317
1.30065; 617.941
1.30732; 619.51
1.31399; 621.023
1.32066; 622.48
1.32733; 623.88
1.334; 625.222
1.34067; 626.507
1.34734; 627.733
1.35401; 628.899
1.36068; 630.005
1.36735; 631.051
1.37402; 632.034
1.38069; 632.956
1.38736; 633.815
1.39403; 634.61
1.4007; 635.341
1.40737; 636.008
1.41404; 636.609
1.42071; 637.145
1.42738; 637.615
1.43405; 638.019
1.44072; 638.355
1.44739; 638.625
1.45406; 638.828
1.46073; 638.963
1.4674; 639.03
1.47407; 0
1.48074; 0
1.48741; 0
1.49408; 0
1.50075; 0
1.50742; 0
1.51409; 0
1.52076; 0
1.52743; 0
1.5341; 0
1.54077; 0
1.54744; 0
1.55411; 0
1.56078; 0
1.56745; 0
1.57412; 0
1.58079; 0
1.58746; 0
1.59413; 0
1.6008; 0
1.60747; 0
1.61414; 0
1.62081; 0
1.62748; 0
1.63415; 0
1.64082; 0
1.64749; 0
1.65416; 0
1.66083; 0
1.6675; 0
1.67417; 0
1.68084; 0
1.68751; 0
1.69418; 0
1.70085; 0
1.70752; 0
1.71419; 0
1.72086; 0
1.72753; 0
1.7342; 0
1.74087; 0
1.74754; 0
1.75421; 0
1.76088; 0
1.76755; 0
1.77422; 0
1.78089; 0
1.78756; 0
1.79423; 0
1.8009; 0
1.80757; 0
1.81424; 0
1.82091; 0
1.82758; 0
1.83425; 0
1.84092; 0
1.84759; 0
1.85426; 0
1.86093; 0
1.8676; 0
1.87427; 0
1.88094; 0
1.88761; 0
1.89428; 0
1.90095; 0
1.90762; 0
1.91429; 0
1.92096; 0
1.92763; 0
1.9343; 0
1.94097; 0
1.94764; 0
1.95431; 0
1.96098; 0
1.96765; 0
1.97432; 0
1.98099; 0
1.98766; 0
1.99433; 0
2.001; 0
