0.00667; 0
0.01334; 0
0.02001; 0
0.02668; 0
0.03335; 0
0.04002; 0
0.04669; 0
0.05336; 0
0.06003; 0
0.0667; 0
0.07337; 0
0.08004; 0
0.08671; 0
0.09338; 0
0.10005; 0
0.10672; 0
0.11339; 0
0.12006; 0
0.12673; 0
0.1334; 0
0.14007; 0
0.14674; 0
0.15341; 0
0.16008; 0
0.16675; 0
0.17342; 0
0.18009; 0
0.18676; 0
0.19343; 0
0.2001; 0
0.20677; 0
0.21344; 0
0.22011; 0
0.22678; 0
0.23345; 0
0.24012; 0
0.24679; 0
0.25346; 0
0.26013; 0
0.2668; 0
0.27347; 0
0.28014; 0
0.28681; 0
0.29348; 0
0.30015; 0
0.30682; 0
0.31349; 0
0.32016; 0
0.32683; 0
0.3335; 0
0.34017; 0
0.34684; 0
0.35351; 0
0.36018; 0
0.36685; 0
0.37352; 0
0.38019; 0
0.38686; 0
0.39353; 0
0.4002; 0
0.40687; 0
0.41354; 0
0.42021; 0
0.42688; 0
0.43355; 0
0.44022; 0
0.44689; 0
0.45356; 0
0.46023; 0
0.4669; 0
0.47357; 303.937
0.48024; 303.93
0.48691; 303.918
0.49358; 303.9
0.50025; 303.876
0.50692; 303.845
0.51359; 303.81
0.52026; 303.768
0.52693; 303.721
0.5336; 303.669
0.54027; 303.612
0.54694; 303.55
0.55361; 303.484
0.56028; 303.414
0.56695; 303.34
0.57362; 303.262
0.58029; 303.181
0.58696; 303.097
0.59363; 303.01
0.6003; 302.922
0.60697; 302.831
0.61364; 302.739
0.62031; 302.645
0.62698; 302.551
0.63365; 302.456
0.64032; 302.361
0.64699; 302.266
0.65366; 302.171
0.66033; 302.077
0.667; 301.983
0.67367; 301.891
0.68034; 301.8
0.68701; 301.711
0.69368; 301.624
0.70035; 301.538
0.70702; 301.455
0.71369; 301.374
0.72036; 301.296
0.72703; 301.22
0.7337; 301.146
0.74037; 301.075
0.74704; 301.008
0.75371; 300.942
0.76038; 300.88
0.76705; 300.821
0.77372; 300.764
0.78039; 300.71
0.78706; 300.659
0.79373; 300.61
0.8004; 300.565
0.80707; 300.522
0.81374; 300.481
0.82041; 300.443
0.82708; 300.408
0.83375; 300.374
0.84042; 300.343
0.84709; 300.314
0.85376; 300.288
0.86043; 300.263
0.8671; 300.24
0.87377; 300.219
0.88044; 300.2
0.88711; 300.182
0.89378; 300.166
0.90045; 300.151
0.90712; 300.137
0.91379; 300.125
0.92046; 300.114
0.92713; 300.104
0.9338; 300.095
0.94047; 300.087
0.94714; 300.08
0.95381; 300.074
0.96048; 300.07
0.96715; 300.067
0.97382; 300.067
0.98049; 300.07
0.98716; 300.074
0.99383; 300.08
1.0005; 300.087
1.00717; 300.095
1.01384; 300.104
1.02051; 300.114
1.02718; 300.125
1.03385; 300.137
1.04052; 300.151
1.04719; 300.166
1.05386; 300.182
1.06053; 300.2
1.0672; 300.219
1.07387; 300.24
1.08054; 300.263
1.08721; 300.288
1.09388; 300.314
1.10055; 300.343
1.10722; 300.374
1.11389; 300.408
1.12056; 300.443
1.12723; 300.481
1.1339; 300.522
1.14057; 300.565
1.14724; 300.61
1.15391; 300.659
1.16058; 300.71
1.16725; 300.764
1.17392; 300.821
1.18059; 300.88
1.18726; 300.942
1.19393; 301.008
1.2006; 301.075
1.20727; 301.146
1.21394; 301.22
1.22061; 301.296
1.22728; 301.374
1.23395; 301.455
1.24062; 301.538
1.24729; 301.624
1.25396; 301.711
1.26063; 301.8
1.2673; 301.891
1.27397; 301.983
1.28064; 302.077
1.28731; 302.171
1.29398; 302.266
1.30065; 302.361
1.30732; 302.456
1.31399; 302.551
1.32066; 302.645
1.32733; 302.739
1.334; 302.831
1.34067; 302.922
1.34734; 303.01
1.35401; 303.097
1.36068; 303.181
1.36735; 303.262
1.37402; 303.34
1.38069; 303.414
1.38736; 303.484
1.39403; 303.55
1.4007; 303.612
1.40737; 303.669
1.41404; 303.721
1.42071; 303.768
1.42738; 303.81
1.43405; 303.845
1.44072; 303.876
1.44739; 303.9
1.45406; 303.918
1.46073; 303.93
1.4674; 303.937
1.47407; 0
1.48074; 0
1.48741; 0
1.49408; 0
1.50075; 0
1.50742; 0
1.51409; 0
1.52076; 0
1.52743; 0
1.5341; 0
1.54077; 0
1.54744; 0
1.55411; 0
1.56078; 0
1.56745; 0
1.57412; 0
1.58079; 0
1.58746; 0
1.59413; 0
1.6008; 0
1.60747; 0
1.61414; 0
1.62081; 0
1.62748; 0
1.63415; 0
1.64082; 0
1.64749; 0
1.65416; 0
1.66083; 0
1.6675; 0
1.67417; 0
1.68084; 0
1.68751; 0
1.69418; 0
1.70085; 0
1.70752; 0
1.71419; 0
1.72086; 0
1.72753; 0
1.7342; 0
1.74087; 0
1.74754; 0
1.75421; 0
1.76088; 0
1.76755; 0
1.77422; 0
1.78089; 0
1.78756; 0
1.79423; 0
1.8009; 0
1.80757; 0
1.81424; 0
1.82091; 0
1.82758; 0
1.83425; 0
1.84092; 0
1.84759; 0
1.85426; 0
1.86093; 0
1.8676; 0
1.87427; 0
1.88094; 0
1.88761; 0
1.89428; 0
1.90095; 0
1.90762; 0
1.91429; 0
1.92096; 0
1.92763; 0
1.9343; 0
1.94097; 0
1.94764; 0
1.95431; 0
1.96098; 0
1.96765; 0
1.97432; 0
1.98099; 0
1.98766; 0
1.99433; 0
2.001; 0
