0.00667; 0
0.01334; 0
0.02001; 0
0.02668; 0
0.03335; 0
0.04002; 0
0.04669; 0
0.05336; 0
0.06003; 0
0.0667; 0
0.07337; 0
0.08004; 0
0.08671; 0
0.09338; 0
0.10005; 0
0.10672; 0
0.11339; 0
0.12006; 0
0.12673; 0
0.1334; 0
0.14007; 0
0.14674; 0
0.15341; 0
0.16008; 0
0.16675; 0
0.17342; 0
0.18009; 0
0.18676; 0
0.19343; 0
0.2001; 0
0.20677; 0
0.21344; 0
0.22011; 0
0.22678; 0
0.23345; 0
0.24012; 0
0.24679; 0
0.25346; 0
0.26013; 0
0.2668; 0
0.27347; 0
0.28014; 0
0.28681; 0
0.29348; 0
0.30015; 0
0.30682; 0
0.31349; 0
0.32016; 0
0.32683; 0
0.3335; 0
0.34017; 0
0.34684; 0
0.35351; 0
0.36018; 0
0.36685; 0
0.37352; 0
0.38019; 0
0.38686; 0
0.39353; 0
0.4002; 0
0.40687; 0
0.41354; 0
0.42021; 0
0.42688; 0
0.43355; 0
0.44022; 0
0.44689; 0
0.45356; 0
0.46023; 0
0.4669; 0
0.47357; 579.371
0.48024; 579.304
0.48691; 579.17
0.49358; 578.969
0.50025; 578.702
0.50692; 578.368
0.51359; 577.969
0.52026; 577.504
0.52693; 576.975
0.5336; 576.381
0.54027; 575.723
0.54694; 575.003
0.55361; 574.221
0.56028; 573.377
0.56695; 572.473
0.57362; 571.509
0.58029; 570.487
0.58696; 569.408
0.59363; 568.272
0.6003; 567.081
0.60697; 565.835
0.61364; 564.537
0.62031; 563.186
0.62698; 561.784
0.63365; 560.332
0.64032; 558.83
0.64699; 557.281
0.65366; 555.685
0.66033; 554.043
0.667; 552.355
0.67367; 550.623
0.68034; 548.847
0.68701; 547.028
0.69368; 545.166
0.70035; 543.263
0.70702; 541.317
0.71369; 539.329
0.72036; 537.3
0.72703; 535.229
0.7337; 533.116
0.74037; 530.96
0.74704; 528.761
0.75371; 526.517
0.76038; 524.227
0.76705; 521.891
0.77372; 519.504
0.78039; 517.067
0.78706; 514.575
0.79373; 512.026
0.8004; 509.416
0.80707; 506.741
0.81374; 503.995
0.82041; 501.174
0.82708; 498.271
0.83375; 495.279
0.84042; 492.189
0.84709; 488.991
0.85376; 485.674
0.86043; 482.227
0.8671; 478.634
0.87377; 474.879
0.88044; 470.944
0.88711; 466.808
0.89378; 462.448
0.90045; 457.839
0.90712; 452.955
0.91379; 447.772
0.92046; 442.271
0.92713; 436.452
0.9338; 430.345
0.94047; 424.045
0.94714; 417.762
0.95381; 411.896
0.96048; 407.108
0.96715; 404.302
0.97382; 404.302
0.98049; 407.108
0.98716; 411.896
0.99383; 417.762
1.0005; 424.045
1.00717; 430.345
1.01384; 436.452
1.02051; 442.271
1.02718; 447.772
1.03385; 452.955
1.04052; 457.839
1.04719; 462.448
1.05386; 466.808
1.06053; 470.944
1.0672; 474.879
1.07387; 478.634
1.08054; 482.227
1.08721; 485.674
1.09388; 488.991
1.10055; 492.189
1.10722; 495.279
1.11389; 498.271
1.12056; 501.174
1.12723; 503.995
1.1339; 506.741
1.14057; 509.416
1.14724; 512.026
1.15391; 514.575
1.16058; 517.067
1.16725; 519.504
1.17392; 521.891
1.18059; 524.227
1.18726; 526.517
1.19393; 528.761
1.2006; 530.96
1.20727; 533.116
1.21394; 535.229
1.22061; 537.3
1.22728; 539.329
1.23395; 541.317
1.24062; 543.263
1.24729; 545.166
1.25396; 547.028
1.26063; 548.847
1.2673; 550.623
1.27397; 552.355
1.28064; 554.043
1.28731; 555.685
1.29398; 557.281
1.30065; 558.83
1.30732; 560.332
1.31399; 561.784
1.32066; 563.186
1.32733; 564.537
1.334; 565.835
1.34067; 567.081
1.34734; 568.272
1.35401; 569.408
1.36068; 570.487
1.36735; 571.509
1.37402; 572.473
1.38069; 573.377
1.38736; 574.221
1.39403; 575.003
1.4007; 575.723
1.40737; 576.381
1.41404; 576.975
1.42071; 577.504
1.42738; 577.969
1.43405; 578.368
1.44072; 578.702
1.44739; 578.969
1.45406; 579.17
1.46073; 579.304
1.4674; 579.371
1.47407; 0
1.48074; 0
1.48741; 0
1.49408; 0
1.50075; 0
1.50742; 0
1.51409; 0
1.52076; 0
1.52743; 0
1.5341; 0
1.54077; 0
1.54744; 0
1.55411; 0
1.56078; 0
1.56745; 0
1.57412; 0
1.58079; 0
1.58746; 0
1.59413; 0
1.6008; 0
1.60747; 0
1.61414; 0
1.62081; 0
1.62748; 0
1.63415; 0
1.64082; 0
1.64749; 0
1.65416; 0
1.66083; 0
1.6675; 0
1.67417; 0
1.68084; 0
1.68751; 0
1.69418; 0
1.70085; 0
1.70752; 0
1.71419; 0
1.72086; 0
1.72753; 0
1.7342; 0
1.74087; 0
1.74754; 0
1.75421; 0
1.76088; 0
1.76755; 0
1.77422; 0
1.78089; 0
1.78756; 0
1.79423; 0
1.8009; 0
1.80757; 0
1.81424; 0
1.82091; 0
1.82758; 0
1.83425; 0
1.84092; 0
1.84759; 0
1.85426; 0
1.86093; 0
1.8676; 0
1.87427; 0
1.88094; 0
1.88761; 0
1.89428; 0
1.90095; 0
1.90762; 0
1.91429; 0
1.92096; 0
1.92763; 0
1.9343; 0
1.94097; 0
1.94764; 0
1.95431; 0
1.96098; 0
1.96765; 0
1.97432; 0
1.98099; 0
1.98766; 0
1.99433; 0
2.001; 0
