0.00026; 421.712
0.00052; 421.717
0.00078; 421.71
0.00104; 421.692
0.0013; 421.696
0.00156; 421.676
0.00182; 421.666
0.00208; 421.677
0.00234; 421.666
0.0026; 421.647
0.00286; 421.656
0.00312; 421.639
0.00338; 421.645
0.00364; 421.64
0.0039; 421.624
0.00416; 421.629
0.00442; 421.611
0.00468; 421.601
0.00494; 421.613
0.0052; 421.603
0.00546; 421.585
0.00572; 421.594
0.00598; 421.578
0.00624; 421.584
0.0065; 421.58
0.00676; 421.564
0.00702; 421.57
0.00728; 421.552
0.00754; 421.543
0.0078; 421.556
0.00806; 421.546
0.00832; 421.528
0.00858; 421.538
0.00884; 421.522
0.0091; 421.529
0.00936; 421.525
0.00962; 421.51
0.00988; 421.517
0.01014; 421.499
0.0104; 421.491
0.01066; 421.504
0.01092; 421.495
0.01118; 421.477
0.01144; 421.488
0.0117; 421.473
0.01196; 421.479
0.01222; 421.477
0.01248; 421.462
0.01274; 421.469
0.013; 421.452
0.01326; 421.444
0.01352; 421.458
0.01378; 421.449
0.01404; 421.432
0.0143; 421.443
0.01456; 421.428
0.01482; 421.436
0.01508; 421.433
0.01534; 421.419
0.0156; 421.427
0.01586; 421.41
0.01612; 421.403
0.01638; 421.417
0.01664; 421.409
0.0169; 421.392
0.01716; 421.404
0.01742; 421.39
0.01768; 421.398
0.01794; 421.396
0.0182; 421.382
0.01846; 421.39
0.01872; 421.374
0.01898; 421.367
0.01924; 421.382
0.0195; 421.374
0.01976; 421.358
0.02002; 421.37
0.02028; 421.356
0.02054; 421.365
0.0208; 421.363
0.02106; 421.35
0.02132; 421.359
0.02158; 421.343
0.02184; 421.336
0.0221; 421.352
0.02236; 421.344
0.02262; 421.329
0.02288; 421.341
0.02314; 421.328
0.0234; 421.337
0.02366; 421.336
0.02392; 421.323
0.02418; 421.332
0.02444; 421.317
0.0247; 421.311
0.02496; 421.326
0.02522; 421.319
0.02548; 421.305
0.02574; 421.317
0.026; 421.305
0.02626; 421.314
0.02652; 421.313
0.02678; 421.301
0.02704; 421.311
0.0273; 421.296
0.02756; 421.29
0.02782; 421.306
0.02808; 421.3
0.02834; 421.285
0.0286; 421.298
0.02886; 421.286
0.02912; 421.296
0.02938; 421.296
0.02964; 421.284
0.0299; 421.294
0.03016; 421.279
0.03042; 421.274
0.03068; 421.29
0.03094; 421.284
0.0312; 421.271
0.03146; 421.284
0.03172; 421.272
0.03198; 421.282
0.03224; 421.283
0.0325; 421.271
0.03276; 421.281
0.03302; 421.267
0.03328; 421.262
0.03354; 421.279
0.0338; 421.274
0.03406; 421.26
0.03432; 421.274
0.03458; 421.263
0.03484; 421.273
0.0351; 421.274
0.03536; 421.263
0.03562; 421.274
0.03588; 421.26
0.03614; 421.255
0.0364; 421.273
0.03666; 421.268
0.03692; 421.255
0.03718; 421.269
0.03744; 421.258
0.0377; 421.269
0.03796; 421.27
0.03822; 421.259
0.03848; 421.27
0.03874; 421.257
0.039; 421.253
0.03926; 421.271
0.03952; 421.266
0.03978; 421.253
0.04004; 421.268
0.0403; 421.257
0.04056; 421.269
0.04082; 421.27
0.04108; 421.26
0.04134; 421.272
0.0416; 421.259
0.04186; 421.255
0.04212; 421.273
0.04238; 421.269
0.04264; 421.257
0.0429; 421.272
0.04316; 421.262
0.04342; 421.273
0.04368; 421.275
0.04394; 421.266
0.0442; 421.278
0.04446; 421.265
0.04472; 421.262
0.04498; 421.28
0.04524; 421.276
0.0455; 421.264
0.04576; 421.28
0.04602; 421.27
0.04628; 421.282
0.04654; 421.285
0.0468; 421.275
0.04706; 421.288
0.04732; 421.276
0.04758; 421.273
0.04784; 421.292
0.0481; 421.288
0.04836; 421.276
0.04862; 421.292
0.04888; 421.283
0.04914; 421.296
0.0494; 421.298
0.04966; 421.29
0.04992; 421.302
0.05018; 421.291
0.05044; 421.288
0.0507; 421.307
0.05096; 421.304
0.05122; 421.293
0.05148; 421.309
0.05174; 421.301
0.052; 421.314
0.05226; 421.317
0.05252; 421.308
0.05278; 421.321
0.05304; 421.31
0.0533; 421.308
0.05356; 421.328
0.05382; 421.325
0.05408; 421.315
0.05434; 421.332
0.0546; 421.323
0.05486; 421.337
0.05512; 421.34
0.05538; 421.332
0.05564; 421.346
0.0559; 421.335
0.05616; 421.334
0.05642; 421.354
0.05668; 421.352
0.05694; 421.342
0.0572; 421.359
0.05746; 421.351
0.05772; 421.365
0.05798; 421.369
0.05824; 421.361
0.0585; 421.375
0.05876; 421.365
0.05902; 421.364
0.05928; 421.385
0.05954; 421.383
0.0598; 421.373
0.06006; 421.391
0.06032; 421.384
0.06058; 421.398
0.06084; 421.403
0.0611; 421.395
0.06136; 421.41
0.06162; 421.4
0.06188; 421.399
0.06214; 421.421
0.0624; 421.419
0.06266; 421.41
0.06292; 421.428
0.06318; 421.421
0.06344; 421.436
0.0637; 421.441
0.06396; 421.435
0.06422; 421.45
0.06448; 421.44
0.06474; 421.44
0.065; 421.462
0.06526; 421.461
0.06552; 421.452
0.06578; 421.471
0.06604; 421.464
0.0663; 421.48
0.06656; 421.485
0.06682; 421.479
0.06708; 421.495
0.06734; 421.486
0.0676; 421.486
0.06786; 421.509
0.06812; 421.509
0.06838; 421.5
0.06864; 421.52
0.0689; 421.513
0.06916; 421.529
0.06942; 421.536
0.06968; 421.53
0.06994; 421.546
0.0702; 421.538
0.07046; 421.539
0.07072; 421.561
0.07098; 421.562
0.07124; 421.554
0.0715; 421.574
0.07176; 421.568
0.07202; 421.585
0.07228; 421.591
0.07254; 421.586
0.0728; 421.603
0.07306; 421.595
0.07332; 421.597
0.07358; 421.62
0.07384; 421.621
0.0741; 421.614
0.07436; 421.634
0.07462; 421.629
0.07488; 421.646
0.07514; 421.653
0.0754; 421.648
0.07566; 421.665
0.07592; 421.658
0.07618; 421.66
0.07644; 421.684
0.0767; 421.685
0.07696; 421.679
0.07722; 421.7
0.07748; 421.695
0.07774; 421.713
0.078; 421.722
