0.00026; 0
0.00052; 0
0.00078; 0
0.00104; 0
0.0013; 0
0.00156; 0
0.00182; 0
0.00208; 0
0.00234; 0
0.0026; 0
0.00286; 0
0.00312; 0
0.00338; 0
0.00364; 0
0.0039; 0
0.00416; 0
0.00442; 0
0.00468; 0
0.00494; 0
0.0052; 0
0.00546; 0
0.00572; 0
0.00598; 0
0.00624; 0
0.0065; 0
0.00676; 0
0.00702; 0
0.00728; 0
0.00754; 0
0.0078; 0
0.00806; 0
0.00832; 0
0.00858; 0
0.00884; 0
0.0091; 0
0.00936; 0
0.00962; 0
0.00988; 0
0.01014; 0
0.0104; 0
0.01066; 0
0.01092; 0
0.01118; 0
0.01144; 0
0.0117; 0
0.01196; 0
0.01222; 0
0.01248; 0
0.01274; 0
0.013; 0
0.01326; 0
0.01352; 0
0.01378; 0
0.01404; 0
0.0143; 0
0.01456; 0
0.01482; 0
0.01508; 0
0.01534; 0
0.0156; 0
0.01586; 0
0.01612; 0
0.01638; 0
0.01664; 0
0.0169; 0
0.01716; 0
0.01742; 0
0.01768; 0
0.01794; 0
0.0182; 0
0.01846; 0
0.01872; 0
0.01898; 0
0.01924; 0
0.0195; 0
0.01976; 0
0.02002; 0
0.02028; 0
0.02054; 0
0.0208; 0
0.02106; 0
0.02132; 0
0.02158; 0
0.02184; 0
0.0221; 0
0.02236; 0
0.02262; 0
0.02288; 575.715
0.02314; 575.532
0.0234; 575.312
0.02366; 575.107
0.02392; 574.931
0.02418; 574.761
0.02444; 574.582
0.0247; 574.412
0.02496; 574.258
0.02522; 574.114
0.02548; 573.955
0.02574; 573.812
0.026; 573.695
0.02626; 573.583
0.02652; 573.46
0.02678; 573.344
0.02704; 573.243
0.0273; 573.152
0.02756; 573.046
0.02782; 572.953
0.02808; 572.886
0.02834; 572.824
0.0286; 572.749
0.02886; 572.681
0.02912; 572.627
0.02938; 572.582
0.02964; 572.52
0.0299; 572.472
0.03016; 572.447
0.03042; 572.427
0.03068; 572.393
0.03094; 572.365
0.0312; 572.35
0.03146; 572.343
0.03172; 572.318
0.03198; 572.306
0.03224; 572.317
0.0325; 572.33
0.03276; 572.33
0.03302; 572.335
0.03328; 572.351
0.03354; 572.374
0.0338; 572.379
0.03406; 572.396
0.03432; 572.434
0.03458; 572.475
0.03484; 572.501
0.0351; 572.53
0.03536; 572.571
0.03562; 572.617
0.03588; 572.645
0.03614; 572.683
0.0364; 572.743
0.03666; 572.803
0.03692; 572.848
0.03718; 572.896
0.03744; 572.955
0.0377; 573.019
0.03796; 573.063
0.03822; 573.117
0.03848; 573.191
0.03874; 573.267
0.039; 573.326
0.03926; 573.387
0.03952; 573.459
0.03978; 573.535
0.04004; 573.591
0.0403; 573.656
0.04056; 573.742
0.04082; 573.828
0.04108; 573.897
0.04134; 573.969
0.0416; 574.05
0.04186; 574.135
0.04212; 574.201
0.04238; 574.275
0.04264; 574.37
0.0429; 574.464
0.04316; 574.541
0.04342; 574.621
0.04368; 574.711
0.04394; 574.805
0.0442; 574.878
0.04446; 574.961
0.04472; 575.064
0.04498; 575.166
0.04524; 575.253
0.0455; 575.341
0.04576; 575.439
0.04602; 575.542
0.04628; 575.625
0.04654; 575.717
0.0468; 575.83
0.04706; 575.943
0.04732; 576.04
0.04758; 576.139
0.04784; 576.249
0.0481; 576.364
0.04836; 576.459
0.04862; 576.564
0.04888; 576.69
0.04914; 576.817
0.0494; 576.928
0.04966; 577.043
0.04992; 577.168
0.05018; 577.299
0.05044; 577.411
0.0507; 577.534
0.05096; 577.678
0.05122; 577.824
0.05148; 577.955
0.05174; 578.09
0.052; 578.237
0.05226; 578.39
0.05252; 578.525
0.05278; 578.671
0.05304; 578.84
0.0533; 579.01
0.05356; 579.167
0.05382; 579.33
0.05408; 579.504
0.05434; 579.685
0.0546; 579.849
0.05486; 580.026
0.05512; 580.225
0.05538; 580.427
0.05564; 580.616
0.0559; 580.812
0.05616; 581.019
0.05642; 581.236
0.05668; 581.436
0.05694; 581.651
0.0572; 581.889
0.05746; 582.132
0.05772; 582.366
0.05798; 582.605
0.05824; 582.83
0.0585; 0
0.05876; 0
0.05902; 0
0.05928; 0
0.05954; 0
0.0598; 0
0.06006; 0
0.06032; 0
0.06058; 0
0.06084; 0
0.0611; 0
0.06136; 0
0.06162; 0
0.06188; 0
0.06214; 0
0.0624; 0
0.06266; 0
0.06292; 0
0.06318; 0
0.06344; 0
0.0637; 0
0.06396; 0
0.06422; 0
0.06448; 0
0.06474; 0
0.065; 0
0.06526; 0
0.06552; 0
0.06578; 0
0.06604; 0
0.0663; 0
0.06656; 0
0.06682; 0
0.06708; 0
0.06734; 0
0.0676; 0
0.06786; 0
0.06812; 0
0.06838; 0
0.06864; 0
0.0689; 0
0.06916; 0
0.06942; 0
0.06968; 0
0.06994; 0
0.0702; 0
0.07046; 0
0.07072; 0
0.07098; 0
0.07124; 0
0.0715; 0
0.07176; 0
0.07202; 0
0.07228; 0
0.07254; 0
0.0728; 0
0.07306; 0
0.07332; 0
0.07358; 0
0.07384; 0
0.0741; 0
0.07436; 0
0.07462; 0
0.07488; 0
0.07514; 0
0.0754; 0
0.07566; 0
0.07592; 0
0.07618; 0
0.07644; 0
0.0767; 0
0.07696; 0
0.07722; 0
0.07748; 0
0.07774; 0
0.078; 0
