0.00667; 0
0.01334; 0
0.02001; 0
0.02668; 0
0.03335; 0
0.04002; 0
0.04669; 0
0.05336; 0
0.06003; 0
0.0667; 0
0.07337; 0
0.08004; 0
0.08671; 0
0.09338; 0
0.10005; 0
0.10672; 0
0.11339; 0
0.12006; 0
0.12673; 0
0.1334; 0
0.14007; 0
0.14674; 0
0.15341; 0
0.16008; 0
0.16675; 0
0.17342; 0
0.18009; 0
0.18676; 0
0.19343; 0
0.2001; 0
0.20677; 0
0.21344; 0
0.22011; 0
0.22678; 0
0.23345; 0
0.24012; 0
0.24679; 0
0.25346; 0
0.26013; 0
0.2668; 0
0.27347; 0
0.28014; 0
0.28681; 0
0.29348; 0
0.30015; 0
0.30682; 0
0.31349; 0
0.32016; 0
0.32683; 0
0.3335; 0
0.34017; 0
0.34684; 0
0.35351; 0
0.36018; 0
0.36685; 0
0.37352; 0
0.38019; 0
0.38686; 0
0.39353; 0
0.4002; 0
0.40687; 0
0.41354; 0
0.42021; 0
0.42688; 0
0.43355; 0
0.44022; 0
0.44689; 0
0.45356; 0
0.46023; 0
0.4669; 0
0.47357; 684.863
0.48024; 684.795
0.48691; 684.659
0.49358; 684.455
0.50025; 684.183
0.50692; 683.844
0.51359; 683.438
0.52026; 682.964
0.52693; 682.423
0.5336; 681.816
0.54027; 681.142
0.54694; 680.403
0.55361; 679.598
0.56028; 678.728
0.56695; 677.793
0.57362; 676.794
0.58029; 675.73
0.58696; 674.604
0.59363; 673.415
0.6003; 672.162
0.60697; 670.848
0.61364; 669.472
0.62031; 668.034
0.62698; 666.536
0.63365; 664.976
0.64032; 663.355
0.64699; 661.674
0.65366; 659.933
0.66033; 658.131
0.667; 656.268
0.67367; 654.345
0.68034; 652.361
0.68701; 650.315
0.69368; 648.207
0.70035; 646.037
0.70702; 643.803
0.71369; 641.504
0.72036; 639.139
0.72703; 636.707
0.7337; 634.206
0.74037; 631.634
0.74704; 628.988
0.75371; 626.266
0.76038; 623.465
0.76705; 620.581
0.77372; 617.611
0.78039; 614.551
0.78706; 611.395
0.79373; 608.137
0.8004; 604.772
0.80707; 601.293
0.81374; 597.691
0.82041; 593.957
0.82708; 590.082
0.83375; 586.054
0.84042; 581.859
0.84709; 577.483
0.85376; 572.91
0.86043; 568.12
0.8671; 563.091
0.87377; 557.8
0.88044; 552.218
0.88711; 546.315
0.89378; 540.057
0.90045; 533.406
0.90712; 526.326
0.91379; 518.78
0.92046; 510.742
0.92713; 502.21
0.9338; 493.231
0.94047; 483.947
0.94714; 474.672
0.95381; 466
0.96048; 458.916
0.96715; 454.762
0.97382; 454.762
0.98049; 458.916
0.98716; 466
0.99383; 474.672
1.0005; 483.947
1.00717; 493.231
1.01384; 502.21
1.02051; 510.742
1.02718; 518.78
1.03385; 526.326
1.04052; 533.406
1.04719; 540.057
1.05386; 546.315
1.06053; 552.218
1.0672; 557.8
1.07387; 563.091
1.08054; 568.12
1.08721; 572.91
1.09388; 577.483
1.10055; 581.859
1.10722; 586.054
1.11389; 590.082
1.12056; 593.957
1.12723; 597.691
1.1339; 601.293
1.14057; 604.772
1.14724; 608.137
1.15391; 611.395
1.16058; 614.551
1.16725; 617.611
1.17392; 620.581
1.18059; 623.465
1.18726; 626.266
1.19393; 628.988
1.2006; 631.634
1.20727; 634.206
1.21394; 636.707
1.22061; 639.139
1.22728; 641.504
1.23395; 643.803
1.24062; 646.037
1.24729; 648.207
1.25396; 650.315
1.26063; 652.361
1.2673; 654.345
1.27397; 656.268
1.28064; 658.131
1.28731; 659.933
1.29398; 661.674
1.30065; 663.355
1.30732; 664.976
1.31399; 666.536
1.32066; 668.034
1.32733; 669.472
1.334; 670.848
1.34067; 672.162
1.34734; 673.415
1.35401; 674.604
1.36068; 675.73
1.36735; 676.794
1.37402; 677.793
1.38069; 678.728
1.38736; 679.598
1.39403; 680.403
1.4007; 681.142
1.40737; 681.816
1.41404; 682.423
1.42071; 682.964
1.42738; 683.438
1.43405; 683.844
1.44072; 684.183
1.44739; 684.455
1.45406; 684.659
1.46073; 684.795
1.4674; 684.863
1.47407; 0
1.48074; 0
1.48741; 0
1.49408; 0
1.50075; 0
1.50742; 0
1.51409; 0
1.52076; 0
1.52743; 0
1.5341; 0
1.54077; 0
1.54744; 0
1.55411; 0
1.56078; 0
1.56745; 0
1.57412; 0
1.58079; 0
1.58746; 0
1.59413; 0
1.6008; 0
1.60747; 0
1.61414; 0
1.62081; 0
1.62748; 0
1.63415; 0
1.64082; 0
1.64749; 0
1.65416; 0
1.66083; 0
1.6675; 0
1.67417; 0
1.68084; 0
1.68751; 0
1.69418; 0
1.70085; 0
1.70752; 0
1.71419; 0
1.72086; 0
1.72753; 0
1.7342; 0
1.74087; 0
1.74754; 0
1.75421; 0
1.76088; 0
1.76755; 0
1.77422; 0
1.78089; 0
1.78756; 0
1.79423; 0
1.8009; 0
1.80757; 0
1.81424; 0
1.82091; 0
1.82758; 0
1.83425; 0
1.84092; 0
1.84759; 0
1.85426; 0
1.86093; 0
1.8676; 0
1.87427; 0
1.88094; 0
1.88761; 0
1.89428; 0
1.90095; 0
1.90762; 0
1.91429; 0
1.92096; 0
1.92763; 0
1.9343; 0
1.94097; 0
1.94764; 0
1.95431; 0
1.96098; 0
1.96765; 0
1.97432; 0
1.98099; 0
1.98766; 0
1.99433; 0
2.001; 0
