0.0026; 745.432
0.0052; 745.44
0.0078; 745.447
0.0104; 745.462
0.013; 745.483
0.0156; 745.512
0.0182; 745.546
0.0208; 745.587
0.0234; 745.633
0.026; 745.684
0.0286; 745.74
0.0312; 745.8
0.0338; 745.863
0.0364; 745.93
0.039; 746
0.0416; 746.073
0.0442; 746.148
0.0468; 746.224
0.0494; 746.302
0.052; 746.381
0.0546; 746.46
0.0572; 746.541
0.0598; 746.621
0.0624; 746.702
0.065; 746.782
0.0676; 746.862
0.0702; 746.941
0.0728; 747.02
0.0754; 747.096
0.078; 747.17
0.0806; 747.241
0.0832; 747.308
0.0858; 747.37
0.0884; 747.428
0.091; 747.48
0.0936; 747.526
0.0962; 747.564
0.0988; 747.592
0.1014; 747.61
0.104; 747.621
0.1066; 747.624
0.1092; 747.62
0.1118; 747.61
0.1144; 747.595
0.117; 747.575
0.1196; 747.55
0.1222; 747.519
0.1248; 747.484
0.1274; 747.443
0.13; 747.397
0.1326; 747.345
0.1352; 747.287
0.1378; 747.221
0.1404; 747.147
0.143; 747.064
0.1456; 746.97
0.1482; 746.864
0.1508; 746.743
0.1534; 746.605
0.156; 746.449
0.1586; 746.275
0.1612; 746.084
0.1638; 745.879
0.1664; 745.659
0.169; 745.423
0.1716; 745.171
0.1742; 744.903
0.1768; 744.619
0.1794; 744.32
0.182; 744.006
0.1846; 743.677
0.1872; 743.332
0.1898; 742.973
0.1924; 742.597
0.195; 742.207
0.1976; 741.801
0.2002; 741.38
0.2028; 740.945
0.2054; 740.495
0.208; 740.032
0.2106; 739.555
0.2132; 739.066
0.2158; 738.564
0.2184; 738.051
0.221; 737.527
0.2236; 736.994
0.2262; 736.451
0.2288; 735.899
0.2314; 735.339
0.234; 734.77
0.2366; 734.192
0.2392; 733.605
0.2418; 733.009
0.2444; 732.402
0.247; 731.785
0.2496; 731.158
0.2522; 730.52
0.2548; 729.87
0.2574; 729.209
0.26; 728.536
0.2626; 727.852
0.2652; 727.155
0.2678; 726.446
0.2704; 725.725
0.273; 724.991
0.2756; 724.243
0.2782; 723.483
0.2808; 722.71
0.2834; 721.923
0.286; 721.122
0.2886; 720.307
0.2912; 719.479
0.2938; 718.636
0.2964; 717.779
0.299; 716.907
0.3016; 716.021
0.3042; 715.12
0.3068; 714.204
0.3094; 713.272
0.312; 712.322
0.3146; 711.415
0.3172; 710.528
0.3198; 709.659
0.3224; 708.793
0.325; 707.922
0.3276; 707.038
0.3302; 706.114
0.3328; 705.175
0.3354; 704.226
0.338; 703.271
0.3406; 702.315
0.3432; 701.367
0.3458; 700.382
0.3484; 699.331
0.351; 698.287
0.3536; 697.243
0.3562; 696.192
0.3588; 695.132
0.3614; 694.064
0.364; 692.984
0.3666; 691.9
0.3692; 690.816
0.3718; 689.733
0.3744; 688.65
0.377; 687.567
0.3796; 686.482
0.3822; 685.396
0.3848; 684.308
0.3874; 683.216
0.39; 682.12
0.3926; 681.02
0.3952; 679.913
0.3978; 678.8
0.4004; 677.678
0.403; 676.548
0.4056; 675.407
0.4082; 674.255
0.4108; 673.09
0.4134; 671.912
0.416; 670.717
0.4186; 669.506
0.4212; 668.277
0.4238; 667.028
0.4264; 665.757
0.429; 664.464
0.4316; 663.145
0.4342; 661.799
0.4368; 660.425
0.4394; 659.021
0.442; 657.585
0.4446; 656.116
0.4472; 654.611
0.4498; 653.069
0.4524; 651.487
0.455; 649.865
0.4576; 648.197
0.4602; 646.481
0.4628; 644.711
0.4654; 642.885
0.468; 640.999
0.4706; 639.05
0.4732; 637.034
0.4758; 634.95
0.4784; 632.794
0.481; 630.566
0.4836; 628.267
0.4862; 625.898
0.4888; 623.463
0.4914; 620.97
0.494; 618.415
0.4966; 615.789
0.4992; 613.087
0.5018; 610.308
0.5044; 607.45
0.507; 604.512
0.5096; 601.494
0.5122; 598.392
0.5148; 595.206
0.5174; 591.934
0.52; 588.612
0.5226; 585.198
0.5252; 581.794
0.5278; 578.469
0.5304; 575.115
0.533; 571.735
0.5356; 568.358
0.5382; 564.989
0.5408; 561.626
0.5434; 558.268
0.546; 554.916
0.5486; 551.572
0.5512; 548.236
0.5538; 544.909
0.5564; 541.595
0.559; 538.293
0.5616; 535.005
0.5642; 531.733
0.5668; 528.479
0.5694; 525.244
0.572; 522.031
0.5746; 518.841
0.5772; 515.675
0.5798; 512.537
0.5824; 509.429
0.585; 506.351
0.5876; 503.306
0.5902; 500.296
0.5928; 497.322
0.5954; 494.387
0.598; 491.493
0.6006; 488.64
0.6032; 485.831
0.6058; 483.066
0.6084; 480.348
0.611; 477.678
0.6136; 475.056
0.6162; 472.484
0.6188; 469.963
0.6214; 467.494
0.624; 465.076
0.6266; 462.712
0.6292; 460.401
0.6318; 458.144
0.6344; 455.941
0.637; 453.792
0.6396; 451.698
0.6422; 449.658
0.6448; 447.672
0.6474; 445.74
0.65; 443.863
0.6526; 442.039
0.6552; 440.268
0.6578; 438.55
0.6604; 436.885
0.663; 435.273
0.6656; 433.712
0.6682; 432.202
0.6708; 430.742
0.6734; 429.333
0.676; 427.972
0.6786; 426.661
0.6812; 425.397
0.6838; 424.18
0.6864; 423.009
0.689; 421.884
0.6916; 420.803
0.6942; 419.766
0.6968; 418.772
0.6994; 417.82
0.702; 416.91
0.7046; 416.039
0.7072; 415.208
0.7098; 414.415
0.7124; 413.66
0.715; 412.942
0.7176; 412.259
0.7202; 411.612
0.7228; 410.998
0.7254; 410.418
0.728; 409.871
0.7306; 409.355
0.7332; 408.87
0.7358; 408.415
0.7384; 407.99
0.741; 407.593
0.7436; 407.224
0.7462; 406.883
0.7488; 406.569
0.7514; 406.282
0.754; 406.02
0.7566; 405.783
0.7592; 405.572
0.7618; 405.384
0.7644; 405.222
0.767; 405.083
0.7696; 404.967
0.7722; 404.875
0.7748; 404.806
0.7774; 404.76
0.78; 404.737
