0.00667; 0
0.01334; 0
0.02001; 0
0.02668; 0
0.03335; 0
0.04002; 0
0.04669; 0
0.05336; 0
0.06003; 0
0.0667; 0
0.07337; 0
0.08004; 0
0.08671; 0
0.09338; 0
0.10005; 0
0.10672; 0
0.11339; 0
0.12006; 0
0.12673; 0
0.1334; 0
0.14007; 0
0.14674; 0
0.15341; 0
0.16008; 0
0.16675; 0
0.17342; 0
0.18009; 0
0.18676; 0
0.19343; 0
0.2001; 0
0.20677; 0
0.21344; 0
0.22011; 0
0.22678; 0
0.23345; 0
0.24012; 0
0.24679; 0
0.25346; 0
0.26013; 0
0.2668; 0
0.27347; 0
0.28014; 0
0.28681; 0
0.29348; 0
0.30015; 0
0.30682; 0
0.31349; 0
0.32016; 0
0.32683; 0
0.3335; 0
0.34017; 0
0.34684; 0
0.35351; 0
0.36018; 0
0.36685; 0
0.37352; 0
0.38019; 0
0.38686; 0
0.39353; 0
0.4002; 0
0.40687; 0
0.41354; 0
0.42021; 0
0.42688; 0
0.43355; 0
0.44022; 0
0.44689; 0
0.45356; 0
0.46023; 0
0.4669; 0
0.47357; 614.972
0.48024; 614.905
0.48691; 614.77
0.49358; 614.569
0.50025; 614.3
0.50692; 613.964
0.51359; 613.562
0.52026; 613.095
0.52693; 612.561
0.5336; 611.963
0.54027; 611.3
0.54694; 610.573
0.55361; 609.783
0.56028; 608.93
0.56695; 608.015
0.57362; 607.04
0.58029; 606.004
0.58696; 604.908
0.59363; 603.754
0.6003; 602.542
0.60697; 601.273
0.61364; 599.948
0.62031; 598.568
0.62698; 597.133
0.63365; 595.644
0.64032; 594.103
0.64699; 592.509
0.65366; 590.863
0.66033; 589.167
0.667; 587.42
0.67367; 585.623
0.68034; 583.777
0.68701; 581.881
0.69368; 579.936
0.70035; 577.942
0.70702; 575.899
0.71369; 573.806
0.72036; 571.664
0.72703; 569.471
0.7337; 567.227
0.74037; 564.93
0.74704; 562.58
0.75371; 560.174
0.76038; 557.712
0.76705; 555.191
0.77372; 552.607
0.78039; 549.959
0.78706; 547.243
0.79373; 544.455
0.8004; 541.59
0.80707; 538.643
0.81374; 535.609
0.82041; 532.48
0.82708; 529.249
0.83375; 525.906
0.84042; 522.443
0.84709; 518.848
0.85376; 515.107
0.86043; 511.207
0.8671; 507.129
0.87377; 502.856
0.88044; 498.366
0.88711; 493.633
0.89378; 488.633
0.90045; 483.335
0.90712; 477.71
0.91379; 471.729
0.92046; 465.373
0.92713; 458.638
0.9338; 451.562
0.94047; 444.255
0.94714; 436.963
0.95381; 430.15
0.96048; 424.587
0.96715; 421.327
0.97382; 421.327
0.98049; 424.587
0.98716; 430.15
0.99383; 436.963
1.0005; 444.255
1.00717; 451.562
1.01384; 458.638
1.02051; 465.373
1.02718; 471.729
1.03385; 477.71
1.04052; 483.335
1.04719; 488.633
1.05386; 493.633
1.06053; 498.366
1.0672; 502.856
1.07387; 507.129
1.08054; 511.207
1.08721; 515.107
1.09388; 518.848
1.10055; 522.443
1.10722; 525.906
1.11389; 529.249
1.12056; 532.48
1.12723; 535.609
1.1339; 538.643
1.14057; 541.59
1.14724; 544.455
1.15391; 547.243
1.16058; 549.959
1.16725; 552.607
1.17392; 555.191
1.18059; 557.712
1.18726; 560.174
1.19393; 562.58
1.2006; 564.93
1.20727; 567.227
1.21394; 569.471
1.22061; 571.664
1.22728; 573.806
1.23395; 575.899
1.24062; 577.942
1.24729; 579.936
1.25396; 581.881
1.26063; 583.777
1.2673; 585.623
1.27397; 587.42
1.28064; 589.167
1.28731; 590.863
1.29398; 592.509
1.30065; 594.103
1.30732; 595.644
1.31399; 597.133
1.32066; 598.568
1.32733; 599.948
1.334; 601.273
1.34067; 602.542
1.34734; 603.754
1.35401; 604.908
1.36068; 606.004
1.36735; 607.04
1.37402; 608.015
1.38069; 608.93
1.38736; 609.783
1.39403; 610.573
1.4007; 611.3
1.40737; 611.963
1.41404; 612.561
1.42071; 613.095
1.42738; 613.562
1.43405; 613.964
1.44072; 614.3
1.44739; 614.569
1.45406; 614.77
1.46073; 614.905
1.4674; 614.972
1.47407; 0
1.48074; 0
1.48741; 0
1.49408; 0
1.50075; 0
1.50742; 0
1.51409; 0
1.52076; 0
1.52743; 0
1.5341; 0
1.54077; 0
1.54744; 0
1.55411; 0
1.56078; 0
1.56745; 0
1.57412; 0
1.58079; 0
1.58746; 0
1.59413; 0
1.6008; 0
1.60747; 0
1.61414; 0
1.62081; 0
1.62748; 0
1.63415; 0
1.64082; 0
1.64749; 0
1.65416; 0
1.66083; 0
1.6675; 0
1.67417; 0
1.68084; 0
1.68751; 0
1.69418; 0
1.70085; 0
1.70752; 0
1.71419; 0
1.72086; 0
1.72753; 0
1.7342; 0
1.74087; 0
1.74754; 0
1.75421; 0
1.76088; 0
1.76755; 0
1.77422; 0
1.78089; 0
1.78756; 0
1.79423; 0
1.8009; 0
1.80757; 0
1.81424; 0
1.82091; 0
1.82758; 0
1.83425; 0
1.84092; 0
1.84759; 0
1.85426; 0
1.86093; 0
1.8676; 0
1.87427; 0
1.88094; 0
1.88761; 0
1.89428; 0
1.90095; 0
1.90762; 0
1.91429; 0
1.92096; 0
1.92763; 0
1.9343; 0
1.94097; 0
1.94764; 0
1.95431; 0
1.96098; 0
1.96765; 0
1.97432; 0
1.98099; 0
1.98766; 0
1.99433; 0
2.001; 0
