0.00667; 0
0.01334; 0
0.02001; 0
0.02668; 0
0.03335; 0
0.04002; 0
0.04669; 0
0.05336; 0
0.06003; 0
0.0667; 0
0.07337; 0
0.08004; 0
0.08671; 0
0.09338; 0
0.10005; 0
0.10672; 0
0.11339; 0
0.12006; 0
0.12673; 0
0.1334; 0
0.14007; 0
0.14674; 0
0.15341; 0
0.16008; 0
0.16675; 0
0.17342; 0
0.18009; 0
0.18676; 0
0.19343; 0
0.2001; 0
0.20677; 0
0.21344; 0
0.22011; 0
0.22678; 0
0.23345; 0
0.24012; 0
0.24679; 0
0.25346; 0
0.26013; 0
0.2668; 0
0.27347; 0
0.28014; 0
0.28681; 0
0.29348; 0
0.30015; 0
0.30682; 0
0.31349; 0
0.32016; 0
0.32683; 0
0.3335; 0
0.34017; 0
0.34684; 0
0.35351; 0
0.36018; 0
0.36685; 0
0.37352; 0
0.38019; 0
0.38686; 0
0.39353; 0
0.4002; 0
0.40687; 0
0.41354; 0
0.42021; 0
0.42688; 0
0.43355; 0
0.44022; 0
0.44689; 0
0.45356; 0
0.46023; 0
0.4669; 0
0.47357; 311.812
0.48024; 311.798
0.48691; 311.768
0.49358; 311.724
0.50025; 311.665
0.50692; 311.592
0.51359; 311.505
0.52026; 311.404
0.52693; 311.29
0.5336; 311.163
0.54027; 311.023
0.54694; 310.872
0.55361; 310.709
0.56028; 310.536
0.56695; 310.352
0.57362; 310.158
0.58029; 309.956
0.58696; 309.746
0.59363; 309.528
0.6003; 309.303
0.60697; 309.072
0.61364; 308.836
0.62031; 308.595
0.62698; 308.351
0.63365; 308.103
0.64032; 307.853
0.64699; 307.601
0.65366; 307.348
0.66033; 307.095
0.667; 306.842
0.67367; 306.59
0.68034; 306.339
0.68701; 306.091
0.69368; 305.845
0.70035; 305.602
0.70702; 305.363
0.71369; 305.128
0.72036; 304.897
0.72703; 304.671
0.7337; 304.451
0.74037; 304.236
0.74704; 304.026
0.75371; 303.823
0.76038; 303.625
0.76705; 303.434
0.77372; 303.25
0.78039; 303.072
0.78706; 302.901
0.79373; 302.736
0.8004; 302.578
0.80707; 302.427
0.81374; 302.283
0.82041; 302.145
0.82708; 302.014
0.83375; 301.89
0.84042; 301.771
0.84709; 301.66
0.85376; 301.554
0.86043; 301.454
0.8671; 301.36
0.87377; 301.272
0.88044; 301.188
0.88711; 301.11
0.89378; 301.037
0.90045; 300.968
0.90712; 300.904
0.91379; 300.844
0.92046; 300.787
0.92713; 300.733
0.9338; 300.683
0.94047; 300.637
0.94714; 300.594
0.95381; 300.557
0.96048; 300.529
0.96715; 300.513
0.97382; 300.513
0.98049; 300.529
0.98716; 300.557
0.99383; 300.594
1.0005; 300.637
1.00717; 300.683
1.01384; 300.733
1.02051; 300.787
1.02718; 300.844
1.03385; 300.904
1.04052; 300.968
1.04719; 301.037
1.05386; 301.11
1.06053; 301.188
1.0672; 301.272
1.07387; 301.36
1.08054; 301.454
1.08721; 301.554
1.09388; 301.66
1.10055; 301.771
1.10722; 301.89
1.11389; 302.014
1.12056; 302.145
1.12723; 302.283
1.1339; 302.427
1.14057; 302.578
1.14724; 302.736
1.15391; 302.901
1.16058; 303.072
1.16725; 303.25
1.17392; 303.434
1.18059; 303.625
1.18726; 303.823
1.19393; 304.026
1.2006; 304.236
1.20727; 304.451
1.21394; 304.671
1.22061; 304.897
1.22728; 305.128
1.23395; 305.363
1.24062; 305.602
1.24729; 305.845
1.25396; 306.091
1.26063; 306.339
1.2673; 306.59
1.27397; 306.842
1.28064; 307.095
1.28731; 307.348
1.29398; 307.601
1.30065; 307.853
1.30732; 308.103
1.31399; 308.351
1.32066; 308.595
1.32733; 308.836
1.334; 309.072
1.34067; 309.303
1.34734; 309.528
1.35401; 309.746
1.36068; 309.956
1.36735; 310.158
1.37402; 310.352
1.38069; 310.536
1.38736; 310.709
1.39403; 310.872
1.4007; 311.023
1.40737; 311.163
1.41404; 311.29
1.42071; 311.404
1.42738; 311.505
1.43405; 311.592
1.44072; 311.665
1.44739; 311.724
1.45406; 311.768
1.46073; 311.798
1.4674; 311.812
1.47407; 0
1.48074; 0
1.48741; 0
1.49408; 0
1.50075; 0
1.50742; 0
1.51409; 0
1.52076; 0
1.52743; 0
1.5341; 0
1.54077; 0
1.54744; 0
1.55411; 0
1.56078; 0
1.56745; 0
1.57412; 0
1.58079; 0
1.58746; 0
1.59413; 0
1.6008; 0
1.60747; 0
1.61414; 0
1.62081; 0
1.62748; 0
1.63415; 0
1.64082; 0
1.64749; 0
1.65416; 0
1.66083; 0
1.6675; 0
1.67417; 0
1.68084; 0
1.68751; 0
1.69418; 0
1.70085; 0
1.70752; 0
1.71419; 0
1.72086; 0
1.72753; 0
1.7342; 0
1.74087; 0
1.74754; 0
1.75421; 0
1.76088; 0
1.76755; 0
1.77422; 0
1.78089; 0
1.78756; 0
1.79423; 0
1.8009; 0
1.80757; 0
1.81424; 0
1.82091; 0
1.82758; 0
1.83425; 0
1.84092; 0
1.84759; 0
1.85426; 0
1.86093; 0
1.8676; 0
1.87427; 0
1.88094; 0
1.88761; 0
1.89428; 0
1.90095; 0
1.90762; 0
1.91429; 0
1.92096; 0
1.92763; 0
1.9343; 0
1.94097; 0
1.94764; 0
1.95431; 0
1.96098; 0
1.96765; 0
1.97432; 0
1.98099; 0
1.98766; 0
1.99433; 0
2.001; 0
