0.00026; 921.762
0.00052; 921.757
0.00078; 921.752
0.00104; 921.741
0.0013; 921.726
0.00156; 921.705
0.00182; 921.68
0.00208; 921.649
0.00234; 921.613
0.0026; 921.573
0.00286; 921.529
0.00312; 921.479
0.00338; 921.426
0.00364; 921.368
0.0039; 921.306
0.00416; 921.241
0.00442; 921.172
0.00468; 921.099
0.00494; 921.023
0.0052; 920.944
0.00546; 920.862
0.00572; 920.777
0.00598; 920.689
0.00624; 920.599
0.0065; 920.507
0.00676; 920.412
0.00702; 920.315
0.00728; 920.217
0.00754; 920.117
0.0078; 920.015
0.00806; 919.912
0.00832; 919.808
0.00858; 919.703
0.00884; 919.597
0.0091; 919.491
0.00936; 919.384
0.00962; 919.277
0.00988; 919.17
0.01014; 919.063
0.0104; 918.956
0.01066; 918.85
0.01092; 918.744
0.01118; 918.64
0.01144; 918.536
0.0117; 918.434
0.01196; 918.333
0.01222; 918.234
0.01248; 918.136
0.01274; 918.041
0.013; 917.948
0.01326; 917.857
0.01352; 917.768
0.01378; 917.682
0.01404; 917.598
0.0143; 917.517
0.01456; 917.439
0.01482; 917.363
0.01508; 917.29
0.01534; 917.219
0.0156; 917.15
0.01586; 917.084
0.01612; 917.019
0.01638; 916.955
0.01664; 916.892
0.0169; 916.829
0.01716; 916.765
0.01742; 916.701
0.01768; 916.634
0.01794; 916.565
0.0182; 916.491
0.01846; 916.414
0.01872; 916.331
0.01898; 916.242
0.01924; 916.146
0.0195; 916.044
0.01976; 915.936
0.02002; 915.825
0.02028; 915.716
0.02054; 915.633
0.0208; 0
0.02106; 0
0.02132; 0
0.02158; 0
0.02184; 0
0.0221; 0
0.02236; 0
0.02262; 0
0.02288; 0
0.02314; 0
0.0234; 0
0.02366; 0
0.02392; 0
0.02418; 0
0.02444; 0
0.0247; 0
0.02496; 0
0.02522; 0
0.02548; 0
0.02574; 0
0.026; 0
0.02626; 0
0.02652; 0
0.02678; 0
0.02704; 0
0.0273; 0
0.02756; 0
0.02782; 0
0.02808; 0
0.02834; 0
0.0286; 0
0.02886; 0
0.02912; 0
0.02938; 0
0.02964; 0
0.0299; 0
0.03016; 0
0.03042; 0
0.03068; 0
0.03094; 0
0.0312; 0
0.03146; 0
0.03172; 0
0.03198; 0
0.03224; 0
0.0325; 0
0.03276; 0
0.03302; 0
0.03328; 0
0.03354; 0
0.0338; 0
0.03406; 0
0.03432; 0
0.03458; 0
0.03484; 0
0.0351; 0
0.03536; 700.894
0.03562; 698.866
0.03588; 696.789
0.03614; 694.632
0.0364; 692.364
0.03666; 689.965
0.03692; 687.462
0.03718; 684.875
0.03744; 682.207
0.0377; 679.457
0.03796; 676.623
0.03822; 673.703
0.03848; 670.697
0.03874; 667.608
0.039; 664.439
0.03926; 661.19
0.03952; 657.865
0.03978; 654.469
0.04004; 651.004
0.0403; 647.477
0.04056; 643.892
0.04082; 640.258
0.04108; 636.583
0.04134; 632.876
0.0416; 629.149
0.04186; 625.413
0.04212; 621.681
0.04238; 617.965
0.04264; 614.276
0.0429; 610.626
0.04316; 607.023
0.04342; 603.475
0.04368; 599.985
0.04394; 596.557
0.0442; 593.192
0.04446; 589.891
0.04472; 586.651
0.04498; 583.471
0.04524; 580.348
0.0455; 577.28
0.04576; 574.264
0.04602; 571.296
0.04628; 568.375
0.04654; 565.496
0.0468; 562.658
0.04706; 559.859
0.04732; 557.095
0.04758; 554.367
0.04784; 551.67
0.0481; 549.006
0.04836; 546.371
0.04862; 543.765
0.04888; 541.188
0.04914; 538.638
0.0494; 536.115
0.04966; 533.618
0.04992; 531.148
0.05018; 528.704
0.05044; 526.287
0.0507; 523.895
0.05096; 521.53
0.05122; 519.191
0.05148; 516.879
0.05174; 514.594
0.052; 512.337
0.05226; 510.108
0.05252; 507.907
0.05278; 505.735
0.05304; 503.593
0.0533; 501.481
0.05356; 499.399
0.05382; 497.349
0.05408; 495.33
0.05434; 493.344
0.0546; 491.391
0.05486; 489.472
0.05512; 487.587
0.05538; 485.737
0.05564; 483.922
0.0559; 482.144
0.05616; 480.402
0.05642; 478.698
0.05668; 477.031
0.05694; 475.403
0.0572; 473.814
0.05746; 472.265
0.05772; 470.755
0.05798; 469.286
0.05824; 467.857
0.0585; 466.471
0.05876; 465.125
0.05902; 463.822
0.05928; 462.562
0.05954; 461.344
0.0598; 460.17
0.06006; 459.039
0.06032; 457.952
0.06058; 456.909
0.06084; 455.91
0.0611; 454.955
0.06136; 454.044
0.06162; 453.178
0.06188; 452.356
0.06214; 451.579
0.0624; 450.845
0.06266; 450.156
0.06292; 449.51
0.06318; 448.907
0.06344; 448.347
0.0637; 447.83
0.06396; 447.355
0.06422; 446.921
0.06448; 446.527
0.06474; 446.174
0.065; 445.859
0.06526; 445.583
0.06552; 445.346
0.06578; 445.145
0.06604; 444.98
0.0663; 444.85
0.06656; 444.755
0.06682; 444.694
0.06708; 444.665
0.06734; 0
0.0676; 0
0.06786; 0
0.06812; 0
0.06838; 0
0.06864; 0
0.0689; 0
0.06916; 0
0.06942; 0
0.06968; 0
0.06994; 0
0.0702; 0
0.07046; 0
0.07072; 0
0.07098; 0
0.07124; 0
0.0715; 0
0.07176; 0
0.07202; 0
0.07228; 0
0.07254; 0
0.0728; 0
0.07306; 0
0.07332; 0
0.07358; 0
0.07384; 0
0.0741; 0
0.07436; 0
0.07462; 0
0.07488; 0
0.07514; 0
0.0754; 0
0.07566; 0
0.07592; 0
0.07618; 0
0.07644; 0
0.0767; 0
0.07696; 0
0.07722; 0
0.07748; 0
0.07774; 0
0.078; 0
