0.00667; 0
0.01334; 0
0.02001; 0
0.02668; 0
0.03335; 0
0.04002; 0
0.04669; 0
0.05336; 0
0.06003; 0
0.0667; 0
0.07337; 0
0.08004; 0
0.08671; 0
0.09338; 0
0.10005; 0
0.10672; 0
0.11339; 0
0.12006; 0
0.12673; 0
0.1334; 0
0.14007; 0
0.14674; 0
0.15341; 0
0.16008; 0
0.16675; 0
0.17342; 0
0.18009; 0
0.18676; 0
0.19343; 0
0.2001; 0
0.20677; 0
0.21344; 0
0.22011; 0
0.22678; 0
0.23345; 0
0.24012; 0
0.24679; 0
0.25346; 0
0.26013; 0
0.2668; 0
0.27347; 0
0.28014; 0
0.28681; 0
0.29348; 0
0.30015; 0
0.30682; 0
0.31349; 0
0.32016; 0
0.32683; 0
0.3335; 0
0.34017; 0
0.34684; 0
0.35351; 0
0.36018; 0
0.36685; 0
0.37352; 0
0.38019; 0
0.38686; 0
0.39353; 0
0.4002; 0
0.40687; 0
0.41354; 0
0.42021; 0
0.42688; 0
0.43355; 0
0.44022; 0
0.44689; 0
0.45356; 0
0.46023; 0
0.4669; 0
0.47357; 505.838
0.48024; 505.772
0.48691; 505.641
0.49358; 505.443
0.50025; 505.18
0.50692; 504.853
0.51359; 504.46
0.52026; 504.005
0.52693; 503.486
0.5336; 502.904
0.54027; 502.261
0.54694; 501.558
0.55361; 500.796
0.56028; 499.975
0.56695; 499.097
0.57362; 498.164
0.58029; 497.176
0.58696; 496.135
0.59363; 495.042
0.6003; 493.899
0.60697; 492.708
0.61364; 491.47
0.62031; 490.186
0.62698; 488.858
0.63365; 487.488
0.64032; 486.077
0.64699; 484.627
0.65366; 483.139
0.66033; 481.615
0.667; 480.056
0.67367; 478.465
0.68034; 476.842
0.68701; 475.188
0.69368; 473.505
0.70035; 471.794
0.70702; 470.057
0.71369; 468.294
0.72036; 466.505
0.72703; 464.693
0.7337; 462.857
0.74037; 460.998
0.74704; 459.116
0.75371; 457.211
0.76038; 455.284
0.76705; 453.334
0.77372; 451.36
0.78039; 449.361
0.78706; 447.337
0.79373; 445.286
0.8004; 443.206
0.80707; 441.095
0.81374; 438.95
0.82041; 436.767
0.82708; 434.544
0.83375; 432.275
0.84042; 429.956
0.84709; 427.58
0.85376; 425.14
0.86043; 422.628
0.8671; 420.035
0.87377; 417.349
0.88044; 414.56
0.88711; 411.652
0.89378; 408.611
0.90045; 405.42
0.90712; 402.061
0.91379; 398.519
0.92046; 394.78
0.92713; 390.844
0.9338; 386.729
0.94047; 382.499
0.94714; 378.292
0.95381; 374.372
0.96048; 371.177
0.96715; 369.307
0.97382; 369.307
0.98049; 371.177
0.98716; 374.372
0.99383; 378.292
1.0005; 382.499
1.00717; 386.729
1.01384; 390.844
1.02051; 394.78
1.02718; 398.519
1.03385; 402.061
1.04052; 405.42
1.04719; 408.611
1.05386; 411.652
1.06053; 414.56
1.0672; 417.349
1.07387; 420.035
1.08054; 422.628
1.08721; 425.14
1.09388; 427.58
1.10055; 429.956
1.10722; 432.275
1.11389; 434.544
1.12056; 436.767
1.12723; 438.95
1.1339; 441.095
1.14057; 443.206
1.14724; 445.286
1.15391; 447.337
1.16058; 449.361
1.16725; 451.36
1.17392; 453.334
1.18059; 455.284
1.18726; 457.211
1.19393; 459.116
1.2006; 460.998
1.20727; 462.857
1.21394; 464.693
1.22061; 466.505
1.22728; 468.294
1.23395; 470.057
1.24062; 471.794
1.24729; 473.505
1.25396; 475.188
1.26063; 476.842
1.2673; 478.465
1.27397; 480.056
1.28064; 481.615
1.28731; 483.139
1.29398; 484.627
1.30065; 486.077
1.30732; 487.488
1.31399; 488.858
1.32066; 490.186
1.32733; 491.47
1.334; 492.708
1.34067; 493.899
1.34734; 495.042
1.35401; 496.135
1.36068; 497.176
1.36735; 498.164
1.37402; 499.097
1.38069; 499.975
1.38736; 500.796
1.39403; 501.558
1.4007; 502.261
1.40737; 502.904
1.41404; 503.486
1.42071; 504.005
1.42738; 504.46
1.43405; 504.853
1.44072; 505.18
1.44739; 505.443
1.45406; 505.641
1.46073; 505.772
1.4674; 505.838
1.47407; 0
1.48074; 0
1.48741; 0
1.49408; 0
1.50075; 0
1.50742; 0
1.51409; 0
1.52076; 0
1.52743; 0
1.5341; 0
1.54077; 0
1.54744; 0
1.55411; 0
1.56078; 0
1.56745; 0
1.57412; 0
1.58079; 0
1.58746; 0
1.59413; 0
1.6008; 0
1.60747; 0
1.61414; 0
1.62081; 0
1.62748; 0
1.63415; 0
1.64082; 0
1.64749; 0
1.65416; 0
1.66083; 0
1.6675; 0
1.67417; 0
1.68084; 0
1.68751; 0
1.69418; 0
1.70085; 0
1.70752; 0
1.71419; 0
1.72086; 0
1.72753; 0
1.7342; 0
1.74087; 0
1.74754; 0
1.75421; 0
1.76088; 0
1.76755; 0
1.77422; 0
1.78089; 0
1.78756; 0
1.79423; 0
1.8009; 0
1.80757; 0
1.81424; 0
1.82091; 0
1.82758; 0
1.83425; 0
1.84092; 0
1.84759; 0
1.85426; 0
1.86093; 0
1.8676; 0
1.87427; 0
1.88094; 0
1.88761; 0
1.89428; 0
1.90095; 0
1.90762; 0
1.91429; 0
1.92096; 0
1.92763; 0
1.9343; 0
1.94097; 0
1.94764; 0
1.95431; 0
1.96098; 0
1.96765; 0
1.97432; 0
1.98099; 0
1.98766; 0
1.99433; 0
2.001; 0
