0.00667; 0
0.01334; 0
0.02001; 0
0.02668; 0
0.03335; 0
0.04002; 0
0.04669; 0
0.05336; 0
0.06003; 0
0.0667; 0
0.07337; 0
0.08004; 0
0.08671; 0
0.09338; 0
0.10005; 0
0.10672; 0
0.11339; 0
0.12006; 0
0.12673; 0
0.1334; 0
0.14007; 0
0.14674; 0
0.15341; 0
0.16008; 0
0.16675; 0
0.17342; 0
0.18009; 0
0.18676; 0
0.19343; 0
0.2001; 0
0.20677; 0
0.21344; 0
0.22011; 0
0.22678; 0
0.23345; 0
0.24012; 0
0.24679; 0
0.25346; 0
0.26013; 0
0.2668; 0
0.27347; 0
0.28014; 0
0.28681; 0
0.29348; 0
0.30015; 0
0.30682; 0
0.31349; 0
0.32016; 0
0.32683; 0
0.3335; 0
0.34017; 0
0.34684; 0
0.35351; 0
0.36018; 0
0.36685; 0
0.37352; 0
0.38019; 0
0.38686; 0
0.39353; 0
0.4002; 0
0.40687; 0
0.41354; 0
0.42021; 0
0.42688; 0
0.43355; 0
0.44022; 0
0.44689; 0
0.45356; 0
0.46023; 0
0.4669; 0
0.47357; 534.264
0.48024; 534.198
0.48691; 534.065
0.49358; 533.866
0.50025; 533.601
0.50692; 533.27
0.51359; 532.875
0.52026; 532.415
0.52693; 531.891
0.5336; 531.303
0.54027; 530.654
0.54694; 529.943
0.55361; 529.171
0.56028; 528.34
0.56695; 527.451
0.57362; 526.504
0.58029; 525.502
0.58696; 524.444
0.59363; 523.333
0.6003; 522.17
0.60697; 520.955
0.61364; 519.692
0.62031; 518.38
0.62698; 517.021
0.63365; 515.617
0.64032; 514.169
0.64699; 512.679
0.65366; 511.147
0.66033; 509.575
0.667; 507.964
0.67367; 506.316
0.68034; 504.632
0.68701; 502.912
0.69368; 501.158
0.70035; 499.37
0.70702; 497.55
0.71369; 495.698
0.72036; 493.814
0.72703; 491.9
0.7337; 489.954
0.74037; 487.978
0.74704; 485.972
0.75371; 483.934
0.76038; 481.865
0.76705; 479.764
0.77372; 477.629
0.78039; 475.459
0.78706; 473.252
0.79373; 471.007
0.8004; 468.721
0.80707; 466.391
0.81374; 464.013
0.82041; 461.583
0.82708; 459.096
0.83375; 456.547
0.84042; 453.929
0.84709; 451.235
0.85376; 448.456
0.86043; 445.582
0.8671; 442.603
0.87377; 439.505
0.88044; 436.273
0.88711; 432.892
0.89378; 429.342
0.90045; 425.604
0.90712; 421.657
0.91379; 417.483
0.92046; 413.065
0.92713; 408.404
0.9338; 403.522
0.94047; 398.494
0.94714; 393.488
0.95381; 388.818
0.96048; 385.01
0.96715; 382.78
0.97382; 382.78
0.98049; 385.01
0.98716; 388.818
0.99383; 393.488
1.0005; 398.494
1.00717; 403.522
1.01384; 408.404
1.02051; 413.065
1.02718; 417.483
1.03385; 421.657
1.04052; 425.604
1.04719; 429.342
1.05386; 432.892
1.06053; 436.273
1.0672; 439.505
1.07387; 442.603
1.08054; 445.582
1.08721; 448.456
1.09388; 451.235
1.10055; 453.929
1.10722; 456.547
1.11389; 459.096
1.12056; 461.583
1.12723; 464.013
1.1339; 466.391
1.14057; 468.721
1.14724; 471.007
1.15391; 473.252
1.16058; 475.459
1.16725; 477.629
1.17392; 479.764
1.18059; 481.865
1.18726; 483.934
1.19393; 485.972
1.2006; 487.978
1.20727; 489.954
1.21394; 491.9
1.22061; 493.814
1.22728; 495.698
1.23395; 497.55
1.24062; 499.37
1.24729; 501.158
1.25396; 502.912
1.26063; 504.632
1.2673; 506.316
1.27397; 507.964
1.28064; 509.575
1.28731; 511.147
1.29398; 512.679
1.30065; 514.169
1.30732; 515.617
1.31399; 517.021
1.32066; 518.38
1.32733; 519.692
1.334; 520.955
1.34067; 522.17
1.34734; 523.333
1.35401; 524.444
1.36068; 525.502
1.36735; 526.504
1.37402; 527.451
1.38069; 528.34
1.38736; 529.171
1.39403; 529.943
1.4007; 530.654
1.40737; 531.303
1.41404; 531.891
1.42071; 532.415
1.42738; 532.875
1.43405; 533.27
1.44072; 533.601
1.44739; 533.866
1.45406; 534.065
1.46073; 534.198
1.4674; 534.264
1.47407; 0
1.48074; 0
1.48741; 0
1.49408; 0
1.50075; 0
1.50742; 0
1.51409; 0
1.52076; 0
1.52743; 0
1.5341; 0
1.54077; 0
1.54744; 0
1.55411; 0
1.56078; 0
1.56745; 0
1.57412; 0
1.58079; 0
1.58746; 0
1.59413; 0
1.6008; 0
1.60747; 0
1.61414; 0
1.62081; 0
1.62748; 0
1.63415; 0
1.64082; 0
1.64749; 0
1.65416; 0
1.66083; 0
1.6675; 0
1.67417; 0
1.68084; 0
1.68751; 0
1.69418; 0
1.70085; 0
1.70752; 0
1.71419; 0
1.72086; 0
1.72753; 0
1.7342; 0
1.74087; 0
1.74754; 0
1.75421; 0
1.76088; 0
1.76755; 0
1.77422; 0
1.78089; 0
1.78756; 0
1.79423; 0
1.8009; 0
1.80757; 0
1.81424; 0
1.82091; 0
1.82758; 0
1.83425; 0
1.84092; 0
1.84759; 0
1.85426; 0
1.86093; 0
1.8676; 0
1.87427; 0
1.88094; 0
1.88761; 0
1.89428; 0
1.90095; 0
1.90762; 0
1.91429; 0
1.92096; 0
1.92763; 0
1.9343; 0
1.94097; 0
1.94764; 0
1.95431; 0
1.96098; 0
1.96765; 0
1.97432; 0
1.98099; 0
1.98766; 0
1.99433; 0
2.001; 0
