0.00667; 0
0.01334; 0
0.02001; 0
0.02668; 0
0.03335; 0
0.04002; 0
0.04669; 0
0.05336; 0
0.06003; 0
0.0667; 0
0.07337; 0
0.08004; 0
0.08671; 0
0.09338; 0
0.10005; 0
0.10672; 0
0.11339; 0
0.12006; 0
0.12673; 0
0.1334; 0
0.14007; 0
0.14674; 0
0.15341; 0
0.16008; 0
0.16675; 0
0.17342; 0
0.18009; 0
0.18676; 0
0.19343; 0
0.2001; 0
0.20677; 0
0.21344; 0
0.22011; 0
0.22678; 0
0.23345; 0
0.24012; 0
0.24679; 0
0.25346; 0
0.26013; 0
0.2668; 0
0.27347; 0
0.28014; 0
0.28681; 0
0.29348; 0
0.30015; 0
0.30682; 0
0.31349; 0
0.32016; 0
0.32683; 0
0.3335; 0
0.34017; 0
0.34684; 0
0.35351; 0
0.36018; 0
0.36685; 0
0.37352; 0
0.38019; 0
0.38686; 0
0.39353; 0
0.4002; 0
0.40687; 0
0.41354; 0
0.42021; 0
0.42688; 0
0.43355; 0
0.44022; 0
0.44689; 0
0.45356; 0
0.46023; 0
0.4669; 0
0.47357; 640.29
0.48024; 640.223
0.48691; 640.088
0.49358; 639.885
0.50025; 639.615
0.50692; 639.279
0.51359; 638.875
0.52026; 638.405
0.52693; 637.869
0.5336; 637.267
0.54027; 636.6
0.54694; 635.869
0.55361; 635.073
0.56028; 634.214
0.56695; 633.292
0.57362; 632.308
0.58029; 631.262
0.58696; 630.156
0.59363; 628.989
0.6003; 627.762
0.60697; 626.477
0.61364; 625.133
0.62031; 623.732
0.62698; 622.274
0.63365; 620.76
0.64032; 619.189
0.64699; 617.564
0.65366; 615.884
0.66033; 614.149
0.667; 612.36
0.67367; 610.517
0.68034; 608.621
0.68701; 606.671
0.69368; 604.667
0.70035; 602.609
0.70702; 600.497
0.71369; 598.329
0.72036; 596.106
0.72703; 593.827
0.7337; 591.489
0.74037; 589.093
0.74704; 586.635
0.75371; 584.115
0.76038; 581.53
0.76705; 578.877
0.77372; 576.154
0.78039; 573.357
0.78706; 570.481
0.79373; 567.523
0.8004; 564.477
0.80707; 561.337
0.81374; 558.097
0.82041; 554.749
0.82708; 551.285
0.83375; 547.694
0.84042; 543.966
0.84709; 540.088
0.85376; 536.045
0.86043; 531.822
0.8671; 527.401
0.87377; 522.759
0.88044; 517.873
0.88711; 512.716
0.89378; 507.26
0.90045; 501.472
0.90712; 495.32
0.91379; 488.772
0.92046; 481.807
0.92713; 474.421
0.9338; 466.656
0.94047; 458.633
0.94714; 450.622
0.95381; 443.136
0.96048; 437.022
0.96715; 433.438
0.97382; 433.438
0.98049; 437.022
0.98716; 443.136
0.99383; 450.622
1.0005; 458.633
1.00717; 466.656
1.01384; 474.421
1.02051; 481.807
1.02718; 488.772
1.03385; 495.32
1.04052; 501.472
1.04719; 507.26
1.05386; 512.716
1.06053; 517.873
1.0672; 522.759
1.07387; 527.401
1.08054; 531.822
1.08721; 536.045
1.09388; 540.088
1.10055; 543.966
1.10722; 547.694
1.11389; 551.285
1.12056; 554.749
1.12723; 558.097
1.1339; 561.337
1.14057; 564.477
1.14724; 567.523
1.15391; 570.481
1.16058; 573.357
1.16725; 576.154
1.17392; 578.877
1.18059; 581.53
1.18726; 584.115
1.19393; 586.635
1.2006; 589.093
1.20727; 591.489
1.21394; 593.827
1.22061; 596.106
1.22728; 598.329
1.23395; 600.497
1.24062; 602.609
1.24729; 604.667
1.25396; 606.671
1.26063; 608.621
1.2673; 610.517
1.27397; 612.36
1.28064; 614.149
1.28731; 615.884
1.29398; 617.564
1.30065; 619.189
1.30732; 620.76
1.31399; 622.274
1.32066; 623.732
1.32733; 625.133
1.334; 626.477
1.34067; 627.762
1.34734; 628.989
1.35401; 630.156
1.36068; 631.262
1.36735; 632.308
1.37402; 633.292
1.38069; 634.214
1.38736; 635.073
1.39403; 635.869
1.4007; 636.6
1.40737; 637.267
1.41404; 637.869
1.42071; 638.405
1.42738; 638.875
1.43405; 639.279
1.44072; 639.615
1.44739; 639.885
1.45406; 640.088
1.46073; 640.223
1.4674; 640.29
1.47407; 0
1.48074; 0
1.48741; 0
1.49408; 0
1.50075; 0
1.50742; 0
1.51409; 0
1.52076; 0
1.52743; 0
1.5341; 0
1.54077; 0
1.54744; 0
1.55411; 0
1.56078; 0
1.56745; 0
1.57412; 0
1.58079; 0
1.58746; 0
1.59413; 0
1.6008; 0
1.60747; 0
1.61414; 0
1.62081; 0
1.62748; 0
1.63415; 0
1.64082; 0
1.64749; 0
1.65416; 0
1.66083; 0
1.6675; 0
1.67417; 0
1.68084; 0
1.68751; 0
1.69418; 0
1.70085; 0
1.70752; 0
1.71419; 0
1.72086; 0
1.72753; 0
1.7342; 0
1.74087; 0
1.74754; 0
1.75421; 0
1.76088; 0
1.76755; 0
1.77422; 0
1.78089; 0
1.78756; 0
1.79423; 0
1.8009; 0
1.80757; 0
1.81424; 0
1.82091; 0
1.82758; 0
1.83425; 0
1.84092; 0
1.84759; 0
1.85426; 0
1.86093; 0
1.8676; 0
1.87427; 0
1.88094; 0
1.88761; 0
1.89428; 0
1.90095; 0
1.90762; 0
1.91429; 0
1.92096; 0
1.92763; 0
1.9343; 0
1.94097; 0
1.94764; 0
1.95431; 0
1.96098; 0
1.96765; 0
1.97432; 0
1.98099; 0
1.98766; 0
1.99433; 0
2.001; 0
