0.00667; 0
0.01334; 0
0.02001; 0
0.02668; 0
0.03335; 0
0.04002; 0
0.04669; 0
0.05336; 0
0.06003; 0
0.0667; 0
0.07337; 0
0.08004; 0
0.08671; 0
0.09338; 0
0.10005; 0
0.10672; 0
0.11339; 0
0.12006; 0
0.12673; 0
0.1334; 0
0.14007; 0
0.14674; 0
0.15341; 0
0.16008; 0
0.16675; 0
0.17342; 0
0.18009; 0
0.18676; 0
0.19343; 0
0.2001; 0
0.20677; 0
0.21344; 0
0.22011; 0
0.22678; 0
0.23345; 0
0.24012; 0
0.24679; 0
0.25346; 0
0.26013; 0
0.2668; 0
0.27347; 0
0.28014; 0
0.28681; 0
0.29348; 0
0.30015; 0
0.30682; 0
0.31349; 0
0.32016; 0
0.32683; 0
0.3335; 0
0.34017; 0
0.34684; 0
0.35351; 0
0.36018; 0
0.36685; 0
0.37352; 0
0.38019; 0
0.38686; 0
0.39353; 0
0.4002; 0
0.40687; 0
0.41354; 0
0.42021; 0
0.42688; 0
0.43355; 0
0.44022; 0
0.44689; 0
0.45356; 0
0.46023; 0
0.4669; 0
0.47357; 477.357
0.48024; 477.292
0.48691; 477.162
0.49358; 476.967
0.50025; 476.708
0.50692; 476.385
0.51359; 475.998
0.52026; 475.549
0.52693; 475.038
0.5336; 474.466
0.54027; 473.834
0.54694; 473.142
0.55361; 472.393
0.56028; 471.587
0.56695; 470.726
0.57362; 469.811
0.58029; 468.843
0.58696; 467.824
0.59363; 466.756
0.6003; 465.64
0.60697; 464.478
0.61364; 463.272
0.62031; 462.022
0.62698; 460.732
0.63365; 459.403
0.64032; 458.037
0.64699; 456.634
0.65366; 455.198
0.66033; 453.73
0.667; 452.232
0.67367; 450.704
0.68034; 449.15
0.68701; 447.57
0.69368; 445.967
0.70035; 444.341
0.70702; 442.694
0.71369; 441.027
0.72036; 439.341
0.72703; 437.638
0.7337; 435.918
0.74037; 434.183
0.74704; 432.433
0.75371; 430.668
0.76038; 428.889
0.76705; 427.096
0.77372; 425.289
0.78039; 423.467
0.78706; 421.631
0.79373; 419.778
0.8004; 417.909
0.80707; 416.021
0.81374; 414.112
0.82041; 412.181
0.82708; 410.224
0.83375; 408.238
0.84042; 406.219
0.84709; 404.162
0.85376; 402.061
0.86043; 399.911
0.8671; 397.704
0.87377; 395.43
0.88044; 393.081
0.88711; 390.645
0.89378; 388.109
0.90045; 385.461
0.90712; 382.686
0.91379; 379.77
0.92046; 376.704
0.92713; 373.486
0.9338; 370.131
0.94047; 366.69
0.94714; 363.273
0.95381; 360.094
0.96048; 357.505
0.96715; 355.991
0.97382; 355.991
0.98049; 357.505
0.98716; 360.094
0.99383; 363.273
1.0005; 366.69
1.00717; 370.131
1.01384; 373.486
1.02051; 376.704
1.02718; 379.77
1.03385; 382.686
1.04052; 385.461
1.04719; 388.109
1.05386; 390.645
1.06053; 393.081
1.0672; 395.43
1.07387; 397.704
1.08054; 399.911
1.08721; 402.061
1.09388; 404.162
1.10055; 406.219
1.10722; 408.238
1.11389; 410.224
1.12056; 412.181
1.12723; 414.112
1.1339; 416.021
1.14057; 417.909
1.14724; 419.778
1.15391; 421.631
1.16058; 423.467
1.16725; 425.289
1.17392; 427.096
1.18059; 428.889
1.18726; 430.668
1.19393; 432.433
1.2006; 434.183
1.20727; 435.918
1.21394; 437.638
1.22061; 439.341
1.22728; 441.027
1.23395; 442.694
1.24062; 444.341
1.24729; 445.967
1.25396; 447.57
1.26063; 449.15
1.2673; 450.704
1.27397; 452.232
1.28064; 453.73
1.28731; 455.198
1.29398; 456.634
1.30065; 458.037
1.30732; 459.403
1.31399; 460.732
1.32066; 462.022
1.32733; 463.272
1.334; 464.478
1.34067; 465.64
1.34734; 466.756
1.35401; 467.824
1.36068; 468.843
1.36735; 469.811
1.37402; 470.726
1.38069; 471.587
1.38736; 472.393
1.39403; 473.142
1.4007; 473.834
1.40737; 474.466
1.41404; 475.038
1.42071; 475.549
1.42738; 475.998
1.43405; 476.385
1.44072; 476.708
1.44739; 476.967
1.45406; 477.162
1.46073; 477.292
1.4674; 477.357
1.47407; 0
1.48074; 0
1.48741; 0
1.49408; 0
1.50075; 0
1.50742; 0
1.51409; 0
1.52076; 0
1.52743; 0
1.5341; 0
1.54077; 0
1.54744; 0
1.55411; 0
1.56078; 0
1.56745; 0
1.57412; 0
1.58079; 0
1.58746; 0
1.59413; 0
1.6008; 0
1.60747; 0
1.61414; 0
1.62081; 0
1.62748; 0
1.63415; 0
1.64082; 0
1.64749; 0
1.65416; 0
1.66083; 0
1.6675; 0
1.67417; 0
1.68084; 0
1.68751; 0
1.69418; 0
1.70085; 0
1.70752; 0
1.71419; 0
1.72086; 0
1.72753; 0
1.7342; 0
1.74087; 0
1.74754; 0
1.75421; 0
1.76088; 0
1.76755; 0
1.77422; 0
1.78089; 0
1.78756; 0
1.79423; 0
1.8009; 0
1.80757; 0
1.81424; 0
1.82091; 0
1.82758; 0
1.83425; 0
1.84092; 0
1.84759; 0
1.85426; 0
1.86093; 0
1.8676; 0
1.87427; 0
1.88094; 0
1.88761; 0
1.89428; 0
1.90095; 0
1.90762; 0
1.91429; 0
1.92096; 0
1.92763; 0
1.9343; 0
1.94097; 0
1.94764; 0
1.95431; 0
1.96098; 0
1.96765; 0
1.97432; 0
1.98099; 0
1.98766; 0
1.99433; 0
2.001; 0
