0.00667; 0
0.01334; 0
0.02001; 0
0.02668; 0
0.03335; 0
0.04002; 0
0.04669; 0
0.05336; 0
0.06003; 0
0.0667; 0
0.07337; 0
0.08004; 0
0.08671; 0
0.09338; 0
0.10005; 0
0.10672; 0
0.11339; 0
0.12006; 0
0.12673; 0
0.1334; 0
0.14007; 0
0.14674; 0
0.15341; 0
0.16008; 0
0.16675; 0
0.17342; 0
0.18009; 0
0.18676; 0
0.19343; 0
0.2001; 0
0.20677; 0
0.21344; 0
0.22011; 0
0.22678; 0
0.23345; 0
0.24012; 0
0.24679; 0
0.25346; 0
0.26013; 0
0.2668; 0
0.27347; 0
0.28014; 0
0.28681; 0
0.29348; 0
0.30015; 0
0.30682; 0
0.31349; 0
0.32016; 0
0.32683; 0
0.3335; 0
0.34017; 0
0.34684; 0
0.35351; 0
0.36018; 0
0.36685; 0
0.37352; 0
0.38019; 0
0.38686; 0
0.39353; 0
0.4002; 0
0.40687; 0
0.41354; 0
0.42021; 0
0.42688; 0
0.43355; 0
0.44022; 0
0.44689; 0
0.45356; 0
0.46023; 0
0.4669; 0
0.47357; 575.323
0.48024; 575.256
0.48691; 575.122
0.49358; 574.922
0.50025; 574.655
0.50692; 574.321
0.51359; 573.922
0.52026; 573.458
0.52693; 572.929
0.5336; 572.335
0.54027; 571.679
0.54694; 570.959
0.55361; 570.178
0.56028; 569.335
0.56695; 568.432
0.57362; 567.47
0.58029; 566.45
0.58696; 565.372
0.59363; 564.238
0.6003; 563.05
0.60697; 561.807
0.61364; 560.511
0.62031; 559.164
0.62698; 557.765
0.63365; 556.317
0.64032; 554.821
0.64699; 553.277
0.65366; 551.686
0.66033; 550.05
0.667; 548.369
0.67367; 546.644
0.68034; 544.877
0.68701; 543.066
0.69368; 541.214
0.70035; 539.321
0.70702; 537.386
0.71369; 535.411
0.72036; 533.395
0.72703; 531.338
0.7337; 529.239
0.74037; 527.099
0.74704; 524.917
0.75371; 522.692
0.76038; 520.422
0.76705; 518.106
0.77372; 515.742
0.78039; 513.329
0.78706; 510.863
0.79373; 508.341
0.8004; 505.76
0.80707; 503.115
0.81374; 500.403
0.82041; 497.617
0.82708; 494.751
0.83375; 491.799
0.84042; 488.751
0.84709; 485.598
0.85376; 482.33
0.86043; 478.934
0.8671; 475.396
0.87377; 471.7
0.88044; 467.828
0.88711; 463.76
0.89378; 459.473
0.90045; 454.942
0.90712; 450.142
0.91379; 445.049
0.92046; 439.646
0.92713; 433.931
0.9338; 427.934
0.94047; 421.748
0.94714; 415.58
0.95381; 409.822
0.96048; 405.122
0.96715; 402.368
0.97382; 402.368
0.98049; 405.122
0.98716; 409.822
0.99383; 415.58
1.0005; 421.748
1.00717; 427.934
1.01384; 433.931
1.02051; 439.646
1.02718; 445.049
1.03385; 450.142
1.04052; 454.942
1.04719; 459.473
1.05386; 463.76
1.06053; 467.828
1.0672; 471.7
1.07387; 475.396
1.08054; 478.934
1.08721; 482.33
1.09388; 485.598
1.10055; 488.751
1.10722; 491.799
1.11389; 494.751
1.12056; 497.617
1.12723; 500.403
1.1339; 503.115
1.14057; 505.76
1.14724; 508.341
1.15391; 510.863
1.16058; 513.329
1.16725; 515.742
1.17392; 518.106
1.18059; 520.422
1.18726; 522.692
1.19393; 524.917
1.2006; 527.099
1.20727; 529.239
1.21394; 531.338
1.22061; 533.395
1.22728; 535.411
1.23395; 537.386
1.24062; 539.321
1.24729; 541.214
1.25396; 543.066
1.26063; 544.877
1.2673; 546.644
1.27397; 548.369
1.28064; 550.05
1.28731; 551.686
1.29398; 553.277
1.30065; 554.821
1.30732; 556.317
1.31399; 557.765
1.32066; 559.164
1.32733; 560.511
1.334; 561.807
1.34067; 563.05
1.34734; 564.238
1.35401; 565.372
1.36068; 566.45
1.36735; 567.47
1.37402; 568.432
1.38069; 569.335
1.38736; 570.178
1.39403; 570.959
1.4007; 571.679
1.40737; 572.335
1.41404; 572.929
1.42071; 573.458
1.42738; 573.922
1.43405; 574.321
1.44072; 574.655
1.44739; 574.922
1.45406; 575.122
1.46073; 575.256
1.4674; 575.323
1.47407; 0
1.48074; 0
1.48741; 0
1.49408; 0
1.50075; 0
1.50742; 0
1.51409; 0
1.52076; 0
1.52743; 0
1.5341; 0
1.54077; 0
1.54744; 0
1.55411; 0
1.56078; 0
1.56745; 0
1.57412; 0
1.58079; 0
1.58746; 0
1.59413; 0
1.6008; 0
1.60747; 0
1.61414; 0
1.62081; 0
1.62748; 0
1.63415; 0
1.64082; 0
1.64749; 0
1.65416; 0
1.66083; 0
1.6675; 0
1.67417; 0
1.68084; 0
1.68751; 0
1.69418; 0
1.70085; 0
1.70752; 0
1.71419; 0
1.72086; 0
1.72753; 0
1.7342; 0
1.74087; 0
1.74754; 0
1.75421; 0
1.76088; 0
1.76755; 0
1.77422; 0
1.78089; 0
1.78756; 0
1.79423; 0
1.8009; 0
1.80757; 0
1.81424; 0
1.82091; 0
1.82758; 0
1.83425; 0
1.84092; 0
1.84759; 0
1.85426; 0
1.86093; 0
1.8676; 0
1.87427; 0
1.88094; 0
1.88761; 0
1.89428; 0
1.90095; 0
1.90762; 0
1.91429; 0
1.92096; 0
1.92763; 0
1.9343; 0
1.94097; 0
1.94764; 0
1.95431; 0
1.96098; 0
1.96765; 0
1.97432; 0
1.98099; 0
1.98766; 0
1.99433; 0
2.001; 0
