0.00667; 0
0.01334; 0
0.02001; 0
0.02668; 0
0.03335; 0
0.04002; 0
0.04669; 0
0.05336; 0
0.06003; 0
0.0667; 0
0.07337; 0
0.08004; 0
0.08671; 0
0.09338; 0
0.10005; 0
0.10672; 0
0.11339; 0
0.12006; 0
0.12673; 0
0.1334; 0
0.14007; 0
0.14674; 0
0.15341; 0
0.16008; 0
0.16675; 0
0.17342; 0
0.18009; 0
0.18676; 0
0.19343; 0
0.2001; 0
0.20677; 0
0.21344; 0
0.22011; 0
0.22678; 0
0.23345; 0
0.24012; 0
0.24679; 0
0.25346; 0
0.26013; 0
0.2668; 0
0.27347; 0
0.28014; 0
0.28681; 0
0.29348; 0
0.30015; 0
0.30682; 0
0.31349; 0
0.32016; 0
0.32683; 0
0.3335; 0
0.34017; 0
0.34684; 0
0.35351; 0
0.36018; 0
0.36685; 0
0.37352; 0
0.38019; 0
0.38686; 0
0.39353; 0
0.4002; 0
0.40687; 0
0.41354; 0
0.42021; 0
0.42688; 0
0.43355; 0
0.44022; 0
0.44689; 0
0.45356; 0
0.46023; 0
0.4669; 0
0.47357; 582.487
0.48024; 582.42
0.48691; 582.286
0.49358; 582.085
0.50025; 581.817
0.50692; 581.484
0.51359; 581.084
0.52026; 580.619
0.52693; 580.089
0.5336; 579.495
0.54027; 578.837
0.54694; 578.116
0.55361; 577.333
0.56028; 576.488
0.56695; 575.583
0.57362; 574.619
0.58029; 573.596
0.58696; 572.515
0.59363; 571.377
0.6003; 570.184
0.60697; 568.937
0.61364; 567.636
0.62031; 566.282
0.62698; 564.877
0.63365; 563.422
0.64032; 561.917
0.64699; 560.364
0.65366; 558.764
0.66033; 557.117
0.667; 555.424
0.67367; 553.686
0.68034; 551.904
0.68701; 550.078
0.69368; 548.209
0.70035; 546.297
0.70702; 544.343
0.71369; 542.346
0.72036; 540.307
0.72703; 538.225
0.7337; 536.101
0.74037; 533.933
0.74704; 531.72
0.75371; 529.462
0.76038; 527.157
0.76705; 524.804
0.77372; 522.401
0.78039; 519.945
0.78706; 517.433
0.79373; 514.863
0.8004; 512.231
0.80707; 509.532
0.81374; 506.761
0.82041; 503.913
0.82708; 500.982
0.83375; 497.959
0.84042; 494.836
0.84709; 491.603
0.85376; 488.249
0.86043; 484.762
0.8671; 481.127
0.87377; 477.327
0.88044; 473.343
0.88711; 469.155
0.89378; 464.739
0.90045; 460.069
0.90712; 455.121
0.91379; 449.868
0.92046; 444.292
0.92713; 438.393
0.9338; 432.201
0.94047; 425.813
0.94714; 419.442
0.95381; 413.493
0.96048; 408.637
0.96715; 405.792
0.97382; 405.792
0.98049; 408.637
0.98716; 413.493
0.99383; 419.442
1.0005; 425.813
1.00717; 432.201
1.01384; 438.393
1.02051; 444.292
1.02718; 449.868
1.03385; 455.121
1.04052; 460.069
1.04719; 464.739
1.05386; 469.155
1.06053; 473.343
1.0672; 477.327
1.07387; 481.127
1.08054; 484.762
1.08721; 488.249
1.09388; 491.603
1.10055; 494.836
1.10722; 497.959
1.11389; 500.982
1.12056; 503.913
1.12723; 506.761
1.1339; 509.532
1.14057; 512.231
1.14724; 514.863
1.15391; 517.433
1.16058; 519.945
1.16725; 522.401
1.17392; 524.804
1.18059; 527.157
1.18726; 529.462
1.19393; 531.72
1.2006; 533.933
1.20727; 536.101
1.21394; 538.225
1.22061; 540.307
1.22728; 542.346
1.23395; 544.343
1.24062; 546.297
1.24729; 548.209
1.25396; 550.078
1.26063; 551.904
1.2673; 553.686
1.27397; 555.424
1.28064; 557.117
1.28731; 558.764
1.29398; 560.364
1.30065; 561.917
1.30732; 563.422
1.31399; 564.877
1.32066; 566.282
1.32733; 567.636
1.334; 568.937
1.34067; 570.184
1.34734; 571.377
1.35401; 572.515
1.36068; 573.596
1.36735; 574.619
1.37402; 575.583
1.38069; 576.488
1.38736; 577.333
1.39403; 578.116
1.4007; 578.837
1.40737; 579.495
1.41404; 580.089
1.42071; 580.619
1.42738; 581.084
1.43405; 581.484
1.44072; 581.817
1.44739; 582.085
1.45406; 582.286
1.46073; 582.42
1.4674; 582.487
1.47407; 0
1.48074; 0
1.48741; 0
1.49408; 0
1.50075; 0
1.50742; 0
1.51409; 0
1.52076; 0
1.52743; 0
1.5341; 0
1.54077; 0
1.54744; 0
1.55411; 0
1.56078; 0
1.56745; 0
1.57412; 0
1.58079; 0
1.58746; 0
1.59413; 0
1.6008; 0
1.60747; 0
1.61414; 0
1.62081; 0
1.62748; 0
1.63415; 0
1.64082; 0
1.64749; 0
1.65416; 0
1.66083; 0
1.6675; 0
1.67417; 0
1.68084; 0
1.68751; 0
1.69418; 0
1.70085; 0
1.70752; 0
1.71419; 0
1.72086; 0
1.72753; 0
1.7342; 0
1.74087; 0
1.74754; 0
1.75421; 0
1.76088; 0
1.76755; 0
1.77422; 0
1.78089; 0
1.78756; 0
1.79423; 0
1.8009; 0
1.80757; 0
1.81424; 0
1.82091; 0
1.82758; 0
1.83425; 0
1.84092; 0
1.84759; 0
1.85426; 0
1.86093; 0
1.8676; 0
1.87427; 0
1.88094; 0
1.88761; 0
1.89428; 0
1.90095; 0
1.90762; 0
1.91429; 0
1.92096; 0
1.92763; 0
1.9343; 0
1.94097; 0
1.94764; 0
1.95431; 0
1.96098; 0
1.96765; 0
1.97432; 0
1.98099; 0
1.98766; 0
1.99433; 0
2.001; 0
