0.00667; 0
0.01334; 0
0.02001; 0
0.02668; 0
0.03335; 0
0.04002; 0
0.04669; 0
0.05336; 0
0.06003; 0
0.0667; 0
0.07337; 0
0.08004; 0
0.08671; 0
0.09338; 0
0.10005; 0
0.10672; 0
0.11339; 0
0.12006; 0
0.12673; 0
0.1334; 0
0.14007; 0
0.14674; 0
0.15341; 0
0.16008; 0
0.16675; 0
0.17342; 0
0.18009; 0
0.18676; 0
0.19343; 0
0.2001; 0
0.20677; 0
0.21344; 0
0.22011; 0
0.22678; 0
0.23345; 0
0.24012; 0
0.24679; 0
0.25346; 0
0.26013; 0
0.2668; 0
0.27347; 0
0.28014; 0
0.28681; 0
0.29348; 0
0.30015; 0
0.30682; 0
0.31349; 0
0.32016; 0
0.32683; 0
0.3335; 0
0.34017; 0
0.34684; 0
0.35351; 0
0.36018; 0
0.36685; 0
0.37352; 0
0.38019; 0
0.38686; 0
0.39353; 0
0.4002; 0
0.40687; 0
0.41354; 0
0.42021; 0
0.42688; 0
0.43355; 0
0.44022; 0
0.44689; 0
0.45356; 0
0.46023; 0
0.4669; 0
0.47357; 640.916
0.48024; 640.849
0.48691; 640.714
0.49358; 640.511
0.50025; 640.241
0.50692; 639.905
0.51359; 639.501
0.52026; 639.031
0.52693; 638.495
0.5336; 637.893
0.54027; 637.226
0.54694; 636.494
0.55361; 635.699
0.56028; 634.84
0.56695; 633.917
0.57362; 632.933
0.58029; 631.887
0.58696; 630.78
0.59363; 629.613
0.6003; 628.386
0.60697; 627.1
0.61364; 625.756
0.62031; 624.354
0.62698; 622.896
0.63365; 621.381
0.64032; 619.81
0.64699; 618.184
0.65366; 616.502
0.66033; 614.767
0.667; 612.977
0.67367; 611.133
0.68034; 609.236
0.68701; 607.284
0.69368; 605.279
0.70035; 603.219
0.70702; 601.105
0.71369; 598.936
0.72036; 596.711
0.72703; 594.429
0.7337; 592.089
0.74037; 589.69
0.74704; 587.23
0.75371; 584.707
0.76038; 582.119
0.76705; 579.463
0.77372; 576.737
0.78039; 573.935
0.78706; 571.056
0.79373; 568.093
0.8004; 565.043
0.80707; 561.898
0.81374; 558.653
0.82041; 555.3
0.82708; 551.83
0.83375; 548.233
0.84042; 544.498
0.84709; 540.613
0.85376; 536.563
0.86043; 532.332
0.8671; 527.902
0.87377; 523.251
0.88044; 518.355
0.88711; 513.188
0.89378; 507.721
0.90045; 501.921
0.90712; 495.756
0.91379; 489.194
0.92046; 482.213
0.92713; 474.812
0.9338; 467.029
0.94047; 458.988
0.94714; 450.96
0.95381; 443.457
0.96048; 437.33
0.96715; 433.738
0.97382; 433.738
0.98049; 437.33
0.98716; 443.457
0.99383; 450.96
1.0005; 458.988
1.00717; 467.029
1.01384; 474.812
1.02051; 482.213
1.02718; 489.194
1.03385; 495.756
1.04052; 501.921
1.04719; 507.721
1.05386; 513.188
1.06053; 518.355
1.0672; 523.251
1.07387; 527.902
1.08054; 532.332
1.08721; 536.563
1.09388; 540.613
1.10055; 544.498
1.10722; 548.233
1.11389; 551.83
1.12056; 555.3
1.12723; 558.653
1.1339; 561.898
1.14057; 565.043
1.14724; 568.093
1.15391; 571.056
1.16058; 573.935
1.16725; 576.737
1.17392; 579.463
1.18059; 582.119
1.18726; 584.707
1.19393; 587.23
1.2006; 589.69
1.20727; 592.089
1.21394; 594.429
1.22061; 596.711
1.22728; 598.936
1.23395; 601.105
1.24062; 603.219
1.24729; 605.279
1.25396; 607.284
1.26063; 609.236
1.2673; 611.133
1.27397; 612.977
1.28064; 614.767
1.28731; 616.502
1.29398; 618.184
1.30065; 619.81
1.30732; 621.381
1.31399; 622.896
1.32066; 624.354
1.32733; 625.756
1.334; 627.1
1.34067; 628.386
1.34734; 629.613
1.35401; 630.78
1.36068; 631.887
1.36735; 632.933
1.37402; 633.917
1.38069; 634.84
1.38736; 635.699
1.39403; 636.494
1.4007; 637.226
1.40737; 637.893
1.41404; 638.495
1.42071; 639.031
1.42738; 639.501
1.43405; 639.905
1.44072; 640.241
1.44739; 640.511
1.45406; 640.714
1.46073; 640.849
1.4674; 640.916
1.47407; 0
1.48074; 0
1.48741; 0
1.49408; 0
1.50075; 0
1.50742; 0
1.51409; 0
1.52076; 0
1.52743; 0
1.5341; 0
1.54077; 0
1.54744; 0
1.55411; 0
1.56078; 0
1.56745; 0
1.57412; 0
1.58079; 0
1.58746; 0
1.59413; 0
1.6008; 0
1.60747; 0
1.61414; 0
1.62081; 0
1.62748; 0
1.63415; 0
1.64082; 0
1.64749; 0
1.65416; 0
1.66083; 0
1.6675; 0
1.67417; 0
1.68084; 0
1.68751; 0
1.69418; 0
1.70085; 0
1.70752; 0
1.71419; 0
1.72086; 0
1.72753; 0
1.7342; 0
1.74087; 0
1.74754; 0
1.75421; 0
1.76088; 0
1.76755; 0
1.77422; 0
1.78089; 0
1.78756; 0
1.79423; 0
1.8009; 0
1.80757; 0
1.81424; 0
1.82091; 0
1.82758; 0
1.83425; 0
1.84092; 0
1.84759; 0
1.85426; 0
1.86093; 0
1.8676; 0
1.87427; 0
1.88094; 0
1.88761; 0
1.89428; 0
1.90095; 0
1.90762; 0
1.91429; 0
1.92096; 0
1.92763; 0
1.9343; 0
1.94097; 0
1.94764; 0
1.95431; 0
1.96098; 0
1.96765; 0
1.97432; 0
1.98099; 0
1.98766; 0
1.99433; 0
2.001; 0
