0.00667; 0
0.01334; 0
0.02001; 0
0.02668; 0
0.03335; 0
0.04002; 0
0.04669; 0
0.05336; 0
0.06003; 0
0.0667; 0
0.07337; 0
0.08004; 0
0.08671; 0
0.09338; 0
0.10005; 0
0.10672; 0
0.11339; 0
0.12006; 0
0.12673; 0
0.1334; 0
0.14007; 0
0.14674; 0
0.15341; 0
0.16008; 0
0.16675; 0
0.17342; 0
0.18009; 0
0.18676; 0
0.19343; 0
0.2001; 0
0.20677; 0
0.21344; 0
0.22011; 0
0.22678; 0
0.23345; 0
0.24012; 0
0.24679; 0
0.25346; 0
0.26013; 0
0.2668; 0
0.27347; 0
0.28014; 0
0.28681; 0
0.29348; 0
0.30015; 0
0.30682; 0
0.31349; 0
0.32016; 0
0.32683; 0
0.3335; 0
0.34017; 0
0.34684; 0
0.35351; 0
0.36018; 0
0.36685; 0
0.37352; 0
0.38019; 0
0.38686; 0
0.39353; 0
0.4002; 0
0.40687; 0
0.41354; 0
0.42021; 0
0.42688; 0
0.43355; 0
0.44022; 0
0.44689; 0
0.45356; 0
0.46023; 0
0.4669; 0
0.47357; 482.213
0.48024; 482.147
0.48691; 482.017
0.49358; 481.822
0.50025; 481.562
0.50692; 481.238
0.51359; 480.85
0.52026; 480.4
0.52693; 479.887
0.5336; 479.313
0.54027; 478.678
0.54694; 477.984
0.55361; 477.233
0.56028; 476.424
0.56695; 475.559
0.57362; 474.64
0.58029; 473.668
0.58696; 472.645
0.59363; 471.572
0.6003; 470.451
0.60697; 469.283
0.61364; 468.071
0.62031; 466.815
0.62698; 465.518
0.63365; 464.181
0.64032; 462.806
0.64699; 461.395
0.65366; 459.949
0.66033; 458.471
0.667; 456.961
0.67367; 455.422
0.68034; 453.855
0.68701; 452.262
0.69368; 450.644
0.70035; 449.003
0.70702; 447.339
0.71369; 445.655
0.72036; 443.951
0.72703; 442.229
0.7337; 440.489
0.74037; 438.732
0.74704; 436.958
0.75371; 435.169
0.76038; 433.364
0.76705; 431.543
0.77372; 429.707
0.78039; 427.855
0.78706; 425.986
0.79373; 424.099
0.8004; 422.193
0.80707; 420.267
0.81374; 418.318
0.82041; 416.343
0.82708; 414.341
0.83375; 412.306
0.84042; 410.236
0.84709; 408.124
0.85376; 405.966
0.86043; 403.754
0.8671; 401.481
0.87377; 399.137
0.88044; 396.713
0.88711; 394.197
0.89378; 391.576
0.90045; 388.836
0.90712; 385.961
0.91379; 382.94
0.92046; 379.76
0.92713; 376.42
0.9338; 372.937
0.94047; 369.362
0.94714; 365.811
0.95381; 362.507
0.96048; 359.816
0.96715; 358.242
0.97382; 358.242
0.98049; 359.816
0.98716; 362.507
0.99383; 365.811
1.0005; 369.362
1.00717; 372.937
1.01384; 376.42
1.02051; 379.76
1.02718; 382.94
1.03385; 385.961
1.04052; 388.836
1.04719; 391.576
1.05386; 394.197
1.06053; 396.713
1.0672; 399.137
1.07387; 401.481
1.08054; 403.754
1.08721; 405.966
1.09388; 408.124
1.10055; 410.236
1.10722; 412.306
1.11389; 414.341
1.12056; 416.343
1.12723; 418.318
1.1339; 420.267
1.14057; 422.193
1.14724; 424.099
1.15391; 425.986
1.16058; 427.855
1.16725; 429.707
1.17392; 431.543
1.18059; 433.364
1.18726; 435.169
1.19393; 436.958
1.2006; 438.732
1.20727; 440.489
1.21394; 442.229
1.22061; 443.951
1.22728; 445.655
1.23395; 447.339
1.24062; 449.003
1.24729; 450.644
1.25396; 452.262
1.26063; 453.855
1.2673; 455.422
1.27397; 456.961
1.28064; 458.471
1.28731; 459.949
1.29398; 461.395
1.30065; 462.806
1.30732; 464.181
1.31399; 465.518
1.32066; 466.815
1.32733; 468.071
1.334; 469.283
1.34067; 470.451
1.34734; 471.572
1.35401; 472.645
1.36068; 473.668
1.36735; 474.64
1.37402; 475.559
1.38069; 476.424
1.38736; 477.233
1.39403; 477.984
1.4007; 478.678
1.40737; 479.313
1.41404; 479.887
1.42071; 480.4
1.42738; 480.85
1.43405; 481.238
1.44072; 481.562
1.44739; 481.822
1.45406; 482.017
1.46073; 482.147
1.4674; 482.213
1.47407; 0
1.48074; 0
1.48741; 0
1.49408; 0
1.50075; 0
1.50742; 0
1.51409; 0
1.52076; 0
1.52743; 0
1.5341; 0
1.54077; 0
1.54744; 0
1.55411; 0
1.56078; 0
1.56745; 0
1.57412; 0
1.58079; 0
1.58746; 0
1.59413; 0
1.6008; 0
1.60747; 0
1.61414; 0
1.62081; 0
1.62748; 0
1.63415; 0
1.64082; 0
1.64749; 0
1.65416; 0
1.66083; 0
1.6675; 0
1.67417; 0
1.68084; 0
1.68751; 0
1.69418; 0
1.70085; 0
1.70752; 0
1.71419; 0
1.72086; 0
1.72753; 0
1.7342; 0
1.74087; 0
1.74754; 0
1.75421; 0
1.76088; 0
1.76755; 0
1.77422; 0
1.78089; 0
1.78756; 0
1.79423; 0
1.8009; 0
1.80757; 0
1.81424; 0
1.82091; 0
1.82758; 0
1.83425; 0
1.84092; 0
1.84759; 0
1.85426; 0
1.86093; 0
1.8676; 0
1.87427; 0
1.88094; 0
1.88761; 0
1.89428; 0
1.90095; 0
1.90762; 0
1.91429; 0
1.92096; 0
1.92763; 0
1.9343; 0
1.94097; 0
1.94764; 0
1.95431; 0
1.96098; 0
1.96765; 0
1.97432; 0
1.98099; 0
1.98766; 0
1.99433; 0
2.001; 0
