0.00667; 0
0.01334; 0
0.02001; 0
0.02668; 0
0.03335; 0
0.04002; 0
0.04669; 0
0.05336; 0
0.06003; 0
0.0667; 0
0.07337; 0
0.08004; 0
0.08671; 0
0.09338; 0
0.10005; 0
0.10672; 0
0.11339; 0
0.12006; 0
0.12673; 0
0.1334; 0
0.14007; 0
0.14674; 0
0.15341; 0
0.16008; 0
0.16675; 0
0.17342; 0
0.18009; 0
0.18676; 0
0.19343; 0
0.2001; 0
0.20677; 0
0.21344; 0
0.22011; 0
0.22678; 0
0.23345; 0
0.24012; 0
0.24679; 0
0.25346; 0
0.26013; 0
0.2668; 0
0.27347; 0
0.28014; 0
0.28681; 0
0.29348; 0
0.30015; 0
0.30682; 0
0.31349; 0
0.32016; 0
0.32683; 0
0.3335; 0
0.34017; 0
0.34684; 0
0.35351; 0
0.36018; 0
0.36685; 0
0.37352; 0
0.38019; 0
0.38686; 0
0.39353; 0
0.4002; 0
0.40687; 0
0.41354; 0
0.42021; 0
0.42688; 0
0.43355; 0
0.44022; 0
0.44689; 0
0.45356; 0
0.46023; 0
0.4669; 0
0.47357; 708.09
0.48024; 708.022
0.48691; 707.885
0.49358; 707.681
0.50025; 707.408
0.50692; 707.068
0.51359; 706.66
0.52026; 706.184
0.52693; 705.641
0.5336; 705.031
0.54027; 704.354
0.54694; 703.61
0.55361; 702.8
0.56028; 701.924
0.56695; 700.983
0.57362; 699.976
0.58029; 698.904
0.58696; 697.767
0.59363; 696.566
0.6003; 695.3
0.60697; 693.971
0.61364; 692.578
0.62031; 691.121
0.62698; 689.601
0.63365; 688.018
0.64032; 686.371
0.64699; 684.661
0.65366; 682.888
0.66033; 681.051
0.667; 679.15
0.67367; 677.185
0.68034; 675.155
0.68701; 673.059
0.69368; 670.897
0.70035; 668.668
0.70702; 666.371
0.71369; 664.003
0.72036; 661.565
0.72703; 659.053
0.7337; 656.467
0.74037; 653.803
0.74704; 651.059
0.75371; 648.231
0.76038; 645.318
0.76705; 642.314
0.77372; 639.216
0.78039; 636.018
0.78706; 632.716
0.79373; 629.302
0.8004; 625.771
0.80707; 622.115
0.81374; 618.324
0.82041; 614.39
0.82708; 610.301
0.83375; 606.044
0.84042; 601.606
0.84709; 596.971
0.85376; 592.121
0.86043; 587.035
0.8671; 581.69
0.87377; 576.06
0.88044; 570.116
0.88711; 563.824
0.89378; 557.148
0.90045; 550.048
0.90712; 542.484
0.91379; 534.417
0.92046; 525.82
0.92713; 516.691
0.9338; 507.079
0.94047; 497.139
0.94714; 487.205
0.95381; 477.916
0.96048; 470.325
0.96715; 465.875
0.97382; 465.875
0.98049; 470.325
0.98716; 477.916
0.99383; 487.205
1.0005; 497.139
1.00717; 507.079
1.01384; 516.691
1.02051; 525.82
1.02718; 534.417
1.03385; 542.484
1.04052; 550.048
1.04719; 557.148
1.05386; 563.824
1.06053; 570.116
1.0672; 576.06
1.07387; 581.69
1.08054; 587.035
1.08721; 592.121
1.09388; 596.971
1.10055; 601.606
1.10722; 606.044
1.11389; 610.301
1.12056; 614.39
1.12723; 618.324
1.1339; 622.115
1.14057; 625.771
1.14724; 629.302
1.15391; 632.716
1.16058; 636.018
1.16725; 639.216
1.17392; 642.314
1.18059; 645.318
1.18726; 648.231
1.19393; 651.059
1.2006; 653.803
1.20727; 656.467
1.21394; 659.053
1.22061; 661.565
1.22728; 664.003
1.23395; 666.371
1.24062; 668.668
1.24729; 670.897
1.25396; 673.059
1.26063; 675.155
1.2673; 677.185
1.27397; 679.15
1.28064; 681.051
1.28731; 682.888
1.29398; 684.661
1.30065; 686.371
1.30732; 688.018
1.31399; 689.601
1.32066; 691.121
1.32733; 692.578
1.334; 693.971
1.34067; 695.3
1.34734; 696.566
1.35401; 697.767
1.36068; 698.904
1.36735; 699.976
1.37402; 700.983
1.38069; 701.924
1.38736; 702.8
1.39403; 703.61
1.4007; 704.354
1.40737; 705.031
1.41404; 705.641
1.42071; 706.184
1.42738; 706.66
1.43405; 707.068
1.44072; 707.408
1.44739; 707.681
1.45406; 707.885
1.46073; 708.022
1.4674; 708.09
1.47407; 0
1.48074; 0
1.48741; 0
1.49408; 0
1.50075; 0
1.50742; 0
1.51409; 0
1.52076; 0
1.52743; 0
1.5341; 0
1.54077; 0
1.54744; 0
1.55411; 0
1.56078; 0
1.56745; 0
1.57412; 0
1.58079; 0
1.58746; 0
1.59413; 0
1.6008; 0
1.60747; 0
1.61414; 0
1.62081; 0
1.62748; 0
1.63415; 0
1.64082; 0
1.64749; 0
1.65416; 0
1.66083; 0
1.6675; 0
1.67417; 0
1.68084; 0
1.68751; 0
1.69418; 0
1.70085; 0
1.70752; 0
1.71419; 0
1.72086; 0
1.72753; 0
1.7342; 0
1.74087; 0
1.74754; 0
1.75421; 0
1.76088; 0
1.76755; 0
1.77422; 0
1.78089; 0
1.78756; 0
1.79423; 0
1.8009; 0
1.80757; 0
1.81424; 0
1.82091; 0
1.82758; 0
1.83425; 0
1.84092; 0
1.84759; 0
1.85426; 0
1.86093; 0
1.8676; 0
1.87427; 0
1.88094; 0
1.88761; 0
1.89428; 0
1.90095; 0
1.90762; 0
1.91429; 0
1.92096; 0
1.92763; 0
1.9343; 0
1.94097; 0
1.94764; 0
1.95431; 0
1.96098; 0
1.96765; 0
1.97432; 0
1.98099; 0
1.98766; 0
1.99433; 0
2.001; 0
