0.0026; 745.378
0.0052; 745.384
0.0078; 745.39
0.0104; 745.403
0.013; 745.42
0.0156; 745.444
0.0182; 745.472
0.0208; 745.505
0.0234; 745.542
0.026; 745.583
0.0286; 745.628
0.0312; 745.676
0.0338; 745.727
0.0364; 745.781
0.039; 745.836
0.0416; 745.894
0.0442; 745.954
0.0468; 746.015
0.0494; 746.077
0.052; 746.14
0.0546; 746.204
0.0572; 746.269
0.0598; 746.335
0.0624; 746.401
0.065; 746.467
0.0676; 746.534
0.0702; 746.6
0.0728; 746.666
0.0754; 746.731
0.078; 746.795
0.0806; 746.855
0.0832; 746.912
0.0858; 746.966
0.0884; 747.015
0.091; 747.059
0.0936; 747.097
0.0962; 747.126
0.0988; 747.145
0.1014; 747.155
0.104; 747.155
0.1066; 747.148
0.1092; 747.135
0.1118; 747.115
0.1144; 747.09
0.117; 747.059
0.1196; 747.024
0.1222; 746.984
0.1248; 746.939
0.1274; 746.889
0.13; 746.833
0.1326; 746.772
0.1352; 746.704
0.1378; 746.628
0.1404; 746.545
0.143; 746.452
0.1456; 746.347
0.1482; 746.229
0.1508; 746.095
0.1534; 745.942
0.156; 745.77
0.1586; 745.577
0.1612; 745.368
0.1638; 745.143
0.1664; 744.902
0.169; 744.645
0.1716; 744.371
0.1742; 744.08
0.1768; 743.773
0.1794; 743.451
0.182; 743.113
0.1846; 742.759
0.1872; 742.389
0.1898; 742.003
0.1924; 741.601
0.195; 741.183
0.1976; 740.748
0.2002; 740.298
0.2028; 739.832
0.2054; 739.35
0.208; 738.853
0.2106; 738.341
0.2132; 737.815
0.2158; 737.275
0.2184; 736.722
0.221; 736.156
0.2236; 735.579
0.2262; 734.991
0.2288; 734.393
0.2314; 733.784
0.234; 733.164
0.2366; 732.534
0.2392; 731.893
0.2418; 731.24
0.2444; 730.575
0.247; 729.899
0.2496; 729.21
0.2522; 728.509
0.2548; 727.795
0.2574; 727.067
0.26; 726.327
0.2626; 725.573
0.2652; 724.807
0.2678; 724.026
0.2704; 723.233
0.273; 722.425
0.2756; 721.604
0.2782; 720.77
0.2808; 719.921
0.2834; 719.059
0.286; 718.183
0.2886; 717.292
0.2912; 716.388
0.2938; 715.469
0.2964; 714.536
0.299; 713.59
0.3016; 712.629
0.3042; 711.654
0.3068; 710.664
0.3094; 709.66
0.312; 708.638
0.3146; 707.664
0.3172; 706.713
0.3198; 705.778
0.3224; 704.847
0.325; 703.91
0.3276; 702.959
0.3302; 701.964
0.3328; 700.951
0.3354; 699.928
0.338; 698.897
0.3406; 697.865
0.3432; 696.84
0.3458; 695.772
0.3484; 694.631
0.351; 693.497
0.3536; 692.362
0.3562; 691.219
0.3588; 690.064
0.3614; 688.898
0.364; 687.717
0.3666; 686.532
0.3692; 685.344
0.3718; 684.154
0.3744; 682.962
0.377; 681.765
0.3796; 680.564
0.3822; 679.357
0.3848; 678.142
0.3874; 676.919
0.39; 675.687
0.3926; 674.443
0.3952; 673.188
0.3978; 671.919
0.4004; 670.636
0.403; 669.337
0.4056; 668.021
0.4082; 666.687
0.4108; 665.334
0.4134; 663.961
0.416; 662.566
0.4186; 661.148
0.4212; 659.708
0.4238; 658.242
0.4264; 656.751
0.429; 655.234
0.4316; 653.691
0.4342; 652.119
0.4368; 650.519
0.4394; 648.89
0.442; 647.232
0.4446; 645.544
0.4472; 643.825
0.4498; 642.076
0.4524; 640.295
0.455; 638.481
0.4576; 636.632
0.4602; 634.744
0.4628; 632.816
0.4654; 630.844
0.468; 628.827
0.4706; 626.764
0.4732; 624.653
0.4758; 622.493
0.4784; 620.283
0.481; 618.024
0.4836; 615.718
0.4862; 613.369
0.4888; 610.98
0.4914; 608.558
0.494; 606.098
0.4966; 603.59
0.4992; 601.032
0.5018; 598.422
0.5044; 595.761
0.507; 593.047
0.5096; 590.28
0.5122; 587.459
0.5148; 584.581
0.5174; 581.649
0.52; 578.696
0.5226; 575.671
0.5252; 572.67
0.5278; 569.744
0.5304; 566.805
0.533; 563.854
0.5356; 560.916
0.5382; 557.993
0.5408; 555.084
0.5434; 552.188
0.546; 549.304
0.5486; 546.431
0.5512; 543.572
0.5538; 540.725
0.5564; 537.891
0.559; 535.071
0.5616; 532.266
0.5642; 529.477
0.5668; 526.703
0.5694; 523.946
0.572; 521.207
0.5746; 518.488
0.5772; 515.788
0.5798; 513.109
0.5824; 510.453
0.585; 507.82
0.5876; 505.212
0.5902; 502.629
0.5928; 500.074
0.5954; 497.547
0.598; 495.048
0.6006; 492.58
0.6032; 490.143
0.6058; 487.738
0.6084; 485.367
0.611; 483.029
0.6136; 480.725
0.6162; 478.457
0.6188; 476.225
0.6214; 474.03
0.624; 471.872
0.6266; 469.751
0.6292; 467.669
0.6318; 465.624
0.6344; 463.618
0.637; 461.651
0.6396; 459.724
0.6422; 457.835
0.6448; 455.985
0.6474; 454.175
0.65; 452.405
0.6526; 450.674
0.6552; 448.983
0.6578; 447.331
0.6604; 445.719
0.663; 444.146
0.6656; 442.613
0.6682; 441.119
0.6708; 439.665
0.6734; 438.249
0.676; 436.873
0.6786; 435.536
0.6812; 434.237
0.6838; 432.977
0.6864; 431.755
0.689; 430.572
0.6916; 429.426
0.6942; 428.318
0.6968; 427.247
0.6994; 426.213
0.702; 425.216
0.7046; 424.256
0.7072; 423.331
0.7098; 422.443
0.7124; 421.589
0.715; 420.771
0.7176; 419.988
0.7202; 419.24
0.7228; 418.525
0.7254; 417.845
0.728; 417.198
0.7306; 416.584
0.7332; 416.003
0.7358; 415.455
0.7384; 414.938
0.741; 414.454
0.7436; 414.002
0.7462; 413.581
0.7488; 413.191
0.7514; 412.833
0.754; 412.504
0.7566; 412.207
0.7592; 411.94
0.7618; 411.703
0.7644; 411.495
0.767; 411.318
0.7696; 411.171
0.7722; 411.053
0.7748; 410.964
0.7774; 410.905
0.78; 410.876
