0.00026; 419.039
0.00052; 419.027
0.00078; 419.016
0.00104; 418.997
0.0013; 419.007
0.00156; 419.007
0.00182; 418.997
0.00208; 418.968
0.00234; 418.989
0.0026; 418.991
0.00286; 418.982
0.00312; 418.964
0.00338; 418.974
0.00364; 418.974
0.0039; 418.963
0.00416; 418.935
0.00442; 418.955
0.00468; 418.958
0.00494; 418.949
0.0052; 418.931
0.00546; 418.941
0.00572; 418.941
0.00598; 418.931
0.00624; 418.902
0.0065; 418.923
0.00676; 418.926
0.00702; 418.917
0.00728; 418.899
0.00754; 418.909
0.0078; 418.91
0.00806; 418.9
0.00832; 418.872
0.00858; 418.892
0.00884; 418.896
0.0091; 418.887
0.00936; 418.87
0.00962; 418.88
0.00988; 418.881
0.01014; 418.87
0.0104; 418.843
0.01066; 418.864
0.01092; 418.867
0.01118; 418.859
0.01144; 418.842
0.0117; 418.852
0.01196; 418.853
0.01222; 418.843
0.01248; 418.816
0.01274; 418.837
0.013; 418.841
0.01326; 418.833
0.01352; 418.816
0.01378; 418.827
0.01404; 418.828
0.0143; 418.818
0.01456; 418.791
0.01482; 418.813
0.01508; 418.817
0.01534; 418.809
0.0156; 418.792
0.01586; 418.803
0.01612; 418.805
0.01638; 418.795
0.01664; 418.768
0.0169; 418.79
0.01716; 418.794
0.01742; 418.787
0.01768; 418.77
0.01794; 418.782
0.0182; 418.783
0.01846; 418.774
0.01872; 418.747
0.01898; 418.77
0.01924; 418.774
0.0195; 418.767
0.01976; 418.751
0.02002; 418.762
0.02028; 418.764
0.02054; 418.755
0.0208; 418.728
0.02106; 418.751
0.02132; 418.756
0.02158; 418.749
0.02184; 418.733
0.0221; 418.744
0.02236; 418.747
0.02262; 418.738
0.02288; 418.711
0.02314; 418.734
0.0234; 418.74
0.02366; 418.733
0.02392; 418.717
0.02418; 418.729
0.02444; 418.732
0.0247; 418.723
0.02496; 418.697
0.02522; 418.72
0.02548; 418.726
0.02574; 418.719
0.026; 418.704
0.02626; 418.716
0.02652; 418.719
0.02678; 418.711
0.02704; 418.685
0.0273; 418.708
0.02756; 418.714
0.02782; 418.707
0.02808; 418.692
0.02834; 418.705
0.0286; 418.708
0.02886; 418.7
0.02912; 418.674
0.02938; 418.698
0.02964; 418.704
0.0299; 418.698
0.03016; 418.683
0.03042; 418.696
0.03068; 418.699
0.03094; 418.691
0.0312; 418.666
0.03146; 418.689
0.03172; 418.695
0.03198; 418.69
0.03224; 418.675
0.0325; 418.688
0.03276; 418.691
0.03302; 418.684
0.03328; 418.659
0.03354; 418.683
0.0338; 418.689
0.03406; 418.683
0.03432; 418.669
0.03458; 418.682
0.03484; 418.686
0.0351; 418.679
0.03536; 418.654
0.03562; 418.678
0.03588; 418.685
0.03614; 418.679
0.0364; 418.665
0.03666; 418.679
0.03692; 418.683
0.03718; 418.676
0.03744; 418.651
0.0377; 418.676
0.03796; 418.683
0.03822; 418.678
0.03848; 418.664
0.03874; 418.677
0.039; 418.682
0.03926; 418.675
0.03952; 418.651
0.03978; 418.675
0.04004; 418.682
0.0403; 418.678
0.04056; 418.664
0.04082; 418.678
0.04108; 418.682
0.04134; 418.676
0.0416; 418.652
0.04186; 418.677
0.04212; 418.684
0.04238; 418.679
0.04264; 418.666
0.0429; 418.68
0.04316; 418.685
0.04342; 418.679
0.04368; 418.655
0.04394; 418.68
0.0442; 418.687
0.04446; 418.683
0.04472; 418.669
0.04498; 418.684
0.04524; 418.689
0.0455; 418.683
0.04576; 418.659
0.04602; 418.684
0.04628; 418.692
0.04654; 418.688
0.0468; 418.675
0.04706; 418.69
0.04732; 418.695
0.04758; 418.689
0.04784; 418.665
0.0481; 418.691
0.04836; 418.699
0.04862; 418.695
0.04888; 418.682
0.04914; 418.697
0.0494; 418.702
0.04966; 418.697
0.04992; 418.673
0.05018; 418.699
0.05044; 418.707
0.0507; 418.704
0.05096; 418.691
0.05122; 418.706
0.05148; 418.712
0.05174; 418.706
0.052; 418.683
0.05226; 418.71
0.05252; 418.718
0.05278; 418.715
0.05304; 418.702
0.0533; 418.717
0.05356; 418.723
0.05382; 418.718
0.05408; 418.695
0.05434; 418.721
0.0546; 418.73
0.05486; 418.727
0.05512; 418.715
0.05538; 418.73
0.05564; 418.736
0.0559; 418.732
0.05616; 418.709
0.05642; 418.735
0.05668; 418.744
0.05694; 418.741
0.0572; 418.729
0.05746; 418.745
0.05772; 418.751
0.05798; 418.747
0.05824; 418.724
0.0585; 418.751
0.05876; 418.76
0.05902; 418.758
0.05928; 418.746
0.05954; 418.762
0.0598; 418.768
0.06006; 418.764
0.06032; 418.742
0.06058; 418.769
0.06084; 418.778
0.0611; 418.776
0.06136; 418.764
0.06162; 418.781
0.06188; 418.787
0.06214; 418.783
0.0624; 418.761
0.06266; 418.789
0.06292; 418.798
0.06318; 418.796
0.06344; 418.784
0.0637; 418.801
0.06396; 418.808
0.06422; 418.804
0.06448; 418.782
0.06474; 418.81
0.065; 418.819
0.06526; 418.817
0.06552; 418.806
0.06578; 418.823
0.06604; 418.83
0.0663; 418.827
0.06656; 418.805
0.06682; 418.833
0.06708; 418.843
0.06734; 418.841
0.0676; 418.83
0.06786; 418.847
0.06812; 418.854
0.06838; 418.851
0.06864; 418.829
0.0689; 418.857
0.06916; 418.867
0.06942; 418.866
0.06968; 418.855
0.06994; 418.872
0.0702; 418.88
0.07046; 418.877
0.07072; 418.856
0.07098; 418.884
0.07124; 418.894
0.0715; 418.893
0.07176; 418.882
0.07202; 418.9
0.07228; 418.908
0.07254; 418.905
0.0728; 418.884
0.07306; 418.912
0.07332; 418.923
0.07358; 418.922
0.07384; 418.911
0.0741; 418.929
0.07436; 418.937
0.07462; 418.934
0.07488; 418.914
0.07514; 418.942
0.0754; 418.953
0.07566; 418.952
0.07592; 418.941
0.07618; 418.959
0.07644; 418.967
0.0767; 418.964
0.07696; 418.943
0.07722; 418.971
0.07748; 418.981
0.07774; 418.979
0.078; 418.967
