0.00667; 0
0.01334; 0
0.02001; 0
0.02668; 0
0.03335; 0
0.04002; 0
0.04669; 0
0.05336; 0
0.06003; 0
0.0667; 0
0.07337; 0
0.08004; 0
0.08671; 0
0.09338; 0
0.10005; 0
0.10672; 0
0.11339; 0
0.12006; 0
0.12673; 0
0.1334; 0
0.14007; 0
0.14674; 0
0.15341; 0
0.16008; 0
0.16675; 0
0.17342; 0
0.18009; 0
0.18676; 0
0.19343; 0
0.2001; 0
0.20677; 0
0.21344; 0
0.22011; 0
0.22678; 0
0.23345; 0
0.24012; 0
0.24679; 0
0.25346; 0
0.26013; 0
0.2668; 0
0.27347; 0
0.28014; 0
0.28681; 0
0.29348; 0
0.30015; 0
0.30682; 0
0.31349; 0
0.32016; 0
0.32683; 0
0.3335; 0
0.34017; 0
0.34684; 0
0.35351; 0
0.36018; 0
0.36685; 0
0.37352; 0
0.38019; 0
0.38686; 0
0.39353; 0
0.4002; 0
0.40687; 0
0.41354; 0
0.42021; 0
0.42688; 0
0.43355; 0
0.44022; 0
0.44689; 0
0.45356; 0
0.46023; 0
0.4669; 0
0.47357; 522.853
0.48024; 522.786
0.48691; 522.654
0.49358; 522.455
0.50025; 522.191
0.50692; 521.862
0.51359; 521.467
0.52026; 521.009
0.52693; 520.486
0.5336; 519.901
0.54027; 519.254
0.54694; 518.546
0.55361; 517.778
0.56028; 516.951
0.56695; 516.066
0.57362; 515.124
0.58029; 514.127
0.58696; 513.075
0.59363; 511.971
0.6003; 510.816
0.60697; 509.61
0.61364; 508.356
0.62031; 507.055
0.62698; 505.708
0.63365; 504.317
0.64032; 502.884
0.64699; 501.409
0.65366; 499.894
0.66033; 498.341
0.667; 496.751
0.67367; 495.125
0.68034; 493.464
0.68701; 491.77
0.69368; 490.044
0.70035; 488.287
0.70702; 486.499
0.71369; 484.682
0.72036; 482.836
0.72703; 480.962
0.7337; 479.06
0.74037; 477.131
0.74704; 475.174
0.75371; 473.189
0.76038; 471.176
0.76705; 469.135
0.77372; 467.064
0.78039; 464.963
0.78706; 462.829
0.79373; 460.662
0.8004; 458.458
0.80707; 456.215
0.81374; 453.931
0.82041; 451.6
0.82708; 449.219
0.83375; 446.782
0.84042; 444.284
0.84709; 441.717
0.85376; 439.074
0.86043; 436.346
0.8671; 433.522
0.87377; 430.589
0.88044; 427.535
0.88711; 424.344
0.89378; 420.999
0.90045; 417.481
0.90712; 413.771
0.91379; 409.85
0.92046; 405.706
0.92713; 401.336
0.9338; 396.763
0.94047; 392.056
0.94714; 387.372
0.95381; 383.004
0.96048; 379.442
0.96715; 377.357
0.97382; 377.357
0.98049; 379.442
0.98716; 383.004
0.99383; 387.372
1.0005; 392.056
1.00717; 396.763
1.01384; 401.336
1.02051; 405.706
1.02718; 409.85
1.03385; 413.771
1.04052; 417.481
1.04719; 420.999
1.05386; 424.344
1.06053; 427.535
1.0672; 430.589
1.07387; 433.522
1.08054; 436.346
1.08721; 439.074
1.09388; 441.717
1.10055; 444.284
1.10722; 446.782
1.11389; 449.219
1.12056; 451.6
1.12723; 453.931
1.1339; 456.215
1.14057; 458.458
1.14724; 460.662
1.15391; 462.829
1.16058; 464.963
1.16725; 467.064
1.17392; 469.135
1.18059; 471.176
1.18726; 473.189
1.19393; 475.174
1.2006; 477.131
1.20727; 479.06
1.21394; 480.962
1.22061; 482.836
1.22728; 484.682
1.23395; 486.499
1.24062; 488.287
1.24729; 490.044
1.25396; 491.77
1.26063; 493.464
1.2673; 495.125
1.27397; 496.751
1.28064; 498.341
1.28731; 499.894
1.29398; 501.409
1.30065; 502.884
1.30732; 504.317
1.31399; 505.708
1.32066; 507.055
1.32733; 508.356
1.334; 509.61
1.34067; 510.816
1.34734; 511.971
1.35401; 513.075
1.36068; 514.127
1.36735; 515.124
1.37402; 516.066
1.38069; 516.951
1.38736; 517.778
1.39403; 518.546
1.4007; 519.254
1.40737; 519.901
1.41404; 520.486
1.42071; 521.009
1.42738; 521.467
1.43405; 521.862
1.44072; 522.191
1.44739; 522.455
1.45406; 522.654
1.46073; 522.786
1.4674; 522.853
1.47407; 0
1.48074; 0
1.48741; 0
1.49408; 0
1.50075; 0
1.50742; 0
1.51409; 0
1.52076; 0
1.52743; 0
1.5341; 0
1.54077; 0
1.54744; 0
1.55411; 0
1.56078; 0
1.56745; 0
1.57412; 0
1.58079; 0
1.58746; 0
1.59413; 0
1.6008; 0
1.60747; 0
1.61414; 0
1.62081; 0
1.62748; 0
1.63415; 0
1.64082; 0
1.64749; 0
1.65416; 0
1.66083; 0
1.6675; 0
1.67417; 0
1.68084; 0
1.68751; 0
1.69418; 0
1.70085; 0
1.70752; 0
1.71419; 0
1.72086; 0
1.72753; 0
1.7342; 0
1.74087; 0
1.74754; 0
1.75421; 0
1.76088; 0
1.76755; 0
1.77422; 0
1.78089; 0
1.78756; 0
1.79423; 0
1.8009; 0
1.80757; 0
1.81424; 0
1.82091; 0
1.82758; 0
1.83425; 0
1.84092; 0
1.84759; 0
1.85426; 0
1.86093; 0
1.8676; 0
1.87427; 0
1.88094; 0
1.88761; 0
1.89428; 0
1.90095; 0
1.90762; 0
1.91429; 0
1.92096; 0
1.92763; 0
1.9343; 0
1.94097; 0
1.94764; 0
1.95431; 0
1.96098; 0
1.96765; 0
1.97432; 0
1.98099; 0
1.98766; 0
1.99433; 0
2.001; 0
