0.00667; 0
0.01334; 0
0.02001; 0
0.02668; 0
0.03335; 0
0.04002; 0
0.04669; 0
0.05336; 0
0.06003; 0
0.0667; 0
0.07337; 0
0.08004; 0
0.08671; 0
0.09338; 0
0.10005; 0
0.10672; 0
0.11339; 0
0.12006; 0
0.12673; 0
0.1334; 0
0.14007; 0
0.14674; 0
0.15341; 0
0.16008; 0
0.16675; 0
0.17342; 0
0.18009; 0
0.18676; 0
0.19343; 0
0.2001; 0
0.20677; 0
0.21344; 0
0.22011; 0
0.22678; 0
0.23345; 0
0.24012; 0
0.24679; 0
0.25346; 0
0.26013; 0
0.2668; 0
0.27347; 0
0.28014; 0
0.28681; 0
0.29348; 0
0.30015; 0
0.30682; 0
0.31349; 0
0.32016; 0
0.32683; 0
0.3335; 0
0.34017; 0
0.34684; 0
0.35351; 0
0.36018; 0
0.36685; 0
0.37352; 0
0.38019; 0
0.38686; 0
0.39353; 0
0.4002; 0
0.40687; 0
0.41354; 0
0.42021; 0
0.42688; 0
0.43355; 0
0.44022; 0
0.44689; 0
0.45356; 0
0.46023; 0
0.4669; 0
0.47357; 602.459
0.48024; 602.392
0.48691; 602.258
0.49358; 602.057
0.50025; 601.788
0.50692; 601.454
0.51359; 601.052
0.52026; 600.586
0.52693; 600.054
0.5336; 599.457
0.54027; 598.796
0.54694; 598.071
0.55361; 597.283
0.56028; 596.434
0.56695; 595.523
0.57362; 594.551
0.58029; 593.52
0.58696; 592.431
0.59363; 591.283
0.6003; 590.078
0.60697; 588.817
0.61364; 587.502
0.62031; 586.131
0.62698; 584.708
0.63365; 583.232
0.64032; 581.705
0.64699; 580.127
0.65366; 578.499
0.66033; 576.821
0.667; 575.095
0.67367; 573.321
0.68034; 571.499
0.68701; 569.63
0.69368; 567.715
0.70035; 565.752
0.70702; 563.743
0.71369; 561.688
0.72036; 559.585
0.72703; 557.435
0.7337; 555.236
0.74037; 552.989
0.74704; 550.692
0.75371; 548.343
0.76038; 545.942
0.76705; 543.485
0.77372; 540.971
0.78039; 538.397
0.78706; 535.76
0.79373; 533.055
0.8004; 530.28
0.80707; 527.429
0.81374; 524.496
0.82041; 521.475
0.82708; 518.359
0.83375; 515.14
0.84042; 511.808
0.84709; 508.352
0.85376; 504.761
0.86043; 501.019
0.8671; 497.112
0.87377; 493.021
0.88044; 488.726
0.88711; 484.203
0.89378; 479.428
0.90045; 474.372
0.90712; 469.007
0.91379; 463.307
0.92046; 457.252
0.92713; 450.839
0.9338; 444.103
0.94047; 437.15
0.94714; 430.213
0.95381; 423.733
0.96048; 418.443
0.96715; 415.342
0.97382; 415.342
0.98049; 418.443
0.98716; 423.733
0.99383; 430.213
1.0005; 437.15
1.00717; 444.103
1.01384; 450.839
1.02051; 457.252
1.02718; 463.307
1.03385; 469.007
1.04052; 474.372
1.04719; 479.428
1.05386; 484.203
1.06053; 488.726
1.0672; 493.021
1.07387; 497.112
1.08054; 501.019
1.08721; 504.761
1.09388; 508.352
1.10055; 511.808
1.10722; 515.14
1.11389; 518.359
1.12056; 521.475
1.12723; 524.496
1.1339; 527.429
1.14057; 530.28
1.14724; 533.055
1.15391; 535.76
1.16058; 538.397
1.16725; 540.971
1.17392; 543.485
1.18059; 545.942
1.18726; 548.343
1.19393; 550.692
1.2006; 552.989
1.20727; 555.236
1.21394; 557.435
1.22061; 559.585
1.22728; 561.688
1.23395; 563.743
1.24062; 565.752
1.24729; 567.715
1.25396; 569.63
1.26063; 571.499
1.2673; 573.321
1.27397; 575.095
1.28064; 576.821
1.28731; 578.499
1.29398; 580.127
1.30065; 581.705
1.30732; 583.232
1.31399; 584.708
1.32066; 586.131
1.32733; 587.502
1.334; 588.817
1.34067; 590.078
1.34734; 591.283
1.35401; 592.431
1.36068; 593.52
1.36735; 594.551
1.37402; 595.523
1.38069; 596.434
1.38736; 597.283
1.39403; 598.071
1.4007; 598.796
1.40737; 599.457
1.41404; 600.054
1.42071; 600.586
1.42738; 601.052
1.43405; 601.454
1.44072; 601.788
1.44739; 602.057
1.45406; 602.258
1.46073; 602.392
1.4674; 602.459
1.47407; 0
1.48074; 0
1.48741; 0
1.49408; 0
1.50075; 0
1.50742; 0
1.51409; 0
1.52076; 0
1.52743; 0
1.5341; 0
1.54077; 0
1.54744; 0
1.55411; 0
1.56078; 0
1.56745; 0
1.57412; 0
1.58079; 0
1.58746; 0
1.59413; 0
1.6008; 0
1.60747; 0
1.61414; 0
1.62081; 0
1.62748; 0
1.63415; 0
1.64082; 0
1.64749; 0
1.65416; 0
1.66083; 0
1.6675; 0
1.67417; 0
1.68084; 0
1.68751; 0
1.69418; 0
1.70085; 0
1.70752; 0
1.71419; 0
1.72086; 0
1.72753; 0
1.7342; 0
1.74087; 0
1.74754; 0
1.75421; 0
1.76088; 0
1.76755; 0
1.77422; 0
1.78089; 0
1.78756; 0
1.79423; 0
1.8009; 0
1.80757; 0
1.81424; 0
1.82091; 0
1.82758; 0
1.83425; 0
1.84092; 0
1.84759; 0
1.85426; 0
1.86093; 0
1.8676; 0
1.87427; 0
1.88094; 0
1.88761; 0
1.89428; 0
1.90095; 0
1.90762; 0
1.91429; 0
1.92096; 0
1.92763; 0
1.9343; 0
1.94097; 0
1.94764; 0
1.95431; 0
1.96098; 0
1.96765; 0
1.97432; 0
1.98099; 0
1.98766; 0
1.99433; 0
2.001; 0
