0.0026; 745.424
0.0052; 745.432
0.0078; 745.439
0.0104; 745.454
0.013; 745.476
0.0156; 745.505
0.0182; 745.54
0.0208; 745.581
0.0234; 745.627
0.026; 745.679
0.0286; 745.736
0.0312; 745.796
0.0338; 745.861
0.0364; 745.929
0.039; 746
0.0416; 746.073
0.0442; 746.149
0.0468; 746.226
0.0494; 746.305
0.052; 746.385
0.0546; 746.465
0.0572; 746.546
0.0598; 746.628
0.0624; 746.709
0.065; 746.791
0.0676; 746.871
0.0702; 746.952
0.0728; 747.031
0.0754; 747.108
0.078; 747.183
0.0806; 747.254
0.0832; 747.321
0.0858; 747.384
0.0884; 747.442
0.091; 747.496
0.0936; 747.542
0.0962; 747.58
0.0988; 747.609
0.1014; 747.628
0.104; 747.639
0.1066; 747.642
0.1092; 747.639
0.1118; 747.63
0.1144; 747.616
0.117; 747.596
0.1196; 747.571
0.1222; 747.541
0.1248; 747.507
0.1274; 747.466
0.13; 747.421
0.1326; 747.369
0.1352; 747.311
0.1378; 747.246
0.1404; 747.173
0.143; 747.09
0.1456; 746.997
0.1482; 746.891
0.1508; 746.771
0.1534; 746.633
0.156; 746.478
0.1586; 746.304
0.1612; 746.114
0.1638; 745.91
0.1664; 745.691
0.169; 745.456
0.1716; 745.204
0.1742; 744.937
0.1768; 744.654
0.1794; 744.356
0.182; 744.043
0.1846; 743.715
0.1872; 743.371
0.1898; 743.012
0.1924; 742.638
0.195; 742.248
0.1976; 741.843
0.2002; 741.423
0.2028; 740.989
0.2054; 740.541
0.208; 740.079
0.2106; 739.603
0.2132; 739.115
0.2158; 738.615
0.2184; 738.103
0.221; 737.581
0.2236; 737.049
0.2262; 736.508
0.2288; 735.958
0.2314; 735.4
0.234; 734.833
0.2366; 734.257
0.2392; 733.673
0.2418; 733.078
0.2444; 732.474
0.247; 731.86
0.2496; 731.235
0.2522; 730.599
0.2548; 729.953
0.2574; 729.294
0.26; 728.625
0.2626; 727.943
0.2652; 727.249
0.2678; 726.543
0.2704; 725.824
0.273; 725.093
0.2756; 724.349
0.2782; 723.592
0.2808; 722.821
0.2834; 722.037
0.286; 721.24
0.2886; 720.428
0.2912; 719.602
0.2938; 718.762
0.2964; 717.908
0.299; 717.039
0.3016; 716.156
0.3042; 715.258
0.3068; 714.345
0.3094; 713.416
0.312; 712.468
0.3146; 711.564
0.3172; 710.68
0.3198; 709.813
0.3224; 708.95
0.325; 708.082
0.3276; 707.201
0.3302; 706.28
0.3328; 705.343
0.3354; 704.397
0.338; 703.445
0.3406; 702.492
0.3432; 701.548
0.3458; 700.567
0.3484; 699.519
0.351; 698.479
0.3536; 697.439
0.3562; 696.392
0.3588; 695.336
0.3614; 694.272
0.364; 693.196
0.3666; 692.116
0.3692; 691.037
0.3718; 689.958
0.3744; 688.879
0.377; 687.8
0.3796; 686.72
0.3822; 685.639
0.3848; 684.555
0.3874; 683.468
0.39; 682.377
0.3926; 681.282
0.3952; 680.18
0.3978; 679.072
0.4004; 677.957
0.403; 676.832
0.4056; 675.698
0.4082; 674.553
0.4108; 673.395
0.4134; 672.223
0.416; 671.037
0.4186; 669.834
0.4212; 668.613
0.4238; 667.373
0.4264; 666.111
0.429; 664.826
0.4316; 663.517
0.4342; 662.182
0.4368; 660.818
0.4394; 659.424
0.442; 657.998
0.4446; 656.539
0.4472; 655.045
0.4498; 653.513
0.4524; 651.942
0.455; 650.329
0.4576; 648.671
0.4602; 646.964
0.4628; 645.204
0.4654; 643.386
0.468; 641.508
0.4706; 639.566
0.4732; 637.557
0.4758; 635.478
0.4784; 633.327
0.481; 631.103
0.4836; 628.805
0.4862; 626.438
0.4888; 624.003
0.4914; 621.508
0.494; 618.951
0.4966; 616.322
0.4992; 613.615
0.5018; 610.83
0.5044; 607.964
0.507; 605.018
0.5096; 601.989
0.5122; 598.876
0.5148; 595.676
0.5174; 592.39
0.52; 589.052
0.5226; 585.621
0.5252; 582.199
0.5278; 578.856
0.5304; 575.484
0.533; 572.085
0.5356; 568.689
0.5382; 565.299
0.5408; 561.915
0.5434; 558.537
0.546; 555.164
0.5486; 551.798
0.5512; 548.44
0.5538; 545.092
0.5564; 541.755
0.559; 538.431
0.5616; 535.121
0.5642; 531.827
0.5668; 528.551
0.5694; 525.294
0.572; 522.059
0.5746; 518.847
0.5772; 515.661
0.5798; 512.502
0.5824; 509.372
0.585; 506.274
0.5876; 503.21
0.5902; 500.18
0.5928; 497.188
0.5954; 494.235
0.598; 491.323
0.6006; 488.453
0.6032; 485.627
0.6058; 482.847
0.6084; 480.114
0.611; 477.429
0.6136; 474.794
0.6162; 472.209
0.6188; 469.676
0.6214; 467.195
0.624; 464.767
0.6266; 462.393
0.6292; 460.073
0.6318; 457.808
0.6344; 455.597
0.637; 453.442
0.6396; 451.341
0.6422; 449.296
0.6448; 447.306
0.6474; 445.37
0.65; 443.49
0.6526; 441.663
0.6552; 439.891
0.6578; 438.173
0.6604; 436.507
0.663; 434.895
0.6656; 433.335
0.6682; 431.826
0.6708; 430.369
0.6734; 428.962
0.676; 427.604
0.6786; 426.296
0.6812; 425.035
0.6838; 423.822
0.6864; 422.656
0.689; 421.536
0.6916; 420.46
0.6942; 419.428
0.6968; 418.44
0.6994; 417.494
0.702; 416.589
0.7046; 415.724
0.7072; 414.899
0.7098; 414.112
0.7124; 413.363
0.715; 412.651
0.7176; 411.975
0.7202; 411.333
0.7228; 410.726
0.7254; 410.152
0.728; 409.61
0.7306; 409.1
0.7332; 408.62
0.7358; 408.171
0.7384; 407.75
0.741; 407.359
0.7436; 406.995
0.7462; 406.659
0.7488; 406.349
0.7514; 406.065
0.754; 405.807
0.7566; 405.574
0.7592; 405.365
0.7618; 405.181
0.7644; 405.02
0.767; 404.883
0.7696; 404.77
0.7722; 404.679
0.7748; 404.611
0.7774; 404.566
0.78; 404.543
