0.00667; 0
0.01334; 0
0.02001; 0
0.02668; 0
0.03335; 0
0.04002; 0
0.04669; 0
0.05336; 0
0.06003; 0
0.0667; 0
0.07337; 0
0.08004; 0
0.08671; 0
0.09338; 0
0.10005; 0
0.10672; 0
0.11339; 0
0.12006; 0
0.12673; 0
0.1334; 0
0.14007; 0
0.14674; 0
0.15341; 0
0.16008; 0
0.16675; 0
0.17342; 0
0.18009; 0
0.18676; 0
0.19343; 0
0.2001; 0
0.20677; 0
0.21344; 0
0.22011; 0
0.22678; 0
0.23345; 0
0.24012; 0
0.24679; 0
0.25346; 0
0.26013; 0
0.2668; 0
0.27347; 0
0.28014; 0
0.28681; 0
0.29348; 0
0.30015; 0
0.30682; 0
0.31349; 0
0.32016; 0
0.32683; 0
0.3335; 0
0.34017; 0
0.34684; 0
0.35351; 0
0.36018; 0
0.36685; 0
0.37352; 0
0.38019; 0
0.38686; 0
0.39353; 0
0.4002; 0
0.40687; 0
0.41354; 0
0.42021; 0
0.42688; 0
0.43355; 0
0.44022; 0
0.44689; 0
0.45356; 0
0.46023; 0
0.4669; 0
0.47357; 476.841
0.48024; 476.776
0.48691; 476.646
0.49358; 476.451
0.50025; 476.192
0.50692; 475.869
0.51359; 475.483
0.52026; 475.034
0.52693; 474.523
0.5336; 473.951
0.54027; 473.319
0.54694; 472.628
0.55361; 471.879
0.56028; 471.074
0.56695; 470.213
0.57362; 469.298
0.58029; 468.331
0.58696; 467.312
0.59363; 466.245
0.6003; 465.129
0.60697; 463.968
0.61364; 462.762
0.62031; 461.514
0.62698; 460.224
0.63365; 458.896
0.64032; 457.53
0.64699; 456.129
0.65366; 454.694
0.66033; 453.227
0.667; 451.73
0.67367; 450.204
0.68034; 448.651
0.68701; 447.073
0.69368; 445.471
0.70035; 443.846
0.70702; 442.201
0.71369; 440.536
0.72036; 438.852
0.72703; 437.151
0.7337; 435.434
0.74037; 433.701
0.74704; 431.953
0.75371; 430.191
0.76038; 428.415
0.76705; 426.625
0.77372; 424.82
0.78039; 423.002
0.78706; 421.169
0.79373; 419.32
0.8004; 417.455
0.80707; 415.571
0.81374; 413.667
0.82041; 411.74
0.82708; 409.788
0.83375; 407.807
0.84042; 405.793
0.84709; 403.742
0.85376; 401.648
0.86043; 399.504
0.8671; 397.303
0.87377; 395.037
0.88044; 392.696
0.88711; 390.269
0.89378; 387.742
0.90045; 385.104
0.90712; 382.339
0.91379; 379.435
0.92046; 376.381
0.92713; 373.175
0.9338; 369.834
0.94047; 366.406
0.94714; 363.004
0.95381; 359.838
0.96048; 357.261
0.96715; 355.753
0.97382; 355.753
0.98049; 357.261
0.98716; 359.838
0.99383; 363.004
1.0005; 366.406
1.00717; 369.834
1.01384; 373.175
1.02051; 376.381
1.02718; 379.435
1.03385; 382.339
1.04052; 385.104
1.04719; 387.742
1.05386; 390.269
1.06053; 392.696
1.0672; 395.037
1.07387; 397.303
1.08054; 399.504
1.08721; 401.648
1.09388; 403.742
1.10055; 405.793
1.10722; 407.807
1.11389; 409.788
1.12056; 411.74
1.12723; 413.667
1.1339; 415.571
1.14057; 417.455
1.14724; 419.32
1.15391; 421.169
1.16058; 423.002
1.16725; 424.82
1.17392; 426.625
1.18059; 428.415
1.18726; 430.191
1.19393; 431.953
1.2006; 433.701
1.20727; 435.434
1.21394; 437.151
1.22061; 438.852
1.22728; 440.536
1.23395; 442.201
1.24062; 443.846
1.24729; 445.471
1.25396; 447.073
1.26063; 448.651
1.2673; 450.204
1.27397; 451.73
1.28064; 453.227
1.28731; 454.694
1.29398; 456.129
1.30065; 457.53
1.30732; 458.896
1.31399; 460.224
1.32066; 461.514
1.32733; 462.762
1.334; 463.968
1.34067; 465.129
1.34734; 466.245
1.35401; 467.312
1.36068; 468.331
1.36735; 469.298
1.37402; 470.213
1.38069; 471.074
1.38736; 471.879
1.39403; 472.628
1.4007; 473.319
1.40737; 473.951
1.41404; 474.523
1.42071; 475.034
1.42738; 475.483
1.43405; 475.869
1.44072; 476.192
1.44739; 476.451
1.45406; 476.646
1.46073; 476.776
1.4674; 476.841
1.47407; 0
1.48074; 0
1.48741; 0
1.49408; 0
1.50075; 0
1.50742; 0
1.51409; 0
1.52076; 0
1.52743; 0
1.5341; 0
1.54077; 0
1.54744; 0
1.55411; 0
1.56078; 0
1.56745; 0
1.57412; 0
1.58079; 0
1.58746; 0
1.59413; 0
1.6008; 0
1.60747; 0
1.61414; 0
1.62081; 0
1.62748; 0
1.63415; 0
1.64082; 0
1.64749; 0
1.65416; 0
1.66083; 0
1.6675; 0
1.67417; 0
1.68084; 0
1.68751; 0
1.69418; 0
1.70085; 0
1.70752; 0
1.71419; 0
1.72086; 0
1.72753; 0
1.7342; 0
1.74087; 0
1.74754; 0
1.75421; 0
1.76088; 0
1.76755; 0
1.77422; 0
1.78089; 0
1.78756; 0
1.79423; 0
1.8009; 0
1.80757; 0
1.81424; 0
1.82091; 0
1.82758; 0
1.83425; 0
1.84092; 0
1.84759; 0
1.85426; 0
1.86093; 0
1.8676; 0
1.87427; 0
1.88094; 0
1.88761; 0
1.89428; 0
1.90095; 0
1.90762; 0
1.91429; 0
1.92096; 0
1.92763; 0
1.9343; 0
1.94097; 0
1.94764; 0
1.95431; 0
1.96098; 0
1.96765; 0
1.97432; 0
1.98099; 0
1.98766; 0
1.99433; 0
2.001; 0
