0.0026; 745.375
0.0052; 745.382
0.0078; 745.388
0.0104; 745.4
0.013; 745.418
0.0156; 745.441
0.0182; 745.469
0.0208; 745.502
0.0234; 745.539
0.026; 745.58
0.0286; 745.625
0.0312; 745.673
0.0338; 745.724
0.0364; 745.777
0.039; 745.833
0.0416; 745.891
0.0442; 745.95
0.0468; 746.011
0.0494; 746.074
0.052; 746.137
0.0546; 746.201
0.0572; 746.266
0.0598; 746.331
0.0624; 746.397
0.065; 746.463
0.0676; 746.53
0.0702; 746.596
0.0728; 746.662
0.0754; 746.727
0.078; 746.791
0.0806; 746.851
0.0832; 746.908
0.0858; 746.961
0.0884; 747.011
0.091; 747.055
0.0936; 747.093
0.0962; 747.122
0.0988; 747.141
0.1014; 747.15
0.104; 747.151
0.1066; 747.144
0.1092; 747.13
0.1118; 747.11
0.1144; 747.085
0.117; 747.055
0.1196; 747.019
0.1222; 746.979
0.1248; 746.934
0.1274; 746.884
0.13; 746.828
0.1326; 746.766
0.1352; 746.698
0.1378; 746.623
0.1404; 746.54
0.143; 746.446
0.1456; 746.342
0.1482; 746.224
0.1508; 746.089
0.1534; 745.937
0.156; 745.764
0.1586; 745.571
0.1612; 745.362
0.1638; 745.136
0.1664; 744.896
0.169; 744.638
0.1716; 744.364
0.1742; 744.073
0.1768; 743.766
0.1794; 743.443
0.182; 743.105
0.1846; 742.751
0.1872; 742.381
0.1898; 741.995
0.1924; 741.592
0.195; 741.173
0.1976; 740.739
0.2002; 740.288
0.2028; 739.821
0.2054; 739.339
0.208; 738.842
0.2106; 738.33
0.2132; 737.803
0.2158; 737.263
0.2184; 736.709
0.221; 736.143
0.2236; 735.566
0.2262; 734.978
0.2288; 734.379
0.2314; 733.769
0.234; 733.149
0.2366; 732.519
0.2392; 731.877
0.2418; 731.223
0.2444; 730.559
0.247; 729.882
0.2496; 729.192
0.2522; 728.49
0.2548; 727.776
0.2574; 727.048
0.26; 726.307
0.2626; 725.553
0.2652; 724.785
0.2678; 724.004
0.2704; 723.21
0.273; 722.402
0.2756; 721.581
0.2782; 720.745
0.2808; 719.896
0.2834; 719.033
0.286; 718.156
0.2886; 717.265
0.2912; 716.36
0.2938; 715.441
0.2964; 714.507
0.299; 713.56
0.3016; 712.598
0.3042; 711.623
0.3068; 710.633
0.3094; 709.628
0.312; 708.605
0.3146; 707.631
0.3172; 706.679
0.3198; 705.744
0.3224; 704.812
0.325; 703.875
0.3276; 702.922
0.3302; 701.927
0.3328; 700.913
0.3354; 699.889
0.338; 698.859
0.3406; 697.825
0.3432; 696.799
0.3458; 695.731
0.3484; 694.589
0.351; 693.455
0.3536; 692.319
0.3562; 691.175
0.3588; 690.019
0.3614; 688.852
0.364; 687.671
0.3666; 686.484
0.3692; 685.295
0.3718; 684.104
0.3744; 682.911
0.377; 681.713
0.3796; 680.511
0.3822; 679.302
0.3848; 678.087
0.3874; 676.862
0.39; 675.629
0.3926; 674.384
0.3952; 673.127
0.3978; 671.857
0.4004; 670.573
0.403; 669.272
0.4056; 667.955
0.4082; 666.619
0.4108; 665.265
0.4134; 663.89
0.416; 662.493
0.4186; 661.074
0.4212; 659.631
0.4238; 658.164
0.4264; 656.672
0.429; 655.153
0.4316; 653.607
0.4342; 652.034
0.4368; 650.432
0.4394; 648.802
0.442; 647.142
0.4446; 645.453
0.4472; 643.733
0.4498; 641.982
0.4524; 640.2
0.455; 638.385
0.4576; 636.535
0.4602; 634.646
0.4628; 632.717
0.4654; 630.744
0.468; 628.727
0.4706; 626.663
0.4732; 624.552
0.4758; 622.391
0.4784; 620.182
0.481; 617.923
0.4836; 615.617
0.4862; 613.269
0.4888; 610.88
0.4914; 608.459
0.494; 606
0.4966; 603.494
0.4992; 600.937
0.5018; 598.329
0.5044; 595.669
0.507; 592.957
0.5096; 590.193
0.5122; 587.374
0.5148; 584.499
0.5174; 581.569
0.52; 578.619
0.5226; 575.598
0.5252; 572.6
0.5278; 569.676
0.5304; 566.741
0.533; 563.794
0.5356; 560.859
0.5382; 557.94
0.5408; 555.034
0.5434; 552.141
0.546; 549.261
0.5486; 546.392
0.5512; 543.536
0.5538; 540.693
0.5564; 537.863
0.559; 535.047
0.5616; 532.245
0.5642; 529.459
0.5668; 526.689
0.5694; 523.936
0.572; 521.201
0.5746; 518.485
0.5772; 515.788
0.5798; 513.113
0.5824; 510.461
0.585; 507.831
0.5876; 505.226
0.5902; 502.647
0.5928; 500.095
0.5954; 497.571
0.598; 495.076
0.6006; 492.611
0.6032; 490.177
0.6058; 487.775
0.6084; 485.406
0.611; 483.07
0.6136; 480.77
0.6162; 478.504
0.6188; 476.274
0.6214; 474.081
0.624; 471.925
0.6266; 469.807
0.6292; 467.726
0.6318; 465.684
0.6344; 463.68
0.637; 461.714
0.6396; 459.788
0.6422; 457.9
0.6448; 456.052
0.6474; 454.244
0.65; 452.474
0.6526; 450.744
0.6552; 449.054
0.6578; 447.403
0.6604; 445.792
0.663; 444.22
0.6656; 442.687
0.6682; 441.194
0.6708; 439.74
0.6734; 438.325
0.676; 436.949
0.6786; 435.612
0.6812; 434.313
0.6838; 433.053
0.6864; 431.831
0.689; 430.648
0.6916; 429.502
0.6942; 428.394
0.6968; 427.322
0.6994; 426.288
0.702; 425.291
0.7046; 424.33
0.7072; 423.405
0.7098; 422.516
0.7124; 421.663
0.715; 420.844
0.7176; 420.061
0.7202; 419.312
0.7228; 418.597
0.7254; 417.916
0.728; 417.268
0.7306; 416.654
0.7332; 416.072
0.7358; 415.523
0.7384; 415.007
0.741; 414.522
0.7436; 414.069
0.7462; 413.648
0.7488; 413.258
0.7514; 412.899
0.754; 412.57
0.7566; 412.272
0.7592; 412.005
0.7618; 411.767
0.7644; 411.56
0.767; 411.383
0.7696; 411.235
0.7722; 411.117
0.7748; 411.028
0.7774; 410.969
0.78; 410.94
