0.00667; 0
0.01334; 0
0.02001; 0
0.02668; 0
0.03335; 0
0.04002; 0
0.04669; 0
0.05336; 0
0.06003; 0
0.0667; 0
0.07337; 0
0.08004; 0
0.08671; 0
0.09338; 0
0.10005; 0
0.10672; 0
0.11339; 0
0.12006; 0
0.12673; 0
0.1334; 0
0.14007; 0
0.14674; 0
0.15341; 0
0.16008; 0
0.16675; 0
0.17342; 0
0.18009; 0
0.18676; 0
0.19343; 0
0.2001; 0
0.20677; 0
0.21344; 0
0.22011; 0
0.22678; 0
0.23345; 0
0.24012; 0
0.24679; 0
0.25346; 0
0.26013; 0
0.2668; 0
0.27347; 0
0.28014; 0
0.28681; 0
0.29348; 0
0.30015; 0
0.30682; 0
0.31349; 0
0.32016; 0
0.32683; 0
0.3335; 0
0.34017; 0
0.34684; 0
0.35351; 0
0.36018; 0
0.36685; 0
0.37352; 0
0.38019; 0
0.38686; 0
0.39353; 0
0.4002; 0
0.40687; 0
0.41354; 0
0.42021; 0
0.42688; 0
0.43355; 0
0.44022; 0
0.44689; 0
0.45356; 0
0.46023; 0
0.4669; 0
0.47357; 577.444
0.48024; 577.377
0.48691; 577.243
0.49358; 577.043
0.50025; 576.776
0.50692; 576.442
0.51359; 576.043
0.52026; 575.578
0.52693; 575.049
0.5336; 574.455
0.54027; 573.798
0.54694; 573.078
0.55361; 572.296
0.56028; 571.453
0.56695; 570.55
0.57362; 569.587
0.58029; 568.566
0.58696; 567.487
0.59363; 566.352
0.6003; 565.162
0.60697; 563.918
0.61364; 562.621
0.62031; 561.271
0.62698; 559.871
0.63365; 558.421
0.64032; 556.922
0.64699; 555.375
0.65366; 553.782
0.66033; 552.142
0.667; 550.458
0.67367; 548.729
0.68034; 546.957
0.68701; 545.142
0.69368; 543.285
0.70035; 541.386
0.70702; 539.446
0.71369; 537.464
0.72036; 535.441
0.72703; 533.377
0.7337; 531.271
0.74037; 529.123
0.74704; 526.931
0.75371; 524.696
0.76038; 522.416
0.76705; 520.089
0.77372; 517.714
0.78039; 515.288
0.78706; 512.808
0.79373; 510.272
0.8004; 507.676
0.80707; 505.015
0.81374; 502.286
0.82041; 499.481
0.82708; 496.596
0.83375; 493.622
0.84042; 490.552
0.84709; 487.376
0.85376; 484.082
0.86043; 480.659
0.8671; 477.093
0.87377; 473.366
0.88044; 469.461
0.88711; 465.357
0.89378; 461.032
0.90045; 456.46
0.90712; 451.616
0.91379; 446.476
0.92046; 441.022
0.92713; 435.252
0.9338; 429.197
0.94047; 422.952
0.94714; 416.723
0.95381; 410.908
0.96048; 406.162
0.96715; 403.382
0.97382; 403.382
0.98049; 406.162
0.98716; 410.908
0.99383; 416.723
1.0005; 422.952
1.00717; 429.197
1.01384; 435.252
1.02051; 441.022
1.02718; 446.476
1.03385; 451.616
1.04052; 456.46
1.04719; 461.032
1.05386; 465.357
1.06053; 469.461
1.0672; 473.366
1.07387; 477.093
1.08054; 480.659
1.08721; 484.082
1.09388; 487.376
1.10055; 490.552
1.10722; 493.622
1.11389; 496.596
1.12056; 499.481
1.12723; 502.286
1.1339; 505.015
1.14057; 507.676
1.14724; 510.272
1.15391; 512.808
1.16058; 515.288
1.16725; 517.714
1.17392; 520.089
1.18059; 522.416
1.18726; 524.696
1.19393; 526.931
1.2006; 529.123
1.20727; 531.271
1.21394; 533.377
1.22061; 535.441
1.22728; 537.464
1.23395; 539.446
1.24062; 541.386
1.24729; 543.285
1.25396; 545.142
1.26063; 546.957
1.2673; 548.729
1.27397; 550.458
1.28064; 552.142
1.28731; 553.782
1.29398; 555.375
1.30065; 556.922
1.30732; 558.421
1.31399; 559.871
1.32066; 561.271
1.32733; 562.621
1.334; 563.918
1.34067; 565.162
1.34734; 566.352
1.35401; 567.487
1.36068; 568.566
1.36735; 569.587
1.37402; 570.55
1.38069; 571.453
1.38736; 572.296
1.39403; 573.078
1.4007; 573.798
1.40737; 574.455
1.41404; 575.049
1.42071; 575.578
1.42738; 576.043
1.43405; 576.442
1.44072; 576.776
1.44739; 577.043
1.45406; 577.243
1.46073; 577.377
1.4674; 577.444
1.47407; 0
1.48074; 0
1.48741; 0
1.49408; 0
1.50075; 0
1.50742; 0
1.51409; 0
1.52076; 0
1.52743; 0
1.5341; 0
1.54077; 0
1.54744; 0
1.55411; 0
1.56078; 0
1.56745; 0
1.57412; 0
1.58079; 0
1.58746; 0
1.59413; 0
1.6008; 0
1.60747; 0
1.61414; 0
1.62081; 0
1.62748; 0
1.63415; 0
1.64082; 0
1.64749; 0
1.65416; 0
1.66083; 0
1.6675; 0
1.67417; 0
1.68084; 0
1.68751; 0
1.69418; 0
1.70085; 0
1.70752; 0
1.71419; 0
1.72086; 0
1.72753; 0
1.7342; 0
1.74087; 0
1.74754; 0
1.75421; 0
1.76088; 0
1.76755; 0
1.77422; 0
1.78089; 0
1.78756; 0
1.79423; 0
1.8009; 0
1.80757; 0
1.81424; 0
1.82091; 0
1.82758; 0
1.83425; 0
1.84092; 0
1.84759; 0
1.85426; 0
1.86093; 0
1.8676; 0
1.87427; 0
1.88094; 0
1.88761; 0
1.89428; 0
1.90095; 0
1.90762; 0
1.91429; 0
1.92096; 0
1.92763; 0
1.9343; 0
1.94097; 0
1.94764; 0
1.95431; 0
1.96098; 0
1.96765; 0
1.97432; 0
1.98099; 0
1.98766; 0
1.99433; 0
2.001; 0
