0.00667; 0
0.01334; 0
0.02001; 0
0.02668; 0
0.03335; 0
0.04002; 0
0.04669; 0
0.05336; 0
0.06003; 0
0.0667; 0
0.07337; 0
0.08004; 0
0.08671; 0
0.09338; 0
0.10005; 0
0.10672; 0
0.11339; 0
0.12006; 0
0.12673; 0
0.1334; 0
0.14007; 0
0.14674; 0
0.15341; 0
0.16008; 0
0.16675; 0
0.17342; 0
0.18009; 0
0.18676; 0
0.19343; 0
0.2001; 0
0.20677; 0
0.21344; 0
0.22011; 0
0.22678; 0
0.23345; 0
0.24012; 0
0.24679; 0
0.25346; 0
0.26013; 0
0.2668; 0
0.27347; 0
0.28014; 0
0.28681; 0
0.29348; 0
0.30015; 0
0.30682; 0
0.31349; 0
0.32016; 0
0.32683; 0
0.3335; 0
0.34017; 0
0.34684; 0
0.35351; 0
0.36018; 0
0.36685; 0
0.37352; 0
0.38019; 0
0.38686; 0
0.39353; 0
0.4002; 0
0.40687; 0
0.41354; 0
0.42021; 0
0.42688; 0
0.43355; 0
0.44022; 0
0.44689; 0
0.45356; 0
0.46023; 0
0.4669; 0
0.47357; 309.478
0.48024; 309.466
0.48691; 309.441
0.49358; 309.403
0.50025; 309.354
0.50692; 309.292
0.51359; 309.219
0.52026; 309.134
0.52693; 309.038
0.5336; 308.931
0.54027; 308.814
0.54694; 308.687
0.55361; 308.55
0.56028; 308.404
0.56695; 308.25
0.57362; 308.088
0.58029; 307.918
0.58696; 307.742
0.59363; 307.56
0.6003; 307.373
0.60697; 307.18
0.61364; 306.984
0.62031; 306.783
0.62698; 306.58
0.63365; 306.375
0.64032; 306.168
0.64699; 305.959
0.65366; 305.75
0.66033; 305.542
0.667; 305.333
0.67367; 305.126
0.68034; 304.921
0.68701; 304.718
0.69368; 304.517
0.70035; 304.319
0.70702; 304.125
0.71369; 303.934
0.72036; 303.747
0.72703; 303.565
0.7337; 303.387
0.74037; 303.214
0.74704; 303.046
0.75371; 302.883
0.76038; 302.726
0.76705; 302.574
0.77372; 302.427
0.78039; 302.287
0.78706; 302.152
0.79373; 302.022
0.8004; 301.898
0.80707; 301.78
0.81374; 301.668
0.82041; 301.561
0.82708; 301.46
0.83375; 301.363
0.84042; 301.273
0.84709; 301.187
0.85376; 301.106
0.86043; 301.03
0.8671; 300.959
0.87377; 300.893
0.88044; 300.83
0.88711; 300.772
0.89378; 300.718
0.90045; 300.667
0.90712; 300.62
0.91379; 300.576
0.92046; 300.535
0.92713; 300.497
0.9338; 300.461
0.94047; 300.429
0.94714; 300.399
0.95381; 300.374
0.96048; 300.354
0.96715; 300.343
0.97382; 300.343
0.98049; 300.354
0.98716; 300.374
0.99383; 300.399
1.0005; 300.429
1.00717; 300.461
1.01384; 300.497
1.02051; 300.535
1.02718; 300.576
1.03385; 300.62
1.04052; 300.667
1.04719; 300.718
1.05386; 300.772
1.06053; 300.83
1.0672; 300.893
1.07387; 300.959
1.08054; 301.03
1.08721; 301.106
1.09388; 301.187
1.10055; 301.273
1.10722; 301.363
1.11389; 301.46
1.12056; 301.561
1.12723; 301.668
1.1339; 301.78
1.14057; 301.898
1.14724; 302.022
1.15391; 302.152
1.16058; 302.287
1.16725; 302.427
1.17392; 302.574
1.18059; 302.726
1.18726; 302.883
1.19393; 303.046
1.2006; 303.214
1.20727; 303.387
1.21394; 303.565
1.22061; 303.747
1.22728; 303.934
1.23395; 304.125
1.24062; 304.319
1.24729; 304.517
1.25396; 304.718
1.26063; 304.921
1.2673; 305.126
1.27397; 305.333
1.28064; 305.542
1.28731; 305.75
1.29398; 305.959
1.30065; 306.168
1.30732; 306.375
1.31399; 306.58
1.32066; 306.783
1.32733; 306.984
1.334; 307.18
1.34067; 307.373
1.34734; 307.56
1.35401; 307.742
1.36068; 307.918
1.36735; 308.088
1.37402; 308.25
1.38069; 308.404
1.38736; 308.55
1.39403; 308.687
1.4007; 308.814
1.40737; 308.931
1.41404; 309.038
1.42071; 309.134
1.42738; 309.219
1.43405; 309.292
1.44072; 309.354
1.44739; 309.403
1.45406; 309.441
1.46073; 309.466
1.4674; 309.478
1.47407; 0
1.48074; 0
1.48741; 0
1.49408; 0
1.50075; 0
1.50742; 0
1.51409; 0
1.52076; 0
1.52743; 0
1.5341; 0
1.54077; 0
1.54744; 0
1.55411; 0
1.56078; 0
1.56745; 0
1.57412; 0
1.58079; 0
1.58746; 0
1.59413; 0
1.6008; 0
1.60747; 0
1.61414; 0
1.62081; 0
1.62748; 0
1.63415; 0
1.64082; 0
1.64749; 0
1.65416; 0
1.66083; 0
1.6675; 0
1.67417; 0
1.68084; 0
1.68751; 0
1.69418; 0
1.70085; 0
1.70752; 0
1.71419; 0
1.72086; 0
1.72753; 0
1.7342; 0
1.74087; 0
1.74754; 0
1.75421; 0
1.76088; 0
1.76755; 0
1.77422; 0
1.78089; 0
1.78756; 0
1.79423; 0
1.8009; 0
1.80757; 0
1.81424; 0
1.82091; 0
1.82758; 0
1.83425; 0
1.84092; 0
1.84759; 0
1.85426; 0
1.86093; 0
1.8676; 0
1.87427; 0
1.88094; 0
1.88761; 0
1.89428; 0
1.90095; 0
1.90762; 0
1.91429; 0
1.92096; 0
1.92763; 0
1.9343; 0
1.94097; 0
1.94764; 0
1.95431; 0
1.96098; 0
1.96765; 0
1.97432; 0
1.98099; 0
1.98766; 0
1.99433; 0
2.001; 0
