0.00026; 0
0.00052; 0
0.00078; 0
0.00104; 0
0.0013; 0
0.00156; 0
0.00182; 0
0.00208; 0
0.00234; 0
0.0026; 0
0.00286; 0
0.00312; 0
0.00338; 0
0.00364; 0
0.0039; 0
0.00416; 0
0.00442; 0
0.00468; 0
0.00494; 0
0.0052; 0
0.00546; 0
0.00572; 0
0.00598; 0
0.00624; 0
0.0065; 0
0.00676; 0
0.00702; 0
0.00728; 0
0.00754; 0
0.0078; 0
0.00806; 0
0.00832; 0
0.00858; 0
0.00884; 0
0.0091; 0
0.00936; 0
0.00962; 0
0.00988; 0
0.01014; 0
0.0104; 0
0.01066; 0
0.01092; 0
0.01118; 0
0.01144; 0
0.0117; 0
0.01196; 0
0.01222; 0
0.01248; 0
0.01274; 0
0.013; 0
0.01326; 0
0.01352; 0
0.01378; 0
0.01404; 0
0.0143; 0
0.01456; 0
0.01482; 0
0.01508; 0
0.01534; 0
0.0156; 0
0.01586; 0
0.01612; 0
0.01638; 0
0.01664; 0
0.0169; 0
0.01716; 0
0.01742; 0
0.01768; 0
0.01794; 0
0.0182; 0
0.01846; 0
0.01872; 0
0.01898; 0
0.01924; 0
0.0195; 554.978
0.01976; 555.033
0.02002; 555.145
0.02028; 555.312
0.02054; 555.535
0.0208; 555.813
0.02106; 556.145
0.02132; 556.527
0.02158; 556.954
0.02184; 557.419
0.0221; 557.906
0.02236; 558.398
0.02262; 558.877
0.02288; 559.332
0.02314; 559.755
0.0234; 560.143
0.02366; 560.499
0.02392; 560.825
0.02418; 561.125
0.02444; 561.399
0.0247; 561.651
0.02496; 561.886
0.02522; 562.102
0.02548; 562.3
0.02574; 562.484
0.026; 562.655
0.02626; 562.814
0.02652; 562.959
0.02678; 563.093
0.02704; 563.218
0.0273; 563.332
0.02756; 563.433
0.02782; 563.526
0.02808; 563.611
0.02834; 563.686
0.0286; 563.751
0.02886; 563.807
0.02912; 563.856
0.02938; 563.896
0.02964; 563.925
0.0299; 563.946
0.03016; 563.961
0.03042; 563.968
0.03068; 563.965
0.03094; 563.955
0.0312; 563.939
0.03146; 563.916
0.03172; 563.884
0.03198; 563.846
0.03224; 563.803
0.0325; 563.754
0.03276; 563.699
0.03302; 563.64
0.03328; 563.579
0.03354; 563.515
0.0338; 563.445
0.03406; 563.376
0.03432; 563.307
0.03458; 563.238
0.03484; 563.17
0.0351; 563.105
0.03536; 563.045
0.03562; 562.99
0.03588; 562.938
0.03614; 562.894
0.0364; 562.859
0.03666; 562.834
0.03692; 562.818
0.03718; 562.813
0.03744; 562.822
0.0377; 562.843
0.03796; 562.877
0.03822; 562.925
0.03848; 562.988
0.03874; 563.067
0.039; 563.16
0.03926; 563.268
0.03952; 563.392
0.03978; 563.532
0.04004; 563.684
0.0403; 563.852
0.04056; 564.036
0.04082; 564.236
0.04108; 564.451
0.04134; 564.681
0.0416; 564.929
0.04186; 565.194
0.04212; 565.472
0.04238; 565.767
0.04264; 566.078
0.0429; 566.402
0.04316; 566.737
0.04342; 567.083
0.04368; 567.439
0.04394; 567.804
0.0442; 568.173
0.04446; 568.55
0.04472; 568.934
0.04498; 569.322
0.04524; 569.713
0.0455; 570.106
0.04576; 570.503
0.04602; 570.9
0.04628; 571.291
0.04654; 571.683
0.0468; 572.074
0.04706; 572.461
0.04732; 572.842
0.04758; 573.218
0.04784; 573.591
0.0481; 573.957
0.04836; 574.311
0.04862; 574.66
0.04888; 575.004
0.04914; 575.338
0.0494; 575.663
0.04966; 575.979
0.04992; 576.288
0.05018; 576.589
0.05044; 576.874
0.0507; 577.153
0.05096; 577.424
0.05122; 577.686
0.05148; 577.936
0.05174; 578.176
0.052; 578.41
0.05226; 578.634
0.05252; 578.843
0.05278; 579.044
0.05304; 579.238
0.0533; 579.422
0.05356; 579.595
0.05382; 579.758
0.05408; 579.915
0.05434; 580.062
0.0546; 580.193
0.05486; 580.317
0.05512; 580.434
0.05538; 580.541
0.05564; 580.636
0.0559; 580.722
0.05616; 580.801
0.05642; 580.871
0.05668; 580.925
0.05694; 580.971
0.0572; 581.011
0.05746; 581.04
0.05772; 581.058
0.05798; 581.065
0.05824; 0
0.0585; 0
0.05876; 0
0.05902; 0
0.05928; 0
0.05954; 0
0.0598; 0
0.06006; 0
0.06032; 0
0.06058; 0
0.06084; 0
0.0611; 0
0.06136; 0
0.06162; 0
0.06188; 0
0.06214; 0
0.0624; 0
0.06266; 0
0.06292; 0
0.06318; 0
0.06344; 0
0.0637; 0
0.06396; 0
0.06422; 0
0.06448; 0
0.06474; 0
0.065; 0
0.06526; 0
0.06552; 0
0.06578; 0
0.06604; 0
0.0663; 0
0.06656; 0
0.06682; 0
0.06708; 0
0.06734; 0
0.0676; 0
0.06786; 0
0.06812; 0
0.06838; 0
0.06864; 0
0.0689; 0
0.06916; 0
0.06942; 0
0.06968; 0
0.06994; 0
0.0702; 0
0.07046; 0
0.07072; 0
0.07098; 0
0.07124; 0
0.0715; 0
0.07176; 0
0.07202; 0
0.07228; 0
0.07254; 0
0.0728; 0
0.07306; 0
0.07332; 0
0.07358; 0
0.07384; 0
0.0741; 0
0.07436; 0
0.07462; 0
0.07488; 0
0.07514; 0
0.0754; 0
0.07566; 0
0.07592; 0
0.07618; 0
0.07644; 0
0.0767; 0
0.07696; 0
0.07722; 0
0.07748; 0
0.07774; 0
0.078; 0
