0.00026; 0
0.00052; 0
0.00078; 0
0.00104; 0
0.0013; 0
0.00156; 0
0.00182; 0
0.00208; 0
0.00234; 0
0.0026; 0
0.00286; 0
0.00312; 0
0.00338; 0
0.00364; 0
0.0039; 0
0.00416; 0
0.00442; 0
0.00468; 0
0.00494; 0
0.0052; 0
0.00546; 0
0.00572; 0
0.00598; 0
0.00624; 0
0.0065; 0
0.00676; 0
0.00702; 0
0.00728; 0
0.00754; 0
0.0078; 0
0.00806; 0
0.00832; 0
0.00858; 0
0.00884; 0
0.0091; 0
0.00936; 0
0.00962; 0
0.00988; 0
0.01014; 0
0.0104; 0
0.01066; 0
0.01092; 0
0.01118; 0
0.01144; 0
0.0117; 0
0.01196; 0
0.01222; 0
0.01248; 0
0.01274; 0
0.013; 0
0.01326; 0
0.01352; 0
0.01378; 0
0.01404; 0
0.0143; 0
0.01456; 0
0.01482; 0
0.01508; 0
0.01534; 0
0.0156; 0
0.01586; 0
0.01612; 0
0.01638; 0
0.01664; 0
0.0169; 0
0.01716; 0
0.01742; 0
0.01768; 0
0.01794; 0
0.0182; 0
0.01846; 0
0.01872; 0
0.01898; 0
0.01924; 0
0.0195; 0
0.01976; 0
0.02002; 0
0.02028; 0
0.02054; 0
0.0208; 0
0.02106; 0
0.02132; 0
0.02158; 0
0.02184; 0
0.0221; 0
0.02236; 0
0.02262; 0
0.02288; 603.672
0.02314; 603.514
0.0234; 603.345
0.02366; 603.193
0.02392; 603.034
0.02418; 602.876
0.02444; 602.745
0.0247; 602.62
0.02496; 602.49
0.02522; 602.36
0.02548; 602.241
0.02574; 602.14
0.026; 602.03
0.02626; 601.92
0.02652; 601.834
0.02678; 601.753
0.02704; 601.667
0.0273; 601.579
0.02756; 601.503
0.02782; 601.443
0.02808; 601.374
0.02834; 601.303
0.0286; 601.257
0.02886; 601.215
0.02912; 601.166
0.02938; 601.116
0.02964; 601.075
0.0299; 601.051
0.03016; 601.017
0.03042; 600.98
0.03068; 600.967
0.03094; 600.958
0.0312; 600.941
0.03146; 600.921
0.03172; 600.911
0.03198; 600.916
0.03224; 600.91
0.0325; 600.901
0.03276; 600.915
0.03302; 600.932
0.03328; 600.941
0.03354; 600.946
0.0338; 600.96
0.03406; 600.989
0.03432; 601.005
0.03458; 601.018
0.03484; 601.053
0.0351; 601.09
0.03536; 601.118
0.03562; 601.142
0.03588; 601.174
0.03614; 601.221
0.0364; 601.254
0.03666; 601.283
0.03692; 601.334
0.03718; 601.386
0.03744; 601.429
0.0377; 601.467
0.03796; 601.513
0.03822; 601.572
0.03848; 601.618
0.03874; 601.659
0.039; 601.721
0.03926; 601.784
0.03952; 601.838
0.03978; 601.886
0.04004; 601.941
0.0403; 602.009
0.04056; 602.064
0.04082; 602.114
0.04108; 602.185
0.04134; 602.256
0.0416; 602.318
0.04186; 602.373
0.04212; 602.436
0.04238; 602.512
0.04264; 602.574
0.0429; 602.631
0.04316; 602.708
0.04342; 602.786
0.04368; 602.854
0.04394; 602.917
0.0442; 602.987
0.04446; 603.069
0.04472; 603.138
0.04498; 603.202
0.04524; 603.286
0.0455; 603.371
0.04576; 603.447
0.04602; 603.517
0.04628; 603.594
0.04654; 603.684
0.0468; 603.761
0.04706; 603.834
0.04732; 603.927
0.04758; 604.021
0.04784; 604.106
0.0481; 604.186
0.04836; 604.273
0.04862; 604.374
0.04888; 604.462
0.04914; 604.545
0.0494; 604.65
0.04966; 604.757
0.04992; 604.854
0.05018; 604.947
0.05044; 605.049
0.0507; 605.164
0.05096; 605.267
0.05122; 605.366
0.05148; 605.487
0.05174; 605.61
0.052; 605.725
0.05226; 605.836
0.05252; 605.956
0.05278; 606.09
0.05304; 606.213
0.0533; 606.333
0.05356; 606.475
0.05382; 606.62
0.05408; 606.758
0.05434; 606.892
0.0546; 607.036
0.05486; 607.195
0.05512; 607.343
0.05538; 607.489
0.05564; 607.658
0.0559; 607.83
0.05616; 607.995
0.05642; 608.158
0.05668; 608.332
0.05694; 608.521
0.0572; 608.701
0.05746; 608.881
0.05772; 609.085
0.05798; 609.293
0.05824; 609.473
0.0585; 0
0.05876; 0
0.05902; 0
0.05928; 0
0.05954; 0
0.0598; 0
0.06006; 0
0.06032; 0
0.06058; 0
0.06084; 0
0.0611; 0
0.06136; 0
0.06162; 0
0.06188; 0
0.06214; 0
0.0624; 0
0.06266; 0
0.06292; 0
0.06318; 0
0.06344; 0
0.0637; 0
0.06396; 0
0.06422; 0
0.06448; 0
0.06474; 0
0.065; 0
0.06526; 0
0.06552; 0
0.06578; 0
0.06604; 0
0.0663; 0
0.06656; 0
0.06682; 0
0.06708; 0
0.06734; 0
0.0676; 0
0.06786; 0
0.06812; 0
0.06838; 0
0.06864; 0
0.0689; 0
0.06916; 0
0.06942; 0
0.06968; 0
0.06994; 0
0.0702; 0
0.07046; 0
0.07072; 0
0.07098; 0
0.07124; 0
0.0715; 0
0.07176; 0
0.07202; 0
0.07228; 0
0.07254; 0
0.0728; 0
0.07306; 0
0.07332; 0
0.07358; 0
0.07384; 0
0.0741; 0
0.07436; 0
0.07462; 0
0.07488; 0
0.07514; 0
0.0754; 0
0.07566; 0
0.07592; 0
0.07618; 0
0.07644; 0
0.0767; 0
0.07696; 0
0.07722; 0
0.07748; 0
0.07774; 0
0.078; 0
