0.00667; 0
0.01334; 0
0.02001; 0
0.02668; 0
0.03335; 0
0.04002; 0
0.04669; 0
0.05336; 0
0.06003; 0
0.0667; 0
0.07337; 0
0.08004; 0
0.08671; 0
0.09338; 0
0.10005; 0
0.10672; 0
0.11339; 0
0.12006; 0
0.12673; 0
0.1334; 0
0.14007; 0
0.14674; 0
0.15341; 0
0.16008; 0
0.16675; 0
0.17342; 0
0.18009; 0
0.18676; 0
0.19343; 0
0.2001; 0
0.20677; 0
0.21344; 0
0.22011; 0
0.22678; 0
0.23345; 0
0.24012; 0
0.24679; 0
0.25346; 0
0.26013; 0
0.2668; 0
0.27347; 0
0.28014; 0
0.28681; 0
0.29348; 0
0.30015; 0
0.30682; 0
0.31349; 0
0.32016; 0
0.32683; 0
0.3335; 0
0.34017; 0
0.34684; 0
0.35351; 0
0.36018; 0
0.36685; 0
0.37352; 0
0.38019; 0
0.38686; 0
0.39353; 0
0.4002; 0
0.40687; 0
0.41354; 0
0.42021; 0
0.42688; 0
0.43355; 0
0.44022; 0
0.44689; 0
0.45356; 0
0.46023; 0
0.4669; 0
0.47357; 402.847
0.48024; 402.79
0.48691; 402.675
0.49358; 402.504
0.50025; 402.276
0.50692; 401.991
0.51359; 401.652
0.52026; 401.257
0.52693; 400.808
0.5336; 400.307
0.54027; 399.754
0.54694; 399.149
0.55361; 398.496
0.56028; 397.794
0.56695; 397.045
0.57362; 396.252
0.58029; 395.414
0.58696; 394.535
0.59363; 393.616
0.6003; 392.659
0.60697; 391.665
0.61364; 390.636
0.62031; 389.575
0.62698; 388.483
0.63365; 387.363
0.64032; 386.216
0.64699; 385.044
0.65366; 383.85
0.66033; 382.636
0.667; 381.402
0.67367; 380.153
0.68034; 378.889
0.68701; 377.612
0.69368; 376.324
0.70035; 375.028
0.70702; 373.725
0.71369; 372.416
0.72036; 371.104
0.72703; 369.79
0.7337; 368.475
0.74037; 367.162
0.74704; 365.851
0.75371; 364.543
0.76038; 363.24
0.76705; 361.943
0.77372; 360.653
0.78039; 359.37
0.78706; 358.095
0.79373; 356.828
0.8004; 355.57
0.80707; 354.32
0.81374; 353.079
0.82041; 351.846
0.82708; 350.621
0.83375; 349.402
0.84042; 348.188
0.84709; 346.978
0.85376; 345.769
0.86043; 344.559
0.8671; 343.346
0.87377; 342.125
0.88044; 340.892
0.88711; 339.644
0.89378; 338.373
0.90045; 337.076
0.90712; 335.744
0.91379; 334.373
0.92046; 332.956
0.92713; 331.494
0.9338; 329.992
0.94047; 328.469
0.94714; 326.972
0.95381; 325.59
0.96048; 324.471
0.96715; 323.819
0.97382; 323.819
0.98049; 324.471
0.98716; 325.59
0.99383; 326.972
1.0005; 328.469
1.00717; 329.992
1.01384; 331.494
1.02051; 332.956
1.02718; 334.373
1.03385; 335.744
1.04052; 337.076
1.04719; 338.373
1.05386; 339.644
1.06053; 340.892
1.0672; 342.125
1.07387; 343.346
1.08054; 344.559
1.08721; 345.769
1.09388; 346.978
1.10055; 348.188
1.10722; 349.402
1.11389; 350.621
1.12056; 351.846
1.12723; 353.079
1.1339; 354.32
1.14057; 355.57
1.14724; 356.828
1.15391; 358.095
1.16058; 359.37
1.16725; 360.653
1.17392; 361.943
1.18059; 363.24
1.18726; 364.543
1.19393; 365.851
1.2006; 367.162
1.20727; 368.475
1.21394; 369.79
1.22061; 371.104
1.22728; 372.416
1.23395; 373.725
1.24062; 375.028
1.24729; 376.324
1.25396; 377.612
1.26063; 378.889
1.2673; 380.153
1.27397; 381.402
1.28064; 382.636
1.28731; 383.85
1.29398; 385.044
1.30065; 386.216
1.30732; 387.363
1.31399; 388.483
1.32066; 389.575
1.32733; 390.636
1.334; 391.665
1.34067; 392.659
1.34734; 393.616
1.35401; 394.535
1.36068; 395.414
1.36735; 396.252
1.37402; 397.045
1.38069; 397.794
1.38736; 398.496
1.39403; 399.149
1.4007; 399.754
1.40737; 400.307
1.41404; 400.808
1.42071; 401.257
1.42738; 401.652
1.43405; 401.991
1.44072; 402.276
1.44739; 402.504
1.45406; 402.675
1.46073; 402.79
1.4674; 402.847
1.47407; 0
1.48074; 0
1.48741; 0
1.49408; 0
1.50075; 0
1.50742; 0
1.51409; 0
1.52076; 0
1.52743; 0
1.5341; 0
1.54077; 0
1.54744; 0
1.55411; 0
1.56078; 0
1.56745; 0
1.57412; 0
1.58079; 0
1.58746; 0
1.59413; 0
1.6008; 0
1.60747; 0
1.61414; 0
1.62081; 0
1.62748; 0
1.63415; 0
1.64082; 0
1.64749; 0
1.65416; 0
1.66083; 0
1.6675; 0
1.67417; 0
1.68084; 0
1.68751; 0
1.69418; 0
1.70085; 0
1.70752; 0
1.71419; 0
1.72086; 0
1.72753; 0
1.7342; 0
1.74087; 0
1.74754; 0
1.75421; 0
1.76088; 0
1.76755; 0
1.77422; 0
1.78089; 0
1.78756; 0
1.79423; 0
1.8009; 0
1.80757; 0
1.81424; 0
1.82091; 0
1.82758; 0
1.83425; 0
1.84092; 0
1.84759; 0
1.85426; 0
1.86093; 0
1.8676; 0
1.87427; 0
1.88094; 0
1.88761; 0
1.89428; 0
1.90095; 0
1.90762; 0
1.91429; 0
1.92096; 0
1.92763; 0
1.9343; 0
1.94097; 0
1.94764; 0
1.95431; 0
1.96098; 0
1.96765; 0
1.97432; 0
1.98099; 0
1.98766; 0
1.99433; 0
2.001; 0
