0.00026; 0
0.00052; 0
0.00078; 0
0.00104; 0
0.0013; 0
0.00156; 0
0.00182; 0
0.00208; 0
0.00234; 0
0.0026; 0
0.00286; 0
0.00312; 0
0.00338; 0
0.00364; 0
0.0039; 0
0.00416; 0
0.00442; 0
0.00468; 0
0.00494; 0
0.0052; 0
0.00546; 0
0.00572; 0
0.00598; 0
0.00624; 0
0.0065; 0
0.00676; 0
0.00702; 0
0.00728; 0
0.00754; 0
0.0078; 0
0.00806; 0
0.00832; 0
0.00858; 0
0.00884; 0
0.0091; 0
0.00936; 0
0.00962; 0
0.00988; 0
0.01014; 0
0.0104; 0
0.01066; 0
0.01092; 0
0.01118; 0
0.01144; 0
0.0117; 0
0.01196; 0
0.01222; 0
0.01248; 0
0.01274; 0
0.013; 0
0.01326; 0
0.01352; 0
0.01378; 0
0.01404; 0
0.0143; 0
0.01456; 0
0.01482; 0
0.01508; 0
0.01534; 0
0.0156; 0
0.01586; 0
0.01612; 0
0.01638; 0
0.01664; 0
0.0169; 0
0.01716; 0
0.01742; 0
0.01768; 0
0.01794; 0
0.0182; 0
0.01846; 0
0.01872; 0
0.01898; 0
0.01924; 0
0.0195; 0
0.01976; 0
0.02002; 0
0.02028; 0
0.02054; 0
0.0208; 0
0.02106; 0
0.02132; 0
0.02158; 0
0.02184; 0
0.0221; 0
0.02236; 0
0.02262; 0
0.02288; 575.61
0.02314; 575.406
0.0234; 575.224
0.02366; 575.03
0.02392; 574.838
0.02418; 574.65
0.02444; 574.484
0.0247; 574.314
0.02496; 574.157
0.02522; 573.987
0.02548; 573.867
0.02574; 573.733
0.026; 573.601
0.02626; 573.471
0.02652; 573.36
0.02678; 573.245
0.02704; 573.142
0.0273; 573.025
0.02756; 572.956
0.02782; 572.874
0.02808; 572.792
0.02834; 572.711
0.0286; 572.649
0.02886; 572.582
0.02912; 572.525
0.02938; 572.454
0.02964; 572.43
0.0299; 572.392
0.03016; 572.353
0.03042; 572.314
0.03068; 572.293
0.03094; 572.266
0.0312; 572.248
0.03146; 572.215
0.03172; 572.228
0.03198; 572.226
0.03224; 572.222
0.0325; 572.218
0.03276; 572.23
0.03302; 572.235
0.03328; 572.249
0.03354; 572.247
0.0338; 572.29
0.03406; 572.317
0.03432; 572.34
0.03458; 572.363
0.03484; 572.401
0.0351; 572.431
0.03536; 572.469
0.03562; 572.49
0.03588; 572.556
0.03614; 572.604
0.0364; 572.649
0.03666; 572.691
0.03692; 572.749
0.03718; 572.798
0.03744; 572.853
0.0377; 572.892
0.03796; 572.974
0.03822; 573.038
0.03848; 573.098
0.03874; 573.155
0.039; 573.226
0.03926; 573.289
0.03952; 573.358
0.03978; 573.408
0.04004; 573.502
0.0403; 573.578
0.04056; 573.649
0.04082; 573.717
0.04108; 573.799
0.04134; 573.871
0.0416; 573.949
0.04186; 574.009
0.04212; 574.112
0.04238; 574.197
0.04264; 574.277
0.0429; 574.353
0.04316; 574.443
0.04342; 574.524
0.04368; 574.611
0.04394; 574.679
0.0442; 574.79
0.04446; 574.883
0.04472; 574.971
0.04498; 575.056
0.04524; 575.155
0.0455; 575.244
0.04576; 575.34
0.04602; 575.417
0.04628; 575.538
0.04654; 575.64
0.0468; 575.738
0.04706; 575.833
0.04732; 575.942
0.04758; 576.043
0.04784; 576.15
0.0481; 576.24
0.04836; 576.372
0.04862; 576.487
0.04888; 576.599
0.04914; 576.708
0.0494; 576.832
0.04966; 576.947
0.04992; 577.07
0.05018; 577.176
0.05044; 577.325
0.0507; 577.458
0.05096; 577.587
0.05122; 577.716
0.05148; 577.859
0.05174; 577.995
0.052; 578.139
0.05226; 578.267
0.05252; 578.439
0.05278; 578.596
0.05304; 578.75
0.0533; 578.903
0.05356; 579.072
0.05382; 579.235
0.05408; 579.407
0.05434; 579.563
0.0546; 579.764
0.05486; 579.951
0.05512; 580.135
0.05538; 580.321
0.05564; 580.522
0.0559; 580.718
0.05616; 580.924
0.05642; 581.116
0.05668; 581.352
0.05694; 581.576
0.0572; 581.8
0.05746; 582.027
0.05772; 582.272
0.05798; 582.512
0.05824; 582.74
0.0585; 0
0.05876; 0
0.05902; 0
0.05928; 0
0.05954; 0
0.0598; 0
0.06006; 0
0.06032; 0
0.06058; 0
0.06084; 0
0.0611; 0
0.06136; 0
0.06162; 0
0.06188; 0
0.06214; 0
0.0624; 0
0.06266; 0
0.06292; 0
0.06318; 0
0.06344; 0
0.0637; 0
0.06396; 0
0.06422; 0
0.06448; 0
0.06474; 0
0.065; 0
0.06526; 0
0.06552; 0
0.06578; 0
0.06604; 0
0.0663; 0
0.06656; 0
0.06682; 0
0.06708; 0
0.06734; 0
0.0676; 0
0.06786; 0
0.06812; 0
0.06838; 0
0.06864; 0
0.0689; 0
0.06916; 0
0.06942; 0
0.06968; 0
0.06994; 0
0.0702; 0
0.07046; 0
0.07072; 0
0.07098; 0
0.07124; 0
0.0715; 0
0.07176; 0
0.07202; 0
0.07228; 0
0.07254; 0
0.0728; 0
0.07306; 0
0.07332; 0
0.07358; 0
0.07384; 0
0.0741; 0
0.07436; 0
0.07462; 0
0.07488; 0
0.07514; 0
0.0754; 0
0.07566; 0
0.07592; 0
0.07618; 0
0.07644; 0
0.0767; 0
0.07696; 0
0.07722; 0
0.07748; 0
0.07774; 0
0.078; 0
