0.00667; 0
0.01334; 0
0.02001; 0
0.02668; 0
0.03335; 0
0.04002; 0
0.04669; 0
0.05336; 0
0.06003; 0
0.0667; 0
0.07337; 0
0.08004; 0
0.08671; 0
0.09338; 0
0.10005; 0
0.10672; 0
0.11339; 0
0.12006; 0
0.12673; 0
0.1334; 0
0.14007; 0
0.14674; 0
0.15341; 0
0.16008; 0
0.16675; 0
0.17342; 0
0.18009; 0
0.18676; 0
0.19343; 0
0.2001; 0
0.20677; 0
0.21344; 0
0.22011; 0
0.22678; 0
0.23345; 0
0.24012; 0
0.24679; 0
0.25346; 0
0.26013; 0
0.2668; 0
0.27347; 0
0.28014; 0
0.28681; 0
0.29348; 0
0.30015; 0
0.30682; 0
0.31349; 0
0.32016; 0
0.32683; 0
0.3335; 0
0.34017; 0
0.34684; 0
0.35351; 0
0.36018; 0
0.36685; 0
0.37352; 0
0.38019; 0
0.38686; 0
0.39353; 0
0.4002; 0
0.40687; 0
0.41354; 0
0.42021; 0
0.42688; 0
0.43355; 0
0.44022; 0
0.44689; 0
0.45356; 0
0.46023; 0
0.4669; 0
0.47357; 649.189
0.48024; 649.121
0.48691; 648.986
0.49358; 648.783
0.50025; 648.513
0.50692; 648.175
0.51359; 647.771
0.52026; 647.3
0.52693; 646.763
0.5336; 646.161
0.54027; 645.492
0.54694; 644.759
0.55361; 643.962
0.56028; 643.1
0.56695; 642.176
0.57362; 641.189
0.58029; 640.14
0.58696; 639.029
0.59363; 637.858
0.6003; 636.626
0.60697; 635.335
0.61364; 633.985
0.62031; 632.576
0.62698; 631.11
0.63365; 629.586
0.64032; 628.006
0.64699; 626.37
0.65366; 624.677
0.66033; 622.929
0.667; 621.126
0.67367; 619.267
0.68034; 617.353
0.68701; 615.384
0.69368; 613.359
0.70035; 611.279
0.70702; 609.142
0.71369; 606.948
0.72036; 604.697
0.72703; 602.387
0.7337; 600.017
0.74037; 597.585
0.74704; 595.09
0.75371; 592.53
0.76038; 589.901
0.76705; 587.203
0.77372; 584.43
0.78039; 581.58
0.78706; 578.649
0.79373; 575.631
0.8004; 572.521
0.80707; 569.313
0.81374; 566.001
0.82041; 562.576
0.82708; 559.03
0.83375; 555.351
0.84042; 551.53
0.84709; 547.553
0.85376; 543.404
0.86043; 539.068
0.8671; 534.525
0.87377; 529.754
0.88044; 524.729
0.88711; 519.424
0.89378; 513.807
0.90045; 507.847
0.90712; 501.509
0.91379; 494.762
0.92046; 487.583
0.92713; 479.968
0.9338; 471.961
0.94047; 463.686
0.94714; 455.423
0.95381; 447.7
0.96048; 441.393
0.96715; 437.695
0.97382; 437.695
0.98049; 441.393
0.98716; 447.7
0.99383; 455.423
1.0005; 463.686
1.00717; 471.961
1.01384; 479.968
1.02051; 487.583
1.02718; 494.762
1.03385; 501.509
1.04052; 507.847
1.04719; 513.807
1.05386; 519.424
1.06053; 524.729
1.0672; 529.754
1.07387; 534.525
1.08054; 539.068
1.08721; 543.404
1.09388; 547.553
1.10055; 551.53
1.10722; 555.351
1.11389; 559.03
1.12056; 562.576
1.12723; 566.001
1.1339; 569.313
1.14057; 572.521
1.14724; 575.631
1.15391; 578.649
1.16058; 581.58
1.16725; 584.43
1.17392; 587.203
1.18059; 589.901
1.18726; 592.53
1.19393; 595.09
1.2006; 597.585
1.20727; 600.017
1.21394; 602.387
1.22061; 604.697
1.22728; 606.948
1.23395; 609.142
1.24062; 611.279
1.24729; 613.359
1.25396; 615.384
1.26063; 617.353
1.2673; 619.267
1.27397; 621.126
1.28064; 622.929
1.28731; 624.677
1.29398; 626.37
1.30065; 628.006
1.30732; 629.586
1.31399; 631.11
1.32066; 632.576
1.32733; 633.985
1.334; 635.335
1.34067; 636.626
1.34734; 637.858
1.35401; 639.029
1.36068; 640.14
1.36735; 641.189
1.37402; 642.176
1.38069; 643.1
1.38736; 643.962
1.39403; 644.759
1.4007; 645.492
1.40737; 646.161
1.41404; 646.763
1.42071; 647.3
1.42738; 647.771
1.43405; 648.175
1.44072; 648.513
1.44739; 648.783
1.45406; 648.986
1.46073; 649.121
1.4674; 649.189
1.47407; 0
1.48074; 0
1.48741; 0
1.49408; 0
1.50075; 0
1.50742; 0
1.51409; 0
1.52076; 0
1.52743; 0
1.5341; 0
1.54077; 0
1.54744; 0
1.55411; 0
1.56078; 0
1.56745; 0
1.57412; 0
1.58079; 0
1.58746; 0
1.59413; 0
1.6008; 0
1.60747; 0
1.61414; 0
1.62081; 0
1.62748; 0
1.63415; 0
1.64082; 0
1.64749; 0
1.65416; 0
1.66083; 0
1.6675; 0
1.67417; 0
1.68084; 0
1.68751; 0
1.69418; 0
1.70085; 0
1.70752; 0
1.71419; 0
1.72086; 0
1.72753; 0
1.7342; 0
1.74087; 0
1.74754; 0
1.75421; 0
1.76088; 0
1.76755; 0
1.77422; 0
1.78089; 0
1.78756; 0
1.79423; 0
1.8009; 0
1.80757; 0
1.81424; 0
1.82091; 0
1.82758; 0
1.83425; 0
1.84092; 0
1.84759; 0
1.85426; 0
1.86093; 0
1.8676; 0
1.87427; 0
1.88094; 0
1.88761; 0
1.89428; 0
1.90095; 0
1.90762; 0
1.91429; 0
1.92096; 0
1.92763; 0
1.9343; 0
1.94097; 0
1.94764; 0
1.95431; 0
1.96098; 0
1.96765; 0
1.97432; 0
1.98099; 0
1.98766; 0
1.99433; 0
2.001; 0
