0.00667; 0
0.01334; 0
0.02001; 0
0.02668; 0
0.03335; 0
0.04002; 0
0.04669; 0
0.05336; 0
0.06003; 0
0.0667; 0
0.07337; 0
0.08004; 0
0.08671; 0
0.09338; 0
0.10005; 0
0.10672; 0
0.11339; 0
0.12006; 0
0.12673; 0
0.1334; 0
0.14007; 0
0.14674; 0
0.15341; 0
0.16008; 0
0.16675; 0
0.17342; 0
0.18009; 0
0.18676; 0
0.19343; 0
0.2001; 0
0.20677; 0
0.21344; 0
0.22011; 0
0.22678; 0
0.23345; 0
0.24012; 0
0.24679; 0
0.25346; 0
0.26013; 0
0.2668; 0
0.27347; 0
0.28014; 0
0.28681; 0
0.29348; 0
0.30015; 0
0.30682; 0
0.31349; 0
0.32016; 0
0.32683; 0
0.3335; 0
0.34017; 0
0.34684; 0
0.35351; 0
0.36018; 0
0.36685; 0
0.37352; 0
0.38019; 0
0.38686; 0
0.39353; 0
0.4002; 0
0.40687; 0
0.41354; 0
0.42021; 0
0.42688; 0
0.43355; 0
0.44022; 0
0.44689; 0
0.45356; 0
0.46023; 0
0.4669; 0
0.47357; 549.201
0.48024; 549.135
0.48691; 549.001
0.49358; 548.802
0.50025; 548.536
0.50692; 548.204
0.51359; 547.807
0.52026; 547.345
0.52693; 546.819
0.5336; 546.23
0.54027; 545.577
0.54694; 544.863
0.55361; 544.088
0.56028; 543.252
0.56695; 542.357
0.57362; 541.405
0.58029; 540.395
0.58696; 539.33
0.59363; 538.211
0.6003; 537.038
0.60697; 535.813
0.61364; 534.537
0.62031; 533.212
0.62698; 531.838
0.63365; 530.418
0.64032; 528.952
0.64699; 527.441
0.65366; 525.888
0.66033; 524.292
0.667; 522.655
0.67367; 520.979
0.68034; 519.264
0.68701; 517.511
0.69368; 515.72
0.70035; 513.894
0.70702; 512.032
0.71369; 510.134
0.72036; 508.202
0.72703; 506.235
0.7337; 504.234
0.74037; 502.198
0.74704; 500.128
0.75371; 498.021
0.76038; 495.879
0.76705; 493.699
0.77372; 491.481
0.78039; 489.222
0.78706; 486.921
0.79373; 484.575
0.8004; 482.181
0.80707; 479.736
0.81374; 477.236
0.82041; 474.676
0.82708; 472.052
0.83375; 469.356
0.84042; 466.581
0.84709; 463.72
0.85376; 460.763
0.86043; 457.7
0.8671; 454.517
0.87377; 451.202
0.88044; 447.737
0.88711; 444.106
0.89378; 440.288
0.90045; 436.262
0.90712; 432.005
0.91379; 427.497
0.92046; 422.722
0.92713; 417.677
0.9338; 412.39
0.94047; 406.942
0.94714; 401.513
0.95381; 396.448
0.96048; 392.316
0.96715; 389.895
0.97382; 389.895
0.98049; 392.316
0.98716; 396.448
0.99383; 401.513
1.0005; 406.942
1.00717; 412.39
1.01384; 417.677
1.02051; 422.722
1.02718; 427.497
1.03385; 432.005
1.04052; 436.262
1.04719; 440.288
1.05386; 444.106
1.06053; 447.737
1.0672; 451.202
1.07387; 454.517
1.08054; 457.7
1.08721; 460.763
1.09388; 463.72
1.10055; 466.581
1.10722; 469.356
1.11389; 472.052
1.12056; 474.676
1.12723; 477.236
1.1339; 479.736
1.14057; 482.181
1.14724; 484.575
1.15391; 486.921
1.16058; 489.222
1.16725; 491.481
1.17392; 493.699
1.18059; 495.879
1.18726; 498.021
1.19393; 500.128
1.2006; 502.198
1.20727; 504.234
1.21394; 506.235
1.22061; 508.202
1.22728; 510.134
1.23395; 512.032
1.24062; 513.894
1.24729; 515.72
1.25396; 517.511
1.26063; 519.264
1.2673; 520.979
1.27397; 522.655
1.28064; 524.292
1.28731; 525.888
1.29398; 527.441
1.30065; 528.952
1.30732; 530.418
1.31399; 531.838
1.32066; 533.212
1.32733; 534.537
1.334; 535.813
1.34067; 537.038
1.34734; 538.211
1.35401; 539.33
1.36068; 540.395
1.36735; 541.405
1.37402; 542.357
1.38069; 543.252
1.38736; 544.088
1.39403; 544.863
1.4007; 545.577
1.40737; 546.23
1.41404; 546.819
1.42071; 547.345
1.42738; 547.807
1.43405; 548.204
1.44072; 548.536
1.44739; 548.802
1.45406; 549.001
1.46073; 549.135
1.4674; 549.201
1.47407; 0
1.48074; 0
1.48741; 0
1.49408; 0
1.50075; 0
1.50742; 0
1.51409; 0
1.52076; 0
1.52743; 0
1.5341; 0
1.54077; 0
1.54744; 0
1.55411; 0
1.56078; 0
1.56745; 0
1.57412; 0
1.58079; 0
1.58746; 0
1.59413; 0
1.6008; 0
1.60747; 0
1.61414; 0
1.62081; 0
1.62748; 0
1.63415; 0
1.64082; 0
1.64749; 0
1.65416; 0
1.66083; 0
1.6675; 0
1.67417; 0
1.68084; 0
1.68751; 0
1.69418; 0
1.70085; 0
1.70752; 0
1.71419; 0
1.72086; 0
1.72753; 0
1.7342; 0
1.74087; 0
1.74754; 0
1.75421; 0
1.76088; 0
1.76755; 0
1.77422; 0
1.78089; 0
1.78756; 0
1.79423; 0
1.8009; 0
1.80757; 0
1.81424; 0
1.82091; 0
1.82758; 0
1.83425; 0
1.84092; 0
1.84759; 0
1.85426; 0
1.86093; 0
1.8676; 0
1.87427; 0
1.88094; 0
1.88761; 0
1.89428; 0
1.90095; 0
1.90762; 0
1.91429; 0
1.92096; 0
1.92763; 0
1.9343; 0
1.94097; 0
1.94764; 0
1.95431; 0
1.96098; 0
1.96765; 0
1.97432; 0
1.98099; 0
1.98766; 0
1.99433; 0
2.001; 0
