0.00667; 0
0.01334; 0
0.02001; 0
0.02668; 0
0.03335; 0
0.04002; 0
0.04669; 0
0.05336; 0
0.06003; 0
0.0667; 0
0.07337; 0
0.08004; 0
0.08671; 0
0.09338; 0
0.10005; 0
0.10672; 0
0.11339; 0
0.12006; 0
0.12673; 0
0.1334; 0
0.14007; 0
0.14674; 0
0.15341; 0
0.16008; 0
0.16675; 0
0.17342; 0
0.18009; 0
0.18676; 0
0.19343; 0
0.2001; 0
0.20677; 0
0.21344; 0
0.22011; 0
0.22678; 0
0.23345; 0
0.24012; 0
0.24679; 0
0.25346; 0
0.26013; 0
0.2668; 0
0.27347; 0
0.28014; 0
0.28681; 0
0.29348; 0
0.30015; 0
0.30682; 0
0.31349; 0
0.32016; 0
0.32683; 0
0.3335; 0
0.34017; 0
0.34684; 0
0.35351; 0
0.36018; 0
0.36685; 0
0.37352; 0
0.38019; 0
0.38686; 0
0.39353; 0
0.4002; 0
0.40687; 0
0.41354; 0
0.42021; 0
0.42688; 0
0.43355; 0
0.44022; 0
0.44689; 0
0.45356; 0
0.46023; 0
0.4669; 0
0.47357; 566.076
0.48024; 566.01
0.48691; 565.876
0.49358; 565.676
0.50025; 565.409
0.50692; 565.076
0.51359; 564.678
0.52026; 564.214
0.52693; 563.686
0.5336; 563.094
0.54027; 562.439
0.54694; 561.721
0.55361; 560.942
0.56028; 560.102
0.56695; 559.202
0.57362; 558.243
0.58029; 557.226
0.58696; 556.153
0.59363; 555.024
0.6003; 553.841
0.60697; 552.604
0.61364; 551.315
0.62031; 549.976
0.62698; 548.586
0.63365; 547.148
0.64032; 545.662
0.64699; 544.13
0.65366; 542.552
0.66033; 540.93
0.667; 539.265
0.67367; 537.557
0.68034; 535.808
0.68701; 534.017
0.69368; 532.187
0.70035; 530.317
0.70702; 528.408
0.71369; 526.46
0.72036; 524.474
0.72703; 522.449
0.7337; 520.385
0.74037; 518.281
0.74704; 516.139
0.75371; 513.955
0.76038; 511.731
0.76705; 509.463
0.77372; 507.15
0.78039; 504.792
0.78706; 502.384
0.79373; 499.924
0.8004; 497.409
0.80707; 494.836
0.81374; 492.198
0.82041; 489.492
0.82708; 486.712
0.83375; 483.85
0.84042; 480.899
0.84709; 477.849
0.85376; 474.691
0.86043; 471.413
0.8671; 468.001
0.87377; 464.44
0.88044; 460.712
0.88711; 456.799
0.89378; 452.678
0.90045; 448.326
0.90712; 443.718
0.91379; 438.832
0.92046; 433.652
0.92713; 428.174
0.9338; 422.428
0.94047; 416.504
0.94714; 410.598
0.95381; 405.085
0.96048; 400.586
0.96715; 397.95
0.97382; 397.95
0.98049; 400.586
0.98716; 405.085
0.99383; 410.598
1.0005; 416.504
1.00717; 422.428
1.01384; 428.174
1.02051; 433.652
1.02718; 438.832
1.03385; 443.718
1.04052; 448.326
1.04719; 452.678
1.05386; 456.799
1.06053; 460.712
1.0672; 464.44
1.07387; 468.001
1.08054; 471.413
1.08721; 474.691
1.09388; 477.849
1.10055; 480.899
1.10722; 483.85
1.11389; 486.712
1.12056; 489.492
1.12723; 492.198
1.1339; 494.836
1.14057; 497.409
1.14724; 499.924
1.15391; 502.384
1.16058; 504.792
1.16725; 507.15
1.17392; 509.463
1.18059; 511.731
1.18726; 513.955
1.19393; 516.139
1.2006; 518.281
1.20727; 520.385
1.21394; 522.449
1.22061; 524.474
1.22728; 526.46
1.23395; 528.408
1.24062; 530.317
1.24729; 532.187
1.25396; 534.017
1.26063; 535.808
1.2673; 537.557
1.27397; 539.265
1.28064; 540.93
1.28731; 542.552
1.29398; 544.13
1.30065; 545.662
1.30732; 547.148
1.31399; 548.586
1.32066; 549.976
1.32733; 551.315
1.334; 552.604
1.34067; 553.841
1.34734; 555.024
1.35401; 556.153
1.36068; 557.226
1.36735; 558.243
1.37402; 559.202
1.38069; 560.102
1.38736; 560.942
1.39403; 561.721
1.4007; 562.439
1.40737; 563.094
1.41404; 563.686
1.42071; 564.214
1.42738; 564.678
1.43405; 565.076
1.44072; 565.409
1.44739; 565.676
1.45406; 565.876
1.46073; 566.01
1.4674; 566.076
1.47407; 0
1.48074; 0
1.48741; 0
1.49408; 0
1.50075; 0
1.50742; 0
1.51409; 0
1.52076; 0
1.52743; 0
1.5341; 0
1.54077; 0
1.54744; 0
1.55411; 0
1.56078; 0
1.56745; 0
1.57412; 0
1.58079; 0
1.58746; 0
1.59413; 0
1.6008; 0
1.60747; 0
1.61414; 0
1.62081; 0
1.62748; 0
1.63415; 0
1.64082; 0
1.64749; 0
1.65416; 0
1.66083; 0
1.6675; 0
1.67417; 0
1.68084; 0
1.68751; 0
1.69418; 0
1.70085; 0
1.70752; 0
1.71419; 0
1.72086; 0
1.72753; 0
1.7342; 0
1.74087; 0
1.74754; 0
1.75421; 0
1.76088; 0
1.76755; 0
1.77422; 0
1.78089; 0
1.78756; 0
1.79423; 0
1.8009; 0
1.80757; 0
1.81424; 0
1.82091; 0
1.82758; 0
1.83425; 0
1.84092; 0
1.84759; 0
1.85426; 0
1.86093; 0
1.8676; 0
1.87427; 0
1.88094; 0
1.88761; 0
1.89428; 0
1.90095; 0
1.90762; 0
1.91429; 0
1.92096; 0
1.92763; 0
1.9343; 0
1.94097; 0
1.94764; 0
1.95431; 0
1.96098; 0
1.96765; 0
1.97432; 0
1.98099; 0
1.98766; 0
1.99433; 0
2.001; 0
