0.00026; 660.31
0.00052; 660.312
0.00078; 660.31
0.00104; 660.308
0.0013; 660.306
0.00156; 660.308
0.00182; 660.307
0.00208; 660.303
0.00234; 660.303
0.0026; 660.304
0.00286; 660.303
0.00312; 660.301
0.00338; 660.299
0.00364; 660.3
0.0039; 660.299
0.00416; 660.295
0.00442; 660.296
0.00468; 660.296
0.00494; 660.295
0.0052; 660.293
0.00546; 660.29
0.00572; 660.292
0.00598; 660.291
0.00624; 660.287
0.0065; 660.287
0.00676; 660.288
0.00702; 660.287
0.00728; 660.284
0.00754; 660.282
0.0078; 660.284
0.00806; 660.283
0.00832; 660.279
0.00858; 660.279
0.00884; 660.28
0.0091; 660.279
0.00936; 660.277
0.00962; 660.274
0.00988; 660.276
0.01014; 660.275
0.0104; 660.272
0.01066; 660.272
0.01092; 660.273
0.01118; 660.272
0.01144; 660.269
0.0117; 660.267
0.01196; 660.269
0.01222; 660.268
0.01248; 660.265
0.01274; 660.265
0.013; 660.266
0.01326; 660.265
0.01352; 660.263
0.01378; 660.261
0.01404; 660.262
0.0143; 660.261
0.01456; 660.258
0.01482; 660.258
0.01508; 660.259
0.01534; 660.258
0.0156; 660.256
0.01586; 660.254
0.01612; 660.256
0.01638; 660.256
0.01664; 660.252
0.0169; 660.253
0.01716; 660.254
0.01742; 660.253
0.01768; 660.251
0.01794; 660.249
0.0182; 660.251
0.01846; 660.25
0.01872; 660.247
0.01898; 660.247
0.01924; 660.249
0.0195; 660.248
0.01976; 660.246
0.02002; 660.244
0.02028; 660.246
0.02054; 660.245
0.0208; 660.242
0.02106; 660.243
0.02132; 660.244
0.02158; 660.243
0.02184; 660.241
0.0221; 660.239
0.02236; 660.242
0.02262; 660.241
0.02288; 660.238
0.02314; 660.238
0.0234; 660.24
0.02366; 660.239
0.02392; 660.237
0.02418; 660.235
0.02444; 660.238
0.0247; 660.237
0.02496; 660.234
0.02522; 660.235
0.02548; 660.236
0.02574; 660.235
0.026; 660.234
0.02626; 660.232
0.02652; 660.234
0.02678; 660.234
0.02704; 660.231
0.0273; 660.231
0.02756; 660.233
0.02782; 660.232
0.02808; 660.231
0.02834; 660.229
0.0286; 660.231
0.02886; 660.231
0.02912; 660.228
0.02938; 660.229
0.02964; 660.23
0.0299; 660.23
0.03016; 660.228
0.03042; 660.226
0.03068; 660.229
0.03094; 660.228
0.0312; 660.226
0.03146; 660.226
0.03172; 660.228
0.03198; 660.227
0.03224; 660.226
0.0325; 660.224
0.03276; 660.227
0.03302; 660.227
0.03328; 660.224
0.03354; 660.225
0.0338; 660.226
0.03406; 660.226
0.03432; 660.224
0.03458; 660.223
0.03484; 660.225
0.0351; 660.225
0.03536; 660.222
0.03562; 660.223
0.03588; 660.225
0.03614; 660.225
0.0364; 660.223
0.03666; 660.222
0.03692; 660.224
0.03718; 660.224
0.03744; 660.222
0.0377; 660.223
0.03796; 660.224
0.03822; 660.224
0.03848; 660.223
0.03874; 660.221
0.039; 660.224
0.03926; 660.224
0.03952; 660.221
0.03978; 660.222
0.04004; 660.224
0.0403; 660.224
0.04056; 660.223
0.04082; 660.221
0.04108; 660.224
0.04134; 660.224
0.0416; 660.221
0.04186; 660.223
0.04212; 660.224
0.04238; 660.224
0.04264; 660.223
0.0429; 660.222
0.04316; 660.225
0.04342; 660.225
0.04368; 660.222
0.04394; 660.223
0.0442; 660.225
0.04446; 660.225
0.04472; 660.224
0.04498; 660.223
0.04524; 660.226
0.0455; 660.226
0.04576; 660.223
0.04602; 660.224
0.04628; 660.226
0.04654; 660.226
0.0468; 660.225
0.04706; 660.224
0.04732; 660.227
0.04758; 660.227
0.04784; 660.225
0.0481; 660.226
0.04836; 660.228
0.04862; 660.228
0.04888; 660.227
0.04914; 660.226
0.0494; 660.229
0.04966; 660.229
0.04992; 660.227
0.05018; 660.228
0.05044; 660.23
0.0507; 660.23
0.05096; 660.229
0.05122; 660.228
0.05148; 660.231
0.05174; 660.232
0.052; 660.229
0.05226; 660.231
0.05252; 660.233
0.05278; 660.233
0.05304; 660.232
0.0533; 660.231
0.05356; 660.234
0.05382; 660.234
0.05408; 660.232
0.05434; 660.234
0.0546; 660.236
0.05486; 660.236
0.05512; 660.235
0.05538; 660.234
0.05564; 660.237
0.0559; 660.238
0.05616; 660.236
0.05642; 660.237
0.05668; 660.239
0.05694; 660.239
0.0572; 660.239
0.05746; 660.238
0.05772; 660.241
0.05798; 660.241
0.05824; 660.239
0.0585; 660.241
0.05876; 660.243
0.05902; 660.244
0.05928; 660.243
0.05954; 660.242
0.0598; 660.245
0.06006; 660.246
0.06032; 660.244
0.06058; 660.245
0.06084; 660.248
0.0611; 660.248
0.06136; 660.247
0.06162; 660.247
0.06188; 660.25
0.06214; 660.251
0.0624; 660.249
0.06266; 660.25
0.06292; 660.253
0.06318; 660.253
0.06344; 660.253
0.0637; 660.252
0.06396; 660.255
0.06422; 660.256
0.06448; 660.254
0.06474; 660.256
0.065; 660.258
0.06526; 660.259
0.06552; 660.258
0.06578; 660.257
0.06604; 660.261
0.0663; 660.262
0.06656; 660.26
0.06682; 660.261
0.06708; 660.264
0.06734; 660.265
0.0676; 660.264
0.06786; 660.264
0.06812; 660.267
0.06838; 660.268
0.06864; 660.266
0.0689; 660.268
0.06916; 660.27
0.06942; 660.271
0.06968; 660.271
0.06994; 660.27
0.0702; 660.274
0.07046; 660.275
0.07072; 660.273
0.07098; 660.275
0.07124; 660.277
0.0715; 660.278
0.07176; 660.278
0.07202; 660.277
0.07228; 660.281
0.07254; 660.282
0.0728; 660.28
0.07306; 660.282
0.07332; 660.285
0.07358; 660.285
0.07384; 660.285
0.0741; 660.285
0.07436; 660.288
0.07462; 660.289
0.07488; 660.287
0.07514; 660.29
0.0754; 660.292
0.07566; 660.293
0.07592; 660.293
0.07618; 660.292
0.07644; 660.296
0.0767; 660.296
0.07696; 660.295
0.07722; 660.297
0.07748; 660.299
0.07774; 660.3
0.078; 660.299
