0.0026; 744.814
0.0052; 744.832
0.0078; 744.85
0.0104; 744.885
0.013; 744.937
0.0156; 745.005
0.0182; 745.088
0.0208; 745.184
0.0234; 745.292
0.026; 745.41
0.0286; 745.537
0.0312; 745.671
0.0338; 745.809
0.0364; 745.952
0.039; 746.096
0.0416; 746.24
0.0442; 746.384
0.0468; 746.526
0.0494; 746.665
0.052; 746.8
0.0546; 746.931
0.0572; 747.058
0.0598; 747.179
0.0624; 747.296
0.065; 747.408
0.0676; 747.516
0.0702; 747.62
0.0728; 747.719
0.0754; 747.814
0.078; 747.906
0.0806; 747.993
0.0832; 748.076
0.0858; 748.155
0.0884; 748.23
0.091; 748.302
0.0936; 748.369
0.0962; 748.43
0.0988; 748.486
0.1014; 748.535
0.104; 748.579
0.1066; 748.619
0.1092; 748.654
0.1118; 748.685
0.1144; 748.711
0.117; 748.733
0.1196; 748.751
0.1222; 748.764
0.1248; 748.771
0.1274; 748.773
0.13; 748.768
0.1326; 748.757
0.1352; 748.739
0.1378; 748.713
0.1404; 748.678
0.143; 748.633
0.1456; 748.578
0.1482; 748.51
0.1508; 748.429
0.1534; 748.332
0.156; 748.218
0.1586; 748.087
0.1612; 747.938
0.1638; 747.772
0.1664; 747.587
0.169; 747.383
0.1716; 747.158
0.1742; 746.912
0.1768; 746.645
0.1794; 746.357
0.182; 746.048
0.1846; 745.719
0.1872; 745.369
0.1898; 745
0.1924; 744.612
0.195; 744.207
0.1976; 743.786
0.2002; 743.352
0.2028; 742.906
0.2054; 742.451
0.208; 741.989
0.2106; 741.523
0.2132; 741.054
0.2158; 740.586
0.2184; 740.121
0.221; 739.66
0.2236; 739.206
0.2262; 738.759
0.2288; 738.321
0.2314; 737.892
0.234; 737.469
0.2366; 737.053
0.2392; 736.642
0.2418; 736.232
0.2444; 735.822
0.247; 735.409
0.2496; 734.988
0.2522; 734.557
0.2548; 734.11
0.2574; 733.645
0.26; 733.158
0.2626; 732.644
0.2652; 732.101
0.2678; 731.524
0.2704; 730.913
0.273; 730.263
0.2756; 729.574
0.2782; 728.845
0.2808; 728.075
0.2834; 727.266
0.286; 726.418
0.2886; 725.534
0.2912; 724.617
0.2938; 723.67
0.2964; 722.698
0.299; 721.706
0.3016; 720.697
0.3042; 719.678
0.3068; 718.653
0.3094; 717.626
0.312; 716.6
0.3146; 715.642
0.3172; 714.735
0.3198; 713.85
0.3224; 712.976
0.325; 712.11
0.3276; 711.247
0.3302; 710.379
0.3328; 709.53
0.3354; 708.707
0.338; 707.915
0.3406; 707.157
0.3432; 706.442
0.3458; 705.733
0.3484; 705.023
0.351; 704.374
0.3536; 703.774
0.3562; 703.216
0.3588; 702.693
0.3614; 702.201
0.364; 701.734
0.3666; 701.29
0.3692; 700.862
0.3718; 700.441
0.3744; 700.017
0.377; 699.581
0.3796; 699.124
0.3822; 698.638
0.3848; 698.115
0.3874; 697.549
0.39; 696.934
0.3926; 696.265
0.3952; 695.537
0.3978; 694.75
0.4004; 693.9
0.403; 692.988
0.4056; 692.015
0.4082; 690.982
0.4108; 689.893
0.4134; 688.752
0.416; 687.562
0.4186; 686.329
0.4212; 685.058
0.4238; 683.756
0.4264; 682.427
0.429; 681.077
0.4316; 679.712
0.4342; 678.337
0.4368; 676.955
0.4394; 675.57
0.442; 674.184
0.4446; 672.798
0.4472; 671.414
0.4498; 670.03
0.4524; 668.644
0.455; 667.254
0.4576; 665.855
0.4602; 664.439
0.4628; 662.999
0.4654; 661.524
0.468; 660.004
0.4706; 658.429
0.4732; 656.788
0.4758; 655.068
0.4784; 653.26
0.481; 651.35
0.4836; 649.329
0.4862; 647.188
0.4888; 644.924
0.4914; 642.533
0.494; 640.023
0.4966; 637.373
0.4992; 634.571
0.5018; 631.608
0.5044; 628.477
0.507; 625.176
0.5096; 621.701
0.5122; 618.049
0.5148; 614.217
0.5174; 610.206
0.52; 606.051
0.5226; 601.743
0.5252; 597.414
0.5278; 593.156
0.5304; 588.808
0.533; 584.39
0.5356; 579.942
0.5382; 575.472
0.5408; 570.981
0.5434; 566.474
0.546; 561.956
0.5486; 557.434
0.5512; 552.913
0.5538; 548.4
0.5564; 543.901
0.559; 539.421
0.5616; 534.966
0.5642; 530.543
0.5668; 526.156
0.5694; 521.811
0.572; 517.514
0.5746; 513.269
0.5772; 509.081
0.5798; 504.954
0.5824; 500.893
0.585; 496.901
0.5876; 492.982
0.5902; 489.139
0.5928; 485.375
0.5954; 481.692
0.598; 478.094
0.6006; 474.583
0.6032; 471.16
0.6058; 467.827
0.6084; 464.585
0.611; 461.436
0.6136; 458.38
0.6162; 455.419
0.6188; 452.553
0.6214; 449.782
0.624; 447.106
0.6266; 444.525
0.6292; 442.039
0.6318; 439.647
0.6344; 437.349
0.637; 435.143
0.6396; 433.028
0.6422; 431.004
0.6448; 429.069
0.6474; 427.22
0.65; 425.458
0.6526; 423.779
0.6552; 422.183
0.6578; 420.667
0.6604; 419.228
0.663; 417.866
0.6656; 416.578
0.6682; 415.361
0.6708; 414.214
0.6734; 413.133
0.676; 412.117
0.6786; 411.164
0.6812; 410.27
0.6838; 409.434
0.6864; 408.653
0.689; 407.925
0.6916; 407.246
0.6942; 406.616
0.6968; 406.031
0.6994; 405.489
0.702; 404.988
0.7046; 404.525
0.7072; 404.099
0.7098; 403.706
0.7124; 403.346
0.715; 403.017
0.7176; 402.715
0.7202; 402.439
0.7228; 402.188
0.7254; 401.96
0.728; 401.753
0.7306; 401.565
0.7332; 401.396
0.7358; 401.243
0.7384; 401.106
0.741; 400.982
0.7436; 400.872
0.7462; 400.774
0.7488; 400.687
0.7514; 400.609
0.754; 400.541
0.7566; 400.482
0.7592; 400.43
0.7618; 400.386
0.7644; 400.348
0.767; 400.316
0.7696; 400.291
0.7722; 400.27
0.7748; 400.255
0.7774; 400.246
0.78; 400.241
