0.00667; 0
0.01334; 0
0.02001; 0
0.02668; 0
0.03335; 0
0.04002; 0
0.04669; 0
0.05336; 0
0.06003; 0
0.0667; 0
0.07337; 0
0.08004; 0
0.08671; 0
0.09338; 0
0.10005; 0
0.10672; 0
0.11339; 0
0.12006; 0
0.12673; 0
0.1334; 0
0.14007; 0
0.14674; 0
0.15341; 0
0.16008; 0
0.16675; 0
0.17342; 0
0.18009; 0
0.18676; 0
0.19343; 0
0.2001; 0
0.20677; 0
0.21344; 0
0.22011; 0
0.22678; 0
0.23345; 0
0.24012; 0
0.24679; 0
0.25346; 0
0.26013; 0
0.2668; 0
0.27347; 0
0.28014; 0
0.28681; 0
0.29348; 0
0.30015; 0
0.30682; 0
0.31349; 0
0.32016; 0
0.32683; 0
0.3335; 0
0.34017; 0
0.34684; 0
0.35351; 0
0.36018; 0
0.36685; 0
0.37352; 0
0.38019; 0
0.38686; 0
0.39353; 0
0.4002; 0
0.40687; 0
0.41354; 0
0.42021; 0
0.42688; 0
0.43355; 0
0.44022; 0
0.44689; 0
0.45356; 0
0.46023; 0
0.4669; 0
0.47357; 0
0.48024; 0
0.48691; 1000
0.49358; 942.647
0.50025; 885.901
0.50692; 830.347
0.51359; 776.535
0.52026; 724.962
0.52693; 676.054
0.5336; 630.163
0.54027; 587.556
0.54694; 548.413
0.55361; 512.83
0.56028; 480.822
0.56695; 452.331
0.57362; 427.234
0.58029; 405.357
0.58696; 386.485
0.59363; 370.373
0.6003; 356.759
0.60697; 345.375
0.61364; 335.952
0.62031; 328.233
0.62698; 321.973
0.63365; 316.948
0.64032; 312.956
0.64699; 309.815
0.65366; 307.369
0.66033; 305.483
0.667; 304.044
0.67367; 302.956
0.68034; 302.142
0.68701; 301.538
0.69368; 301.096
0.70035; 300.775
0.70702; 300.544
0.71369; 300.381
0.72036; 300.267
0.72703; 300.19
0.7337; 300.14
0.74037; 300.111
0.74704; 300.099
0.75371; 300.102
0.76038; 300.12
0.76705; 300.155
0.77372; 300.21
0.78039; 300.291
0.78706; 300.407
0.79373; 300.568
0.8004; 300.787
0.80707; 301.085
0.81374; 301.484
0.82041; 302.015
0.82708; 302.712
0.83375; 303.623
0.84042; 304.799
0.84709; 306.306
0.85376; 308.221
0.86043; 310.633
0.8671; 313.643
0.87377; 317.371
0.88044; 321.949
0.88711; 327.522
0.89378; 334.254
0.90045; 342.318
0.90712; 351.901
0.91379; 363.192
0.92046; 376.382
0.92713; 391.645
0.9338; 409.115
0.94047; 428.84
0.94714; 450.708
0.95381; 474.301
0.96048; 498.68
0.96715; 522.063
0.97382; 541.516
0.98049; 553.048
0.98716; 553.048
0.99383; 541.516
1.0005; 522.063
1.00717; 498.68
1.01384; 474.301
1.02051; 450.708
1.02718; 428.84
1.03385; 409.115
1.04052; 391.645
1.04719; 376.382
1.05386; 363.192
1.06053; 351.901
1.0672; 342.318
1.07387; 334.254
1.08054; 327.522
1.08721; 321.949
1.09388; 317.371
1.10055; 313.643
1.10722; 310.633
1.11389; 308.221
1.12056; 306.306
1.12723; 304.799
1.1339; 303.623
1.14057; 302.712
1.14724; 302.015
1.15391; 301.484
1.16058; 301.085
1.16725; 300.787
1.17392; 300.568
1.18059; 300.407
1.18726; 300.291
1.19393; 300.21
1.2006; 300.155
1.20727; 300.12
1.21394; 300.102
1.22061; 300.099
1.22728; 300.111
1.23395; 300.14
1.24062; 300.19
1.24729; 300.267
1.25396; 300.381
1.26063; 300.544
1.2673; 300.775
1.27397; 301.096
1.28064; 301.538
1.28731; 302.142
1.29398; 302.956
1.30065; 304.044
1.30732; 305.483
1.31399; 307.369
1.32066; 309.815
1.32733; 312.956
1.334; 316.948
1.34067; 321.973
1.34734; 328.233
1.35401; 335.952
1.36068; 345.375
1.36735; 356.759
1.37402; 370.373
1.38069; 386.485
1.38736; 405.357
1.39403; 427.234
1.4007; 452.331
1.40737; 480.822
1.41404; 512.83
1.42071; 548.413
1.42738; 587.556
1.43405; 630.163
1.44072; 676.054
1.44739; 724.962
1.45406; 776.535
1.46073; 830.347
1.4674; 885.901
1.47407; 942.647
1.48074; 1000
1.48741; 0
1.49408; 0
1.50075; 0
1.50742; 0
1.51409; 0
1.52076; 0
1.52743; 0
1.5341; 0
1.54077; 0
1.54744; 0
1.55411; 0
1.56078; 0
1.56745; 0
1.57412; 0
1.58079; 0
1.58746; 0
1.59413; 0
1.6008; 0
1.60747; 0
1.61414; 0
1.62081; 0
1.62748; 0
1.63415; 0
1.64082; 0
1.64749; 0
1.65416; 0
1.66083; 0
1.6675; 0
1.67417; 0
1.68084; 0
1.68751; 0
1.69418; 0
1.70085; 0
1.70752; 0
1.71419; 0
1.72086; 0
1.72753; 0
1.7342; 0
1.74087; 0
1.74754; 0
1.75421; 0
1.76088; 0
1.76755; 0
1.77422; 0
1.78089; 0
1.78756; 0
1.79423; 0
1.8009; 0
1.80757; 0
1.81424; 0
1.82091; 0
1.82758; 0
1.83425; 0
1.84092; 0
1.84759; 0
1.85426; 0
1.86093; 0
1.8676; 0
1.87427; 0
1.88094; 0
1.88761; 0
1.89428; 0
1.90095; 0
1.90762; 0
1.91429; 0
1.92096; 0
1.92763; 0
1.9343; 0
1.94097; 0
1.94764; 0
1.95431; 0
1.96098; 0
1.96765; 0
1.97432; 0
1.98099; 0
1.98766; 0
1.99433; 0
2.001; 0
