0.00026; 0
0.00052; 0
0.00078; 0
0.00104; 0
0.0013; 0
0.00156; 0
0.00182; 0
0.00208; 0
0.00234; 0
0.0026; 0
0.00286; 0
0.00312; 0
0.00338; 0
0.00364; 0
0.0039; 0
0.00416; 0
0.00442; 0
0.00468; 0
0.00494; 0
0.0052; 0
0.00546; 0
0.00572; 0
0.00598; 0
0.00624; 0
0.0065; 0
0.00676; 0
0.00702; 0
0.00728; 0
0.00754; 0
0.0078; 0
0.00806; 0
0.00832; 0
0.00858; 0
0.00884; 0
0.0091; 0
0.00936; 0
0.00962; 0
0.00988; 0
0.01014; 0
0.0104; 0
0.01066; 0
0.01092; 0
0.01118; 0
0.01144; 0
0.0117; 0
0.01196; 0
0.01222; 0
0.01248; 0
0.01274; 0
0.013; 0
0.01326; 0
0.01352; 0
0.01378; 0
0.01404; 0
0.0143; 0
0.01456; 0
0.01482; 0
0.01508; 0
0.01534; 0
0.0156; 0
0.01586; 0
0.01612; 0
0.01638; 0
0.01664; 0
0.0169; 0
0.01716; 0
0.01742; 0
0.01768; 0
0.01794; 0
0.0182; 0
0.01846; 0
0.01872; 0
0.01898; 0
0.01924; 0
0.0195; 0
0.01976; 0
0.02002; 0
0.02028; 0
0.02054; 0
0.0208; 0
0.02106; 0
0.02132; 300.49
0.02158; 300.483
0.02184; 300.482
0.0221; 300.475
0.02236; 300.474
0.02262; 300.472
0.02288; 300.471
0.02314; 300.462
0.0234; 300.461
0.02366; 300.452
0.02392; 300.45
0.02418; 300.441
0.02444; 300.439
0.0247; 300.437
0.02496; 300.435
0.02522; 300.425
0.02548; 300.423
0.02574; 300.414
0.026; 300.412
0.02626; 300.402
0.02652; 300.4
0.02678; 300.398
0.02704; 300.396
0.0273; 300.386
0.02756; 300.384
0.02782; 300.375
0.02808; 300.373
0.02834; 300.364
0.0286; 300.362
0.02886; 300.359
0.02912; 300.357
0.02938; 300.348
0.02964; 300.346
0.0299; 300.337
0.03016; 300.336
0.03042; 300.327
0.03068; 300.325
0.03094; 300.323
0.0312; 300.322
0.03146; 300.313
0.03172; 300.312
0.03198; 300.303
0.03224; 300.302
0.0325; 300.294
0.03276; 300.293
0.03302; 300.292
0.03328; 300.291
0.03354; 300.283
0.0338; 300.282
0.03406; 300.274
0.03432; 300.274
0.03458; 300.266
0.03484; 300.266
0.0351; 300.266
0.03536; 300.266
0.03562; 300.258
0.03588; 300.259
0.03614; 300.252
0.0364; 300.252
0.03666; 300.245
0.03692; 300.246
0.03718; 300.246
0.03744; 300.247
0.0377; 300.241
0.03796; 300.242
0.03822; 300.236
0.03848; 300.237
0.03874; 300.232
0.039; 300.233
0.03926; 300.235
0.03952; 300.236
0.03978; 300.23
0.04004; 300.233
0.0403; 300.228
0.04056; 300.231
0.04082; 300.226
0.04108; 300.228
0.04134; 300.231
0.0416; 300.234
0.04186; 300.23
0.04212; 300.233
0.04238; 300.229
0.04264; 300.232
0.0429; 300.228
0.04316; 300.232
0.04342; 300.236
0.04368; 300.239
0.04394; 300.236
0.0442; 300.24
0.04446; 300.237
0.04472; 300.242
0.04498; 300.239
0.04524; 300.243
0.0455; 300.248
0.04576; 300.253
0.04602; 300.25
0.04628; 300.255
0.04654; 300.253
0.0468; 300.259
0.04706; 300.257
0.04732; 300.262
0.04758; 300.268
0.04784; 300.273
0.0481; 300.272
0.04836; 300.278
0.04862; 300.277
0.04888; 300.283
0.04914; 300.282
0.0494; 300.288
0.04966; 300.294
0.04992; 300.3
0.05018; 300.299
0.05044; 300.306
0.0507; 300.305
0.05096; 300.312
0.05122; 300.311
0.05148; 300.318
0.05174; 300.325
0.052; 300.332
0.05226; 300.331
0.05252; 300.338
0.05278; 300.338
0.05304; 300.345
0.0533; 300.345
0.05356; 300.352
0.05382; 300.358
0.05408; 300.365
0.05434; 300.365
0.0546; 300.372
0.05486; 300.372
0.05512; 300.378
0.05538; 300.378
0.05564; 300.385
0.0559; 300.392
0.05616; 300.399
0.05642; 300.399
0.05668; 300.406
0.05694; 300.406
0.0572; 0
0.05746; 0
0.05772; 0
0.05798; 0
0.05824; 0
0.0585; 0
0.05876; 0
0.05902; 0
0.05928; 0
0.05954; 0
0.0598; 0
0.06006; 0
0.06032; 0
0.06058; 0
0.06084; 0
0.0611; 0
0.06136; 0
0.06162; 0
0.06188; 0
0.06214; 0
0.0624; 0
0.06266; 0
0.06292; 0
0.06318; 0
0.06344; 0
0.0637; 0
0.06396; 0
0.06422; 0
0.06448; 0
0.06474; 0
0.065; 0
0.06526; 0
0.06552; 0
0.06578; 0
0.06604; 0
0.0663; 0
0.06656; 0
0.06682; 0
0.06708; 0
0.06734; 0
0.0676; 0
0.06786; 0
0.06812; 0
0.06838; 0
0.06864; 0
0.0689; 0
0.06916; 0
0.06942; 0
0.06968; 0
0.06994; 0
0.0702; 0
0.07046; 0
0.07072; 0
0.07098; 0
0.07124; 0
0.0715; 0
0.07176; 0
0.07202; 0
0.07228; 0
0.07254; 0
0.0728; 0
0.07306; 0
0.07332; 0
0.07358; 0
0.07384; 0
0.0741; 0
0.07436; 0
0.07462; 0
0.07488; 0
0.07514; 0
0.0754; 0
0.07566; 0
0.07592; 0
0.07618; 0
0.07644; 0
0.0767; 0
0.07696; 0
0.07722; 0
0.07748; 0
0.07774; 0
0.078; 0
