0.00026; 0
0.00052; 0
0.00078; 0
0.00104; 0
0.0013; 0
0.00156; 0
0.00182; 0
0.00208; 0
0.00234; 0
0.0026; 0
0.00286; 0
0.00312; 0
0.00338; 0
0.00364; 0
0.0039; 0
0.00416; 0
0.00442; 0
0.00468; 0
0.00494; 0
0.0052; 0
0.00546; 0
0.00572; 0
0.00598; 0
0.00624; 0
0.0065; 0
0.00676; 0
0.00702; 0
0.00728; 0
0.00754; 0
0.0078; 0
0.00806; 0
0.00832; 0
0.00858; 0
0.00884; 0
0.0091; 0
0.00936; 0
0.00962; 0
0.00988; 0
0.01014; 0
0.0104; 0
0.01066; 0
0.01092; 0
0.01118; 0
0.01144; 0
0.0117; 0
0.01196; 0
0.01222; 0
0.01248; 0
0.01274; 0
0.013; 0
0.01326; 0
0.01352; 0
0.01378; 0
0.01404; 0
0.0143; 0
0.01456; 0
0.01482; 0
0.01508; 0
0.01534; 0
0.0156; 0
0.01586; 0
0.01612; 0
0.01638; 0
0.01664; 0
0.0169; 0
0.01716; 0
0.01742; 0
0.01768; 0
0.01794; 0
0.0182; 0
0.01846; 0
0.01872; 0
0.01898; 1000
0.01924; 927.821
0.0195; 856.925
0.01976; 788.521
0.02002; 723.677
0.02028; 663.264
0.02054; 607.929
0.0208; 558.078
0.02106; 513.885
0.02132; 475.314
0.02158; 442.151
0.02184; 414.049
0.0221; 390.564
0.02236; 371.199
0.02262; 355.433
0.02288; 342.754
0.02314; 332.676
0.0234; 324.755
0.02366; 318.595
0.02392; 313.854
0.02418; 310.241
0.02444; 307.512
0.0247; 305.47
0.02496; 303.955
0.02522; 302.84
0.02548; 302.026
0.02574; 301.436
0.026; 301.012
0.02626; 300.708
0.02652; 300.493
0.02678; 300.341
0.02704; 300.235
0.0273; 300.161
0.02756; 300.109
0.02782; 300.074
0.02808; 300.05
0.02834; 300.035
0.0286; 300.025
0.02886; 300.019
0.02912; 300.016
0.02938; 300.016
0.02964; 300.02
0.0299; 300.026
0.03016; 300.037
0.03042; 300.054
0.03068; 300.078
0.03094; 300.113
0.0312; 300.164
0.03146; 300.236
0.03172; 300.338
0.03198; 300.481
0.03224; 300.679
0.0325; 300.953
0.03276; 301.329
0.03302; 301.839
0.03328; 302.527
0.03354; 303.447
0.0338; 304.666
0.03406; 306.265
0.03432; 308.342
0.03458; 311.011
0.03484; 314.405
0.0351; 318.666
0.03536; 323.947
0.03562; 330.4
0.03588; 338.161
0.03614; 347.327
0.0364; 357.925
0.03666; 369.867
0.03692; 382.895
0.03718; 396.507
0.03744; 409.899
0.0377; 421.931
0.03796; 431.202
0.03822; 436.308
0.03848; 436.308
0.03874; 431.202
0.039; 421.931
0.03926; 409.899
0.03952; 396.507
0.03978; 382.895
0.04004; 369.867
0.0403; 357.925
0.04056; 347.327
0.04082; 338.161
0.04108; 330.4
0.04134; 323.947
0.0416; 318.666
0.04186; 314.405
0.04212; 311.011
0.04238; 308.342
0.04264; 306.265
0.0429; 304.666
0.04316; 303.447
0.04342; 302.527
0.04368; 301.839
0.04394; 301.329
0.0442; 300.953
0.04446; 300.679
0.04472; 300.481
0.04498; 300.338
0.04524; 300.236
0.0455; 300.164
0.04576; 300.113
0.04602; 300.078
0.04628; 300.054
0.04654; 300.037
0.0468; 300.026
0.04706; 300.02
0.04732; 300.016
0.04758; 300.016
0.04784; 300.019
0.0481; 300.025
0.04836; 300.035
0.04862; 300.05
0.04888; 300.074
0.04914; 300.109
0.0494; 300.161
0.04966; 300.235
0.04992; 300.341
0.05018; 300.493
0.05044; 300.708
0.0507; 301.012
0.05096; 301.436
0.05122; 302.026
0.05148; 302.84
0.05174; 303.955
0.052; 305.47
0.05226; 307.512
0.05252; 310.241
0.05278; 313.854
0.05304; 318.595
0.0533; 324.755
0.05356; 332.676
0.05382; 342.754
0.05408; 355.433
0.05434; 371.199
0.0546; 390.564
0.05486; 414.049
0.05512; 442.151
0.05538; 475.314
0.05564; 513.885
0.0559; 558.078
0.05616; 607.929
0.05642; 663.264
0.05668; 723.677
0.05694; 788.521
0.0572; 856.925
0.05746; 927.821
0.05772; 1000
0.05798; 0
0.05824; 0
0.0585; 0
0.05876; 0
0.05902; 0
0.05928; 0
0.05954; 0
0.0598; 0
0.06006; 0
0.06032; 0
0.06058; 0
0.06084; 0
0.0611; 0
0.06136; 0
0.06162; 0
0.06188; 0
0.06214; 0
0.0624; 0
0.06266; 0
0.06292; 0
0.06318; 0
0.06344; 0
0.0637; 0
0.06396; 0
0.06422; 0
0.06448; 0
0.06474; 0
0.065; 0
0.06526; 0
0.06552; 0
0.06578; 0
0.06604; 0
0.0663; 0
0.06656; 0
0.06682; 0
0.06708; 0
0.06734; 0
0.0676; 0
0.06786; 0
0.06812; 0
0.06838; 0
0.06864; 0
0.0689; 0
0.06916; 0
0.06942; 0
0.06968; 0
0.06994; 0
0.0702; 0
0.07046; 0
0.07072; 0
0.07098; 0
0.07124; 0
0.0715; 0
0.07176; 0
0.07202; 0
0.07228; 0
0.07254; 0
0.0728; 0
0.07306; 0
0.07332; 0
0.07358; 0
0.07384; 0
0.0741; 0
0.07436; 0
0.07462; 0
0.07488; 0
0.07514; 0
0.0754; 0
0.07566; 0
0.07592; 0
0.07618; 0
0.07644; 0
0.0767; 0
0.07696; 0
0.07722; 0
0.07748; 0
0.07774; 0
0.078; 0
