0.00026; 756.986
0.00052; 756.989
0.00078; 756.987
0.00104; 756.983
0.0013; 756.981
0.00156; 756.983
0.00182; 756.982
0.00208; 756.978
0.00234; 756.979
0.0026; 756.98
0.00286; 756.979
0.00312; 756.976
0.00338; 756.974
0.00364; 756.977
0.0039; 756.976
0.00416; 756.972
0.00442; 756.972
0.00468; 756.974
0.00494; 756.973
0.0052; 756.97
0.00546; 756.968
0.00572; 756.971
0.00598; 756.97
0.00624; 756.965
0.0065; 756.966
0.00676; 756.968
0.00702; 756.967
0.00728; 756.964
0.00754; 756.962
0.0078; 756.965
0.00806; 756.964
0.00832; 756.96
0.00858; 756.96
0.00884; 756.962
0.0091; 756.961
0.00936; 756.958
0.00962; 756.956
0.00988; 756.959
0.01014; 756.958
0.0104; 756.954
0.01066; 756.955
0.01092; 756.956
0.01118; 756.956
0.01144; 756.953
0.0117; 756.951
0.01196; 756.954
0.01222; 756.953
0.01248; 756.949
0.01274; 756.95
0.013; 756.951
0.01326; 756.951
0.01352; 756.948
0.01378; 756.946
0.01404; 756.949
0.0143; 756.948
0.01456; 756.944
0.01482; 756.945
0.01508; 756.947
0.01534; 756.946
0.0156; 756.943
0.01586; 756.941
0.01612; 756.944
0.01638; 756.943
0.01664; 756.94
0.0169; 756.941
0.01716; 756.942
0.01742; 756.942
0.01768; 756.939
0.01794; 756.937
0.0182; 756.94
0.01846; 756.939
0.01872; 756.936
0.01898; 756.937
0.01924; 756.938
0.0195; 756.938
0.01976; 756.935
0.02002; 756.933
0.02028; 756.936
0.02054; 756.936
0.0208; 756.932
0.02106; 756.933
0.02132; 756.935
0.02158; 756.934
0.02184; 756.932
0.0221; 756.93
0.02236; 756.933
0.02262; 756.933
0.02288; 756.929
0.02314; 756.93
0.0234; 756.932
0.02366; 756.931
0.02392; 756.929
0.02418; 756.927
0.02444; 756.93
0.0247; 756.93
0.02496; 756.926
0.02522; 756.927
0.02548; 756.929
0.02574; 756.929
0.026; 756.926
0.02626; 756.924
0.02652; 756.928
0.02678; 756.927
0.02704; 756.923
0.0273; 756.925
0.02756; 756.927
0.02782; 756.926
0.02808; 756.924
0.02834; 756.922
0.0286; 756.925
0.02886; 756.925
0.02912; 756.921
0.02938; 756.923
0.02964; 756.925
0.0299; 756.924
0.03016; 756.922
0.03042; 756.92
0.03068; 756.924
0.03094; 756.923
0.0312; 756.92
0.03146; 756.921
0.03172; 756.923
0.03198; 756.923
0.03224; 756.92
0.0325; 756.919
0.03276; 756.922
0.03302; 756.922
0.03328; 756.918
0.03354; 756.92
0.0338; 756.922
0.03406; 756.922
0.03432; 756.919
0.03458; 756.918
0.03484; 756.921
0.0351; 756.921
0.03536; 756.917
0.03562; 756.919
0.03588; 756.921
0.03614; 756.921
0.0364; 756.918
0.03666; 756.917
0.03692; 756.92
0.03718; 756.92
0.03744; 756.917
0.0377; 756.918
0.03796; 756.921
0.03822; 756.92
0.03848; 756.918
0.03874; 756.917
0.039; 756.92
0.03926; 756.92
0.03952; 756.917
0.03978; 756.918
0.04004; 756.92
0.0403; 756.92
0.04056; 756.918
0.04082; 756.917
0.04108; 756.92
0.04134; 756.92
0.0416; 756.917
0.04186; 756.918
0.04212; 756.921
0.04238; 756.921
0.04264; 756.918
0.0429; 756.917
0.04316; 756.921
0.04342; 756.921
0.04368; 756.917
0.04394; 756.919
0.0442; 756.921
0.04446; 756.921
0.04472; 756.919
0.04498; 756.918
0.04524; 756.921
0.0455; 756.921
0.04576; 756.918
0.04602; 756.92
0.04628; 756.922
0.04654; 756.922
0.0468; 756.92
0.04706; 756.919
0.04732; 756.922
0.04758; 756.922
0.04784; 756.919
0.0481; 756.921
0.04836; 756.923
0.04862; 756.923
0.04888; 756.921
0.04914; 756.92
0.0494; 756.924
0.04966; 756.924
0.04992; 756.921
0.05018; 756.922
0.05044; 756.925
0.0507; 756.925
0.05096; 756.923
0.05122; 756.922
0.05148; 756.926
0.05174; 756.926
0.052; 756.922
0.05226; 756.924
0.05252; 756.927
0.05278; 756.927
0.05304; 756.925
0.0533; 756.924
0.05356; 756.928
0.05382; 756.928
0.05408; 756.925
0.05434; 756.926
0.0546; 756.929
0.05486; 756.929
0.05512; 756.927
0.05538; 756.926
0.05564; 756.93
0.0559; 756.93
0.05616; 756.927
0.05642; 756.929
0.05668; 756.932
0.05694; 756.932
0.0572; 756.93
0.05746; 756.929
0.05772; 756.933
0.05798; 756.933
0.05824; 756.93
0.0585; 756.932
0.05876; 756.935
0.05902; 756.935
0.05928; 756.933
0.05954; 756.932
0.0598; 756.936
0.06006; 756.936
0.06032; 756.933
0.06058; 756.935
0.06084; 756.938
0.0611; 756.938
0.06136; 756.936
0.06162; 756.936
0.06188; 756.939
0.06214; 756.94
0.0624; 756.937
0.06266; 756.939
0.06292; 756.942
0.06318; 756.942
0.06344; 756.94
0.0637; 756.939
0.06396; 756.943
0.06422; 756.944
0.06448; 756.941
0.06474; 756.943
0.065; 756.946
0.06526; 756.946
0.06552; 756.944
0.06578; 756.944
0.06604; 756.948
0.0663; 756.948
0.06656; 756.945
0.06682; 756.947
0.06708; 756.95
0.06734; 756.951
0.0676; 756.949
0.06786; 756.948
0.06812; 756.952
0.06838; 756.953
0.06864; 756.95
0.0689; 756.952
0.06916; 756.955
0.06942; 756.955
0.06968; 756.954
0.06994; 756.953
0.0702; 756.957
0.07046; 756.958
0.07072; 756.955
0.07098; 756.957
0.07124; 756.96
0.0715; 756.961
0.07176; 756.959
0.07202; 756.958
0.07228; 756.962
0.07254; 756.963
0.0728; 756.96
0.07306; 756.962
0.07332; 756.965
0.07358; 756.966
0.07384; 756.964
0.0741; 756.964
0.07436; 756.968
0.07462; 756.968
0.07488; 756.966
0.07514; 756.968
0.0754; 756.971
0.07566; 756.972
0.07592; 756.97
0.07618; 756.97
0.07644; 756.974
0.0767; 756.974
0.07696; 756.972
0.07722; 756.974
0.07748; 756.977
0.07774; 756.978
0.078; 756.977
