0.00667; 0
0.01334; 0
0.02001; 0
0.02668; 0
0.03335; 0
0.04002; 0
0.04669; 0
0.05336; 0
0.06003; 0
0.0667; 0
0.07337; 0
0.08004; 0
0.08671; 0
0.09338; 0
0.10005; 0
0.10672; 0
0.11339; 0
0.12006; 0
0.12673; 0
0.1334; 0
0.14007; 0
0.14674; 0
0.15341; 0
0.16008; 0
0.16675; 0
0.17342; 0
0.18009; 0
0.18676; 0
0.19343; 0
0.2001; 0
0.20677; 0
0.21344; 0
0.22011; 0
0.22678; 0
0.23345; 0
0.24012; 0
0.24679; 0
0.25346; 0
0.26013; 0
0.2668; 0
0.27347; 0
0.28014; 0
0.28681; 0
0.29348; 0
0.30015; 0
0.30682; 0
0.31349; 0
0.32016; 0
0.32683; 0
0.3335; 0
0.34017; 0
0.34684; 0
0.35351; 0
0.36018; 0
0.36685; 0
0.37352; 0
0.38019; 0
0.38686; 0
0.39353; 0
0.4002; 0
0.40687; 0
0.41354; 0
0.42021; 0
0.42688; 0
0.43355; 0
0.44022; 0
0.44689; 0
0.45356; 0
0.46023; 0
0.4669; 0
0.47357; 671.262
0.48024; 671.194
0.48691; 671.058
0.49358; 670.855
0.50025; 670.584
0.50692; 670.245
0.51359; 669.84
0.52026; 669.367
0.52693; 668.828
0.5336; 668.222
0.54027; 667.551
0.54694; 666.814
0.55361; 666.012
0.56028; 665.145
0.56695; 664.214
0.57362; 663.219
0.58029; 662.161
0.58696; 661.041
0.59363; 659.858
0.6003; 658.614
0.60697; 657.309
0.61364; 655.942
0.62031; 654.516
0.62698; 653.029
0.63365; 651.484
0.64032; 649.878
0.64699; 648.214
0.65366; 646.492
0.66033; 644.71
0.667; 642.87
0.67367; 640.972
0.68034; 639.014
0.68701; 636.997
0.69368; 634.921
0.70035; 632.785
0.70702; 630.588
0.71369; 628.33
0.72036; 626.008
0.72703; 623.623
0.7337; 621.171
0.74037; 618.652
0.74704; 616.064
0.75371; 613.404
0.76038; 610.669
0.76705; 607.856
0.77372; 604.961
0.78039; 601.981
0.78706; 598.91
0.79373; 595.744
0.8004; 592.476
0.80707; 589.1
0.81374; 585.609
0.82041; 581.993
0.82708; 578.243
0.83375; 574.348
0.84042; 570.296
0.84709; 566.072
0.85376; 561.661
0.86043; 557.044
0.8671; 552.2
0.87377; 547.107
0.88044; 541.738
0.88711; 536.062
0.89378; 530.049
0.90045; 523.662
0.90712; 516.864
0.91379; 509.623
0.92046; 501.912
0.92713; 493.73
0.9338; 485.121
0.94047; 476.222
0.94714; 467.333
0.95381; 459.023
0.96048; 452.235
0.96715; 448.255
0.97382; 448.255
0.98049; 452.235
0.98716; 459.023
0.99383; 467.333
1.0005; 476.222
1.00717; 485.121
1.01384; 493.73
1.02051; 501.912
1.02718; 509.623
1.03385; 516.864
1.04052; 523.662
1.04719; 530.049
1.05386; 536.062
1.06053; 541.738
1.0672; 547.107
1.07387; 552.2
1.08054; 557.044
1.08721; 561.661
1.09388; 566.072
1.10055; 570.296
1.10722; 574.348
1.11389; 578.243
1.12056; 581.993
1.12723; 585.609
1.1339; 589.1
1.14057; 592.476
1.14724; 595.744
1.15391; 598.91
1.16058; 601.981
1.16725; 604.961
1.17392; 607.856
1.18059; 610.669
1.18726; 613.404
1.19393; 616.064
1.2006; 618.652
1.20727; 621.171
1.21394; 623.623
1.22061; 626.008
1.22728; 628.33
1.23395; 630.588
1.24062; 632.785
1.24729; 634.921
1.25396; 636.997
1.26063; 639.014
1.2673; 640.972
1.27397; 642.87
1.28064; 644.71
1.28731; 646.492
1.29398; 648.214
1.30065; 649.878
1.30732; 651.484
1.31399; 653.029
1.32066; 654.516
1.32733; 655.942
1.334; 657.309
1.34067; 658.614
1.34734; 659.858
1.35401; 661.041
1.36068; 662.161
1.36735; 663.219
1.37402; 664.214
1.38069; 665.145
1.38736; 666.012
1.39403; 666.814
1.4007; 667.551
1.40737; 668.222
1.41404; 668.828
1.42071; 669.367
1.42738; 669.84
1.43405; 670.245
1.44072; 670.584
1.44739; 670.855
1.45406; 671.058
1.46073; 671.194
1.4674; 671.262
1.47407; 0
1.48074; 0
1.48741; 0
1.49408; 0
1.50075; 0
1.50742; 0
1.51409; 0
1.52076; 0
1.52743; 0
1.5341; 0
1.54077; 0
1.54744; 0
1.55411; 0
1.56078; 0
1.56745; 0
1.57412; 0
1.58079; 0
1.58746; 0
1.59413; 0
1.6008; 0
1.60747; 0
1.61414; 0
1.62081; 0
1.62748; 0
1.63415; 0
1.64082; 0
1.64749; 0
1.65416; 0
1.66083; 0
1.6675; 0
1.67417; 0
1.68084; 0
1.68751; 0
1.69418; 0
1.70085; 0
1.70752; 0
1.71419; 0
1.72086; 0
1.72753; 0
1.7342; 0
1.74087; 0
1.74754; 0
1.75421; 0
1.76088; 0
1.76755; 0
1.77422; 0
1.78089; 0
1.78756; 0
1.79423; 0
1.8009; 0
1.80757; 0
1.81424; 0
1.82091; 0
1.82758; 0
1.83425; 0
1.84092; 0
1.84759; 0
1.85426; 0
1.86093; 0
1.8676; 0
1.87427; 0
1.88094; 0
1.88761; 0
1.89428; 0
1.90095; 0
1.90762; 0
1.91429; 0
1.92096; 0
1.92763; 0
1.9343; 0
1.94097; 0
1.94764; 0
1.95431; 0
1.96098; 0
1.96765; 0
1.97432; 0
1.98099; 0
1.98766; 0
1.99433; 0
2.001; 0
