0.00026; 672.49
0.00052; 672.486
0.00078; 672.483
0.00104; 672.476
0.0013; 672.481
0.00156; 672.482
0.00182; 672.479
0.00208; 672.476
0.00234; 672.478
0.0026; 672.477
0.00286; 672.474
0.00312; 672.468
0.00338; 672.473
0.00364; 672.474
0.0039; 672.471
0.00416; 672.468
0.00442; 672.47
0.00468; 672.47
0.00494; 672.466
0.0052; 672.46
0.00546; 672.466
0.00572; 672.466
0.00598; 672.464
0.00624; 672.46
0.0065; 672.463
0.00676; 672.462
0.00702; 672.459
0.00728; 672.453
0.00754; 672.458
0.0078; 672.459
0.00806; 672.457
0.00832; 672.454
0.00858; 672.456
0.00884; 672.456
0.0091; 672.452
0.00936; 672.446
0.00962; 672.452
0.00988; 672.452
0.01014; 672.45
0.0104; 672.447
0.01066; 672.449
0.01092; 672.449
0.01118; 672.446
0.01144; 672.44
0.0117; 672.445
0.01196; 672.446
0.01222; 672.444
0.01248; 672.441
0.01274; 672.443
0.013; 672.443
0.01326; 672.44
0.01352; 672.433
0.01378; 672.439
0.01404; 672.44
0.0143; 672.438
0.01456; 672.435
0.01482; 672.437
0.01508; 672.437
0.01534; 672.434
0.0156; 672.427
0.01586; 672.433
0.01612; 672.434
0.01638; 672.432
0.01664; 672.429
0.0169; 672.431
0.01716; 672.431
0.01742; 672.428
0.01768; 672.422
0.01794; 672.428
0.0182; 672.429
0.01846; 672.427
0.01872; 672.424
0.01898; 672.426
0.01924; 672.426
0.0195; 672.424
0.01976; 672.417
0.02002; 672.423
0.02028; 672.424
0.02054; 672.422
0.0208; 672.419
0.02106; 672.422
0.02132; 672.422
0.02158; 672.419
0.02184; 672.413
0.0221; 672.419
0.02236; 672.42
0.02262; 672.418
0.02288; 672.415
0.02314; 672.417
0.0234; 672.418
0.02366; 672.415
0.02392; 672.409
0.02418; 672.415
0.02444; 672.416
0.0247; 672.414
0.02496; 672.411
0.02522; 672.414
0.02548; 672.414
0.02574; 672.412
0.026; 672.405
0.02626; 672.412
0.02652; 672.413
0.02678; 672.411
0.02704; 672.408
0.0273; 672.411
0.02756; 672.411
0.02782; 672.409
0.02808; 672.402
0.02834; 672.409
0.0286; 672.41
0.02886; 672.408
0.02912; 672.405
0.02938; 672.408
0.02964; 672.409
0.0299; 672.406
0.03016; 672.4
0.03042; 672.406
0.03068; 672.408
0.03094; 672.406
0.0312; 672.403
0.03146; 672.406
0.03172; 672.406
0.03198; 672.404
0.03224; 672.398
0.0325; 672.404
0.03276; 672.406
0.03302; 672.404
0.03328; 672.401
0.03354; 672.404
0.0338; 672.405
0.03406; 672.402
0.03432; 672.396
0.03458; 672.403
0.03484; 672.404
0.0351; 672.402
0.03536; 672.4
0.03562; 672.403
0.03588; 672.404
0.03614; 672.401
0.0364; 672.395
0.03666; 672.402
0.03692; 672.403
0.03718; 672.402
0.03744; 672.399
0.0377; 672.402
0.03796; 672.403
0.03822; 672.401
0.03848; 672.395
0.03874; 672.401
0.039; 672.403
0.03926; 672.401
0.03952; 672.399
0.03978; 672.402
0.04004; 672.403
0.0403; 672.401
0.04056; 672.395
0.04082; 672.401
0.04108; 672.403
0.04134; 672.401
0.0416; 672.399
0.04186; 672.402
0.04212; 672.403
0.04238; 672.401
0.04264; 672.395
0.0429; 672.402
0.04316; 672.403
0.04342; 672.402
0.04368; 672.4
0.04394; 672.403
0.0442; 672.404
0.04446; 672.402
0.04472; 672.396
0.04498; 672.403
0.04524; 672.404
0.0455; 672.403
0.04576; 672.401
0.04602; 672.404
0.04628; 672.405
0.04654; 672.403
0.0468; 672.397
0.04706; 672.404
0.04732; 672.405
0.04758; 672.404
0.04784; 672.402
0.0481; 672.405
0.04836; 672.406
0.04862; 672.404
0.04888; 672.399
0.04914; 672.405
0.0494; 672.407
0.04966; 672.406
0.04992; 672.404
0.05018; 672.407
0.05044; 672.408
0.0507; 672.406
0.05096; 672.401
0.05122; 672.408
0.05148; 672.41
0.05174; 672.408
0.052; 672.406
0.05226; 672.41
0.05252; 672.411
0.05278; 672.409
0.05304; 672.403
0.0533; 672.41
0.05356; 672.412
0.05382; 672.411
0.05408; 672.409
0.05434; 672.412
0.0546; 672.414
0.05486; 672.412
0.05512; 672.406
0.05538; 672.413
0.05564; 672.415
0.0559; 672.414
0.05616; 672.412
0.05642; 672.416
0.05668; 672.417
0.05694; 672.415
0.0572; 672.41
0.05746; 672.417
0.05772; 672.419
0.05798; 672.418
0.05824; 672.416
0.0585; 672.42
0.05876; 672.421
0.05902; 672.419
0.05928; 672.414
0.05954; 672.421
0.0598; 672.423
0.06006; 672.422
0.06032; 672.42
0.06058; 672.424
0.06084; 672.425
0.0611; 672.424
0.06136; 672.418
0.06162; 672.425
0.06188; 672.428
0.06214; 672.427
0.0624; 672.425
0.06266; 672.429
0.06292; 672.43
0.06318; 672.428
0.06344; 672.423
0.0637; 672.43
0.06396; 672.433
0.06422; 672.432
0.06448; 672.43
0.06474; 672.434
0.065; 672.435
0.06526; 672.434
0.06552; 672.429
0.06578; 672.436
0.06604; 672.438
0.0663; 672.437
0.06656; 672.435
0.06682; 672.439
0.06708; 672.441
0.06734; 672.439
0.0676; 672.434
0.06786; 672.441
0.06812; 672.444
0.06838; 672.443
0.06864; 672.441
0.0689; 672.445
0.06916; 672.447
0.06942; 672.445
0.06968; 672.44
0.06994; 672.447
0.0702; 672.45
0.07046; 672.449
0.07072; 672.447
0.07098; 672.451
0.07124; 672.453
0.0715; 672.451
0.07176; 672.446
0.07202; 672.454
0.07228; 672.456
0.07254; 672.455
0.0728; 672.453
0.07306; 672.457
0.07332; 672.459
0.07358; 672.458
0.07384; 672.453
0.0741; 672.46
0.07436; 672.462
0.07462; 672.461
0.07488; 672.46
0.07514; 672.464
0.0754; 672.465
0.07566; 672.464
0.07592; 672.459
0.07618; 672.466
0.07644; 672.469
0.0767; 672.468
0.07696; 672.467
0.07722; 672.471
0.07748; 672.473
0.07774; 672.471
0.078; 672.467
