0.00026; 487.649
0.00052; 487.636
0.00078; 487.651
0.00104; 487.653
0.0013; 487.647
0.00156; 487.637
0.00182; 487.643
0.00208; 487.643
0.00234; 487.635
0.0026; 487.615
0.00286; 487.63
0.00312; 487.632
0.00338; 487.625
0.00364; 487.615
0.0039; 487.621
0.00416; 487.621
0.00442; 487.613
0.00468; 487.593
0.00494; 487.608
0.0052; 487.61
0.00546; 487.603
0.00572; 487.593
0.00598; 487.599
0.00624; 487.599
0.0065; 487.591
0.00676; 487.571
0.00702; 487.586
0.00728; 487.589
0.00754; 487.582
0.0078; 487.572
0.00806; 487.578
0.00832; 487.579
0.00858; 487.57
0.00884; 487.55
0.0091; 487.566
0.00936; 487.568
0.00962; 487.561
0.00988; 487.552
0.01014; 487.558
0.0104; 487.559
0.01066; 487.551
0.01092; 487.531
0.01118; 487.546
0.01144; 487.549
0.0117; 487.542
0.01196; 487.533
0.01222; 487.539
0.01248; 487.54
0.01274; 487.532
0.013; 487.512
0.01326; 487.528
0.01352; 487.531
0.01378; 487.525
0.01404; 487.515
0.0143; 487.522
0.01456; 487.523
0.01482; 487.515
0.01508; 487.496
0.01534; 487.512
0.0156; 487.515
0.01586; 487.508
0.01612; 487.499
0.01638; 487.506
0.01664; 487.507
0.0169; 487.499
0.01716; 487.48
0.01742; 487.496
0.01768; 487.5
0.01794; 487.493
0.0182; 487.484
0.01846; 487.491
0.01872; 487.493
0.01898; 487.485
0.01924; 487.466
0.0195; 487.482
0.01976; 487.486
0.02002; 487.48
0.02028; 487.471
0.02054; 487.478
0.0208; 487.479
0.02106; 487.472
0.02132; 487.453
0.02158; 487.47
0.02184; 487.473
0.0221; 487.467
0.02236; 487.459
0.02262; 487.466
0.02288; 487.468
0.02314; 487.46
0.0234; 487.441
0.02366; 487.458
0.02392; 487.462
0.02418; 487.456
0.02444; 487.448
0.0247; 487.455
0.02496; 487.457
0.02522; 487.45
0.02548; 487.431
0.02574; 487.448
0.026; 487.452
0.02626; 487.446
0.02652; 487.438
0.02678; 487.445
0.02704; 487.448
0.0273; 487.441
0.02756; 487.422
0.02782; 487.439
0.02808; 487.444
0.02834; 487.438
0.0286; 487.43
0.02886; 487.437
0.02912; 487.44
0.02938; 487.433
0.02964; 487.415
0.0299; 487.432
0.03016; 487.436
0.03042; 487.431
0.03068; 487.423
0.03094; 487.431
0.0312; 487.433
0.03146; 487.427
0.03172; 487.409
0.03198; 487.426
0.03224; 487.431
0.0325; 487.426
0.03276; 487.418
0.03302; 487.426
0.03328; 487.428
0.03354; 487.422
0.0338; 487.404
0.03406; 487.422
0.03432; 487.426
0.03458; 487.421
0.03484; 487.414
0.0351; 487.422
0.03536; 487.425
0.03562; 487.419
0.03588; 487.401
0.03614; 487.419
0.0364; 487.424
0.03666; 487.419
0.03692; 487.411
0.03718; 487.42
0.03744; 487.423
0.0377; 487.417
0.03796; 487.399
0.03822; 487.417
0.03848; 487.422
0.03874; 487.417
0.039; 487.41
0.03926; 487.418
0.03952; 487.422
0.03978; 487.416
0.04004; 487.398
0.0403; 487.416
0.04056; 487.422
0.04082; 487.417
0.04108; 487.41
0.04134; 487.418
0.0416; 487.422
0.04186; 487.416
0.04212; 487.399
0.04238; 487.417
0.04264; 487.423
0.0429; 487.418
0.04316; 487.411
0.04342; 487.42
0.04368; 487.424
0.04394; 487.418
0.0442; 487.401
0.04446; 487.419
0.04472; 487.425
0.04498; 487.42
0.04524; 487.414
0.0455; 487.422
0.04576; 487.426
0.04602; 487.421
0.04628; 487.404
0.04654; 487.423
0.0468; 487.428
0.04706; 487.424
0.04732; 487.417
0.04758; 487.427
0.04784; 487.431
0.0481; 487.425
0.04836; 487.408
0.04862; 487.427
0.04888; 487.433
0.04914; 487.429
0.0494; 487.423
0.04966; 487.432
0.04992; 487.436
0.05018; 487.431
0.05044; 487.415
0.0507; 487.434
0.05096; 487.44
0.05122; 487.436
0.05148; 487.429
0.05174; 487.439
0.052; 487.443
0.05226; 487.438
0.05252; 487.422
0.05278; 487.441
0.05304; 487.447
0.0533; 487.444
0.05356; 487.438
0.05382; 487.447
0.05408; 487.452
0.05434; 487.447
0.0546; 487.43
0.05486; 487.45
0.05512; 487.456
0.05538; 487.453
0.05564; 487.447
0.0559; 487.457
0.05616; 487.461
0.05642; 487.456
0.05668; 487.44
0.05694; 487.46
0.0572; 487.466
0.05746; 487.463
0.05772; 487.457
0.05798; 487.467
0.05824; 487.472
0.0585; 487.467
0.05876; 487.451
0.05902; 487.471
0.05928; 487.478
0.05954; 487.475
0.0598; 487.469
0.06006; 487.479
0.06032; 487.484
0.06058; 487.48
0.06084; 487.464
0.0611; 487.484
0.06136; 487.49
0.06162; 487.488
0.06188; 487.482
0.06214; 487.492
0.0624; 487.497
0.06266; 487.493
0.06292; 487.477
0.06318; 487.498
0.06344; 487.505
0.0637; 487.502
0.06396; 487.496
0.06422; 487.507
0.06448; 487.512
0.06474; 487.508
0.065; 487.492
0.06526; 487.512
0.06552; 487.52
0.06578; 487.517
0.06604; 487.512
0.0663; 487.522
0.06656; 487.528
0.06682; 487.524
0.06708; 487.509
0.06734; 487.529
0.0676; 487.536
0.06786; 487.534
0.06812; 487.529
0.06838; 487.539
0.06864; 487.545
0.0689; 487.541
0.06916; 487.526
0.06942; 487.546
0.06968; 487.554
0.06994; 487.551
0.0702; 487.546
0.07046; 487.557
0.07072; 487.563
0.07098; 487.559
0.07124; 487.544
0.0715; 487.565
0.07176; 487.572
0.07202; 487.57
0.07228; 487.565
0.07254; 487.576
0.0728; 487.582
0.07306; 487.578
0.07332; 487.563
0.07358; 487.584
0.07384; 487.592
0.0741; 487.59
0.07436; 487.585
0.07462; 487.596
0.07488; 487.602
0.07514; 487.599
0.0754; 487.584
0.07566; 487.605
0.07592; 487.612
0.07618; 487.61
0.07644; 487.606
0.0767; 487.617
0.07696; 487.623
0.07722; 487.619
0.07748; 487.604
0.07774; 487.626
0.078; 487.636
