0.00026; 753.452
0.00052; 753.462
0.00078; 753.46
0.00104; 753.457
0.0013; 753.452
0.00156; 753.453
0.00182; 753.453
0.00208; 753.451
0.00234; 753.445
0.0026; 753.449
0.00286; 753.45
0.00312; 753.448
0.00338; 753.445
0.00364; 753.447
0.0039; 753.447
0.00416; 753.445
0.00442; 753.438
0.00468; 753.443
0.00494; 753.444
0.0052; 753.442
0.00546; 753.439
0.00572; 753.44
0.00598; 753.44
0.00624; 753.438
0.0065; 753.432
0.00676; 753.437
0.00702; 753.437
0.00728; 753.436
0.00754; 753.432
0.0078; 753.434
0.00806; 753.434
0.00832; 753.432
0.00858; 753.426
0.00884; 753.43
0.0091; 753.431
0.00936; 753.43
0.00962; 753.427
0.00988; 753.428
0.01014; 753.428
0.0104; 753.426
0.01066; 753.42
0.01092; 753.425
0.01118; 753.426
0.01144; 753.424
0.0117; 753.421
0.01196; 753.423
0.01222; 753.423
0.01248; 753.421
0.01274; 753.415
0.013; 753.42
0.01326; 753.42
0.01352; 753.419
0.01378; 753.416
0.01404; 753.418
0.0143; 753.418
0.01456; 753.416
0.01482; 753.41
0.01508; 753.415
0.01534; 753.416
0.0156; 753.414
0.01586; 753.411
0.01612; 753.413
0.01638; 753.413
0.01664; 753.411
0.0169; 753.405
0.01716; 753.41
0.01742; 753.411
0.01768; 753.41
0.01794; 753.407
0.0182; 753.409
0.01846; 753.409
0.01872; 753.407
0.01898; 753.401
0.01924; 753.406
0.0195; 753.407
0.01976; 753.406
0.02002; 753.403
0.02028; 753.405
0.02054; 753.405
0.0208; 753.404
0.02106; 753.398
0.02132; 753.403
0.02158; 753.404
0.02184; 753.403
0.0221; 753.4
0.02236; 753.402
0.02262; 753.402
0.02288; 753.4
0.02314; 753.395
0.0234; 753.4
0.02366; 753.401
0.02392; 753.4
0.02418; 753.397
0.02444; 753.399
0.0247; 753.399
0.02496; 753.398
0.02522; 753.392
0.02548; 753.397
0.02574; 753.398
0.026; 753.397
0.02626; 753.394
0.02652; 753.396
0.02678; 753.397
0.02704; 753.395
0.0273; 753.389
0.02756; 753.395
0.02782; 753.396
0.02808; 753.395
0.02834; 753.392
0.0286; 753.394
0.02886; 753.395
0.02912; 753.393
0.02938; 753.387
0.02964; 753.393
0.0299; 753.394
0.03016; 753.393
0.03042; 753.39
0.03068; 753.392
0.03094; 753.393
0.0312; 753.391
0.03146; 753.386
0.03172; 753.391
0.03198; 753.392
0.03224; 753.391
0.0325; 753.389
0.03276; 753.391
0.03302; 753.392
0.03328; 753.39
0.03354; 753.385
0.0338; 753.39
0.03406; 753.391
0.03432; 753.39
0.03458; 753.388
0.03484; 753.39
0.0351; 753.39
0.03536; 753.389
0.03562; 753.383
0.03588; 753.389
0.03614; 753.39
0.0364; 753.389
0.03666; 753.387
0.03692; 753.389
0.03718; 753.39
0.03744; 753.388
0.0377; 753.383
0.03796; 753.388
0.03822; 753.39
0.03848; 753.389
0.03874; 753.387
0.039; 753.389
0.03926; 753.39
0.03952; 753.388
0.03978; 753.383
0.04004; 753.388
0.0403; 753.39
0.04056; 753.389
0.04082; 753.387
0.04108; 753.389
0.04134; 753.39
0.0416; 753.389
0.04186; 753.383
0.04212; 753.389
0.04238; 753.39
0.04264; 753.389
0.0429; 753.387
0.04316; 753.389
0.04342; 753.39
0.04368; 753.389
0.04394; 753.384
0.0442; 753.389
0.04446; 753.391
0.04472; 753.39
0.04498; 753.388
0.04524; 753.39
0.0455; 753.391
0.04576; 753.39
0.04602; 753.384
0.04628; 753.39
0.04654; 753.392
0.0468; 753.391
0.04706; 753.389
0.04732; 753.391
0.04758; 753.392
0.04784; 753.391
0.0481; 753.386
0.04836; 753.391
0.04862; 753.393
0.04888; 753.392
0.04914; 753.39
0.0494; 753.393
0.04966; 753.394
0.04992; 753.392
0.05018; 753.387
0.05044; 753.393
0.0507; 753.394
0.05096; 753.394
0.05122; 753.392
0.05148; 753.394
0.05174; 753.395
0.052; 753.394
0.05226; 753.389
0.05252; 753.395
0.05278; 753.396
0.05304; 753.396
0.0533; 753.394
0.05356; 753.397
0.05382; 753.397
0.05408; 753.397
0.05434; 753.391
0.0546; 753.397
0.05486; 753.399
0.05512; 753.398
0.05538; 753.396
0.05564; 753.399
0.0559; 753.4
0.05616; 753.399
0.05642; 753.394
0.05668; 753.4
0.05694; 753.401
0.0572; 753.401
0.05746; 753.399
0.05772; 753.402
0.05798; 753.403
0.05824; 753.402
0.0585; 753.397
0.05876; 753.403
0.05902; 753.404
0.05928; 753.404
0.05954; 753.402
0.0598; 753.405
0.06006; 753.406
0.06032; 753.405
0.06058; 753.4
0.06084; 753.406
0.0611; 753.408
0.06136; 753.407
0.06162; 753.405
0.06188; 753.408
0.06214; 753.409
0.0624; 753.409
0.06266; 753.404
0.06292; 753.41
0.06318; 753.412
0.06344; 753.411
0.0637; 753.409
0.06396; 753.412
0.06422; 753.413
0.06448; 753.413
0.06474; 753.408
0.065; 753.414
0.06526; 753.416
0.06552; 753.415
0.06578; 753.414
0.06604; 753.416
0.0663; 753.418
0.06656; 753.417
0.06682; 753.412
0.06708; 753.418
0.06734; 753.42
0.0676; 753.42
0.06786; 753.418
0.06812; 753.421
0.06838; 753.422
0.06864; 753.422
0.0689; 753.417
0.06916; 753.423
0.06942; 753.425
0.06968; 753.425
0.06994; 753.423
0.0702; 753.426
0.07046; 753.428
0.07072; 753.427
0.07098; 753.422
0.07124; 753.428
0.0715; 753.43
0.07176; 753.43
0.07202; 753.429
0.07228; 753.432
0.07254; 753.433
0.0728; 753.433
0.07306; 753.428
0.07332; 753.434
0.07358; 753.436
0.07384; 753.436
0.0741; 753.434
0.07436; 753.437
0.07462; 753.439
0.07488; 753.438
0.07514; 753.434
0.0754; 753.44
0.07566; 753.442
0.07592; 753.442
0.07618; 753.44
0.07644; 753.444
0.0767; 753.445
0.07696; 753.445
0.07722; 753.44
0.07748; 753.447
0.07774; 753.451
0.078; 753.454
