0.00667; 0
0.01334; 0
0.02001; 0
0.02668; 0
0.03335; 0
0.04002; 0
0.04669; 0
0.05336; 0
0.06003; 0
0.0667; 0
0.07337; 0
0.08004; 0
0.08671; 0
0.09338; 0
0.10005; 0
0.10672; 0
0.11339; 0
0.12006; 0
0.12673; 0
0.1334; 0
0.14007; 0
0.14674; 0
0.15341; 0
0.16008; 0
0.16675; 0
0.17342; 0
0.18009; 0
0.18676; 0
0.19343; 0
0.2001; 0
0.20677; 0
0.21344; 0
0.22011; 0
0.22678; 0
0.23345; 0
0.24012; 0
0.24679; 0
0.25346; 0
0.26013; 0
0.2668; 0
0.27347; 0
0.28014; 0
0.28681; 0
0.29348; 0
0.30015; 0
0.30682; 0
0.31349; 0
0.32016; 0
0.32683; 0
0.3335; 0
0.34017; 0
0.34684; 0
0.35351; 0
0.36018; 0
0.36685; 0
0.37352; 0
0.38019; 0
0.38686; 0
0.39353; 0
0.4002; 0
0.40687; 0
0.41354; 0
0.42021; 0
0.42688; 0
0.43355; 0
0.44022; 0
0.44689; 0
0.45356; 0
0.46023; 0
0.4669; 0
0.47357; 506.072
0.48024; 506.006
0.48691; 505.874
0.49358; 505.677
0.50025; 505.414
0.50692; 505.086
0.51359; 504.694
0.52026; 504.238
0.52693; 503.719
0.5336; 503.138
0.54027; 502.495
0.54694; 501.792
0.55361; 501.029
0.56028; 500.208
0.56695; 499.33
0.57362; 498.397
0.58029; 497.409
0.58696; 496.367
0.59363; 495.275
0.6003; 494.132
0.60697; 492.94
0.61364; 491.702
0.62031; 490.417
0.62698; 489.089
0.63365; 487.719
0.64032; 486.307
0.64699; 484.857
0.65366; 483.369
0.66033; 481.845
0.667; 480.286
0.67367; 478.694
0.68034; 477.07
0.68701; 475.416
0.69368; 473.732
0.70035; 472.021
0.70702; 470.283
0.71369; 468.518
0.72036; 466.729
0.72703; 464.916
0.7337; 463.079
0.74037; 461.219
0.74704; 459.336
0.75371; 457.431
0.76038; 455.502
0.76705; 453.551
0.77372; 451.575
0.78039; 449.575
0.78706; 447.55
0.79373; 445.497
0.8004; 443.415
0.80707; 441.302
0.81374; 439.155
0.82041; 436.971
0.82708; 434.745
0.83375; 432.474
0.84042; 430.152
0.84709; 427.774
0.85376; 425.331
0.86043; 422.816
0.8671; 420.219
0.87377; 417.531
0.88044; 414.737
0.88711; 411.826
0.89378; 408.781
0.90045; 405.585
0.90712; 402.222
0.91379; 398.674
0.92046; 394.93
0.92713; 390.987
0.9338; 386.867
0.94047; 382.63
0.94714; 378.416
0.95381; 374.49
0.96048; 371.29
0.96715; 369.417
0.97382; 369.417
0.98049; 371.29
0.98716; 374.49
0.99383; 378.416
1.0005; 382.63
1.00717; 386.867
1.01384; 390.987
1.02051; 394.93
1.02718; 398.674
1.03385; 402.222
1.04052; 405.585
1.04719; 408.781
1.05386; 411.826
1.06053; 414.737
1.0672; 417.531
1.07387; 420.219
1.08054; 422.816
1.08721; 425.331
1.09388; 427.774
1.10055; 430.152
1.10722; 432.474
1.11389; 434.745
1.12056; 436.971
1.12723; 439.155
1.1339; 441.302
1.14057; 443.415
1.14724; 445.497
1.15391; 447.55
1.16058; 449.575
1.16725; 451.575
1.17392; 453.551
1.18059; 455.502
1.18726; 457.431
1.19393; 459.336
1.2006; 461.219
1.20727; 463.079
1.21394; 464.916
1.22061; 466.729
1.22728; 468.518
1.23395; 470.283
1.24062; 472.021
1.24729; 473.732
1.25396; 475.416
1.26063; 477.07
1.2673; 478.694
1.27397; 480.286
1.28064; 481.845
1.28731; 483.369
1.29398; 484.857
1.30065; 486.307
1.30732; 487.719
1.31399; 489.089
1.32066; 490.417
1.32733; 491.702
1.334; 492.94
1.34067; 494.132
1.34734; 495.275
1.35401; 496.367
1.36068; 497.409
1.36735; 498.397
1.37402; 499.33
1.38069; 500.208
1.38736; 501.029
1.39403; 501.792
1.4007; 502.495
1.40737; 503.138
1.41404; 503.719
1.42071; 504.238
1.42738; 504.694
1.43405; 505.086
1.44072; 505.414
1.44739; 505.677
1.45406; 505.874
1.46073; 506.006
1.4674; 506.072
1.47407; 0
1.48074; 0
1.48741; 0
1.49408; 0
1.50075; 0
1.50742; 0
1.51409; 0
1.52076; 0
1.52743; 0
1.5341; 0
1.54077; 0
1.54744; 0
1.55411; 0
1.56078; 0
1.56745; 0
1.57412; 0
1.58079; 0
1.58746; 0
1.59413; 0
1.6008; 0
1.60747; 0
1.61414; 0
1.62081; 0
1.62748; 0
1.63415; 0
1.64082; 0
1.64749; 0
1.65416; 0
1.66083; 0
1.6675; 0
1.67417; 0
1.68084; 0
1.68751; 0
1.69418; 0
1.70085; 0
1.70752; 0
1.71419; 0
1.72086; 0
1.72753; 0
1.7342; 0
1.74087; 0
1.74754; 0
1.75421; 0
1.76088; 0
1.76755; 0
1.77422; 0
1.78089; 0
1.78756; 0
1.79423; 0
1.8009; 0
1.80757; 0
1.81424; 0
1.82091; 0
1.82758; 0
1.83425; 0
1.84092; 0
1.84759; 0
1.85426; 0
1.86093; 0
1.8676; 0
1.87427; 0
1.88094; 0
1.88761; 0
1.89428; 0
1.90095; 0
1.90762; 0
1.91429; 0
1.92096; 0
1.92763; 0
1.9343; 0
1.94097; 0
1.94764; 0
1.95431; 0
1.96098; 0
1.96765; 0
1.97432; 0
1.98099; 0
1.98766; 0
1.99433; 0
2.001; 0
