0.00667; 0
0.01334; 0
0.02001; 0
0.02668; 0
0.03335; 0
0.04002; 0
0.04669; 0
0.05336; 0
0.06003; 0
0.0667; 0
0.07337; 0
0.08004; 0
0.08671; 0
0.09338; 0
0.10005; 0
0.10672; 0
0.11339; 0
0.12006; 0
0.12673; 0
0.1334; 0
0.14007; 0
0.14674; 0
0.15341; 0
0.16008; 0
0.16675; 0
0.17342; 0
0.18009; 0
0.18676; 0
0.19343; 0
0.2001; 0
0.20677; 0
0.21344; 0
0.22011; 0
0.22678; 0
0.23345; 0
0.24012; 0
0.24679; 0
0.25346; 0
0.26013; 0
0.2668; 0
0.27347; 0
0.28014; 0
0.28681; 0
0.29348; 0
0.30015; 0
0.30682; 0
0.31349; 0
0.32016; 0
0.32683; 0
0.3335; 0
0.34017; 0
0.34684; 0
0.35351; 0
0.36018; 0
0.36685; 0
0.37352; 0
0.38019; 0
0.38686; 0
0.39353; 0
0.4002; 0
0.40687; 0
0.41354; 0
0.42021; 0
0.42688; 0
0.43355; 0
0.44022; 0
0.44689; 0
0.45356; 0
0.46023; 0
0.4669; 0
0.47357; 700.836
0.48024; 700.768
0.48691; 700.632
0.49358; 700.428
0.50025; 700.156
0.50692; 699.816
0.51359; 699.408
0.52026; 698.933
0.52693; 698.39
0.5336; 697.781
0.54027; 697.105
0.54694; 696.363
0.55361; 695.555
0.56028; 694.68
0.56695; 693.741
0.57362; 692.736
0.58029; 691.667
0.58696; 690.534
0.59363; 689.336
0.6003; 688.075
0.60697; 686.75
0.61364; 685.362
0.62031; 683.912
0.62698; 682.398
0.63365; 680.822
0.64032; 679.184
0.64699; 677.483
0.65366; 675.72
0.66033; 673.894
0.667; 672.005
0.67367; 670.052
0.68034; 668.037
0.68701; 665.957
0.69368; 663.812
0.70035; 661.601
0.70702; 659.323
0.71369; 656.977
0.72036; 654.562
0.72703; 652.075
0.7337; 649.515
0.74037; 646.88
0.74704; 644.166
0.75371; 641.372
0.76038; 638.494
0.76705; 635.527
0.77372; 632.469
0.78039; 629.314
0.78706; 626.057
0.79373; 622.693
0.8004; 619.214
0.80707; 615.613
0.81374; 611.881
0.82041; 608.009
0.82708; 603.987
0.83375; 599.801
0.84042; 595.44
0.84709; 590.885
0.85376; 586.122
0.86043; 581.128
0.8671; 575.882
0.87377; 570.358
0.88044; 564.527
0.88711; 558.356
0.89378; 551.811
0.90045; 544.851
0.90712; 537.438
0.91379; 529.534
0.92046; 521.111
0.92713; 512.169
0.9338; 502.755
0.94047; 493.019
0.94714; 483.291
0.95381; 474.195
0.96048; 466.762
0.96715; 462.404
0.97382; 462.404
0.98049; 466.762
0.98716; 474.195
0.99383; 483.291
1.0005; 493.019
1.00717; 502.755
1.01384; 512.169
1.02051; 521.111
1.02718; 529.534
1.03385; 537.438
1.04052; 544.851
1.04719; 551.811
1.05386; 558.356
1.06053; 564.527
1.0672; 570.358
1.07387; 575.882
1.08054; 581.128
1.08721; 586.122
1.09388; 590.885
1.10055; 595.44
1.10722; 599.801
1.11389; 603.987
1.12056; 608.009
1.12723; 611.881
1.1339; 615.613
1.14057; 619.214
1.14724; 622.693
1.15391; 626.057
1.16058; 629.314
1.16725; 632.469
1.17392; 635.527
1.18059; 638.494
1.18726; 641.372
1.19393; 644.166
1.2006; 646.88
1.20727; 649.515
1.21394; 652.075
1.22061; 654.562
1.22728; 656.977
1.23395; 659.323
1.24062; 661.601
1.24729; 663.812
1.25396; 665.957
1.26063; 668.037
1.2673; 670.052
1.27397; 672.005
1.28064; 673.894
1.28731; 675.72
1.29398; 677.483
1.30065; 679.184
1.30732; 680.822
1.31399; 682.398
1.32066; 683.912
1.32733; 685.362
1.334; 686.75
1.34067; 688.075
1.34734; 689.336
1.35401; 690.534
1.36068; 691.667
1.36735; 692.736
1.37402; 693.741
1.38069; 694.68
1.38736; 695.555
1.39403; 696.363
1.4007; 697.105
1.40737; 697.781
1.41404; 698.39
1.42071; 698.933
1.42738; 699.408
1.43405; 699.816
1.44072; 700.156
1.44739; 700.428
1.45406; 700.632
1.46073; 700.768
1.4674; 700.836
1.47407; 0
1.48074; 0
1.48741; 0
1.49408; 0
1.50075; 0
1.50742; 0
1.51409; 0
1.52076; 0
1.52743; 0
1.5341; 0
1.54077; 0
1.54744; 0
1.55411; 0
1.56078; 0
1.56745; 0
1.57412; 0
1.58079; 0
1.58746; 0
1.59413; 0
1.6008; 0
1.60747; 0
1.61414; 0
1.62081; 0
1.62748; 0
1.63415; 0
1.64082; 0
1.64749; 0
1.65416; 0
1.66083; 0
1.6675; 0
1.67417; 0
1.68084; 0
1.68751; 0
1.69418; 0
1.70085; 0
1.70752; 0
1.71419; 0
1.72086; 0
1.72753; 0
1.7342; 0
1.74087; 0
1.74754; 0
1.75421; 0
1.76088; 0
1.76755; 0
1.77422; 0
1.78089; 0
1.78756; 0
1.79423; 0
1.8009; 0
1.80757; 0
1.81424; 0
1.82091; 0
1.82758; 0
1.83425; 0
1.84092; 0
1.84759; 0
1.85426; 0
1.86093; 0
1.8676; 0
1.87427; 0
1.88094; 0
1.88761; 0
1.89428; 0
1.90095; 0
1.90762; 0
1.91429; 0
1.92096; 0
1.92763; 0
1.9343; 0
1.94097; 0
1.94764; 0
1.95431; 0
1.96098; 0
1.96765; 0
1.97432; 0
1.98099; 0
1.98766; 0
1.99433; 0
2.001; 0
