0.00667; 0
0.01334; 0
0.02001; 0
0.02668; 0
0.03335; 0
0.04002; 0
0.04669; 0
0.05336; 0
0.06003; 0
0.0667; 0
0.07337; 0
0.08004; 0
0.08671; 0
0.09338; 0
0.10005; 0
0.10672; 0
0.11339; 0
0.12006; 0
0.12673; 0
0.1334; 0
0.14007; 0
0.14674; 0
0.15341; 0
0.16008; 0
0.16675; 0
0.17342; 0
0.18009; 0
0.18676; 0
0.19343; 0
0.2001; 0
0.20677; 0
0.21344; 0
0.22011; 0
0.22678; 0
0.23345; 0
0.24012; 0
0.24679; 0
0.25346; 0
0.26013; 0
0.2668; 0
0.27347; 0
0.28014; 0
0.28681; 0
0.29348; 0
0.30015; 0
0.30682; 0
0.31349; 0
0.32016; 0
0.32683; 0
0.3335; 0
0.34017; 0
0.34684; 0
0.35351; 0
0.36018; 0
0.36685; 0
0.37352; 0
0.38019; 0
0.38686; 0
0.39353; 0
0.4002; 0
0.40687; 0
0.41354; 0
0.42021; 0
0.42688; 0
0.43355; 0
0.44022; 0
0.44689; 0
0.45356; 0
0.46023; 0
0.4669; 0
0.47357; 449.616
0.48024; 449.553
0.48691; 449.426
0.49358; 449.236
0.50025; 448.983
0.50692; 448.669
0.51359; 448.292
0.52026; 447.855
0.52693; 447.357
0.5336; 446.8
0.54027; 446.185
0.54694; 445.513
0.55361; 444.785
0.56028; 444.002
0.56695; 443.167
0.57362; 442.279
0.58029; 441.342
0.58696; 440.356
0.59363; 439.323
0.6003; 438.245
0.60697; 437.124
0.61364; 435.962
0.62031; 434.76
0.62698; 433.52
0.63365; 432.245
0.64032; 430.935
0.64699; 429.594
0.65366; 428.223
0.66033; 426.824
0.667; 425.398
0.67367; 423.949
0.68034; 422.476
0.68701; 420.984
0.69368; 419.472
0.70035; 417.943
0.70702; 416.398
0.71369; 414.839
0.72036; 413.268
0.72703; 411.685
0.7337; 410.093
0.74037; 408.491
0.74704; 406.882
0.75371; 405.265
0.76038; 403.643
0.76705; 402.014
0.77372; 400.38
0.78039; 398.741
0.78706; 397.097
0.79373; 395.447
0.8004; 393.79
0.80707; 392.127
0.81374; 390.456
0.82041; 388.774
0.82708; 387.082
0.83375; 385.374
0.84042; 383.65
0.84709; 381.906
0.85376; 380.136
0.86043; 378.338
0.8671; 376.503
0.87377; 374.628
0.88044; 372.703
0.88711; 370.719
0.89378; 368.669
0.90045; 366.54
0.90712; 364.321
0.91379; 362.003
0.92046; 359.577
0.92713; 357.042
0.9338; 354.409
0.94047; 351.716
0.94714; 349.049
0.95381; 346.573
0.96048; 344.559
0.96715; 343.382
0.97382; 343.382
0.98049; 344.559
0.98716; 346.573
0.99383; 349.049
1.0005; 351.716
1.00717; 354.409
1.01384; 357.042
1.02051; 359.577
1.02718; 362.003
1.03385; 364.321
1.04052; 366.54
1.04719; 368.669
1.05386; 370.719
1.06053; 372.703
1.0672; 374.628
1.07387; 376.503
1.08054; 378.338
1.08721; 380.136
1.09388; 381.906
1.10055; 383.65
1.10722; 385.374
1.11389; 387.082
1.12056; 388.774
1.12723; 390.456
1.1339; 392.127
1.14057; 393.79
1.14724; 395.447
1.15391; 397.097
1.16058; 398.741
1.16725; 400.38
1.17392; 402.014
1.18059; 403.643
1.18726; 405.265
1.19393; 406.882
1.2006; 408.491
1.20727; 410.093
1.21394; 411.685
1.22061; 413.268
1.22728; 414.839
1.23395; 416.398
1.24062; 417.943
1.24729; 419.472
1.25396; 420.984
1.26063; 422.476
1.2673; 423.949
1.27397; 425.398
1.28064; 426.824
1.28731; 428.223
1.29398; 429.594
1.30065; 430.935
1.30732; 432.245
1.31399; 433.52
1.32066; 434.76
1.32733; 435.962
1.334; 437.124
1.34067; 438.245
1.34734; 439.323
1.35401; 440.356
1.36068; 441.342
1.36735; 442.279
1.37402; 443.167
1.38069; 444.002
1.38736; 444.785
1.39403; 445.513
1.4007; 446.185
1.40737; 446.8
1.41404; 447.357
1.42071; 447.855
1.42738; 448.292
1.43405; 448.669
1.44072; 448.983
1.44739; 449.236
1.45406; 449.426
1.46073; 449.553
1.4674; 449.616
1.47407; 0
1.48074; 0
1.48741; 0
1.49408; 0
1.50075; 0
1.50742; 0
1.51409; 0
1.52076; 0
1.52743; 0
1.5341; 0
1.54077; 0
1.54744; 0
1.55411; 0
1.56078; 0
1.56745; 0
1.57412; 0
1.58079; 0
1.58746; 0
1.59413; 0
1.6008; 0
1.60747; 0
1.61414; 0
1.62081; 0
1.62748; 0
1.63415; 0
1.64082; 0
1.64749; 0
1.65416; 0
1.66083; 0
1.6675; 0
1.67417; 0
1.68084; 0
1.68751; 0
1.69418; 0
1.70085; 0
1.70752; 0
1.71419; 0
1.72086; 0
1.72753; 0
1.7342; 0
1.74087; 0
1.74754; 0
1.75421; 0
1.76088; 0
1.76755; 0
1.77422; 0
1.78089; 0
1.78756; 0
1.79423; 0
1.8009; 0
1.80757; 0
1.81424; 0
1.82091; 0
1.82758; 0
1.83425; 0
1.84092; 0
1.84759; 0
1.85426; 0
1.86093; 0
1.8676; 0
1.87427; 0
1.88094; 0
1.88761; 0
1.89428; 0
1.90095; 0
1.90762; 0
1.91429; 0
1.92096; 0
1.92763; 0
1.9343; 0
1.94097; 0
1.94764; 0
1.95431; 0
1.96098; 0
1.96765; 0
1.97432; 0
1.98099; 0
1.98766; 0
1.99433; 0
2.001; 0
