0.00026; 0
0.00052; 0
0.00078; 0
0.00104; 0
0.0013; 0
0.00156; 0
0.00182; 0
0.00208; 0
0.00234; 0
0.0026; 0
0.00286; 0
0.00312; 0
0.00338; 0
0.00364; 0
0.0039; 0
0.00416; 0
0.00442; 0
0.00468; 0
0.00494; 0
0.0052; 0
0.00546; 0
0.00572; 0
0.00598; 0
0.00624; 0
0.0065; 0
0.00676; 0
0.00702; 0
0.00728; 0
0.00754; 0
0.0078; 0
0.00806; 0
0.00832; 0
0.00858; 0
0.00884; 0
0.0091; 0
0.00936; 0
0.00962; 0
0.00988; 0
0.01014; 0
0.0104; 0
0.01066; 0
0.01092; 0
0.01118; 0
0.01144; 0
0.0117; 0
0.01196; 0
0.01222; 0
0.01248; 0
0.01274; 0
0.013; 0
0.01326; 0
0.01352; 0
0.01378; 0
0.01404; 0
0.0143; 0
0.01456; 0
0.01482; 0
0.01508; 0
0.01534; 0
0.0156; 0
0.01586; 0
0.01612; 0
0.01638; 0
0.01664; 0
0.0169; 0
0.01716; 0
0.01742; 0
0.01768; 0
0.01794; 0
0.0182; 0
0.01846; 0
0.01872; 0
0.01898; 0
0.01924; 0
0.0195; 0
0.01976; 0
0.02002; 0
0.02028; 0
0.02054; 0
0.0208; 0
0.02106; 0
0.02132; 0
0.02158; 0
0.02184; 0
0.0221; 0
0.02236; 0
0.02262; 0
0.02288; 602.045
0.02314; 601.886
0.0234; 601.734
0.02366; 601.573
0.02392; 601.413
0.02418; 601.262
0.02444; 601.123
0.0247; 600.985
0.02496; 600.85
0.02522; 600.719
0.02548; 600.618
0.02574; 600.507
0.026; 600.397
0.02626; 600.293
0.02652; 600.2
0.02678; 600.107
0.02704; 600.016
0.0273; 599.929
0.02756; 599.87
0.02782; 599.801
0.02808; 599.732
0.02834; 599.669
0.0286; 599.616
0.02886; 599.562
0.02912; 599.509
0.02938; 599.46
0.02964; 599.438
0.0299; 599.406
0.03016; 599.372
0.03042; 599.343
0.03068; 599.323
0.03094; 599.302
0.0312; 599.282
0.03146; 599.264
0.03172; 599.272
0.03198; 599.269
0.03224; 599.265
0.0325; 599.264
0.03276; 599.272
0.03302; 599.277
0.03328; 599.283
0.03354; 599.29
0.0338; 599.322
0.03406; 599.343
0.03432; 599.36
0.03458; 599.382
0.03484; 599.411
0.0351; 599.437
0.03536; 599.462
0.03562; 599.488
0.03588; 599.54
0.03614; 599.578
0.0364; 599.613
0.03666; 599.651
0.03692; 599.696
0.03718; 599.738
0.03744; 599.778
0.0377; 599.818
0.03796; 599.883
0.03822; 599.934
0.03848; 599.982
0.03874; 600.032
0.039; 600.088
0.03926; 600.141
0.03952; 600.191
0.03978; 600.242
0.04004; 600.316
0.0403; 600.377
0.04056; 600.434
0.04082; 600.493
0.04108; 600.558
0.04134; 600.618
0.0416; 600.677
0.04186; 600.736
0.04212; 600.818
0.04238; 600.886
0.04264; 600.95
0.0429; 601.016
0.04316; 601.088
0.04342; 601.155
0.04368; 601.221
0.04394; 601.286
0.0442; 601.375
0.04446; 601.45
0.04472; 601.521
0.04498; 601.594
0.04524; 601.673
0.0455; 601.748
0.04576; 601.821
0.04602; 601.894
0.04628; 601.99
0.04654; 602.073
0.0468; 602.153
0.04706; 602.234
0.04732; 602.322
0.04758; 602.406
0.04784; 602.489
0.0481; 602.572
0.04836; 602.678
0.04862; 602.772
0.04888; 602.862
0.04914; 602.955
0.0494; 603.055
0.04966; 603.151
0.04992; 603.247
0.05018; 603.343
0.05044; 603.463
0.0507; 603.572
0.05096; 603.677
0.05122; 603.786
0.05148; 603.902
0.05174; 604.015
0.052; 604.129
0.05226; 604.243
0.05252; 604.382
0.05278; 604.51
0.05304; 604.635
0.0533; 604.765
0.05356; 604.903
0.05382; 605.039
0.05408; 605.175
0.05434; 605.313
0.0546; 605.476
0.05486; 605.628
0.05512; 605.779
0.05538; 605.935
0.05564; 606.1
0.0559; 606.263
0.05616; 606.427
0.05642; 606.595
0.05668; 606.788
0.05694; 606.972
0.0572; 607.155
0.05746; 607.345
0.05772; 607.546
0.05798; 607.745
0.05824; 607.923
0.0585; 0
0.05876; 0
0.05902; 0
0.05928; 0
0.05954; 0
0.0598; 0
0.06006; 0
0.06032; 0
0.06058; 0
0.06084; 0
0.0611; 0
0.06136; 0
0.06162; 0
0.06188; 0
0.06214; 0
0.0624; 0
0.06266; 0
0.06292; 0
0.06318; 0
0.06344; 0
0.0637; 0
0.06396; 0
0.06422; 0
0.06448; 0
0.06474; 0
0.065; 0
0.06526; 0
0.06552; 0
0.06578; 0
0.06604; 0
0.0663; 0
0.06656; 0
0.06682; 0
0.06708; 0
0.06734; 0
0.0676; 0
0.06786; 0
0.06812; 0
0.06838; 0
0.06864; 0
0.0689; 0
0.06916; 0
0.06942; 0
0.06968; 0
0.06994; 0
0.0702; 0
0.07046; 0
0.07072; 0
0.07098; 0
0.07124; 0
0.0715; 0
0.07176; 0
0.07202; 0
0.07228; 0
0.07254; 0
0.0728; 0
0.07306; 0
0.07332; 0
0.07358; 0
0.07384; 0
0.0741; 0
0.07436; 0
0.07462; 0
0.07488; 0
0.07514; 0
0.0754; 0
0.07566; 0
0.07592; 0
0.07618; 0
0.07644; 0
0.0767; 0
0.07696; 0
0.07722; 0
0.07748; 0
0.07774; 0
0.078; 0
