0.00667; 0
0.01334; 0
0.02001; 0
0.02668; 0
0.03335; 0
0.04002; 0
0.04669; 0
0.05336; 0
0.06003; 0
0.0667; 0
0.07337; 0
0.08004; 0
0.08671; 0
0.09338; 0
0.10005; 0
0.10672; 0
0.11339; 0
0.12006; 0
0.12673; 0
0.1334; 0
0.14007; 0
0.14674; 0
0.15341; 0
0.16008; 0
0.16675; 0
0.17342; 0
0.18009; 0
0.18676; 0
0.19343; 0
0.2001; 0
0.20677; 0
0.21344; 0
0.22011; 0
0.22678; 0
0.23345; 0
0.24012; 0
0.24679; 0
0.25346; 0
0.26013; 0
0.2668; 0
0.27347; 0
0.28014; 0
0.28681; 0
0.29348; 0
0.30015; 0
0.30682; 0
0.31349; 0
0.32016; 0
0.32683; 0
0.3335; 0
0.34017; 0
0.34684; 0
0.35351; 0
0.36018; 0
0.36685; 0
0.37352; 0
0.38019; 0
0.38686; 0
0.39353; 0
0.4002; 0
0.40687; 0
0.41354; 0
0.42021; 0
0.42688; 0
0.43355; 0
0.44022; 0
0.44689; 0
0.45356; 0
0.46023; 0
0.4669; 0
0.47357; 0
0.48024; 0
0.48691; 1000
0.49358; 931.043
0.50025; 863.14
0.50692; 797.297
0.51359; 734.427
0.52026; 675.312
0.52693; 620.573
0.5336; 570.657
0.54027; 525.828
0.54694; 486.176
0.55361; 451.631
0.56028; 421.987
0.56695; 396.927
0.57362; 376.059
0.58029; 358.938
0.58696; 345.097
0.59363; 334.072
0.6003; 325.417
0.60697; 318.721
0.61364; 313.615
0.62031; 309.776
0.62698; 306.932
0.63365; 304.853
0.64032; 303.356
0.64699; 302.291
0.65366; 301.545
0.66033; 301.029
0.667; 300.678
0.67367; 300.441
0.68034; 300.283
0.68701; 300.18
0.69368; 300.114
0.70035; 300.071
0.70702; 300.044
0.71369; 300.027
0.72036; 300.017
0.72703; 300.011
0.7337; 300.008
0.74037; 300.006
0.74704; 300.006
0.75371; 300.007
0.76038; 300.009
0.76705; 300.014
0.77372; 300.021
0.78039; 300.033
0.78706; 300.052
0.79373; 300.081
0.8004; 300.126
0.80707; 300.194
0.81374; 300.295
0.82041; 300.445
0.82708; 300.663
0.83375; 300.977
0.84042; 301.423
0.84709; 302.05
0.85376; 302.919
0.86043; 304.108
0.8671; 305.714
0.87377; 307.857
0.88044; 310.68
0.88711; 314.352
0.89378; 319.069
0.90045; 325.052
0.90712; 332.544
0.91379; 341.808
0.92046; 353.108
0.92713; 366.702
0.9338; 382.801
0.94047; 401.526
0.94714; 422.81
0.95381; 446.254
0.96048; 470.882
0.96715; 494.804
0.97382; 514.884
0.98049; 526.855
0.98716; 526.855
0.99383; 514.884
1.0005; 494.804
1.00717; 470.882
1.01384; 446.254
1.02051; 422.81
1.02718; 401.526
1.03385; 382.801
1.04052; 366.702
1.04719; 353.108
1.05386; 341.808
1.06053; 332.544
1.0672; 325.052
1.07387; 319.069
1.08054; 314.352
1.08721; 310.68
1.09388; 307.857
1.10055; 305.714
1.10722; 304.108
1.11389; 302.919
1.12056; 302.05
1.12723; 301.423
1.1339; 300.977
1.14057; 300.663
1.14724; 300.445
1.15391; 300.295
1.16058; 300.194
1.16725; 300.126
1.17392; 300.081
1.18059; 300.052
1.18726; 300.033
1.19393; 300.021
1.2006; 300.014
1.20727; 300.009
1.21394; 300.007
1.22061; 300.006
1.22728; 300.006
1.23395; 300.008
1.24062; 300.011
1.24729; 300.017
1.25396; 300.027
1.26063; 300.044
1.2673; 300.071
1.27397; 300.114
1.28064; 300.18
1.28731; 300.283
1.29398; 300.441
1.30065; 300.678
1.30732; 301.029
1.31399; 301.545
1.32066; 302.291
1.32733; 303.356
1.334; 304.853
1.34067; 306.932
1.34734; 309.776
1.35401; 313.615
1.36068; 318.721
1.36735; 325.417
1.37402; 334.072
1.38069; 345.097
1.38736; 358.938
1.39403; 376.059
1.4007; 396.927
1.40737; 421.987
1.41404; 451.631
1.42071; 486.176
1.42738; 525.828
1.43405; 570.657
1.44072; 620.573
1.44739; 675.312
1.45406; 734.427
1.46073; 797.297
1.4674; 863.14
1.47407; 931.043
1.48074; 1000
1.48741; 0
1.49408; 0
1.50075; 0
1.50742; 0
1.51409; 0
1.52076; 0
1.52743; 0
1.5341; 0
1.54077; 0
1.54744; 0
1.55411; 0
1.56078; 0
1.56745; 0
1.57412; 0
1.58079; 0
1.58746; 0
1.59413; 0
1.6008; 0
1.60747; 0
1.61414; 0
1.62081; 0
1.62748; 0
1.63415; 0
1.64082; 0
1.64749; 0
1.65416; 0
1.66083; 0
1.6675; 0
1.67417; 0
1.68084; 0
1.68751; 0
1.69418; 0
1.70085; 0
1.70752; 0
1.71419; 0
1.72086; 0
1.72753; 0
1.7342; 0
1.74087; 0
1.74754; 0
1.75421; 0
1.76088; 0
1.76755; 0
1.77422; 0
1.78089; 0
1.78756; 0
1.79423; 0
1.8009; 0
1.80757; 0
1.81424; 0
1.82091; 0
1.82758; 0
1.83425; 0
1.84092; 0
1.84759; 0
1.85426; 0
1.86093; 0
1.8676; 0
1.87427; 0
1.88094; 0
1.88761; 0
1.89428; 0
1.90095; 0
1.90762; 0
1.91429; 0
1.92096; 0
1.92763; 0
1.9343; 0
1.94097; 0
1.94764; 0
1.95431; 0
1.96098; 0
1.96765; 0
1.97432; 0
1.98099; 0
1.98766; 0
1.99433; 0
2.001; 0
