0.00026; 500.959
0.00052; 500.949
0.00078; 500.936
0.00104; 500.949
0.0013; 500.952
0.00156; 500.946
0.00182; 500.935
0.00208; 500.94
0.00234; 500.941
0.0026; 500.933
0.00286; 500.913
0.00312; 500.928
0.00338; 500.93
0.00364; 500.924
0.0039; 500.914
0.00416; 500.918
0.00442; 500.92
0.00468; 500.912
0.00494; 500.892
0.0052; 500.907
0.00546; 500.909
0.00572; 500.903
0.00598; 500.893
0.00624; 500.898
0.0065; 500.899
0.00676; 500.891
0.00702; 500.872
0.00728; 500.887
0.00754; 500.89
0.0078; 500.884
0.00806; 500.874
0.00832; 500.878
0.00858; 500.88
0.00884; 500.872
0.0091; 500.853
0.00936; 500.868
0.00962; 500.871
0.00988; 500.865
0.01014; 500.856
0.0104; 500.861
0.01066; 500.862
0.01092; 500.855
0.01118; 500.836
0.01144; 500.851
0.0117; 500.854
0.01196; 500.848
0.01222; 500.839
0.01248; 500.844
0.01274; 500.846
0.013; 500.838
0.01326; 500.819
0.01352; 500.834
0.01378; 500.838
0.01404; 500.832
0.0143; 500.823
0.01456; 500.828
0.01482; 500.83
0.01508; 500.823
0.01534; 500.804
0.0156; 500.819
0.01586; 500.823
0.01612; 500.817
0.01638; 500.808
0.01664; 500.813
0.0169; 500.816
0.01716; 500.808
0.01742; 500.79
0.01768; 500.805
0.01794; 500.809
0.0182; 500.804
0.01846; 500.794
0.01872; 500.8
0.01898; 500.802
0.01924; 500.796
0.0195; 500.777
0.01976; 500.793
0.02002; 500.796
0.02028; 500.791
0.02054; 500.782
0.0208; 500.788
0.02106; 500.791
0.02132; 500.784
0.02158; 500.766
0.02184; 500.781
0.0221; 500.785
0.02236; 500.78
0.02262; 500.771
0.02288; 500.777
0.02314; 500.78
0.0234; 500.773
0.02366; 500.755
0.02392; 500.771
0.02418; 500.775
0.02444; 500.77
0.0247; 500.761
0.02496; 500.767
0.02522; 500.77
0.02548; 500.764
0.02574; 500.746
0.026; 500.762
0.02626; 500.766
0.02652; 500.761
0.02678; 500.753
0.02704; 500.759
0.0273; 500.762
0.02756; 500.756
0.02782; 500.738
0.02808; 500.754
0.02834; 500.759
0.0286; 500.754
0.02886; 500.746
0.02912; 500.752
0.02938; 500.755
0.02964; 500.749
0.0299; 500.732
0.03016; 500.748
0.03042; 500.752
0.03068; 500.748
0.03094; 500.74
0.0312; 500.746
0.03146; 500.75
0.03172; 500.744
0.03198; 500.726
0.03224; 500.742
0.0325; 500.747
0.03276; 500.743
0.03302; 500.735
0.03328; 500.741
0.03354; 500.745
0.0338; 500.739
0.03406; 500.722
0.03432; 500.738
0.03458; 500.743
0.03484; 500.739
0.0351; 500.731
0.03536; 500.738
0.03562; 500.742
0.03588; 500.736
0.03614; 500.719
0.0364; 500.736
0.03666; 500.741
0.03692; 500.737
0.03718; 500.729
0.03744; 500.736
0.0377; 500.74
0.03796; 500.734
0.03822; 500.717
0.03848; 500.734
0.03874; 500.739
0.039; 500.736
0.03926; 500.728
0.03952; 500.735
0.03978; 500.739
0.04004; 500.734
0.0403; 500.717
0.04056; 500.734
0.04082; 500.739
0.04108; 500.736
0.04134; 500.728
0.0416; 500.735
0.04186; 500.74
0.04212; 500.735
0.04238; 500.718
0.04264; 500.735
0.0429; 500.74
0.04316; 500.737
0.04342; 500.73
0.04368; 500.737
0.04394; 500.741
0.0442; 500.736
0.04446; 500.72
0.04472; 500.737
0.04498; 500.743
0.04524; 500.739
0.0455; 500.732
0.04576; 500.74
0.04602; 500.744
0.04628; 500.739
0.04654; 500.723
0.0468; 500.74
0.04706; 500.746
0.04732; 500.743
0.04758; 500.736
0.04784; 500.743
0.0481; 500.748
0.04836; 500.744
0.04862; 500.727
0.04888; 500.745
0.04914; 500.751
0.0494; 500.748
0.04966; 500.741
0.04992; 500.749
0.05018; 500.754
0.05044; 500.749
0.0507; 500.733
0.05096; 500.751
0.05122; 500.757
0.05148; 500.754
0.05174; 500.747
0.052; 500.755
0.05226; 500.76
0.05252; 500.756
0.05278; 500.74
0.05304; 500.758
0.0533; 500.764
0.05356; 500.761
0.05382; 500.755
0.05408; 500.763
0.05434; 500.768
0.0546; 500.763
0.05486; 500.747
0.05512; 500.765
0.05538; 500.772
0.05564; 500.769
0.0559; 500.763
0.05616; 500.771
0.05642; 500.776
0.05668; 500.772
0.05694; 500.757
0.0572; 500.775
0.05746; 500.781
0.05772; 500.779
0.05798; 500.773
0.05824; 500.781
0.0585; 500.787
0.05876; 500.783
0.05902; 500.767
0.05928; 500.785
0.05954; 500.792
0.0598; 500.79
0.06006; 500.784
0.06032; 500.793
0.06058; 500.798
0.06084; 500.794
0.0611; 500.779
0.06136; 500.797
0.06162; 500.804
0.06188; 500.802
0.06214; 500.796
0.0624; 500.805
0.06266; 500.81
0.06292; 500.807
0.06318; 500.791
0.06344; 500.81
0.0637; 500.817
0.06396; 500.815
0.06422; 500.809
0.06448; 500.818
0.06474; 500.824
0.065; 500.82
0.06526; 500.805
0.06552; 500.824
0.06578; 500.831
0.06604; 500.829
0.0663; 500.823
0.06656; 500.832
0.06682; 500.838
0.06708; 500.835
0.06734; 500.82
0.0676; 500.839
0.06786; 500.846
0.06812; 500.844
0.06838; 500.839
0.06864; 500.848
0.0689; 500.854
0.06916; 500.851
0.06942; 500.836
0.06968; 500.855
0.06994; 500.862
0.0702; 500.861
0.07046; 500.855
0.07072; 500.864
0.07098; 500.871
0.07124; 500.868
0.0715; 500.853
0.07176; 500.872
0.07202; 500.88
0.07228; 500.878
0.07254; 500.873
0.0728; 500.882
0.07306; 500.889
0.07332; 500.886
0.07358; 500.871
0.07384; 500.89
0.0741; 500.898
0.07436; 500.897
0.07462; 500.892
0.07488; 500.901
0.07514; 500.908
0.0754; 500.905
0.07566; 500.891
0.07592; 500.91
0.07618; 500.918
0.07644; 500.917
0.0767; 500.912
0.07696; 500.921
0.07722; 500.928
0.07748; 500.925
0.07774; 500.911
0.078; 500.924
