0.00667; 0
0.01334; 0
0.02001; 0
0.02668; 0
0.03335; 0
0.04002; 0
0.04669; 0
0.05336; 0
0.06003; 0
0.0667; 0
0.07337; 0
0.08004; 0
0.08671; 0
0.09338; 0
0.10005; 0
0.10672; 0
0.11339; 0
0.12006; 0
0.12673; 0
0.1334; 0
0.14007; 0
0.14674; 0
0.15341; 0
0.16008; 0
0.16675; 0
0.17342; 0
0.18009; 0
0.18676; 0
0.19343; 0
0.2001; 0
0.20677; 0
0.21344; 0
0.22011; 0
0.22678; 0
0.23345; 0
0.24012; 0
0.24679; 0
0.25346; 0
0.26013; 0
0.2668; 0
0.27347; 0
0.28014; 0
0.28681; 0
0.29348; 0
0.30015; 0
0.30682; 0
0.31349; 0
0.32016; 0
0.32683; 0
0.3335; 0
0.34017; 0
0.34684; 0
0.35351; 0
0.36018; 0
0.36685; 0
0.37352; 0
0.38019; 0
0.38686; 0
0.39353; 0
0.4002; 0
0.40687; 0
0.41354; 0
0.42021; 0
0.42688; 0
0.43355; 0
0.44022; 0
0.44689; 0
0.45356; 0
0.46023; 0
0.4669; 0
0.47357; 342.776
0.48024; 342.739
0.48691; 342.666
0.49358; 342.556
0.50025; 342.41
0.50692; 342.229
0.51359; 342.012
0.52026; 341.761
0.52693; 341.475
0.5336; 341.157
0.54027; 340.806
0.54694; 340.424
0.55361; 340.012
0.56028; 339.57
0.56695; 339.1
0.57362; 338.604
0.58029; 338.082
0.58696; 337.535
0.59363; 336.966
0.6003; 336.375
0.60697; 335.764
0.61364; 335.135
0.62031; 334.489
0.62698; 333.827
0.63365; 333.151
0.64032; 332.463
0.64699; 331.764
0.65366; 331.056
0.66033; 330.34
0.667; 329.617
0.67367; 328.89
0.68034; 328.159
0.68701; 327.426
0.69368; 326.693
0.70035; 325.96
0.70702; 325.23
0.71369; 324.502
0.72036; 323.78
0.72703; 323.063
0.7337; 322.352
0.74037; 321.65
0.74704; 320.957
0.75371; 320.273
0.76038; 319.6
0.76705; 318.938
0.77372; 318.288
0.78039; 317.652
0.78706; 317.028
0.79373; 316.419
0.8004; 315.823
0.80707; 315.243
0.81374; 314.677
0.82041; 314.126
0.82708; 313.59
0.83375; 313.07
0.84042; 312.565
0.84709; 312.074
0.85376; 311.598
0.86043; 311.135
0.8671; 310.686
0.87377; 310.25
0.88044; 309.825
0.88711; 309.41
0.89378; 309.005
0.90045; 308.607
0.90712; 308.216
0.91379; 307.828
0.92046; 307.444
0.92713; 307.062
0.9338; 306.682
0.94047; 306.31
0.94714; 305.953
0.95381; 305.63
0.96048; 305.372
0.96715; 305.224
0.97382; 305.224
0.98049; 305.372
0.98716; 305.63
0.99383; 305.953
1.0005; 306.31
1.00717; 306.682
1.01384; 307.062
1.02051; 307.444
1.02718; 307.828
1.03385; 308.216
1.04052; 308.607
1.04719; 309.005
1.05386; 309.41
1.06053; 309.825
1.0672; 310.25
1.07387; 310.686
1.08054; 311.135
1.08721; 311.598
1.09388; 312.074
1.10055; 312.565
1.10722; 313.07
1.11389; 313.59
1.12056; 314.126
1.12723; 314.677
1.1339; 315.243
1.14057; 315.823
1.14724; 316.419
1.15391; 317.028
1.16058; 317.652
1.16725; 318.288
1.17392; 318.938
1.18059; 319.6
1.18726; 320.273
1.19393; 320.957
1.2006; 321.65
1.20727; 322.352
1.21394; 323.063
1.22061; 323.78
1.22728; 324.502
1.23395; 325.23
1.24062; 325.96
1.24729; 326.693
1.25396; 327.426
1.26063; 328.159
1.2673; 328.89
1.27397; 329.617
1.28064; 330.34
1.28731; 331.056
1.29398; 331.764
1.30065; 332.463
1.30732; 333.151
1.31399; 333.827
1.32066; 334.489
1.32733; 335.135
1.334; 335.764
1.34067; 336.375
1.34734; 336.966
1.35401; 337.535
1.36068; 338.082
1.36735; 338.604
1.37402; 339.1
1.38069; 339.57
1.38736; 340.012
1.39403; 340.424
1.4007; 340.806
1.40737; 341.157
1.41404; 341.475
1.42071; 341.761
1.42738; 342.012
1.43405; 342.229
1.44072; 342.41
1.44739; 342.556
1.45406; 342.666
1.46073; 342.739
1.4674; 342.776
1.47407; 0
1.48074; 0
1.48741; 0
1.49408; 0
1.50075; 0
1.50742; 0
1.51409; 0
1.52076; 0
1.52743; 0
1.5341; 0
1.54077; 0
1.54744; 0
1.55411; 0
1.56078; 0
1.56745; 0
1.57412; 0
1.58079; 0
1.58746; 0
1.59413; 0
1.6008; 0
1.60747; 0
1.61414; 0
1.62081; 0
1.62748; 0
1.63415; 0
1.64082; 0
1.64749; 0
1.65416; 0
1.66083; 0
1.6675; 0
1.67417; 0
1.68084; 0
1.68751; 0
1.69418; 0
1.70085; 0
1.70752; 0
1.71419; 0
1.72086; 0
1.72753; 0
1.7342; 0
1.74087; 0
1.74754; 0
1.75421; 0
1.76088; 0
1.76755; 0
1.77422; 0
1.78089; 0
1.78756; 0
1.79423; 0
1.8009; 0
1.80757; 0
1.81424; 0
1.82091; 0
1.82758; 0
1.83425; 0
1.84092; 0
1.84759; 0
1.85426; 0
1.86093; 0
1.8676; 0
1.87427; 0
1.88094; 0
1.88761; 0
1.89428; 0
1.90095; 0
1.90762; 0
1.91429; 0
1.92096; 0
1.92763; 0
1.9343; 0
1.94097; 0
1.94764; 0
1.95431; 0
1.96098; 0
1.96765; 0
1.97432; 0
1.98099; 0
1.98766; 0
1.99433; 0
2.001; 0
