0.00026; 0
0.00052; 0
0.00078; 0
0.00104; 0
0.0013; 0
0.00156; 0
0.00182; 0
0.00208; 0
0.00234; 0
0.0026; 0
0.00286; 0
0.00312; 0
0.00338; 0
0.00364; 0
0.0039; 0
0.00416; 0
0.00442; 0
0.00468; 0
0.00494; 0
0.0052; 0
0.00546; 0
0.00572; 0
0.00598; 0
0.00624; 0
0.0065; 0
0.00676; 0
0.00702; 0
0.00728; 0
0.00754; 0
0.0078; 0
0.00806; 0
0.00832; 0
0.00858; 0
0.00884; 0
0.0091; 0
0.00936; 0
0.00962; 0
0.00988; 0
0.01014; 0
0.0104; 0
0.01066; 0
0.01092; 0
0.01118; 0
0.01144; 0
0.0117; 0
0.01196; 0
0.01222; 0
0.01248; 0
0.01274; 0
0.013; 0
0.01326; 0
0.01352; 0
0.01378; 0
0.01404; 0
0.0143; 0
0.01456; 0
0.01482; 0
0.01508; 0
0.01534; 0
0.0156; 0
0.01586; 0
0.01612; 0
0.01638; 0
0.01664; 0
0.0169; 0
0.01716; 0
0.01742; 0
0.01768; 0
0.01794; 0
0.0182; 0
0.01846; 0
0.01872; 0
0.01898; 0
0.01924; 0
0.0195; 554.348
0.01976; 554.394
0.02002; 554.483
0.02028; 554.619
0.02054; 554.799
0.0208; 555.024
0.02106; 555.292
0.02132; 555.601
0.02158; 555.946
0.02184; 556.322
0.0221; 556.715
0.02236; 557.113
0.02262; 557.502
0.02288; 557.87
0.02314; 558.211
0.0234; 558.526
0.02366; 558.816
0.02392; 559.081
0.02418; 559.324
0.02444; 559.548
0.0247; 559.755
0.02496; 559.947
0.02522; 560.122
0.02548; 560.286
0.02574; 560.438
0.026; 560.58
0.02626; 560.71
0.02652; 560.831
0.02678; 560.945
0.02704; 561.05
0.0273; 561.144
0.02756; 561.231
0.02782; 561.312
0.02808; 561.385
0.02834; 561.449
0.0286; 561.507
0.02886; 561.559
0.02912; 561.604
0.02938; 561.64
0.02964; 561.67
0.0299; 561.695
0.03016; 561.713
0.03042; 561.723
0.03068; 561.728
0.03094; 561.728
0.0312; 561.722
0.03146; 561.709
0.03172; 561.69
0.03198; 561.668
0.03224; 561.641
0.0325; 561.608
0.03276; 561.572
0.03302; 561.534
0.03328; 561.492
0.03354; 561.447
0.0338; 561.4
0.03406; 561.353
0.03432; 561.305
0.03458; 561.258
0.03484; 561.212
0.0351; 561.169
0.03536; 561.13
0.03562; 561.092
0.03588; 561.06
0.03614; 561.034
0.0364; 561.015
0.03666; 561.003
0.03692; 560.999
0.03718; 561.006
0.03744; 561.022
0.0377; 561.047
0.03796; 561.083
0.03822; 561.132
0.03848; 561.192
0.03874; 561.263
0.039; 561.347
0.03926; 561.444
0.03952; 561.553
0.03978; 561.672
0.04004; 561.803
0.0403; 561.947
0.04056; 562.103
0.04082; 562.271
0.04108; 562.451
0.04134; 562.645
0.0416; 562.852
0.04186; 563.07
0.04212; 563.301
0.04238; 563.547
0.04264; 563.804
0.0429; 564.07
0.04316; 564.346
0.04342; 564.631
0.04368; 564.924
0.04394; 565.221
0.0442; 565.524
0.04446; 565.833
0.04472; 566.147
0.04498; 566.463
0.04524; 566.783
0.0455; 567.105
0.04576; 567.428
0.04602; 567.749
0.04628; 568.069
0.04654; 568.389
0.0468; 568.706
0.04706; 569.02
0.04732; 569.329
0.04758; 569.637
0.04784; 569.94
0.0481; 570.234
0.04836; 570.522
0.04862; 570.807
0.04888; 571.085
0.04914; 571.355
0.0494; 571.619
0.04966; 571.877
0.04992; 572.128
0.05018; 572.368
0.05044; 572.6
0.0507; 572.828
0.05096; 573.048
0.05122; 573.258
0.05148; 573.46
0.05174; 573.658
0.052; 573.847
0.05226; 574.024
0.05252; 574.194
0.05278; 574.359
0.05304; 574.516
0.0533; 574.664
0.05356; 574.803
0.05382; 574.939
0.05408; 575.065
0.05434; 575.18
0.0546; 575.287
0.05486; 575.39
0.05512; 575.484
0.05538; 575.569
0.05564; 575.646
0.0559; 575.719
0.05616; 575.783
0.05642; 575.835
0.05668; 575.879
0.05694; 575.919
0.0572; 575.951
0.05746; 575.972
0.05772; 575.986
0.05798; 575.996
0.05824; 0
0.0585; 0
0.05876; 0
0.05902; 0
0.05928; 0
0.05954; 0
0.0598; 0
0.06006; 0
0.06032; 0
0.06058; 0
0.06084; 0
0.0611; 0
0.06136; 0
0.06162; 0
0.06188; 0
0.06214; 0
0.0624; 0
0.06266; 0
0.06292; 0
0.06318; 0
0.06344; 0
0.0637; 0
0.06396; 0
0.06422; 0
0.06448; 0
0.06474; 0
0.065; 0
0.06526; 0
0.06552; 0
0.06578; 0
0.06604; 0
0.0663; 0
0.06656; 0
0.06682; 0
0.06708; 0
0.06734; 0
0.0676; 0
0.06786; 0
0.06812; 0
0.06838; 0
0.06864; 0
0.0689; 0
0.06916; 0
0.06942; 0
0.06968; 0
0.06994; 0
0.0702; 0
0.07046; 0
0.07072; 0
0.07098; 0
0.07124; 0
0.0715; 0
0.07176; 0
0.07202; 0
0.07228; 0
0.07254; 0
0.0728; 0
0.07306; 0
0.07332; 0
0.07358; 0
0.07384; 0
0.0741; 0
0.07436; 0
0.07462; 0
0.07488; 0
0.07514; 0
0.0754; 0
0.07566; 0
0.07592; 0
0.07618; 0
0.07644; 0
0.0767; 0
0.07696; 0
0.07722; 0
0.07748; 0
0.07774; 0
0.078; 0
