0.00667; 0
0.01334; 0
0.02001; 0
0.02668; 0
0.03335; 0
0.04002; 0
0.04669; 0
0.05336; 0
0.06003; 0
0.0667; 0
0.07337; 0
0.08004; 0
0.08671; 0
0.09338; 0
0.10005; 0
0.10672; 0
0.11339; 0
0.12006; 0
0.12673; 0
0.1334; 0
0.14007; 0
0.14674; 0
0.15341; 0
0.16008; 0
0.16675; 0
0.17342; 0
0.18009; 0
0.18676; 0
0.19343; 0
0.2001; 0
0.20677; 0
0.21344; 0
0.22011; 0
0.22678; 0
0.23345; 0
0.24012; 0
0.24679; 0
0.25346; 0
0.26013; 0
0.2668; 0
0.27347; 0
0.28014; 0
0.28681; 0
0.29348; 0
0.30015; 0
0.30682; 0
0.31349; 0
0.32016; 0
0.32683; 0
0.3335; 0
0.34017; 0
0.34684; 0
0.35351; 0
0.36018; 0
0.36685; 0
0.37352; 0
0.38019; 0
0.38686; 0
0.39353; 0
0.4002; 0
0.40687; 0
0.41354; 0
0.42021; 0
0.42688; 0
0.43355; 0
0.44022; 0
0.44689; 0
0.45356; 0
0.46023; 0
0.4669; 0
0.47357; 417.714
0.48024; 417.654
0.48691; 417.534
0.49358; 417.355
0.50025; 417.116
0.50692; 416.819
0.51359; 416.464
0.52026; 416.051
0.52693; 415.582
0.5336; 415.057
0.54027; 414.478
0.54694; 413.846
0.55361; 413.161
0.56028; 412.426
0.56695; 411.641
0.57362; 410.809
0.58029; 409.931
0.58696; 409.008
0.59363; 408.042
0.6003; 407.036
0.60697; 405.99
0.61364; 404.908
0.62031; 403.79
0.62698; 402.64
0.63365; 401.458
0.64032; 400.246
0.64699; 399.008
0.65366; 397.745
0.66033; 396.458
0.667; 395.151
0.67367; 393.824
0.68034; 392.481
0.68701; 391.122
0.69368; 389.75
0.70035; 388.367
0.70702; 386.973
0.71369; 385.572
0.72036; 384.165
0.72703; 382.753
0.7337; 381.338
0.74037; 379.921
0.74704; 378.503
0.75371; 377.086
0.76038; 375.671
0.76705; 374.258
0.77372; 372.848
0.78039; 371.443
0.78706; 370.042
0.79373; 368.645
0.8004; 367.253
0.80707; 365.865
0.81374; 364.481
0.82041; 363.1
0.82708; 361.722
0.83375; 360.344
0.84042; 358.966
0.84709; 357.584
0.85376; 356.196
0.86043; 354.8
0.8671; 353.391
0.87377; 351.965
0.88044; 350.516
0.88711; 349.04
0.89378; 347.528
0.90045; 345.975
0.90712; 344.371
0.91379; 342.71
0.92046; 340.987
0.92713; 339.198
0.9338; 337.353
0.94047; 335.476
0.94714; 333.625
0.95381; 331.912
0.96048; 330.523
0.96715; 329.712
0.97382; 329.712
0.98049; 330.523
0.98716; 331.912
0.99383; 333.625
1.0005; 335.476
1.00717; 337.353
1.01384; 339.198
1.02051; 340.987
1.02718; 342.71
1.03385; 344.371
1.04052; 345.975
1.04719; 347.528
1.05386; 349.04
1.06053; 350.516
1.0672; 351.965
1.07387; 353.391
1.08054; 354.8
1.08721; 356.196
1.09388; 357.584
1.10055; 358.966
1.10722; 360.344
1.11389; 361.722
1.12056; 363.1
1.12723; 364.481
1.1339; 365.865
1.14057; 367.253
1.14724; 368.645
1.15391; 370.042
1.16058; 371.443
1.16725; 372.848
1.17392; 374.258
1.18059; 375.671
1.18726; 377.086
1.19393; 378.503
1.2006; 379.921
1.20727; 381.338
1.21394; 382.753
1.22061; 384.165
1.22728; 385.572
1.23395; 386.973
1.24062; 388.367
1.24729; 389.75
1.25396; 391.122
1.26063; 392.481
1.2673; 393.824
1.27397; 395.151
1.28064; 396.458
1.28731; 397.745
1.29398; 399.008
1.30065; 400.246
1.30732; 401.458
1.31399; 402.64
1.32066; 403.79
1.32733; 404.908
1.334; 405.99
1.34067; 407.036
1.34734; 408.042
1.35401; 409.008
1.36068; 409.931
1.36735; 410.809
1.37402; 411.641
1.38069; 412.426
1.38736; 413.161
1.39403; 413.846
1.4007; 414.478
1.40737; 415.057
1.41404; 415.582
1.42071; 416.051
1.42738; 416.464
1.43405; 416.819
1.44072; 417.116
1.44739; 417.355
1.45406; 417.534
1.46073; 417.654
1.4674; 417.714
1.47407; 0
1.48074; 0
1.48741; 0
1.49408; 0
1.50075; 0
1.50742; 0
1.51409; 0
1.52076; 0
1.52743; 0
1.5341; 0
1.54077; 0
1.54744; 0
1.55411; 0
1.56078; 0
1.56745; 0
1.57412; 0
1.58079; 0
1.58746; 0
1.59413; 0
1.6008; 0
1.60747; 0
1.61414; 0
1.62081; 0
1.62748; 0
1.63415; 0
1.64082; 0
1.64749; 0
1.65416; 0
1.66083; 0
1.6675; 0
1.67417; 0
1.68084; 0
1.68751; 0
1.69418; 0
1.70085; 0
1.70752; 0
1.71419; 0
1.72086; 0
1.72753; 0
1.7342; 0
1.74087; 0
1.74754; 0
1.75421; 0
1.76088; 0
1.76755; 0
1.77422; 0
1.78089; 0
1.78756; 0
1.79423; 0
1.8009; 0
1.80757; 0
1.81424; 0
1.82091; 0
1.82758; 0
1.83425; 0
1.84092; 0
1.84759; 0
1.85426; 0
1.86093; 0
1.8676; 0
1.87427; 0
1.88094; 0
1.88761; 0
1.89428; 0
1.90095; 0
1.90762; 0
1.91429; 0
1.92096; 0
1.92763; 0
1.9343; 0
1.94097; 0
1.94764; 0
1.95431; 0
1.96098; 0
1.96765; 0
1.97432; 0
1.98099; 0
1.98766; 0
1.99433; 0
2.001; 0
