0.00667; 0
0.01334; 0
0.02001; 0
0.02668; 0
0.03335; 0
0.04002; 0
0.04669; 0
0.05336; 0
0.06003; 0
0.0667; 0
0.07337; 0
0.08004; 0
0.08671; 0
0.09338; 0
0.10005; 0
0.10672; 0
0.11339; 0
0.12006; 0
0.12673; 0
0.1334; 0
0.14007; 0
0.14674; 0
0.15341; 0
0.16008; 0
0.16675; 0
0.17342; 0
0.18009; 0
0.18676; 0
0.19343; 0
0.2001; 0
0.20677; 0
0.21344; 0
0.22011; 0
0.22678; 0
0.23345; 0
0.24012; 0
0.24679; 0
0.25346; 0
0.26013; 0
0.2668; 0
0.27347; 0
0.28014; 0
0.28681; 0
0.29348; 0
0.30015; 0
0.30682; 0
0.31349; 0
0.32016; 0
0.32683; 0
0.3335; 0
0.34017; 0
0.34684; 0
0.35351; 0
0.36018; 0
0.36685; 0
0.37352; 0
0.38019; 0
0.38686; 0
0.39353; 0
0.4002; 0
0.40687; 0
0.41354; 0
0.42021; 0
0.42688; 0
0.43355; 0
0.44022; 0
0.44689; 0
0.45356; 0
0.46023; 0
0.4669; 0
0.47357; 0
0.48024; 0
0.48691; 1000
0.49358; 914.441
0.50025; 830.899
0.50692; 751.249
0.51359; 677.095
0.52026; 609.675
0.52693; 549.807
0.5336; 497.881
0.54027; 453.88
0.54694; 417.45
0.55361; 387.972
0.56028; 364.658
0.56695; 346.629
0.57362; 332.994
0.58029; 322.908
0.58696; 315.607
0.59363; 310.435
0.6003; 306.848
0.60697; 304.411
0.61364; 302.79
0.62031; 301.733
0.62698; 301.057
0.63365; 300.634
0.64032; 300.374
0.64699; 300.217
0.65366; 300.124
0.66033; 300.07
0.667; 300.039
0.67367; 300.021
0.68034; 300.012
0.68701; 300.007
0.69368; 300.004
0.70035; 300.002
0.70702; 300.002
0.71369; 300.001
0.72036; 300.001
0.72703; 300.001
0.7337; 300.001
0.74037; 300.001
0.74704; 300.001
0.75371; 300.001
0.76038; 300.001
0.76705; 300.001
0.77372; 300.001
0.78039; 300.002
0.78706; 300.003
0.79373; 300.004
0.8004; 300.007
0.80707; 300.013
0.81374; 300.023
0.82041; 300.04
0.82708; 300.069
0.83375; 300.119
0.84042; 300.201
0.84709; 300.336
0.85376; 300.551
0.86043; 300.889
0.8671; 301.41
0.87377; 302.198
0.88044; 303.368
0.88711; 305.071
0.89378; 307.503
0.90045; 310.906
0.90712; 315.576
0.91379; 321.855
0.92046; 330.121
0.92713; 340.77
0.9338; 354.171
0.94047; 370.602
0.94714; 390.142
0.95381; 412.485
0.96048; 436.674
0.96715; 460.715
0.97382; 481.23
0.98049; 493.586
0.98716; 493.586
0.99383; 481.23
1.0005; 460.715
1.00717; 436.674
1.01384; 412.485
1.02051; 390.142
1.02718; 370.602
1.03385; 354.171
1.04052; 340.77
1.04719; 330.121
1.05386; 321.855
1.06053; 315.576
1.0672; 310.906
1.07387; 307.503
1.08054; 305.071
1.08721; 303.368
1.09388; 302.198
1.10055; 301.41
1.10722; 300.889
1.11389; 300.551
1.12056; 300.336
1.12723; 300.201
1.1339; 300.119
1.14057; 300.069
1.14724; 300.04
1.15391; 300.023
1.16058; 300.013
1.16725; 300.007
1.17392; 300.004
1.18059; 300.003
1.18726; 300.002
1.19393; 300.001
1.2006; 300.001
1.20727; 300.001
1.21394; 300.001
1.22061; 300.001
1.22728; 300.001
1.23395; 300.001
1.24062; 300.001
1.24729; 300.001
1.25396; 300.001
1.26063; 300.002
1.2673; 300.002
1.27397; 300.004
1.28064; 300.007
1.28731; 300.012
1.29398; 300.021
1.30065; 300.039
1.30732; 300.07
1.31399; 300.124
1.32066; 300.217
1.32733; 300.374
1.334; 300.634
1.34067; 301.057
1.34734; 301.733
1.35401; 302.79
1.36068; 304.411
1.36735; 306.848
1.37402; 310.435
1.38069; 315.607
1.38736; 322.908
1.39403; 332.994
1.4007; 346.629
1.40737; 364.658
1.41404; 387.972
1.42071; 417.45
1.42738; 453.88
1.43405; 497.881
1.44072; 549.807
1.44739; 609.675
1.45406; 677.095
1.46073; 751.249
1.4674; 830.899
1.47407; 914.441
1.48074; 1000
1.48741; 0
1.49408; 0
1.50075; 0
1.50742; 0
1.51409; 0
1.52076; 0
1.52743; 0
1.5341; 0
1.54077; 0
1.54744; 0
1.55411; 0
1.56078; 0
1.56745; 0
1.57412; 0
1.58079; 0
1.58746; 0
1.59413; 0
1.6008; 0
1.60747; 0
1.61414; 0
1.62081; 0
1.62748; 0
1.63415; 0
1.64082; 0
1.64749; 0
1.65416; 0
1.66083; 0
1.6675; 0
1.67417; 0
1.68084; 0
1.68751; 0
1.69418; 0
1.70085; 0
1.70752; 0
1.71419; 0
1.72086; 0
1.72753; 0
1.7342; 0
1.74087; 0
1.74754; 0
1.75421; 0
1.76088; 0
1.76755; 0
1.77422; 0
1.78089; 0
1.78756; 0
1.79423; 0
1.8009; 0
1.80757; 0
1.81424; 0
1.82091; 0
1.82758; 0
1.83425; 0
1.84092; 0
1.84759; 0
1.85426; 0
1.86093; 0
1.8676; 0
1.87427; 0
1.88094; 0
1.88761; 0
1.89428; 0
1.90095; 0
1.90762; 0
1.91429; 0
1.92096; 0
1.92763; 0
1.9343; 0
1.94097; 0
1.94764; 0
1.95431; 0
1.96098; 0
1.96765; 0
1.97432; 0
1.98099; 0
1.98766; 0
1.99433; 0
2.001; 0
