0.00667; 0
0.01334; 0
0.02001; 0
0.02668; 0
0.03335; 0
0.04002; 0
0.04669; 0
0.05336; 0
0.06003; 0
0.0667; 0
0.07337; 0
0.08004; 0
0.08671; 0
0.09338; 0
0.10005; 0
0.10672; 0
0.11339; 0
0.12006; 0
0.12673; 0
0.1334; 0
0.14007; 0
0.14674; 0
0.15341; 0
0.16008; 0
0.16675; 0
0.17342; 0
0.18009; 0
0.18676; 0
0.19343; 0
0.2001; 0
0.20677; 0
0.21344; 0
0.22011; 0
0.22678; 0
0.23345; 0
0.24012; 0
0.24679; 0
0.25346; 0
0.26013; 0
0.2668; 0
0.27347; 0
0.28014; 0
0.28681; 0
0.29348; 0
0.30015; 0
0.30682; 0
0.31349; 0
0.32016; 0
0.32683; 0
0.3335; 0
0.34017; 0
0.34684; 0
0.35351; 0
0.36018; 0
0.36685; 0
0.37352; 0
0.38019; 0
0.38686; 0
0.39353; 0
0.4002; 0
0.40687; 0
0.41354; 0
0.42021; 0
0.42688; 0
0.43355; 0
0.44022; 0
0.44689; 0
0.45356; 0
0.46023; 0
0.4669; 0
0.47357; 488.981
0.48024; 488.916
0.48691; 488.785
0.49358; 488.589
0.50025; 488.328
0.50692; 488.003
0.51359; 487.614
0.52026; 487.162
0.52693; 486.647
0.5336; 486.07
0.54027; 485.433
0.54694; 484.736
0.55361; 483.981
0.56028; 483.168
0.56695; 482.299
0.57362; 481.375
0.58029; 480.399
0.58696; 479.37
0.59363; 478.291
0.6003; 477.163
0.60697; 475.988
0.61364; 474.767
0.62031; 473.502
0.62698; 472.196
0.63365; 470.849
0.64032; 469.463
0.64699; 468.04
0.65366; 466.581
0.66033; 465.089
0.667; 463.565
0.67367; 462.01
0.68034; 460.426
0.68701; 458.815
0.69368; 457.178
0.70035; 455.516
0.70702; 453.83
0.71369; 452.123
0.72036; 450.394
0.72703; 448.645
0.7337; 446.877
0.74037; 445.09
0.74704; 443.285
0.75371; 441.462
0.76038; 439.621
0.76705; 437.763
0.77372; 435.887
0.78039; 433.992
0.78706; 432.078
0.79373; 430.144
0.8004; 428.188
0.80707; 426.208
0.81374; 424.202
0.82041; 422.168
0.82708; 420.102
0.83375; 418
0.84042; 415.858
0.84709; 413.671
0.85376; 411.432
0.86043; 409.134
0.8671; 406.769
0.87377; 404.328
0.88044; 401.799
0.88711; 399.171
0.89378; 396.43
0.90045; 393.561
0.90712; 390.549
0.91379; 387.379
0.92046; 384.039
0.92713; 380.529
0.9338; 376.866
0.94047; 373.104
0.94714; 369.367
0.95381; 365.887
0.96048; 363.053
0.96715; 361.394
0.97382; 361.394
0.98049; 363.053
0.98716; 365.887
0.99383; 369.367
1.0005; 373.104
1.00717; 376.866
1.01384; 380.529
1.02051; 384.039
1.02718; 387.379
1.03385; 390.549
1.04052; 393.561
1.04719; 396.43
1.05386; 399.171
1.06053; 401.799
1.0672; 404.328
1.07387; 406.769
1.08054; 409.134
1.08721; 411.432
1.09388; 413.671
1.10055; 415.858
1.10722; 418
1.11389; 420.102
1.12056; 422.168
1.12723; 424.202
1.1339; 426.208
1.14057; 428.188
1.14724; 430.144
1.15391; 432.078
1.16058; 433.992
1.16725; 435.887
1.17392; 437.763
1.18059; 439.621
1.18726; 441.462
1.19393; 443.285
1.2006; 445.09
1.20727; 446.877
1.21394; 448.645
1.22061; 450.394
1.22728; 452.123
1.23395; 453.83
1.24062; 455.516
1.24729; 457.178
1.25396; 458.815
1.26063; 460.426
1.2673; 462.01
1.27397; 463.565
1.28064; 465.089
1.28731; 466.581
1.29398; 468.04
1.30065; 469.463
1.30732; 470.849
1.31399; 472.196
1.32066; 473.502
1.32733; 474.767
1.334; 475.988
1.34067; 477.163
1.34734; 478.291
1.35401; 479.37
1.36068; 480.399
1.36735; 481.375
1.37402; 482.299
1.38069; 483.168
1.38736; 483.981
1.39403; 484.736
1.4007; 485.433
1.40737; 486.07
1.41404; 486.647
1.42071; 487.162
1.42738; 487.614
1.43405; 488.003
1.44072; 488.328
1.44739; 488.589
1.45406; 488.785
1.46073; 488.916
1.4674; 488.981
1.47407; 0
1.48074; 0
1.48741; 0
1.49408; 0
1.50075; 0
1.50742; 0
1.51409; 0
1.52076; 0
1.52743; 0
1.5341; 0
1.54077; 0
1.54744; 0
1.55411; 0
1.56078; 0
1.56745; 0
1.57412; 0
1.58079; 0
1.58746; 0
1.59413; 0
1.6008; 0
1.60747; 0
1.61414; 0
1.62081; 0
1.62748; 0
1.63415; 0
1.64082; 0
1.64749; 0
1.65416; 0
1.66083; 0
1.6675; 0
1.67417; 0
1.68084; 0
1.68751; 0
1.69418; 0
1.70085; 0
1.70752; 0
1.71419; 0
1.72086; 0
1.72753; 0
1.7342; 0
1.74087; 0
1.74754; 0
1.75421; 0
1.76088; 0
1.76755; 0
1.77422; 0
1.78089; 0
1.78756; 0
1.79423; 0
1.8009; 0
1.80757; 0
1.81424; 0
1.82091; 0
1.82758; 0
1.83425; 0
1.84092; 0
1.84759; 0
1.85426; 0
1.86093; 0
1.8676; 0
1.87427; 0
1.88094; 0
1.88761; 0
1.89428; 0
1.90095; 0
1.90762; 0
1.91429; 0
1.92096; 0
1.92763; 0
1.9343; 0
1.94097; 0
1.94764; 0
1.95431; 0
1.96098; 0
1.96765; 0
1.97432; 0
1.98099; 0
1.98766; 0
1.99433; 0
2.001; 0
