0.00667; 0
0.01334; 0
0.02001; 0
0.02668; 0
0.03335; 0
0.04002; 0
0.04669; 0
0.05336; 0
0.06003; 0
0.0667; 0
0.07337; 0
0.08004; 0
0.08671; 0
0.09338; 0
0.10005; 0
0.10672; 0
0.11339; 0
0.12006; 0
0.12673; 0
0.1334; 0
0.14007; 0
0.14674; 0
0.15341; 0
0.16008; 0
0.16675; 0
0.17342; 0
0.18009; 0
0.18676; 0
0.19343; 0
0.2001; 0
0.20677; 0
0.21344; 0
0.22011; 0
0.22678; 0
0.23345; 0
0.24012; 0
0.24679; 0
0.25346; 0
0.26013; 0
0.2668; 0
0.27347; 0
0.28014; 0
0.28681; 0
0.29348; 0
0.30015; 0
0.30682; 0
0.31349; 0
0.32016; 0
0.32683; 0
0.3335; 0
0.34017; 0
0.34684; 0
0.35351; 0
0.36018; 0
0.36685; 0
0.37352; 0
0.38019; 0
0.38686; 0
0.39353; 0
0.4002; 0
0.40687; 0
0.41354; 0
0.42021; 0
0.42688; 0
0.43355; 0
0.44022; 0
0.44689; 0
0.45356; 0
0.46023; 0
0.4669; 0
0.47357; 574.255
0.48024; 574.188
0.48691; 574.054
0.49358; 573.853
0.50025; 573.586
0.50692; 573.253
0.51359; 572.854
0.52026; 572.39
0.52693; 571.861
0.5336; 571.268
0.54027; 570.611
0.54694; 569.892
0.55361; 569.11
0.56028; 568.268
0.56695; 567.366
0.57362; 566.404
0.58029; 565.384
0.58696; 564.307
0.59363; 563.174
0.6003; 561.986
0.60697; 560.744
0.61364; 559.449
0.62031; 558.102
0.62698; 556.705
0.63365; 555.258
0.64032; 553.763
0.64699; 552.22
0.65366; 550.631
0.66033; 548.996
0.667; 547.317
0.67367; 545.595
0.68034; 543.829
0.68701; 542.021
0.69368; 540.171
0.70035; 538.28
0.70702; 536.349
0.71369; 534.377
0.72036; 532.364
0.72703; 530.31
0.7337; 528.216
0.74037; 526.081
0.74704; 523.903
0.75371; 521.682
0.76038; 519.418
0.76705; 517.107
0.77372; 514.75
0.78039; 512.342
0.78706; 509.883
0.79373; 507.368
0.8004; 504.795
0.80707; 502.159
0.81374; 499.455
0.82041; 496.678
0.82708; 493.822
0.83375; 490.88
0.84042; 487.843
0.84709; 484.703
0.85376; 481.447
0.86043; 478.065
0.8671; 474.541
0.87377; 470.861
0.88044; 467.006
0.88711; 462.956
0.89378; 458.688
0.90045; 454.177
0.90712; 449.4
0.91379; 444.331
0.92046; 438.954
0.92713; 433.266
0.9338; 427.298
0.94047; 421.142
0.94714; 415.004
0.95381; 409.274
0.96048; 404.598
0.96715; 401.857
0.97382; 401.857
0.98049; 404.598
0.98716; 409.274
0.99383; 415.004
1.0005; 421.142
1.00717; 427.298
1.01384; 433.266
1.02051; 438.954
1.02718; 444.331
1.03385; 449.4
1.04052; 454.177
1.04719; 458.688
1.05386; 462.956
1.06053; 467.006
1.0672; 470.861
1.07387; 474.541
1.08054; 478.065
1.08721; 481.447
1.09388; 484.703
1.10055; 487.843
1.10722; 490.88
1.11389; 493.822
1.12056; 496.678
1.12723; 499.455
1.1339; 502.159
1.14057; 504.795
1.14724; 507.368
1.15391; 509.883
1.16058; 512.342
1.16725; 514.75
1.17392; 517.107
1.18059; 519.418
1.18726; 521.682
1.19393; 523.903
1.2006; 526.081
1.20727; 528.216
1.21394; 530.31
1.22061; 532.364
1.22728; 534.377
1.23395; 536.349
1.24062; 538.28
1.24729; 540.171
1.25396; 542.021
1.26063; 543.829
1.2673; 545.595
1.27397; 547.317
1.28064; 548.996
1.28731; 550.631
1.29398; 552.22
1.30065; 553.763
1.30732; 555.258
1.31399; 556.705
1.32066; 558.102
1.32733; 559.449
1.334; 560.744
1.34067; 561.986
1.34734; 563.174
1.35401; 564.307
1.36068; 565.384
1.36735; 566.404
1.37402; 567.366
1.38069; 568.268
1.38736; 569.11
1.39403; 569.892
1.4007; 570.611
1.40737; 571.268
1.41404; 571.861
1.42071; 572.39
1.42738; 572.854
1.43405; 573.253
1.44072; 573.586
1.44739; 573.853
1.45406; 574.054
1.46073; 574.188
1.4674; 574.255
1.47407; 0
1.48074; 0
1.48741; 0
1.49408; 0
1.50075; 0
1.50742; 0
1.51409; 0
1.52076; 0
1.52743; 0
1.5341; 0
1.54077; 0
1.54744; 0
1.55411; 0
1.56078; 0
1.56745; 0
1.57412; 0
1.58079; 0
1.58746; 0
1.59413; 0
1.6008; 0
1.60747; 0
1.61414; 0
1.62081; 0
1.62748; 0
1.63415; 0
1.64082; 0
1.64749; 0
1.65416; 0
1.66083; 0
1.6675; 0
1.67417; 0
1.68084; 0
1.68751; 0
1.69418; 0
1.70085; 0
1.70752; 0
1.71419; 0
1.72086; 0
1.72753; 0
1.7342; 0
1.74087; 0
1.74754; 0
1.75421; 0
1.76088; 0
1.76755; 0
1.77422; 0
1.78089; 0
1.78756; 0
1.79423; 0
1.8009; 0
1.80757; 0
1.81424; 0
1.82091; 0
1.82758; 0
1.83425; 0
1.84092; 0
1.84759; 0
1.85426; 0
1.86093; 0
1.8676; 0
1.87427; 0
1.88094; 0
1.88761; 0
1.89428; 0
1.90095; 0
1.90762; 0
1.91429; 0
1.92096; 0
1.92763; 0
1.9343; 0
1.94097; 0
1.94764; 0
1.95431; 0
1.96098; 0
1.96765; 0
1.97432; 0
1.98099; 0
1.98766; 0
1.99433; 0
2.001; 0
