0.00026; 406.235
0.00052; 406.253
0.00078; 406.24
0.00104; 406.219
0.0013; 406.206
0.00156; 406.218
0.00182; 406.214
0.00208; 406.192
0.00234; 406.196
0.0026; 406.202
0.00286; 406.197
0.00312; 406.182
0.00338; 406.17
0.00364; 406.182
0.0039; 406.177
0.00416; 406.156
0.00442; 406.159
0.00468; 406.165
0.00494; 406.16
0.0052; 406.145
0.00546; 406.133
0.00572; 406.145
0.00598; 406.141
0.00624; 406.119
0.0065; 406.123
0.00676; 406.129
0.00702; 406.125
0.00728; 406.11
0.00754; 406.098
0.0078; 406.111
0.00806; 406.106
0.00832; 406.085
0.00858; 406.09
0.00884; 406.096
0.0091; 406.092
0.00936; 406.078
0.00962; 406.066
0.00988; 406.079
0.01014; 406.075
0.0104; 406.055
0.01066; 406.059
0.01092; 406.066
0.01118; 406.062
0.01144; 406.048
0.0117; 406.037
0.01196; 406.05
0.01222; 406.047
0.01248; 406.027
0.01274; 406.031
0.013; 406.039
0.01326; 406.035
0.01352; 406.022
0.01378; 406.011
0.01404; 406.024
0.0143; 406.021
0.01456; 406.001
0.01482; 406.006
0.01508; 406.014
0.01534; 406.011
0.0156; 405.997
0.01586; 405.986
0.01612; 406
0.01638; 405.997
0.01664; 405.978
0.0169; 405.983
0.01716; 405.991
0.01742; 405.988
0.01768; 405.975
0.01794; 405.964
0.0182; 405.979
0.01846; 405.976
0.01872; 405.956
0.01898; 405.962
0.01924; 405.97
0.0195; 405.968
0.01976; 405.955
0.02002; 405.945
0.02028; 405.959
0.02054; 405.957
0.0208; 405.937
0.02106; 405.943
0.02132; 405.952
0.02158; 405.95
0.02184; 405.937
0.0221; 405.927
0.02236; 405.942
0.02262; 405.94
0.02288; 405.921
0.02314; 405.927
0.0234; 405.935
0.02366; 405.933
0.02392; 405.921
0.02418; 405.911
0.02444; 405.926
0.0247; 405.924
0.02496; 405.905
0.02522; 405.912
0.02548; 405.921
0.02574; 405.919
0.026; 405.907
0.02626; 405.897
0.02652; 405.913
0.02678; 405.911
0.02704; 405.892
0.0273; 405.899
0.02756; 405.908
0.02782; 405.907
0.02808; 405.895
0.02834; 405.886
0.0286; 405.901
0.02886; 405.9
0.02912; 405.881
0.02938; 405.888
0.02964; 405.898
0.0299; 405.896
0.03016; 405.885
0.03042; 405.876
0.03068; 405.891
0.03094; 405.89
0.0312; 405.872
0.03146; 405.879
0.03172; 405.889
0.03198; 405.888
0.03224; 405.876
0.0325; 405.868
0.03276; 405.884
0.03302; 405.883
0.03328; 405.865
0.03354; 405.872
0.0338; 405.882
0.03406; 405.881
0.03432; 405.87
0.03458; 405.862
0.03484; 405.878
0.0351; 405.877
0.03536; 405.86
0.03562; 405.867
0.03588; 405.878
0.03614; 405.877
0.0364; 405.866
0.03666; 405.858
0.03692; 405.875
0.03718; 405.874
0.03744; 405.857
0.0377; 405.865
0.03796; 405.875
0.03822; 405.875
0.03848; 405.864
0.03874; 405.856
0.039; 405.873
0.03926; 405.873
0.03952; 405.856
0.03978; 405.864
0.04004; 405.875
0.0403; 405.875
0.04056; 405.864
0.04082; 405.856
0.04108; 405.873
0.04134; 405.873
0.0416; 405.857
0.04186; 405.865
0.04212; 405.876
0.04238; 405.876
0.04264; 405.866
0.0429; 405.858
0.04316; 405.876
0.04342; 405.876
0.04368; 405.859
0.04394; 405.868
0.0442; 405.879
0.04446; 405.879
0.04472; 405.869
0.04498; 405.862
0.04524; 405.88
0.0455; 405.88
0.04576; 405.864
0.04602; 405.873
0.04628; 405.884
0.04654; 405.884
0.0468; 405.875
0.04706; 405.868
0.04732; 405.885
0.04758; 405.886
0.04784; 405.87
0.0481; 405.879
0.04836; 405.891
0.04862; 405.892
0.04888; 405.882
0.04914; 405.875
0.0494; 405.893
0.04966; 405.894
0.04992; 405.878
0.05018; 405.888
0.05044; 405.9
0.0507; 405.901
0.05096; 405.892
0.05122; 405.885
0.05148; 405.903
0.05174; 405.904
0.052; 405.889
0.05226; 405.898
0.05252; 405.91
0.05278; 405.912
0.05304; 405.903
0.0533; 405.897
0.05356; 405.915
0.05382; 405.916
0.05408; 405.901
0.05434; 405.911
0.0546; 405.923
0.05486; 405.925
0.05512; 405.916
0.05538; 405.91
0.05564; 405.929
0.0559; 405.93
0.05616; 405.915
0.05642; 405.925
0.05668; 405.938
0.05694; 405.94
0.0572; 405.931
0.05746; 405.926
0.05772; 405.944
0.05798; 405.946
0.05824; 405.931
0.0585; 405.942
0.05876; 405.954
0.05902; 405.957
0.05928; 405.948
0.05954; 405.943
0.0598; 405.962
0.06006; 405.964
0.06032; 405.949
0.06058; 405.96
0.06084; 405.973
0.0611; 405.975
0.06136; 405.967
0.06162; 405.962
0.06188; 405.981
0.06214; 405.984
0.0624; 405.969
0.06266; 405.98
0.06292; 405.993
0.06318; 405.996
0.06344; 405.988
0.0637; 405.983
0.06396; 406.003
0.06422; 406.006
0.06448; 405.991
0.06474; 406.003
0.065; 406.016
0.06526; 406.019
0.06552; 406.011
0.06578; 406.006
0.06604; 406.026
0.0663; 406.029
0.06656; 406.015
0.06682; 406.026
0.06708; 406.04
0.06734; 406.043
0.0676; 406.036
0.06786; 406.031
0.06812; 406.051
0.06838; 406.054
0.06864; 406.041
0.0689; 406.052
0.06916; 406.066
0.06942; 406.07
0.06968; 406.062
0.06994; 406.058
0.0702; 406.079
0.07046; 406.082
0.07072; 406.069
0.07098; 406.081
0.07124; 406.095
0.0715; 406.099
0.07176; 406.092
0.07202; 406.088
0.07228; 406.109
0.07254; 406.112
0.0728; 406.099
0.07306; 406.112
0.07332; 406.126
0.07358; 406.13
0.07384; 406.124
0.0741; 406.12
0.07436; 406.141
0.07462; 406.145
0.07488; 406.133
0.07514; 406.145
0.0754; 406.159
0.07566; 406.164
0.07592; 406.157
0.07618; 406.154
0.07644; 406.174
0.0767; 406.178
0.07696; 406.165
0.07722; 406.177
0.07748; 406.192
0.07774; 406.196
0.078; 406.19
