0.00026; 751.569
0.00052; 751.573
0.00078; 751.57
0.00104; 751.566
0.0013; 751.567
0.00156; 751.568
0.00182; 751.567
0.00208; 751.564
0.00234; 751.562
0.0026; 751.564
0.00286; 751.563
0.00312; 751.559
0.00338; 751.56
0.00364; 751.561
0.0039; 751.56
0.00416; 751.557
0.00442; 751.555
0.00468; 751.557
0.00494; 751.556
0.0052; 751.552
0.00546; 751.553
0.00572; 751.554
0.00598; 751.553
0.00624; 751.55
0.0065; 751.548
0.00676; 751.551
0.00702; 751.55
0.00728; 751.546
0.00754; 751.546
0.0078; 751.548
0.00806; 751.547
0.00832; 751.544
0.00858; 751.542
0.00884; 751.545
0.0091; 751.544
0.00936; 751.54
0.00962; 751.54
0.00988; 751.542
0.01014; 751.541
0.0104; 751.538
0.01066; 751.536
0.01092; 751.539
0.01118; 751.538
0.01144; 751.534
0.0117; 751.535
0.01196; 751.537
0.01222; 751.536
0.01248; 751.533
0.01274; 751.531
0.013; 751.534
0.01326; 751.533
0.01352; 751.529
0.01378; 751.53
0.01404; 751.532
0.0143; 751.531
0.01456; 751.528
0.01482; 751.527
0.01508; 751.529
0.01534; 751.528
0.0156; 751.525
0.01586; 751.526
0.01612; 751.527
0.01638; 751.526
0.01664; 751.523
0.0169; 751.522
0.01716; 751.525
0.01742; 751.524
0.01768; 751.521
0.01794; 751.521
0.0182; 751.523
0.01846; 751.522
0.01872; 751.519
0.01898; 751.518
0.01924; 751.521
0.0195; 751.52
0.01976; 751.517
0.02002; 751.518
0.02028; 751.519
0.02054; 751.518
0.0208; 751.516
0.02106; 751.515
0.02132; 751.517
0.02158; 751.517
0.02184; 751.513
0.0221; 751.514
0.02236; 751.516
0.02262; 751.515
0.02288; 751.513
0.02314; 751.511
0.0234; 751.514
0.02366; 751.514
0.02392; 751.51
0.02418; 751.511
0.02444; 751.513
0.0247; 751.512
0.02496; 751.51
0.02522; 751.509
0.02548; 751.511
0.02574; 751.511
0.026; 751.508
0.02626; 751.509
0.02652; 751.51
0.02678; 751.51
0.02704; 751.507
0.0273; 751.506
0.02756; 751.509
0.02782; 751.508
0.02808; 751.505
0.02834; 751.506
0.0286; 751.508
0.02886; 751.508
0.02912; 751.505
0.02938; 751.504
0.02964; 751.507
0.0299; 751.507
0.03016; 751.503
0.03042; 751.505
0.03068; 751.506
0.03094; 751.506
0.0312; 751.503
0.03146; 751.502
0.03172; 751.505
0.03198; 751.505
0.03224; 751.502
0.0325; 751.503
0.03276; 751.505
0.03302; 751.504
0.03328; 751.502
0.03354; 751.501
0.0338; 751.504
0.03406; 751.504
0.03432; 751.501
0.03458; 751.502
0.03484; 751.504
0.0351; 751.503
0.03536; 751.501
0.03562; 751.5
0.03588; 751.503
0.03614; 751.503
0.0364; 751.5
0.03666; 751.501
0.03692; 751.503
0.03718; 751.503
0.03744; 751.5
0.0377; 751.5
0.03796; 751.503
0.03822; 751.502
0.03848; 751.499
0.03874; 751.501
0.039; 751.503
0.03926; 751.502
0.03952; 751.5
0.03978; 751.499
0.04004; 751.502
0.0403; 751.502
0.04056; 751.499
0.04082; 751.501
0.04108; 751.503
0.04134; 751.502
0.0416; 751.5
0.04186; 751.5
0.04212; 751.503
0.04238; 751.503
0.04264; 751.5
0.0429; 751.501
0.04316; 751.503
0.04342; 751.503
0.04368; 751.501
0.04394; 751.5
0.0442; 751.503
0.04446; 751.503
0.04472; 751.5
0.04498; 751.502
0.04524; 751.504
0.0455; 751.504
0.04576; 751.502
0.04602; 751.501
0.04628; 751.504
0.04654; 751.504
0.0468; 751.501
0.04706; 751.503
0.04732; 751.505
0.04758; 751.505
0.04784; 751.503
0.0481; 751.502
0.04836; 751.505
0.04862; 751.505
0.04888; 751.503
0.04914; 751.504
0.0494; 751.506
0.04966; 751.506
0.04992; 751.504
0.05018; 751.504
0.05044; 751.507
0.0507; 751.507
0.05096; 751.504
0.05122; 751.506
0.05148; 751.508
0.05174; 751.508
0.052; 751.506
0.05226; 751.506
0.05252; 751.509
0.05278; 751.509
0.05304; 751.506
0.0533; 751.508
0.05356; 751.51
0.05382; 751.51
0.05408; 751.508
0.05434; 751.508
0.0546; 751.511
0.05486; 751.511
0.05512; 751.509
0.05538; 751.51
0.05564; 751.513
0.0559; 751.513
0.05616; 751.511
0.05642; 751.511
0.05668; 751.514
0.05694; 751.514
0.0572; 751.511
0.05746; 751.513
0.05772; 751.516
0.05798; 751.516
0.05824; 751.514
0.0585; 751.513
0.05876; 751.517
0.05902; 751.517
0.05928; 751.514
0.05954; 751.516
0.0598; 751.519
0.06006; 751.519
0.06032; 751.517
0.06058; 751.517
0.06084; 751.52
0.0611; 751.52
0.06136; 751.518
0.06162; 751.52
0.06188; 751.522
0.06214; 751.522
0.0624; 751.52
0.06266; 751.52
0.06292; 751.524
0.06318; 751.524
0.06344; 751.521
0.0637; 751.523
0.06396; 751.526
0.06422; 751.526
0.06448; 751.524
0.06474; 751.524
0.065; 751.528
0.06526; 751.528
0.06552; 751.526
0.06578; 751.528
0.06604; 751.53
0.0663; 751.53
0.06656; 751.529
0.06682; 751.529
0.06708; 751.532
0.06734; 751.533
0.0676; 751.53
0.06786; 751.532
0.06812; 751.535
0.06838; 751.535
0.06864; 751.534
0.0689; 751.534
0.06916; 751.537
0.06942; 751.538
0.06968; 751.535
0.06994; 751.537
0.0702; 751.54
0.07046; 751.54
0.07072; 751.539
0.07098; 751.539
0.07124; 751.542
0.0715; 751.543
0.07176; 751.541
0.07202; 751.543
0.07228; 751.546
0.07254; 751.546
0.0728; 751.544
0.07306; 751.545
0.07332; 751.548
0.07358; 751.549
0.07384; 751.547
0.0741; 751.549
0.07436; 751.552
0.07462; 751.552
0.07488; 751.551
0.07514; 751.551
0.0754; 751.555
0.07566; 751.555
0.07592; 751.553
0.07618; 751.556
0.07644; 751.558
0.0767; 751.559
0.07696; 751.557
0.07722; 751.558
0.07748; 751.561
0.07774; 751.562
0.078; 751.56
