0.00667; 0
0.01334; 0
0.02001; 0
0.02668; 0
0.03335; 0
0.04002; 0
0.04669; 0
0.05336; 0
0.06003; 0
0.0667; 0
0.07337; 0
0.08004; 0
0.08671; 0
0.09338; 0
0.10005; 0
0.10672; 0
0.11339; 0
0.12006; 0
0.12673; 0
0.1334; 0
0.14007; 0
0.14674; 0
0.15341; 0
0.16008; 0
0.16675; 0
0.17342; 0
0.18009; 0
0.18676; 0
0.19343; 0
0.2001; 0
0.20677; 0
0.21344; 0
0.22011; 0
0.22678; 0
0.23345; 0
0.24012; 0
0.24679; 0
0.25346; 0
0.26013; 0
0.2668; 0
0.27347; 0
0.28014; 0
0.28681; 0
0.29348; 0
0.30015; 0
0.30682; 0
0.31349; 0
0.32016; 0
0.32683; 0
0.3335; 0
0.34017; 0
0.34684; 0
0.35351; 0
0.36018; 0
0.36685; 0
0.37352; 0
0.38019; 0
0.38686; 0
0.39353; 0
0.4002; 0
0.40687; 0
0.41354; 0
0.42021; 0
0.42688; 0
0.43355; 0
0.44022; 0
0.44689; 0
0.45356; 0
0.46023; 0
0.4669; 0
0.47357; 576.386
0.48024; 576.319
0.48691; 576.185
0.49358; 575.985
0.50025; 575.718
0.50692; 575.384
0.51359; 574.985
0.52026; 574.521
0.52693; 573.991
0.5336; 573.398
0.54027; 572.741
0.54694; 572.021
0.55361; 571.239
0.56028; 570.396
0.56695; 569.493
0.57362; 568.531
0.58029; 567.51
0.58696; 566.432
0.59363; 565.298
0.6003; 564.109
0.60697; 562.865
0.61364; 561.568
0.62031; 560.22
0.62698; 558.821
0.63365; 557.372
0.64032; 555.874
0.64699; 554.329
0.65366; 552.737
0.66033; 551.099
0.667; 549.416
0.67367; 547.689
0.68034; 545.919
0.68701; 544.107
0.69368; 542.252
0.70035; 540.356
0.70702; 538.418
0.71369; 536.44
0.72036; 534.42
0.72703; 532.36
0.7337; 530.258
0.74037; 528.113
0.74704; 525.927
0.75371; 523.697
0.76038; 521.422
0.76705; 519.1
0.77372; 516.731
0.78039; 514.311
0.78706; 511.838
0.79373; 509.309
0.8004; 506.72
0.80707; 504.068
0.81374; 501.347
0.82041; 498.551
0.82708; 495.676
0.83375; 492.713
0.84042; 489.654
0.84709; 486.489
0.85376; 483.208
0.86043; 479.799
0.8671; 476.246
0.87377; 472.535
0.88044; 468.647
0.88711; 464.561
0.89378; 460.254
0.90045; 455.703
0.90712; 450.881
0.91379; 445.764
0.92046; 440.336
0.92713; 434.593
0.9338; 428.567
0.94047; 422.351
0.94714; 416.153
0.95381; 410.366
0.96048; 405.643
0.96715; 402.876
0.97382; 402.876
0.98049; 405.643
0.98716; 410.366
0.99383; 416.153
1.0005; 422.351
1.00717; 428.567
1.01384; 434.593
1.02051; 440.336
1.02718; 445.764
1.03385; 450.881
1.04052; 455.703
1.04719; 460.254
1.05386; 464.561
1.06053; 468.647
1.0672; 472.535
1.07387; 476.246
1.08054; 479.799
1.08721; 483.208
1.09388; 486.489
1.10055; 489.654
1.10722; 492.713
1.11389; 495.676
1.12056; 498.551
1.12723; 501.347
1.1339; 504.068
1.14057; 506.72
1.14724; 509.309
1.15391; 511.838
1.16058; 514.311
1.16725; 516.731
1.17392; 519.1
1.18059; 521.422
1.18726; 523.697
1.19393; 525.927
1.2006; 528.113
1.20727; 530.258
1.21394; 532.36
1.22061; 534.42
1.22728; 536.44
1.23395; 538.418
1.24062; 540.356
1.24729; 542.252
1.25396; 544.107
1.26063; 545.919
1.2673; 547.689
1.27397; 549.416
1.28064; 551.099
1.28731; 552.737
1.29398; 554.329
1.30065; 555.874
1.30732; 557.372
1.31399; 558.821
1.32066; 560.22
1.32733; 561.568
1.334; 562.865
1.34067; 564.109
1.34734; 565.298
1.35401; 566.432
1.36068; 567.51
1.36735; 568.531
1.37402; 569.493
1.38069; 570.396
1.38736; 571.239
1.39403; 572.021
1.4007; 572.741
1.40737; 573.398
1.41404; 573.991
1.42071; 574.521
1.42738; 574.985
1.43405; 575.384
1.44072; 575.718
1.44739; 575.985
1.45406; 576.185
1.46073; 576.319
1.4674; 576.386
1.47407; 0
1.48074; 0
1.48741; 0
1.49408; 0
1.50075; 0
1.50742; 0
1.51409; 0
1.52076; 0
1.52743; 0
1.5341; 0
1.54077; 0
1.54744; 0
1.55411; 0
1.56078; 0
1.56745; 0
1.57412; 0
1.58079; 0
1.58746; 0
1.59413; 0
1.6008; 0
1.60747; 0
1.61414; 0
1.62081; 0
1.62748; 0
1.63415; 0
1.64082; 0
1.64749; 0
1.65416; 0
1.66083; 0
1.6675; 0
1.67417; 0
1.68084; 0
1.68751; 0
1.69418; 0
1.70085; 0
1.70752; 0
1.71419; 0
1.72086; 0
1.72753; 0
1.7342; 0
1.74087; 0
1.74754; 0
1.75421; 0
1.76088; 0
1.76755; 0
1.77422; 0
1.78089; 0
1.78756; 0
1.79423; 0
1.8009; 0
1.80757; 0
1.81424; 0
1.82091; 0
1.82758; 0
1.83425; 0
1.84092; 0
1.84759; 0
1.85426; 0
1.86093; 0
1.8676; 0
1.87427; 0
1.88094; 0
1.88761; 0
1.89428; 0
1.90095; 0
1.90762; 0
1.91429; 0
1.92096; 0
1.92763; 0
1.9343; 0
1.94097; 0
1.94764; 0
1.95431; 0
1.96098; 0
1.96765; 0
1.97432; 0
1.98099; 0
1.98766; 0
1.99433; 0
2.001; 0
