0.00667; 0
0.01334; 0
0.02001; 0
0.02668; 0
0.03335; 0
0.04002; 0
0.04669; 0
0.05336; 0
0.06003; 0
0.0667; 0
0.07337; 0
0.08004; 0
0.08671; 0
0.09338; 0
0.10005; 0
0.10672; 0
0.11339; 0
0.12006; 0
0.12673; 0
0.1334; 0
0.14007; 0
0.14674; 0
0.15341; 0
0.16008; 0
0.16675; 0
0.17342; 0
0.18009; 0
0.18676; 0
0.19343; 0
0.2001; 0
0.20677; 0
0.21344; 0
0.22011; 0
0.22678; 0
0.23345; 0
0.24012; 0
0.24679; 0
0.25346; 0
0.26013; 0
0.2668; 0
0.27347; 0
0.28014; 0
0.28681; 0
0.29348; 0
0.30015; 0
0.30682; 0
0.31349; 0
0.32016; 0
0.32683; 0
0.3335; 0
0.34017; 0
0.34684; 0
0.35351; 0
0.36018; 0
0.36685; 0
0.37352; 0
0.38019; 0
0.38686; 0
0.39353; 0
0.4002; 0
0.40687; 0
0.41354; 0
0.42021; 0
0.42688; 0
0.43355; 0
0.44022; 0
0.44689; 0
0.45356; 0
0.46023; 0
0.4669; 0
0.47357; 693.157
0.48024; 693.089
0.48691; 692.953
0.49358; 692.748
0.50025; 692.477
0.50692; 692.137
0.51359; 691.73
0.52026; 691.255
0.52693; 690.714
0.5336; 690.106
0.54027; 689.431
0.54694; 688.69
0.55361; 687.883
0.56028; 687.011
0.56695; 686.074
0.57362; 685.072
0.58029; 684.005
0.58696; 682.875
0.59363; 681.682
0.6003; 680.425
0.60697; 679.105
0.61364; 677.723
0.62031; 676.278
0.62698; 674.772
0.63365; 673.204
0.64032; 671.574
0.64699; 669.882
0.65366; 668.13
0.66033; 666.315
0.667; 664.439
0.67367; 662.501
0.68034; 660.5
0.68701; 658.437
0.69368; 656.309
0.70035; 654.118
0.70702; 651.861
0.71369; 649.538
0.72036; 647.147
0.72703; 644.687
0.7337; 642.155
0.74037; 639.55
0.74704; 636.869
0.75371; 634.109
0.76038; 631.268
0.76705; 628.342
0.77372; 625.326
0.78039; 622.216
0.78706; 619.008
0.79373; 615.695
0.8004; 612.27
0.80707; 608.728
0.81374; 605.058
0.82041; 601.253
0.82708; 597.302
0.83375; 593.192
0.84042; 588.91
0.84709; 584.442
0.85376; 579.77
0.86043; 574.874
0.8671; 569.732
0.87377; 564.32
0.88044; 558.609
0.88711; 552.567
0.89378; 546.16
0.90045; 539.349
0.90712; 532.095
0.91379; 524.363
0.92046; 516.126
0.92713; 507.381
0.9338; 498.176
0.94047; 488.657
0.94714; 479.147
0.95381; 470.255
0.96048; 462.99
0.96715; 458.73
0.97382; 458.73
0.98049; 462.99
0.98716; 470.255
0.99383; 479.147
1.0005; 488.657
1.00717; 498.176
1.01384; 507.381
1.02051; 516.126
1.02718; 524.363
1.03385; 532.095
1.04052; 539.349
1.04719; 546.16
1.05386; 552.567
1.06053; 558.609
1.0672; 564.32
1.07387; 569.732
1.08054; 574.874
1.08721; 579.77
1.09388; 584.442
1.10055; 588.91
1.10722; 593.192
1.11389; 597.302
1.12056; 601.253
1.12723; 605.058
1.1339; 608.728
1.14057; 612.27
1.14724; 615.695
1.15391; 619.008
1.16058; 622.216
1.16725; 625.326
1.17392; 628.342
1.18059; 631.268
1.18726; 634.109
1.19393; 636.869
1.2006; 639.55
1.20727; 642.155
1.21394; 644.687
1.22061; 647.147
1.22728; 649.538
1.23395; 651.861
1.24062; 654.118
1.24729; 656.309
1.25396; 658.437
1.26063; 660.5
1.2673; 662.501
1.27397; 664.439
1.28064; 666.315
1.28731; 668.13
1.29398; 669.882
1.30065; 671.574
1.30732; 673.204
1.31399; 674.772
1.32066; 676.278
1.32733; 677.723
1.334; 679.105
1.34067; 680.425
1.34734; 681.682
1.35401; 682.875
1.36068; 684.005
1.36735; 685.072
1.37402; 686.074
1.38069; 687.011
1.38736; 687.883
1.39403; 688.69
1.4007; 689.431
1.40737; 690.106
1.41404; 690.714
1.42071; 691.255
1.42738; 691.73
1.43405; 692.137
1.44072; 692.477
1.44739; 692.748
1.45406; 692.953
1.46073; 693.089
1.4674; 693.157
1.47407; 0
1.48074; 0
1.48741; 0
1.49408; 0
1.50075; 0
1.50742; 0
1.51409; 0
1.52076; 0
1.52743; 0
1.5341; 0
1.54077; 0
1.54744; 0
1.55411; 0
1.56078; 0
1.56745; 0
1.57412; 0
1.58079; 0
1.58746; 0
1.59413; 0
1.6008; 0
1.60747; 0
1.61414; 0
1.62081; 0
1.62748; 0
1.63415; 0
1.64082; 0
1.64749; 0
1.65416; 0
1.66083; 0
1.6675; 0
1.67417; 0
1.68084; 0
1.68751; 0
1.69418; 0
1.70085; 0
1.70752; 0
1.71419; 0
1.72086; 0
1.72753; 0
1.7342; 0
1.74087; 0
1.74754; 0
1.75421; 0
1.76088; 0
1.76755; 0
1.77422; 0
1.78089; 0
1.78756; 0
1.79423; 0
1.8009; 0
1.80757; 0
1.81424; 0
1.82091; 0
1.82758; 0
1.83425; 0
1.84092; 0
1.84759; 0
1.85426; 0
1.86093; 0
1.8676; 0
1.87427; 0
1.88094; 0
1.88761; 0
1.89428; 0
1.90095; 0
1.90762; 0
1.91429; 0
1.92096; 0
1.92763; 0
1.9343; 0
1.94097; 0
1.94764; 0
1.95431; 0
1.96098; 0
1.96765; 0
1.97432; 0
1.98099; 0
1.98766; 0
1.99433; 0
2.001; 0
