0.00667; 0
0.01334; 0
0.02001; 0
0.02668; 0
0.03335; 0
0.04002; 0
0.04669; 0
0.05336; 0
0.06003; 0
0.0667; 0
0.07337; 0
0.08004; 0
0.08671; 0
0.09338; 0
0.10005; 0
0.10672; 0
0.11339; 0
0.12006; 0
0.12673; 0
0.1334; 0
0.14007; 0
0.14674; 0
0.15341; 0
0.16008; 0
0.16675; 0
0.17342; 0
0.18009; 0
0.18676; 0
0.19343; 0
0.2001; 0
0.20677; 0
0.21344; 0
0.22011; 0
0.22678; 0
0.23345; 0
0.24012; 0
0.24679; 0
0.25346; 0
0.26013; 0
0.2668; 0
0.27347; 0
0.28014; 0
0.28681; 0
0.29348; 0
0.30015; 0
0.30682; 0
0.31349; 0
0.32016; 0
0.32683; 0
0.3335; 0
0.34017; 0
0.34684; 0
0.35351; 0
0.36018; 0
0.36685; 0
0.37352; 0
0.38019; 0
0.38686; 0
0.39353; 0
0.4002; 0
0.40687; 0
0.41354; 0
0.42021; 0
0.42688; 0
0.43355; 0
0.44022; 0
0.44689; 0
0.45356; 0
0.46023; 0
0.4669; 0
0.47357; 346.591
0.48024; 346.552
0.48691; 346.475
0.49358; 346.36
0.50025; 346.206
0.50692; 346.015
0.51359; 345.786
0.52026; 345.521
0.52693; 345.221
0.5336; 344.885
0.54027; 344.515
0.54694; 344.112
0.55361; 343.677
0.56028; 343.21
0.56695; 342.714
0.57362; 342.19
0.58029; 341.638
0.58696; 341.061
0.59363; 340.459
0.6003; 339.834
0.60697; 339.188
0.61364; 338.521
0.62031; 337.837
0.62698; 337.136
0.63365; 336.419
0.64032; 335.689
0.64699; 334.948
0.65366; 334.195
0.66033; 333.434
0.667; 332.666
0.67367; 331.892
0.68034; 331.114
0.68701; 330.333
0.69368; 329.552
0.70035; 328.77
0.70702; 327.99
0.71369; 327.213
0.72036; 326.44
0.72703; 325.673
0.7337; 324.912
0.74037; 324.159
0.74704; 323.414
0.75371; 322.68
0.76038; 321.956
0.76705; 321.244
0.77372; 320.543
0.78039; 319.856
0.78706; 319.183
0.79373; 318.523
0.8004; 317.879
0.80707; 317.249
0.81374; 316.634
0.82041; 316.035
0.82708; 315.451
0.83375; 314.883
0.84042; 314.33
0.84709; 313.792
0.85376; 313.269
0.86043; 312.76
0.8671; 312.264
0.87377; 311.781
0.88044; 311.309
0.88711; 310.847
0.89378; 310.393
0.90045; 309.947
0.90712; 309.506
0.91379; 309.067
0.92046; 308.631
0.92713; 308.195
0.9338; 307.761
0.94047; 307.332
0.94714; 306.921
0.95381; 306.548
0.96048; 306.251
0.96715; 306.078
0.97382; 306.078
0.98049; 306.251
0.98716; 306.548
0.99383; 306.921
1.0005; 307.332
1.00717; 307.761
1.01384; 308.195
1.02051; 308.631
1.02718; 309.067
1.03385; 309.506
1.04052; 309.947
1.04719; 310.393
1.05386; 310.847
1.06053; 311.309
1.0672; 311.781
1.07387; 312.264
1.08054; 312.76
1.08721; 313.269
1.09388; 313.792
1.10055; 314.33
1.10722; 314.883
1.11389; 315.451
1.12056; 316.035
1.12723; 316.634
1.1339; 317.249
1.14057; 317.879
1.14724; 318.523
1.15391; 319.183
1.16058; 319.856
1.16725; 320.543
1.17392; 321.244
1.18059; 321.956
1.18726; 322.68
1.19393; 323.414
1.2006; 324.159
1.20727; 324.912
1.21394; 325.673
1.22061; 326.44
1.22728; 327.213
1.23395; 327.99
1.24062; 328.77
1.24729; 329.552
1.25396; 330.333
1.26063; 331.114
1.2673; 331.892
1.27397; 332.666
1.28064; 333.434
1.28731; 334.195
1.29398; 334.948
1.30065; 335.689
1.30732; 336.419
1.31399; 337.136
1.32066; 337.837
1.32733; 338.521
1.334; 339.188
1.34067; 339.834
1.34734; 340.459
1.35401; 341.061
1.36068; 341.638
1.36735; 342.19
1.37402; 342.714
1.38069; 343.21
1.38736; 343.677
1.39403; 344.112
1.4007; 344.515
1.40737; 344.885
1.41404; 345.221
1.42071; 345.521
1.42738; 345.786
1.43405; 346.015
1.44072; 346.206
1.44739; 346.36
1.45406; 346.475
1.46073; 346.552
1.4674; 346.591
1.47407; 0
1.48074; 0
1.48741; 0
1.49408; 0
1.50075; 0
1.50742; 0
1.51409; 0
1.52076; 0
1.52743; 0
1.5341; 0
1.54077; 0
1.54744; 0
1.55411; 0
1.56078; 0
1.56745; 0
1.57412; 0
1.58079; 0
1.58746; 0
1.59413; 0
1.6008; 0
1.60747; 0
1.61414; 0
1.62081; 0
1.62748; 0
1.63415; 0
1.64082; 0
1.64749; 0
1.65416; 0
1.66083; 0
1.6675; 0
1.67417; 0
1.68084; 0
1.68751; 0
1.69418; 0
1.70085; 0
1.70752; 0
1.71419; 0
1.72086; 0
1.72753; 0
1.7342; 0
1.74087; 0
1.74754; 0
1.75421; 0
1.76088; 0
1.76755; 0
1.77422; 0
1.78089; 0
1.78756; 0
1.79423; 0
1.8009; 0
1.80757; 0
1.81424; 0
1.82091; 0
1.82758; 0
1.83425; 0
1.84092; 0
1.84759; 0
1.85426; 0
1.86093; 0
1.8676; 0
1.87427; 0
1.88094; 0
1.88761; 0
1.89428; 0
1.90095; 0
1.90762; 0
1.91429; 0
1.92096; 0
1.92763; 0
1.9343; 0
1.94097; 0
1.94764; 0
1.95431; 0
1.96098; 0
1.96765; 0
1.97432; 0
1.98099; 0
1.98766; 0
1.99433; 0
2.001; 0
