0.00026; 0
0.00052; 0
0.00078; 0
0.00104; 0
0.0013; 0
0.00156; 0
0.00182; 0
0.00208; 0
0.00234; 0
0.0026; 0
0.00286; 0
0.00312; 0
0.00338; 0
0.00364; 0
0.0039; 0
0.00416; 0
0.00442; 0
0.00468; 0
0.00494; 0
0.0052; 0
0.00546; 0
0.00572; 0
0.00598; 0
0.00624; 0
0.0065; 0
0.00676; 0
0.00702; 0
0.00728; 0
0.00754; 0
0.0078; 0
0.00806; 0
0.00832; 0
0.00858; 0
0.00884; 0
0.0091; 0
0.00936; 0
0.00962; 0
0.00988; 0
0.01014; 0
0.0104; 0
0.01066; 0
0.01092; 0
0.01118; 0
0.01144; 0
0.0117; 0
0.01196; 0
0.01222; 0
0.01248; 0
0.01274; 0
0.013; 0
0.01326; 0
0.01352; 0
0.01378; 0
0.01404; 0
0.0143; 0
0.01456; 0
0.01482; 0
0.01508; 0
0.01534; 0
0.0156; 0
0.01586; 0
0.01612; 0
0.01638; 0
0.01664; 0
0.0169; 0
0.01716; 0
0.01742; 0
0.01768; 0
0.01794; 0
0.0182; 0
0.01846; 0
0.01872; 0
0.01898; 0
0.01924; 0
0.0195; 555.334
0.01976; 555.406
0.02002; 555.55
0.02028; 555.766
0.02054; 556.055
0.0208; 556.414
0.02106; 556.843
0.02132; 557.338
0.02158; 557.891
0.02184; 558.491
0.0221; 559.12
0.02236; 559.756
0.02262; 560.375
0.02288; 560.962
0.02314; 561.507
0.0234; 562.007
0.02366; 562.465
0.02392; 562.885
0.02418; 563.268
0.02444; 563.618
0.0247; 563.94
0.02496; 564.237
0.02522; 564.511
0.02548; 564.762
0.02574; 564.994
0.026; 565.209
0.02626; 565.406
0.02652; 565.586
0.02678; 565.751
0.02704; 565.903
0.0273; 566.04
0.02756; 566.164
0.02782; 566.274
0.02808; 566.373
0.02834; 566.459
0.0286; 566.531
0.02886; 566.592
0.02912; 566.642
0.02938; 566.68
0.02964; 566.707
0.0299; 566.721
0.03016; 566.727
0.03042; 566.721
0.03068; 566.702
0.03094; 566.674
0.0312; 566.637
0.03146; 566.591
0.03172; 566.534
0.03198; 566.469
0.03224; 566.397
0.0325; 566.316
0.03276; 566.227
0.03302; 566.133
0.03328; 566.035
0.03354; 565.932
0.0338; 565.826
0.03406; 565.717
0.03432; 565.609
0.03458; 565.501
0.03484; 565.393
0.0351; 565.289
0.03536; 565.19
0.03562; 565.097
0.03588; 565.012
0.03614; 564.935
0.0364; 564.871
0.03666; 564.817
0.03692; 564.776
0.03718; 564.75
0.03744; 564.74
0.0377; 564.747
0.03796; 564.771
0.03822; 564.814
0.03848; 564.877
0.03874; 564.959
0.039; 565.06
0.03926; 565.182
0.03952; 565.324
0.03978; 565.486
0.04004; 565.667
0.0403; 565.869
0.04056; 566.091
0.04082; 566.334
0.04108; 566.596
0.04134; 566.88
0.0416; 567.186
0.04186; 567.513
0.04212; 567.862
0.04238; 568.231
0.04264; 568.621
0.0429; 569.028
0.04316; 569.45
0.04342; 569.885
0.04368; 570.335
0.04394; 570.796
0.0442; 571.266
0.04446; 571.745
0.04472; 572.234
0.04498; 572.728
0.04524; 573.226
0.0455; 573.727
0.04576; 574.232
0.04602; 574.738
0.04628; 575.242
0.04654; 575.743
0.0468; 576.244
0.04706; 576.739
0.04732; 577.227
0.04758; 577.709
0.04784; 578.186
0.0481; 578.654
0.04836; 579.112
0.04862; 579.561
0.04888; 580.003
0.04914; 580.433
0.0494; 580.848
0.04966; 581.255
0.04992; 581.652
0.05018; 582.036
0.05044; 582.408
0.0507; 582.766
0.05096; 583.116
0.05122; 583.453
0.05148; 583.773
0.05174; 584.082
0.052; 584.382
0.05226; 584.668
0.05252; 584.941
0.05278; 585.201
0.05304; 585.452
0.0533; 585.689
0.05356; 585.909
0.05382; 586.119
0.05408; 586.32
0.05434; 586.507
0.0546; 586.68
0.05486; 586.84
0.05512; 586.993
0.05538; 587.13
0.05564; 587.251
0.0559; 587.361
0.05616; 587.462
0.05642; 587.55
0.05668; 587.623
0.05694; 587.683
0.0572; 587.736
0.05746; 587.773
0.05772; 587.794
0.05798; 587.803
0.05824; 0
0.0585; 0
0.05876; 0
0.05902; 0
0.05928; 0
0.05954; 0
0.0598; 0
0.06006; 0
0.06032; 0
0.06058; 0
0.06084; 0
0.0611; 0
0.06136; 0
0.06162; 0
0.06188; 0
0.06214; 0
0.0624; 0
0.06266; 0
0.06292; 0
0.06318; 0
0.06344; 0
0.0637; 0
0.06396; 0
0.06422; 0
0.06448; 0
0.06474; 0
0.065; 0
0.06526; 0
0.06552; 0
0.06578; 0
0.06604; 0
0.0663; 0
0.06656; 0
0.06682; 0
0.06708; 0
0.06734; 0
0.0676; 0
0.06786; 0
0.06812; 0
0.06838; 0
0.06864; 0
0.0689; 0
0.06916; 0
0.06942; 0
0.06968; 0
0.06994; 0
0.0702; 0
0.07046; 0
0.07072; 0
0.07098; 0
0.07124; 0
0.0715; 0
0.07176; 0
0.07202; 0
0.07228; 0
0.07254; 0
0.0728; 0
0.07306; 0
0.07332; 0
0.07358; 0
0.07384; 0
0.0741; 0
0.07436; 0
0.07462; 0
0.07488; 0
0.07514; 0
0.0754; 0
0.07566; 0
0.07592; 0
0.07618; 0
0.07644; 0
0.0767; 0
0.07696; 0
0.07722; 0
0.07748; 0
0.07774; 0
0.078; 0
