0.00667; 0
0.01334; 0
0.02001; 0
0.02668; 0
0.03335; 0
0.04002; 0
0.04669; 0
0.05336; 0
0.06003; 0
0.0667; 0
0.07337; 0
0.08004; 0
0.08671; 0
0.09338; 0
0.10005; 0
0.10672; 0
0.11339; 0
0.12006; 0
0.12673; 0
0.1334; 0
0.14007; 0
0.14674; 0
0.15341; 0
0.16008; 0
0.16675; 0
0.17342; 0
0.18009; 0
0.18676; 0
0.19343; 0
0.2001; 0
0.20677; 0
0.21344; 0
0.22011; 0
0.22678; 0
0.23345; 0
0.24012; 0
0.24679; 0
0.25346; 0
0.26013; 0
0.2668; 0
0.27347; 0
0.28014; 0
0.28681; 0
0.29348; 0
0.30015; 0
0.30682; 0
0.31349; 0
0.32016; 0
0.32683; 0
0.3335; 0
0.34017; 0
0.34684; 0
0.35351; 0
0.36018; 0
0.36685; 0
0.37352; 0
0.38019; 0
0.38686; 0
0.39353; 0
0.4002; 0
0.40687; 0
0.41354; 0
0.42021; 0
0.42688; 0
0.43355; 0
0.44022; 0
0.44689; 0
0.45356; 0
0.46023; 0
0.4669; 0
0.47357; 682.045
0.48024; 681.977
0.48691; 681.841
0.49358; 681.637
0.50025; 681.366
0.50692; 681.027
0.51359; 680.621
0.52026; 680.147
0.52693; 679.607
0.5336; 679
0.54027; 678.327
0.54694; 677.588
0.55361; 676.783
0.56028; 675.914
0.56695; 674.98
0.57362; 673.982
0.58029; 672.92
0.58696; 671.794
0.59363; 670.606
0.6003; 669.356
0.60697; 668.043
0.61364; 666.669
0.62031; 665.234
0.62698; 663.738
0.63365; 662.181
0.64032; 660.563
0.64699; 658.886
0.65366; 657.148
0.66033; 655.351
0.667; 653.493
0.67367; 651.575
0.68034; 649.596
0.68701; 647.556
0.69368; 645.455
0.70035; 643.292
0.70702; 641.065
0.71369; 638.775
0.72036; 636.419
0.72703; 633.996
0.7337; 631.506
0.74037; 628.944
0.74704; 626.31
0.75371; 623.601
0.76038; 620.814
0.76705; 617.945
0.77372; 614.991
0.78039; 611.947
0.78706; 608.808
0.79373; 605.57
0.8004; 602.225
0.80707; 598.767
0.81374; 595.188
0.82041; 591.479
0.82708; 587.63
0.83375; 583.629
0.84042; 579.464
0.84709; 575.119
0.85376; 570.58
0.86043; 565.825
0.8671; 560.835
0.87377; 555.585
0.88044; 550.047
0.88711; 544.191
0.89378; 537.984
0.90045; 531.388
0.90712; 524.366
0.91379; 516.883
0.92046; 508.913
0.92713; 500.453
0.9338; 491.551
0.94047; 482.347
0.94714; 473.152
0.95381; 464.555
0.96048; 457.532
0.96715; 453.414
0.97382; 453.414
0.98049; 457.532
0.98716; 464.555
0.99383; 473.152
1.0005; 482.347
1.00717; 491.551
1.01384; 500.453
1.02051; 508.913
1.02718; 516.883
1.03385; 524.366
1.04052; 531.388
1.04719; 537.984
1.05386; 544.191
1.06053; 550.047
1.0672; 555.585
1.07387; 560.835
1.08054; 565.825
1.08721; 570.58
1.09388; 575.119
1.10055; 579.464
1.10722; 583.629
1.11389; 587.63
1.12056; 591.479
1.12723; 595.188
1.1339; 598.767
1.14057; 602.225
1.14724; 605.57
1.15391; 608.808
1.16058; 611.947
1.16725; 614.991
1.17392; 617.945
1.18059; 620.814
1.18726; 623.601
1.19393; 626.31
1.2006; 628.944
1.20727; 631.506
1.21394; 633.996
1.22061; 636.419
1.22728; 638.775
1.23395; 641.065
1.24062; 643.292
1.24729; 645.455
1.25396; 647.556
1.26063; 649.596
1.2673; 651.575
1.27397; 653.493
1.28064; 655.351
1.28731; 657.148
1.29398; 658.886
1.30065; 660.563
1.30732; 662.181
1.31399; 663.738
1.32066; 665.234
1.32733; 666.669
1.334; 668.043
1.34067; 669.356
1.34734; 670.606
1.35401; 671.794
1.36068; 672.92
1.36735; 673.982
1.37402; 674.98
1.38069; 675.914
1.38736; 676.783
1.39403; 677.588
1.4007; 678.327
1.40737; 679
1.41404; 679.607
1.42071; 680.147
1.42738; 680.621
1.43405; 681.027
1.44072; 681.366
1.44739; 681.637
1.45406; 681.841
1.46073; 681.977
1.4674; 682.045
1.47407; 0
1.48074; 0
1.48741; 0
1.49408; 0
1.50075; 0
1.50742; 0
1.51409; 0
1.52076; 0
1.52743; 0
1.5341; 0
1.54077; 0
1.54744; 0
1.55411; 0
1.56078; 0
1.56745; 0
1.57412; 0
1.58079; 0
1.58746; 0
1.59413; 0
1.6008; 0
1.60747; 0
1.61414; 0
1.62081; 0
1.62748; 0
1.63415; 0
1.64082; 0
1.64749; 0
1.65416; 0
1.66083; 0
1.6675; 0
1.67417; 0
1.68084; 0
1.68751; 0
1.69418; 0
1.70085; 0
1.70752; 0
1.71419; 0
1.72086; 0
1.72753; 0
1.7342; 0
1.74087; 0
1.74754; 0
1.75421; 0
1.76088; 0
1.76755; 0
1.77422; 0
1.78089; 0
1.78756; 0
1.79423; 0
1.8009; 0
1.80757; 0
1.81424; 0
1.82091; 0
1.82758; 0
1.83425; 0
1.84092; 0
1.84759; 0
1.85426; 0
1.86093; 0
1.8676; 0
1.87427; 0
1.88094; 0
1.88761; 0
1.89428; 0
1.90095; 0
1.90762; 0
1.91429; 0
1.92096; 0
1.92763; 0
1.9343; 0
1.94097; 0
1.94764; 0
1.95431; 0
1.96098; 0
1.96765; 0
1.97432; 0
1.98099; 0
1.98766; 0
1.99433; 0
2.001; 0
