0.00667; 0
0.01334; 0
0.02001; 0
0.02668; 0
0.03335; 0
0.04002; 0
0.04669; 0
0.05336; 0
0.06003; 0
0.0667; 0
0.07337; 0
0.08004; 0
0.08671; 0
0.09338; 0
0.10005; 0
0.10672; 0
0.11339; 0
0.12006; 0
0.12673; 0
0.1334; 0
0.14007; 0
0.14674; 0
0.15341; 0
0.16008; 0
0.16675; 0
0.17342; 0
0.18009; 0
0.18676; 0
0.19343; 0
0.2001; 0
0.20677; 0
0.21344; 0
0.22011; 0
0.22678; 0
0.23345; 0
0.24012; 0
0.24679; 0
0.25346; 0
0.26013; 0
0.2668; 0
0.27347; 0
0.28014; 0
0.28681; 0
0.29348; 0
0.30015; 0
0.30682; 0
0.31349; 0
0.32016; 0
0.32683; 0
0.3335; 0
0.34017; 0
0.34684; 0
0.35351; 0
0.36018; 0
0.36685; 0
0.37352; 0
0.38019; 0
0.38686; 0
0.39353; 0
0.4002; 0
0.40687; 0
0.41354; 0
0.42021; 0
0.42688; 0
0.43355; 0
0.44022; 0
0.44689; 0
0.45356; 0
0.46023; 0
0.4669; 0
0.47357; 606.926
0.48024; 606.859
0.48691; 606.725
0.49358; 606.523
0.50025; 606.255
0.50692; 605.92
0.51359; 605.518
0.52026; 605.051
0.52693; 604.519
0.5336; 603.921
0.54027; 603.259
0.54694; 602.534
0.55361; 601.745
0.56028; 600.895
0.56695; 599.983
0.57362; 599.01
0.58029; 597.977
0.58696; 596.885
0.59363; 595.735
0.6003; 594.528
0.60697; 593.264
0.61364; 591.945
0.62031; 590.571
0.62698; 589.143
0.63365; 587.663
0.64032; 586.131
0.64699; 584.547
0.65366; 582.913
0.66033; 581.228
0.667; 579.495
0.67367; 577.713
0.68034; 575.882
0.68701; 574.004
0.69368; 572.078
0.70035; 570.104
0.70702; 568.083
0.71369; 566.014
0.72036; 563.897
0.72703; 561.731
0.7337; 559.517
0.74037; 557.252
0.74704; 554.936
0.75371; 552.567
0.76038; 550.143
0.76705; 547.664
0.77372; 545.125
0.78039; 542.524
0.78706; 539.859
0.79373; 537.125
0.8004; 534.317
0.80707; 531.432
0.81374; 528.463
0.82041; 525.403
0.82708; 522.246
0.83375; 518.983
0.84042; 515.604
0.84709; 512.099
0.85376; 508.454
0.86043; 504.656
0.8671; 500.688
0.87377; 496.532
0.88044; 492.167
0.88711; 487.57
0.89378; 482.714
0.90045; 477.571
0.90712; 472.114
0.91379; 466.313
0.92046; 460.151
0.92713; 453.623
0.9338; 446.766
0.94047; 439.686
0.94714; 432.622
0.95381; 426.024
0.96048; 420.636
0.96715; 417.479
0.97382; 417.479
0.98049; 420.636
0.98716; 426.024
0.99383; 432.622
1.0005; 439.686
1.00717; 446.766
1.01384; 453.623
1.02051; 460.151
1.02718; 466.313
1.03385; 472.114
1.04052; 477.571
1.04719; 482.714
1.05386; 487.57
1.06053; 492.167
1.0672; 496.532
1.07387; 500.688
1.08054; 504.656
1.08721; 508.454
1.09388; 512.099
1.10055; 515.604
1.10722; 518.983
1.11389; 522.246
1.12056; 525.403
1.12723; 528.463
1.1339; 531.432
1.14057; 534.317
1.14724; 537.125
1.15391; 539.859
1.16058; 542.524
1.16725; 545.125
1.17392; 547.664
1.18059; 550.143
1.18726; 552.567
1.19393; 554.936
1.2006; 557.252
1.20727; 559.517
1.21394; 561.731
1.22061; 563.897
1.22728; 566.014
1.23395; 568.083
1.24062; 570.104
1.24729; 572.078
1.25396; 574.004
1.26063; 575.882
1.2673; 577.713
1.27397; 579.495
1.28064; 581.228
1.28731; 582.913
1.29398; 584.547
1.30065; 586.131
1.30732; 587.663
1.31399; 589.143
1.32066; 590.571
1.32733; 591.945
1.334; 593.264
1.34067; 594.528
1.34734; 595.735
1.35401; 596.885
1.36068; 597.977
1.36735; 599.01
1.37402; 599.983
1.38069; 600.895
1.38736; 601.745
1.39403; 602.534
1.4007; 603.259
1.40737; 603.921
1.41404; 604.519
1.42071; 605.051
1.42738; 605.518
1.43405; 605.92
1.44072; 606.255
1.44739; 606.523
1.45406; 606.725
1.46073; 606.859
1.4674; 606.926
1.47407; 0
1.48074; 0
1.48741; 0
1.49408; 0
1.50075; 0
1.50742; 0
1.51409; 0
1.52076; 0
1.52743; 0
1.5341; 0
1.54077; 0
1.54744; 0
1.55411; 0
1.56078; 0
1.56745; 0
1.57412; 0
1.58079; 0
1.58746; 0
1.59413; 0
1.6008; 0
1.60747; 0
1.61414; 0
1.62081; 0
1.62748; 0
1.63415; 0
1.64082; 0
1.64749; 0
1.65416; 0
1.66083; 0
1.6675; 0
1.67417; 0
1.68084; 0
1.68751; 0
1.69418; 0
1.70085; 0
1.70752; 0
1.71419; 0
1.72086; 0
1.72753; 0
1.7342; 0
1.74087; 0
1.74754; 0
1.75421; 0
1.76088; 0
1.76755; 0
1.77422; 0
1.78089; 0
1.78756; 0
1.79423; 0
1.8009; 0
1.80757; 0
1.81424; 0
1.82091; 0
1.82758; 0
1.83425; 0
1.84092; 0
1.84759; 0
1.85426; 0
1.86093; 0
1.8676; 0
1.87427; 0
1.88094; 0
1.88761; 0
1.89428; 0
1.90095; 0
1.90762; 0
1.91429; 0
1.92096; 0
1.92763; 0
1.9343; 0
1.94097; 0
1.94764; 0
1.95431; 0
1.96098; 0
1.96765; 0
1.97432; 0
1.98099; 0
1.98766; 0
1.99433; 0
2.001; 0
