0.00667; 0
0.01334; 0
0.02001; 0
0.02668; 0
0.03335; 0
0.04002; 0
0.04669; 0
0.05336; 0
0.06003; 0
0.0667; 0
0.07337; 0
0.08004; 0
0.08671; 0
0.09338; 0
0.10005; 0
0.10672; 0
0.11339; 0
0.12006; 0
0.12673; 0
0.1334; 0
0.14007; 0
0.14674; 0
0.15341; 0
0.16008; 0
0.16675; 0
0.17342; 0
0.18009; 0
0.18676; 0
0.19343; 0
0.2001; 0
0.20677; 0
0.21344; 0
0.22011; 0
0.22678; 0
0.23345; 0
0.24012; 0
0.24679; 0
0.25346; 0
0.26013; 0
0.2668; 0
0.27347; 0
0.28014; 0
0.28681; 0
0.29348; 0
0.30015; 0
0.30682; 0
0.31349; 0
0.32016; 0
0.32683; 0
0.3335; 0
0.34017; 0
0.34684; 0
0.35351; 0
0.36018; 0
0.36685; 0
0.37352; 0
0.38019; 0
0.38686; 0
0.39353; 0
0.4002; 0
0.40687; 0
0.41354; 0
0.42021; 0
0.42688; 0
0.43355; 0
0.44022; 0
0.44689; 0
0.45356; 0
0.46023; 0
0.4669; 0
0.47357; 702.136
0.48024; 702.068
0.48691; 701.931
0.49358; 701.727
0.50025; 701.455
0.50692; 701.115
0.51359; 700.707
0.52026; 700.232
0.52693; 699.689
0.5336; 699.08
0.54027; 698.404
0.54694; 697.661
0.55361; 696.853
0.56028; 695.978
0.56695; 695.038
0.57362; 694.033
0.58029; 692.964
0.58696; 691.829
0.59363; 690.631
0.6003; 689.369
0.60697; 688.044
0.61364; 686.655
0.62031; 685.203
0.62698; 683.689
0.63365; 682.111
0.64032; 680.471
0.64699; 678.769
0.65366; 677.004
0.66033; 675.176
0.667; 673.285
0.67367; 671.33
0.68034; 669.312
0.68701; 667.229
0.69368; 665.081
0.70035; 662.867
0.70702; 660.586
0.71369; 658.236
0.72036; 655.817
0.72703; 653.325
0.7337; 650.761
0.74037; 648.12
0.74704; 645.401
0.75371; 642.601
0.76038; 639.716
0.76705; 636.743
0.77372; 633.678
0.78039; 630.515
0.78706; 627.25
0.79373; 623.877
0.8004; 620.388
0.80707; 616.777
0.81374; 613.035
0.82041; 609.152
0.82708; 605.118
0.83375; 600.92
0.84042; 596.544
0.84709; 591.976
0.85376; 587.196
0.86043; 582.186
0.8671; 576.923
0.87377; 571.38
0.88044; 565.528
0.88711; 559.336
0.89378; 552.767
0.90045; 545.782
0.90712; 538.342
0.91379; 530.409
0.92046; 521.955
0.92713; 512.979
0.9338; 503.529
0.94047; 493.757
0.94714; 483.992
0.95381; 474.861
0.96048; 467.401
0.96715; 463.026
0.97382; 463.026
0.98049; 467.401
0.98716; 474.861
0.99383; 483.992
1.0005; 493.757
1.00717; 503.529
1.01384; 512.979
1.02051; 521.955
1.02718; 530.409
1.03385; 538.342
1.04052; 545.782
1.04719; 552.767
1.05386; 559.336
1.06053; 565.528
1.0672; 571.38
1.07387; 576.923
1.08054; 582.186
1.08721; 587.196
1.09388; 591.976
1.10055; 596.544
1.10722; 600.92
1.11389; 605.118
1.12056; 609.152
1.12723; 613.035
1.1339; 616.777
1.14057; 620.388
1.14724; 623.877
1.15391; 627.25
1.16058; 630.515
1.16725; 633.678
1.17392; 636.743
1.18059; 639.716
1.18726; 642.601
1.19393; 645.401
1.2006; 648.12
1.20727; 650.761
1.21394; 653.325
1.22061; 655.817
1.22728; 658.236
1.23395; 660.586
1.24062; 662.867
1.24729; 665.081
1.25396; 667.229
1.26063; 669.312
1.2673; 671.33
1.27397; 673.285
1.28064; 675.176
1.28731; 677.004
1.29398; 678.769
1.30065; 680.471
1.30732; 682.111
1.31399; 683.689
1.32066; 685.203
1.32733; 686.655
1.334; 688.044
1.34067; 689.369
1.34734; 690.631
1.35401; 691.829
1.36068; 692.964
1.36735; 694.033
1.37402; 695.038
1.38069; 695.978
1.38736; 696.853
1.39403; 697.661
1.4007; 698.404
1.40737; 699.08
1.41404; 699.689
1.42071; 700.232
1.42738; 700.707
1.43405; 701.115
1.44072; 701.455
1.44739; 701.727
1.45406; 701.931
1.46073; 702.068
1.4674; 702.136
1.47407; 0
1.48074; 0
1.48741; 0
1.49408; 0
1.50075; 0
1.50742; 0
1.51409; 0
1.52076; 0
1.52743; 0
1.5341; 0
1.54077; 0
1.54744; 0
1.55411; 0
1.56078; 0
1.56745; 0
1.57412; 0
1.58079; 0
1.58746; 0
1.59413; 0
1.6008; 0
1.60747; 0
1.61414; 0
1.62081; 0
1.62748; 0
1.63415; 0
1.64082; 0
1.64749; 0
1.65416; 0
1.66083; 0
1.6675; 0
1.67417; 0
1.68084; 0
1.68751; 0
1.69418; 0
1.70085; 0
1.70752; 0
1.71419; 0
1.72086; 0
1.72753; 0
1.7342; 0
1.74087; 0
1.74754; 0
1.75421; 0
1.76088; 0
1.76755; 0
1.77422; 0
1.78089; 0
1.78756; 0
1.79423; 0
1.8009; 0
1.80757; 0
1.81424; 0
1.82091; 0
1.82758; 0
1.83425; 0
1.84092; 0
1.84759; 0
1.85426; 0
1.86093; 0
1.8676; 0
1.87427; 0
1.88094; 0
1.88761; 0
1.89428; 0
1.90095; 0
1.90762; 0
1.91429; 0
1.92096; 0
1.92763; 0
1.9343; 0
1.94097; 0
1.94764; 0
1.95431; 0
1.96098; 0
1.96765; 0
1.97432; 0
1.98099; 0
1.98766; 0
1.99433; 0
2.001; 0
