0.00667; 0
0.01334; 0
0.02001; 0
0.02668; 0
0.03335; 0
0.04002; 0
0.04669; 0
0.05336; 0
0.06003; 0
0.0667; 0
0.07337; 0
0.08004; 0
0.08671; 0
0.09338; 0
0.10005; 0
0.10672; 0
0.11339; 0
0.12006; 0
0.12673; 0
0.1334; 0
0.14007; 0
0.14674; 0
0.15341; 0
0.16008; 0
0.16675; 0
0.17342; 0
0.18009; 0
0.18676; 0
0.19343; 0
0.2001; 0
0.20677; 0
0.21344; 0
0.22011; 0
0.22678; 0
0.23345; 0
0.24012; 0
0.24679; 0
0.25346; 0
0.26013; 0
0.2668; 0
0.27347; 0
0.28014; 0
0.28681; 0
0.29348; 0
0.30015; 0
0.30682; 0
0.31349; 0
0.32016; 0
0.32683; 0
0.3335; 0
0.34017; 0
0.34684; 0
0.35351; 0
0.36018; 0
0.36685; 0
0.37352; 0
0.38019; 0
0.38686; 0
0.39353; 0
0.4002; 0
0.40687; 0
0.41354; 0
0.42021; 0
0.42688; 0
0.43355; 0
0.44022; 0
0.44689; 0
0.45356; 0
0.46023; 0
0.4669; 0
0.47357; 545.6
0.48024; 545.533
0.48691; 545.4
0.49358; 545.2
0.50025; 544.935
0.50692; 544.603
0.51359; 544.207
0.52026; 543.745
0.52693; 543.22
0.5336; 542.631
0.54027; 541.979
0.54694; 541.265
0.55361; 540.491
0.56028; 539.656
0.56695; 538.763
0.57362; 537.812
0.58029; 536.804
0.58696; 535.74
0.59363; 534.623
0.6003; 533.452
0.60697; 532.23
0.61364; 530.957
0.62031; 529.635
0.62698; 528.265
0.63365; 526.848
0.64032; 525.387
0.64699; 523.881
0.65366; 522.332
0.66033; 520.742
0.667; 519.112
0.67367; 517.442
0.68034; 515.734
0.68701; 513.989
0.69368; 512.208
0.70035; 510.39
0.70702; 508.538
0.71369; 506.652
0.72036; 504.731
0.72703; 502.777
0.7337; 500.789
0.74037; 498.768
0.74704; 496.713
0.75371; 494.623
0.76038; 492.498
0.76705; 490.337
0.77372; 488.139
0.78039; 485.901
0.78706; 483.623
0.79373; 481.301
0.8004; 478.933
0.80707; 476.516
0.81374; 474.045
0.82041; 471.517
0.82708; 468.925
0.83375; 466.265
0.84042; 463.528
0.84709; 460.707
0.85376; 457.793
0.86043; 454.776
0.8671; 451.642
0.87377; 448.379
0.88044; 444.971
0.88711; 441.4
0.89378; 437.647
0.90045; 433.69
0.90712; 429.508
0.91379; 425.08
0.92046; 420.391
0.92713; 415.439
0.9338; 410.25
0.94047; 404.903
0.94714; 399.576
0.95381; 394.607
0.96048; 390.553
0.96715; 388.178
0.97382; 388.178
0.98049; 390.553
0.98716; 394.607
0.99383; 399.576
1.0005; 404.903
1.00717; 410.25
1.01384; 415.439
1.02051; 420.391
1.02718; 425.08
1.03385; 429.508
1.04052; 433.69
1.04719; 437.647
1.05386; 441.4
1.06053; 444.971
1.0672; 448.379
1.07387; 451.642
1.08054; 454.776
1.08721; 457.793
1.09388; 460.707
1.10055; 463.528
1.10722; 466.265
1.11389; 468.925
1.12056; 471.517
1.12723; 474.045
1.1339; 476.516
1.14057; 478.933
1.14724; 481.301
1.15391; 483.623
1.16058; 485.901
1.16725; 488.139
1.17392; 490.337
1.18059; 492.498
1.18726; 494.623
1.19393; 496.713
1.2006; 498.768
1.20727; 500.789
1.21394; 502.777
1.22061; 504.731
1.22728; 506.652
1.23395; 508.538
1.24062; 510.39
1.24729; 512.208
1.25396; 513.989
1.26063; 515.734
1.2673; 517.442
1.27397; 519.112
1.28064; 520.742
1.28731; 522.332
1.29398; 523.881
1.30065; 525.387
1.30732; 526.848
1.31399; 528.265
1.32066; 529.635
1.32733; 530.957
1.334; 532.23
1.34067; 533.452
1.34734; 534.623
1.35401; 535.74
1.36068; 536.804
1.36735; 537.812
1.37402; 538.763
1.38069; 539.656
1.38736; 540.491
1.39403; 541.265
1.4007; 541.979
1.40737; 542.631
1.41404; 543.22
1.42071; 543.745
1.42738; 544.207
1.43405; 544.603
1.44072; 544.935
1.44739; 545.2
1.45406; 545.4
1.46073; 545.533
1.4674; 545.6
1.47407; 0
1.48074; 0
1.48741; 0
1.49408; 0
1.50075; 0
1.50742; 0
1.51409; 0
1.52076; 0
1.52743; 0
1.5341; 0
1.54077; 0
1.54744; 0
1.55411; 0
1.56078; 0
1.56745; 0
1.57412; 0
1.58079; 0
1.58746; 0
1.59413; 0
1.6008; 0
1.60747; 0
1.61414; 0
1.62081; 0
1.62748; 0
1.63415; 0
1.64082; 0
1.64749; 0
1.65416; 0
1.66083; 0
1.6675; 0
1.67417; 0
1.68084; 0
1.68751; 0
1.69418; 0
1.70085; 0
1.70752; 0
1.71419; 0
1.72086; 0
1.72753; 0
1.7342; 0
1.74087; 0
1.74754; 0
1.75421; 0
1.76088; 0
1.76755; 0
1.77422; 0
1.78089; 0
1.78756; 0
1.79423; 0
1.8009; 0
1.80757; 0
1.81424; 0
1.82091; 0
1.82758; 0
1.83425; 0
1.84092; 0
1.84759; 0
1.85426; 0
1.86093; 0
1.8676; 0
1.87427; 0
1.88094; 0
1.88761; 0
1.89428; 0
1.90095; 0
1.90762; 0
1.91429; 0
1.92096; 0
1.92763; 0
1.9343; 0
1.94097; 0
1.94764; 0
1.95431; 0
1.96098; 0
1.96765; 0
1.97432; 0
1.98099; 0
1.98766; 0
1.99433; 0
2.001; 0
