0.00667; 0
0.01334; 0
0.02001; 0
0.02668; 0
0.03335; 0
0.04002; 0
0.04669; 0
0.05336; 0
0.06003; 0
0.0667; 0
0.07337; 0
0.08004; 0
0.08671; 0
0.09338; 0
0.10005; 0
0.10672; 0
0.11339; 0
0.12006; 0
0.12673; 0
0.1334; 0
0.14007; 0
0.14674; 0
0.15341; 0
0.16008; 0
0.16675; 0
0.17342; 0
0.18009; 0
0.18676; 0
0.19343; 0
0.2001; 0
0.20677; 0
0.21344; 0
0.22011; 0
0.22678; 0
0.23345; 0
0.24012; 0
0.24679; 0
0.25346; 0
0.26013; 0
0.2668; 0
0.27347; 0
0.28014; 0
0.28681; 0
0.29348; 0
0.30015; 0
0.30682; 0
0.31349; 0
0.32016; 0
0.32683; 0
0.3335; 0
0.34017; 0
0.34684; 0
0.35351; 0
0.36018; 0
0.36685; 0
0.37352; 0
0.38019; 0
0.38686; 0
0.39353; 0
0.4002; 0
0.40687; 0
0.41354; 0
0.42021; 0
0.42688; 0
0.43355; 0
0.44022; 0
0.44689; 0
0.45356; 0
0.46023; 0
0.4669; 0
0.47357; 630.189
0.48024; 630.122
0.48691; 629.987
0.49358; 629.785
0.50025; 629.515
0.50692; 629.179
0.51359; 628.776
0.52026; 628.307
0.52693; 627.772
0.5336; 627.171
0.54027; 626.506
0.54694; 625.776
0.55361; 624.983
0.56028; 624.127
0.56695; 623.208
0.57362; 622.227
0.58029; 621.185
0.58696; 620.083
0.59363; 618.921
0.6003; 617.7
0.60697; 616.421
0.61364; 615.085
0.62031; 613.692
0.62698; 612.243
0.63365; 610.739
0.64032; 609.18
0.64699; 607.568
0.65366; 605.901
0.66033; 604.182
0.667; 602.41
0.67367; 600.585
0.68034; 598.709
0.68701; 596.78
0.69368; 594.8
0.70035; 592.768
0.70702; 590.683
0.71369; 588.545
0.72036; 586.354
0.72703; 584.109
0.7337; 581.809
0.74037; 579.452
0.74704; 577.037
0.75371; 574.563
0.76038; 572.027
0.76705; 569.427
0.77372; 566.759
0.78039; 564.022
0.78706; 561.21
0.79373; 558.319
0.8004; 555.346
0.80707; 552.283
0.81374; 549.125
0.82041; 545.864
0.82708; 542.493
0.83375; 539.001
0.84042; 535.379
0.84709; 531.613
0.85376; 527.691
0.86043; 523.597
0.8671; 519.313
0.87377; 514.818
0.88044; 510.09
0.88711; 505.103
0.89378; 499.828
0.90045; 494.236
0.90712; 488.294
0.91379; 481.972
0.92046; 475.25
0.92713; 468.124
0.9338; 460.633
0.94047; 452.896
0.94714; 445.172
0.95381; 437.955
0.96048; 432.061
0.96715; 428.606
0.97382; 428.606
0.98049; 432.061
0.98716; 437.955
0.99383; 445.172
1.0005; 452.896
1.00717; 460.633
1.01384; 468.124
1.02051; 475.25
1.02718; 481.972
1.03385; 488.294
1.04052; 494.236
1.04719; 499.828
1.05386; 505.103
1.06053; 510.09
1.0672; 514.818
1.07387; 519.313
1.08054; 523.597
1.08721; 527.691
1.09388; 531.613
1.10055; 535.379
1.10722; 539.001
1.11389; 542.493
1.12056; 545.864
1.12723; 549.125
1.1339; 552.283
1.14057; 555.346
1.14724; 558.319
1.15391; 561.21
1.16058; 564.022
1.16725; 566.759
1.17392; 569.427
1.18059; 572.027
1.18726; 574.563
1.19393; 577.037
1.2006; 579.452
1.20727; 581.809
1.21394; 584.109
1.22061; 586.354
1.22728; 588.545
1.23395; 590.683
1.24062; 592.768
1.24729; 594.8
1.25396; 596.78
1.26063; 598.709
1.2673; 600.585
1.27397; 602.41
1.28064; 604.182
1.28731; 605.901
1.29398; 607.568
1.30065; 609.18
1.30732; 610.739
1.31399; 612.243
1.32066; 613.692
1.32733; 615.085
1.334; 616.421
1.34067; 617.7
1.34734; 618.921
1.35401; 620.083
1.36068; 621.185
1.36735; 622.227
1.37402; 623.208
1.38069; 624.127
1.38736; 624.983
1.39403; 625.776
1.4007; 626.506
1.40737; 627.171
1.41404; 627.772
1.42071; 628.307
1.42738; 628.776
1.43405; 629.179
1.44072; 629.515
1.44739; 629.785
1.45406; 629.987
1.46073; 630.122
1.4674; 630.189
1.47407; 0
1.48074; 0
1.48741; 0
1.49408; 0
1.50075; 0
1.50742; 0
1.51409; 0
1.52076; 0
1.52743; 0
1.5341; 0
1.54077; 0
1.54744; 0
1.55411; 0
1.56078; 0
1.56745; 0
1.57412; 0
1.58079; 0
1.58746; 0
1.59413; 0
1.6008; 0
1.60747; 0
1.61414; 0
1.62081; 0
1.62748; 0
1.63415; 0
1.64082; 0
1.64749; 0
1.65416; 0
1.66083; 0
1.6675; 0
1.67417; 0
1.68084; 0
1.68751; 0
1.69418; 0
1.70085; 0
1.70752; 0
1.71419; 0
1.72086; 0
1.72753; 0
1.7342; 0
1.74087; 0
1.74754; 0
1.75421; 0
1.76088; 0
1.76755; 0
1.77422; 0
1.78089; 0
1.78756; 0
1.79423; 0
1.8009; 0
1.80757; 0
1.81424; 0
1.82091; 0
1.82758; 0
1.83425; 0
1.84092; 0
1.84759; 0
1.85426; 0
1.86093; 0
1.8676; 0
1.87427; 0
1.88094; 0
1.88761; 0
1.89428; 0
1.90095; 0
1.90762; 0
1.91429; 0
1.92096; 0
1.92763; 0
1.9343; 0
1.94097; 0
1.94764; 0
1.95431; 0
1.96098; 0
1.96765; 0
1.97432; 0
1.98099; 0
1.98766; 0
1.99433; 0
2.001; 0
