0.00667; 0
0.01334; 0
0.02001; 0
0.02668; 0
0.03335; 0
0.04002; 0
0.04669; 0
0.05336; 0
0.06003; 0
0.0667; 0
0.07337; 0
0.08004; 0
0.08671; 0
0.09338; 0
0.10005; 0
0.10672; 0
0.11339; 0
0.12006; 0
0.12673; 0
0.1334; 0
0.14007; 0
0.14674; 0
0.15341; 0
0.16008; 0
0.16675; 0
0.17342; 0
0.18009; 0
0.18676; 0
0.19343; 0
0.2001; 0
0.20677; 0
0.21344; 0
0.22011; 0
0.22678; 0
0.23345; 0
0.24012; 0
0.24679; 0
0.25346; 0
0.26013; 0
0.2668; 0
0.27347; 0
0.28014; 0
0.28681; 0
0.29348; 0
0.30015; 0
0.30682; 0
0.31349; 0
0.32016; 0
0.32683; 0
0.3335; 0
0.34017; 0
0.34684; 0
0.35351; 0
0.36018; 0
0.36685; 0
0.37352; 0
0.38019; 0
0.38686; 0
0.39353; 0
0.4002; 0
0.40687; 0
0.41354; 0
0.42021; 0
0.42688; 0
0.43355; 0
0.44022; 0
0.44689; 0
0.45356; 0
0.46023; 0
0.4669; 0
0.47357; 371.013
0.48024; 370.964
0.48691; 370.866
0.49358; 370.72
0.50025; 370.526
0.50692; 370.284
0.51359; 369.995
0.52026; 369.659
0.52693; 369.278
0.5336; 368.852
0.54027; 368.382
0.54694; 367.87
0.55361; 367.316
0.56028; 366.722
0.56695; 366.089
0.57362; 365.419
0.58029; 364.713
0.58696; 363.973
0.59363; 363.2
0.6003; 362.396
0.60697; 361.563
0.61364; 360.702
0.62031; 359.816
0.62698; 358.906
0.63365; 357.975
0.64032; 357.023
0.64699; 356.053
0.65366; 355.067
0.66033; 354.066
0.667; 353.053
0.67367; 352.03
0.68034; 350.997
0.68701; 349.958
0.69368; 348.913
0.70035; 347.865
0.70702; 346.815
0.71369; 345.765
0.72036; 344.716
0.72703; 343.67
0.7337; 342.629
0.74037; 341.593
0.74704; 340.565
0.75371; 339.545
0.76038; 338.534
0.76705; 337.534
0.77372; 336.545
0.78039; 335.568
0.78706; 334.605
0.79373; 333.655
0.8004; 332.719
0.80707; 331.798
0.81374; 330.891
0.82041; 330
0.82708; 329.123
0.83375; 328.26
0.84042; 327.412
0.84709; 326.577
0.85376; 325.754
0.86043; 324.942
0.8671; 324.14
0.87377; 323.345
0.88044; 322.556
0.88711; 321.771
0.89378; 320.985
0.90045; 320.196
0.90712; 319.401
0.91379; 318.595
0.92046; 317.776
0.92713; 316.943
0.9338; 316.099
0.94047; 315.253
0.94714; 314.43
0.95381; 313.675
0.96048; 313.068
0.96715; 312.715
0.97382; 312.715
0.98049; 313.068
0.98716; 313.675
0.99383; 314.43
1.0005; 315.253
1.00717; 316.099
1.01384; 316.943
1.02051; 317.776
1.02718; 318.595
1.03385; 319.401
1.04052; 320.196
1.04719; 320.985
1.05386; 321.771
1.06053; 322.556
1.0672; 323.345
1.07387; 324.14
1.08054; 324.942
1.08721; 325.754
1.09388; 326.577
1.10055; 327.412
1.10722; 328.26
1.11389; 329.123
1.12056; 330
1.12723; 330.891
1.1339; 331.798
1.14057; 332.719
1.14724; 333.655
1.15391; 334.605
1.16058; 335.568
1.16725; 336.545
1.17392; 337.534
1.18059; 338.534
1.18726; 339.545
1.19393; 340.565
1.2006; 341.593
1.20727; 342.629
1.21394; 343.67
1.22061; 344.716
1.22728; 345.765
1.23395; 346.815
1.24062; 347.865
1.24729; 348.913
1.25396; 349.958
1.26063; 350.997
1.2673; 352.03
1.27397; 353.053
1.28064; 354.066
1.28731; 355.067
1.29398; 356.053
1.30065; 357.023
1.30732; 357.975
1.31399; 358.906
1.32066; 359.816
1.32733; 360.702
1.334; 361.563
1.34067; 362.396
1.34734; 363.2
1.35401; 363.973
1.36068; 364.713
1.36735; 365.419
1.37402; 366.089
1.38069; 366.722
1.38736; 367.316
1.39403; 367.87
1.4007; 368.382
1.40737; 368.852
1.41404; 369.278
1.42071; 369.659
1.42738; 369.995
1.43405; 370.284
1.44072; 370.526
1.44739; 370.72
1.45406; 370.866
1.46073; 370.964
1.4674; 371.013
1.47407; 0
1.48074; 0
1.48741; 0
1.49408; 0
1.50075; 0
1.50742; 0
1.51409; 0
1.52076; 0
1.52743; 0
1.5341; 0
1.54077; 0
1.54744; 0
1.55411; 0
1.56078; 0
1.56745; 0
1.57412; 0
1.58079; 0
1.58746; 0
1.59413; 0
1.6008; 0
1.60747; 0
1.61414; 0
1.62081; 0
1.62748; 0
1.63415; 0
1.64082; 0
1.64749; 0
1.65416; 0
1.66083; 0
1.6675; 0
1.67417; 0
1.68084; 0
1.68751; 0
1.69418; 0
1.70085; 0
1.70752; 0
1.71419; 0
1.72086; 0
1.72753; 0
1.7342; 0
1.74087; 0
1.74754; 0
1.75421; 0
1.76088; 0
1.76755; 0
1.77422; 0
1.78089; 0
1.78756; 0
1.79423; 0
1.8009; 0
1.80757; 0
1.81424; 0
1.82091; 0
1.82758; 0
1.83425; 0
1.84092; 0
1.84759; 0
1.85426; 0
1.86093; 0
1.8676; 0
1.87427; 0
1.88094; 0
1.88761; 0
1.89428; 0
1.90095; 0
1.90762; 0
1.91429; 0
1.92096; 0
1.92763; 0
1.9343; 0
1.94097; 0
1.94764; 0
1.95431; 0
1.96098; 0
1.96765; 0
1.97432; 0
1.98099; 0
1.98766; 0
1.99433; 0
2.001; 0
