0.00026; 0
0.00052; 0
0.00078; 0
0.00104; 0
0.0013; 0
0.00156; 0
0.00182; 0
0.00208; 0
0.00234; 0
0.0026; 0
0.00286; 0
0.00312; 0
0.00338; 0
0.00364; 0
0.0039; 0
0.00416; 0
0.00442; 0
0.00468; 0
0.00494; 0
0.0052; 0
0.00546; 0
0.00572; 0
0.00598; 0
0.00624; 0
0.0065; 0
0.00676; 0
0.00702; 0
0.00728; 0
0.00754; 0
0.0078; 0
0.00806; 0
0.00832; 0
0.00858; 0
0.00884; 0
0.0091; 0
0.00936; 0
0.00962; 0
0.00988; 0
0.01014; 0
0.0104; 0
0.01066; 0
0.01092; 0
0.01118; 0
0.01144; 0
0.0117; 0
0.01196; 0
0.01222; 0
0.01248; 0
0.01274; 0
0.013; 0
0.01326; 0
0.01352; 0
0.01378; 0
0.01404; 0
0.0143; 0
0.01456; 0
0.01482; 0
0.01508; 0
0.01534; 0
0.0156; 0
0.01586; 0
0.01612; 0
0.01638; 0
0.01664; 0
0.0169; 0
0.01716; 0
0.01742; 0
0.01768; 0
0.01794; 0
0.0182; 0
0.01846; 0
0.01872; 0
0.01898; 0
0.01924; 0
0.0195; 0
0.01976; 0
0.02002; 0
0.02028; 0
0.02054; 0
0.0208; 0
0.02106; 0
0.02132; 302.948
0.02158; 302.942
0.02184; 302.938
0.0221; 302.924
0.02236; 302.928
0.02262; 302.926
0.02288; 302.925
0.02314; 302.915
0.0234; 302.915
0.02366; 302.91
0.02392; 302.904
0.02418; 302.889
0.02444; 302.893
0.0247; 302.89
0.02496; 302.888
0.02522; 302.878
0.02548; 302.878
0.02574; 302.872
0.026; 302.866
0.02626; 302.851
0.02652; 302.854
0.02678; 302.851
0.02704; 302.849
0.0273; 302.838
0.02756; 302.839
0.02782; 302.833
0.02808; 302.827
0.02834; 302.812
0.0286; 302.815
0.02886; 302.812
0.02912; 302.811
0.02938; 302.8
0.02964; 302.8
0.0299; 302.795
0.03016; 302.789
0.03042; 302.775
0.03068; 302.778
0.03094; 302.776
0.0312; 302.775
0.03146; 302.765
0.03172; 302.765
0.03198; 302.761
0.03224; 302.755
0.0325; 302.741
0.03276; 302.745
0.03302; 302.744
0.03328; 302.743
0.03354; 302.734
0.0338; 302.735
0.03406; 302.731
0.03432; 302.727
0.03458; 302.713
0.03484; 302.718
0.0351; 302.717
0.03536; 302.717
0.03562; 302.709
0.03588; 302.711
0.03614; 302.708
0.0364; 302.705
0.03666; 302.692
0.03692; 302.698
0.03718; 302.698
0.03744; 302.699
0.0377; 302.691
0.03796; 302.695
0.03822; 302.692
0.03848; 302.69
0.03874; 302.678
0.039; 302.685
0.03926; 302.686
0.03952; 302.688
0.03978; 302.682
0.04004; 302.686
0.0403; 302.685
0.04056; 302.683
0.04082; 302.672
0.04108; 302.68
0.04134; 302.682
0.0416; 302.685
0.04186; 302.68
0.04212; 302.685
0.04238; 302.685
0.04264; 302.684
0.0429; 302.675
0.04316; 302.684
0.04342; 302.686
0.04368; 302.691
0.04394; 302.686
0.0442; 302.693
0.04446; 302.693
0.04472; 302.694
0.04498; 302.685
0.04524; 302.695
0.0455; 302.699
0.04576; 302.704
0.04602; 302.7
0.04628; 302.708
0.04654; 302.709
0.0468; 302.711
0.04706; 302.703
0.04732; 302.714
0.04758; 302.719
0.04784; 302.725
0.0481; 302.722
0.04836; 302.73
0.04862; 302.732
0.04888; 302.735
0.04914; 302.728
0.0494; 302.739
0.04966; 302.745
0.04992; 302.751
0.05018; 302.749
0.05044; 302.758
0.0507; 302.761
0.05096; 302.764
0.05122; 302.758
0.05148; 302.77
0.05174; 302.776
0.052; 302.783
0.05226; 302.781
0.05252; 302.79
0.05278; 302.794
0.05304; 302.797
0.0533; 302.791
0.05356; 302.803
0.05382; 302.809
0.05408; 302.816
0.05434; 302.815
0.0546; 302.824
0.05486; 302.827
0.05512; 302.83
0.05538; 302.824
0.05564; 302.836
0.0559; 302.842
0.05616; 302.85
0.05642; 302.848
0.05668; 302.858
0.05694; 302.862
0.0572; 0
0.05746; 0
0.05772; 0
0.05798; 0
0.05824; 0
0.0585; 0
0.05876; 0
0.05902; 0
0.05928; 0
0.05954; 0
0.0598; 0
0.06006; 0
0.06032; 0
0.06058; 0
0.06084; 0
0.0611; 0
0.06136; 0
0.06162; 0
0.06188; 0
0.06214; 0
0.0624; 0
0.06266; 0
0.06292; 0
0.06318; 0
0.06344; 0
0.0637; 0
0.06396; 0
0.06422; 0
0.06448; 0
0.06474; 0
0.065; 0
0.06526; 0
0.06552; 0
0.06578; 0
0.06604; 0
0.0663; 0
0.06656; 0
0.06682; 0
0.06708; 0
0.06734; 0
0.0676; 0
0.06786; 0
0.06812; 0
0.06838; 0
0.06864; 0
0.0689; 0
0.06916; 0
0.06942; 0
0.06968; 0
0.06994; 0
0.0702; 0
0.07046; 0
0.07072; 0
0.07098; 0
0.07124; 0
0.0715; 0
0.07176; 0
0.07202; 0
0.07228; 0
0.07254; 0
0.0728; 0
0.07306; 0
0.07332; 0
0.07358; 0
0.07384; 0
0.0741; 0
0.07436; 0
0.07462; 0
0.07488; 0
0.07514; 0
0.0754; 0
0.07566; 0
0.07592; 0
0.07618; 0
0.07644; 0
0.0767; 0
0.07696; 0
0.07722; 0
0.07748; 0
0.07774; 0
0.078; 0
