0.00026; 750.975
0.00052; 750.971
0.00078; 750.975
0.00104; 750.976
0.0013; 750.973
0.00156; 750.971
0.00182; 750.972
0.00208; 750.972
0.00234; 750.969
0.0026; 750.964
0.00286; 750.968
0.00312; 750.969
0.00338; 750.967
0.00364; 750.964
0.0039; 750.965
0.00416; 750.966
0.00442; 750.962
0.00468; 750.958
0.00494; 750.962
0.0052; 750.962
0.00546; 750.96
0.00572; 750.957
0.00598; 750.959
0.00624; 750.959
0.0065; 750.956
0.00676; 750.951
0.00702; 750.955
0.00728; 750.956
0.00754; 750.954
0.0078; 750.951
0.00806; 750.953
0.00832; 750.953
0.00858; 750.95
0.00884; 750.945
0.0091; 750.949
0.00936; 750.95
0.00962; 750.948
0.00988; 750.945
0.01014; 750.947
0.0104; 750.947
0.01066; 750.944
0.01092; 750.94
0.01118; 750.944
0.01144; 750.945
0.0117; 750.943
0.01196; 750.94
0.01222; 750.942
0.01248; 750.942
0.01274; 750.939
0.013; 750.934
0.01326; 750.939
0.01352; 750.94
0.01378; 750.938
0.01404; 750.935
0.0143; 750.937
0.01456; 750.937
0.01482; 750.934
0.01508; 750.93
0.01534; 750.934
0.0156; 750.935
0.01586; 750.933
0.01612; 750.931
0.01638; 750.932
0.01664; 750.933
0.0169; 750.93
0.01716; 750.925
0.01742; 750.93
0.01768; 750.931
0.01794; 750.929
0.0182; 750.926
0.01846; 750.928
0.01872; 750.929
0.01898; 750.926
0.01924; 750.921
0.0195; 750.926
0.01976; 750.927
0.02002; 750.925
0.02028; 750.923
0.02054; 750.925
0.0208; 750.925
0.02106; 750.922
0.02132; 750.918
0.02158; 750.923
0.02184; 750.924
0.0221; 750.922
0.02236; 750.92
0.02262; 750.921
0.02288; 750.922
0.02314; 750.919
0.0234; 750.915
0.02366; 750.919
0.02392; 750.92
0.02418; 750.919
0.02444; 750.917
0.0247; 750.919
0.02496; 750.919
0.02522; 750.916
0.02548; 750.912
0.02574; 750.917
0.026; 750.918
0.02626; 750.916
0.02652; 750.914
0.02678; 750.916
0.02704; 750.917
0.0273; 750.914
0.02756; 750.91
0.02782; 750.914
0.02808; 750.916
0.02834; 750.914
0.0286; 750.912
0.02886; 750.914
0.02912; 750.914
0.02938; 750.912
0.02964; 750.908
0.0299; 750.912
0.03016; 750.914
0.03042; 750.912
0.03068; 750.91
0.03094; 750.912
0.0312; 750.913
0.03146; 750.91
0.03172; 750.906
0.03198; 750.911
0.03224; 750.912
0.0325; 750.911
0.03276; 750.908
0.03302; 750.911
0.03328; 750.911
0.03354; 750.909
0.0338; 750.905
0.03406; 750.91
0.03432; 750.911
0.03458; 750.909
0.03484; 750.907
0.0351; 750.91
0.03536; 750.91
0.03562; 750.908
0.03588; 750.904
0.03614; 750.909
0.0364; 750.91
0.03666; 750.909
0.03692; 750.907
0.03718; 750.909
0.03744; 750.91
0.0377; 750.907
0.03796; 750.903
0.03822; 750.908
0.03848; 750.91
0.03874; 750.908
0.039; 750.906
0.03926; 750.909
0.03952; 750.91
0.03978; 750.907
0.04004; 750.903
0.0403; 750.908
0.04056; 750.91
0.04082; 750.908
0.04108; 750.906
0.04134; 750.909
0.0416; 750.91
0.04186; 750.907
0.04212; 750.903
0.04238; 750.908
0.04264; 750.91
0.0429; 750.909
0.04316; 750.907
0.04342; 750.909
0.04368; 750.91
0.04394; 750.908
0.0442; 750.904
0.04446; 750.909
0.04472; 750.911
0.04498; 750.909
0.04524; 750.908
0.0455; 750.91
0.04576; 750.911
0.04602; 750.909
0.04628; 750.905
0.04654; 750.91
0.0468; 750.912
0.04706; 750.91
0.04732; 750.909
0.04758; 750.911
0.04784; 750.912
0.0481; 750.91
0.04836; 750.906
0.04862; 750.911
0.04888; 750.913
0.04914; 750.912
0.0494; 750.91
0.04966; 750.913
0.04992; 750.914
0.05018; 750.911
0.05044; 750.908
0.0507; 750.913
0.05096; 750.915
0.05122; 750.913
0.05148; 750.912
0.05174; 750.914
0.052; 750.916
0.05226; 750.913
0.05252; 750.91
0.05278; 750.915
0.05304; 750.917
0.0533; 750.915
0.05356; 750.914
0.05382; 750.917
0.05408; 750.918
0.05434; 750.916
0.0546; 750.912
0.05486; 750.917
0.05512; 750.919
0.05538; 750.918
0.05564; 750.916
0.0559; 750.919
0.05616; 750.92
0.05642; 750.918
0.05668; 750.914
0.05694; 750.92
0.0572; 750.922
0.05746; 750.921
0.05772; 750.919
0.05798; 750.922
0.05824; 750.923
0.0585; 750.921
0.05876; 750.917
0.05902; 750.923
0.05928; 750.925
0.05954; 750.924
0.0598; 750.922
0.06006; 750.925
0.06032; 750.926
0.06058; 750.924
0.06084; 750.921
0.0611; 750.926
0.06136; 750.928
0.06162; 750.927
0.06188; 750.926
0.06214; 750.929
0.0624; 750.93
0.06266; 750.928
0.06292; 750.924
0.06318; 750.93
0.06344; 750.932
0.0637; 750.931
0.06396; 750.93
0.06422; 750.932
0.06448; 750.934
0.06474; 750.932
0.065; 750.929
0.06526; 750.934
0.06552; 750.936
0.06578; 750.935
0.06604; 750.934
0.0663; 750.937
0.06656; 750.938
0.06682; 750.936
0.06708; 750.933
0.06734; 750.938
0.0676; 750.94
0.06786; 750.94
0.06812; 750.938
0.06838; 750.941
0.06864; 750.943
0.0689; 750.941
0.06916; 750.938
0.06942; 750.943
0.06968; 750.945
0.06994; 750.944
0.0702; 750.943
0.07046; 750.946
0.07072; 750.948
0.07098; 750.946
0.07124; 750.943
0.0715; 750.948
0.07176; 750.951
0.07202; 750.95
0.07228; 750.949
0.07254; 750.952
0.0728; 750.953
0.07306; 750.952
0.07332; 750.948
0.07358; 750.954
0.07384; 750.956
0.0741; 750.955
0.07436; 750.954
0.07462; 750.957
0.07488; 750.959
0.07514; 750.957
0.0754; 750.954
0.07566; 750.96
0.07592; 750.962
0.07618; 750.962
0.07644; 750.961
0.0767; 750.964
0.07696; 750.966
0.07722; 750.964
0.07748; 750.961
0.07774; 750.967
0.078; 750.97
