0.00026; 390.467
0.00052; 390.483
0.00078; 390.469
0.00104; 390.44
0.0013; 390.453
0.00156; 390.458
0.00182; 390.452
0.00208; 390.437
0.00234; 390.435
0.0026; 390.441
0.00286; 390.433
0.00312; 390.407
0.00338; 390.42
0.00364; 390.424
0.0039; 390.417
0.00416; 390.402
0.00442; 390.399
0.00468; 390.406
0.00494; 390.397
0.0052; 390.371
0.00546; 390.383
0.00572; 390.388
0.00598; 390.381
0.00624; 390.366
0.0065; 390.363
0.00676; 390.369
0.00702; 390.361
0.00728; 390.335
0.00754; 390.348
0.0078; 390.352
0.00806; 390.346
0.00832; 390.33
0.00858; 390.328
0.00884; 390.335
0.0091; 390.327
0.00936; 390.301
0.00962; 390.314
0.00988; 390.319
0.01014; 390.313
0.0104; 390.298
0.01066; 390.296
0.01092; 390.303
0.01118; 390.295
0.01144; 390.27
0.0117; 390.283
0.01196; 390.289
0.01222; 390.282
0.01248; 390.268
0.01274; 390.266
0.013; 390.274
0.01326; 390.266
0.01352; 390.241
0.01378; 390.255
0.01404; 390.26
0.0143; 390.255
0.01456; 390.24
0.01482; 390.239
0.01508; 390.247
0.01534; 390.239
0.0156; 390.215
0.01586; 390.229
0.01612; 390.235
0.01638; 390.23
0.01664; 390.216
0.0169; 390.215
0.01716; 390.222
0.01742; 390.216
0.01768; 390.191
0.01794; 390.206
0.0182; 390.212
0.01846; 390.207
0.01872; 390.193
0.01898; 390.192
0.01924; 390.201
0.0195; 390.194
0.01976; 390.17
0.02002; 390.185
0.02028; 390.192
0.02054; 390.187
0.0208; 390.174
0.02106; 390.173
0.02132; 390.182
0.02158; 390.176
0.02184; 390.152
0.0221; 390.167
0.02236; 390.174
0.02262; 390.169
0.02288; 390.156
0.02314; 390.156
0.0234; 390.165
0.02366; 390.159
0.02392; 390.136
0.02418; 390.151
0.02444; 390.158
0.0247; 390.154
0.02496; 390.141
0.02522; 390.141
0.02548; 390.15
0.02574; 390.145
0.026; 390.122
0.02626; 390.137
0.02652; 390.145
0.02678; 390.141
0.02704; 390.128
0.0273; 390.129
0.02756; 390.138
0.02782; 390.133
0.02808; 390.11
0.02834; 390.126
0.0286; 390.133
0.02886; 390.129
0.02912; 390.117
0.02938; 390.118
0.02964; 390.128
0.0299; 390.122
0.03016; 390.1
0.03042; 390.116
0.03068; 390.123
0.03094; 390.12
0.0312; 390.108
0.03146; 390.109
0.03172; 390.119
0.03198; 390.114
0.03224; 390.091
0.0325; 390.108
0.03276; 390.116
0.03302; 390.113
0.03328; 390.101
0.03354; 390.102
0.0338; 390.112
0.03406; 390.108
0.03432; 390.086
0.03458; 390.102
0.03484; 390.111
0.0351; 390.108
0.03536; 390.096
0.03562; 390.098
0.03588; 390.108
0.03614; 390.104
0.0364; 390.082
0.03666; 390.099
0.03692; 390.107
0.03718; 390.105
0.03744; 390.094
0.0377; 390.095
0.03796; 390.106
0.03822; 390.102
0.03848; 390.08
0.03874; 390.097
0.039; 390.106
0.03926; 390.104
0.03952; 390.093
0.03978; 390.095
0.04004; 390.106
0.0403; 390.102
0.04056; 390.08
0.04082; 390.098
0.04108; 390.107
0.04134; 390.105
0.0416; 390.094
0.04186; 390.096
0.04212; 390.107
0.04238; 390.103
0.04264; 390.083
0.0429; 390.1
0.04316; 390.11
0.04342; 390.107
0.04368; 390.097
0.04394; 390.099
0.0442; 390.111
0.04446; 390.107
0.04472; 390.086
0.04498; 390.104
0.04524; 390.114
0.0455; 390.112
0.04576; 390.101
0.04602; 390.104
0.04628; 390.116
0.04654; 390.112
0.0468; 390.092
0.04706; 390.11
0.04732; 390.12
0.04758; 390.118
0.04784; 390.108
0.0481; 390.111
0.04836; 390.123
0.04862; 390.12
0.04888; 390.1
0.04914; 390.118
0.0494; 390.128
0.04966; 390.127
0.04992; 390.117
0.05018; 390.12
0.05044; 390.132
0.0507; 390.13
0.05096; 390.11
0.05122; 390.128
0.05148; 390.139
0.05174; 390.137
0.052; 390.128
0.05226; 390.131
0.05252; 390.144
0.05278; 390.141
0.05304; 390.121
0.0533; 390.14
0.05356; 390.151
0.05382; 390.15
0.05408; 390.14
0.05434; 390.144
0.0546; 390.157
0.05486; 390.154
0.05512; 390.135
0.05538; 390.154
0.05564; 390.165
0.0559; 390.164
0.05616; 390.155
0.05642; 390.159
0.05668; 390.172
0.05694; 390.17
0.0572; 390.151
0.05746; 390.17
0.05772; 390.181
0.05798; 390.18
0.05824; 390.172
0.0585; 390.176
0.05876; 390.189
0.05902; 390.187
0.05928; 390.168
0.05954; 390.187
0.0598; 390.199
0.06006; 390.199
0.06032; 390.19
0.06058; 390.195
0.06084; 390.208
0.0611; 390.207
0.06136; 390.188
0.06162; 390.208
0.06188; 390.219
0.06214; 390.22
0.0624; 390.211
0.06266; 390.216
0.06292; 390.23
0.06318; 390.228
0.06344; 390.21
0.0637; 390.23
0.06396; 390.242
0.06422; 390.242
0.06448; 390.234
0.06474; 390.239
0.065; 390.253
0.06526; 390.252
0.06552; 390.234
0.06578; 390.254
0.06604; 390.266
0.0663; 390.267
0.06656; 390.259
0.06682; 390.264
0.06708; 390.278
0.06734; 390.278
0.0676; 390.26
0.06786; 390.28
0.06812; 390.293
0.06838; 390.294
0.06864; 390.286
0.0689; 390.292
0.06916; 390.306
0.06942; 390.306
0.06968; 390.288
0.06994; 390.309
0.0702; 390.322
0.07046; 390.323
0.07072; 390.316
0.07098; 390.322
0.07124; 390.337
0.0715; 390.336
0.07176; 390.319
0.07202; 390.34
0.07228; 390.353
0.07254; 390.355
0.0728; 390.348
0.07306; 390.354
0.07332; 390.369
0.07358; 390.369
0.07384; 390.352
0.0741; 390.373
0.07436; 390.386
0.07462; 390.387
0.07488; 390.38
0.07514; 390.386
0.0754; 390.401
0.07566; 390.401
0.07592; 390.384
0.07618; 390.404
0.07644; 390.417
0.0767; 390.418
0.07696; 390.411
0.07722; 390.416
0.07748; 390.43
0.07774; 390.429
0.078; 390.412
