0.00667; 0
0.01334; 0
0.02001; 0
0.02668; 0
0.03335; 0
0.04002; 0
0.04669; 0
0.05336; 0
0.06003; 0
0.0667; 0
0.07337; 0
0.08004; 0
0.08671; 0
0.09338; 0
0.10005; 0
0.10672; 0
0.11339; 0
0.12006; 0
0.12673; 0
0.1334; 0
0.14007; 0
0.14674; 0
0.15341; 0
0.16008; 0
0.16675; 0
0.17342; 0
0.18009; 0
0.18676; 0
0.19343; 0
0.2001; 0
0.20677; 0
0.21344; 0
0.22011; 0
0.22678; 0
0.23345; 0
0.24012; 0
0.24679; 0
0.25346; 0
0.26013; 0
0.2668; 0
0.27347; 0
0.28014; 0
0.28681; 0
0.29348; 0
0.30015; 0
0.30682; 0
0.31349; 0
0.32016; 0
0.32683; 0
0.3335; 0
0.34017; 0
0.34684; 0
0.35351; 0
0.36018; 0
0.36685; 0
0.37352; 0
0.38019; 0
0.38686; 0
0.39353; 0
0.4002; 0
0.40687; 0
0.41354; 0
0.42021; 0
0.42688; 0
0.43355; 0
0.44022; 0
0.44689; 0
0.45356; 0
0.46023; 0
0.4669; 0
0.47357; 512.542
0.48024; 512.475
0.48691; 512.343
0.49358; 512.145
0.50025; 511.882
0.50692; 511.554
0.51359; 511.16
0.52026; 510.703
0.52693; 510.183
0.5336; 509.6
0.54027; 508.956
0.54694; 508.25
0.55361; 507.485
0.56028; 506.662
0.56695; 505.781
0.57362; 504.844
0.58029; 503.852
0.58696; 502.807
0.59363; 501.71
0.6003; 500.562
0.60697; 499.365
0.61364; 498.12
0.62031; 496.829
0.62698; 495.493
0.63365; 494.115
0.64032; 492.695
0.64699; 491.234
0.65366; 489.736
0.66033; 488.2
0.667; 486.629
0.67367; 485.023
0.68034; 483.385
0.68701; 481.715
0.69368; 480.015
0.70035; 478.286
0.70702; 476.529
0.71369; 474.744
0.72036; 472.933
0.72703; 471.096
0.7337; 469.233
0.74037; 467.346
0.74704; 465.435
0.75371; 463.498
0.76038; 461.537
0.76705; 459.551
0.77372; 457.539
0.78039; 455.499
0.78706; 453.432
0.79373; 451.335
0.8004; 449.206
0.80707; 447.043
0.81374; 444.843
0.82041; 442.602
0.82708; 440.316
0.83375; 437.981
0.84042; 435.591
0.84709; 433.14
0.85376; 430.62
0.86043; 428.023
0.8671; 425.339
0.87377; 422.556
0.88044; 419.662
0.88711; 416.643
0.89378; 413.482
0.90045; 410.163
0.90712; 406.666
0.91379; 402.975
0.92046; 399.077
0.92713; 394.97
0.9338; 390.675
0.94047; 386.257
0.94714; 381.862
0.95381; 377.766
0.96048; 374.427
0.96715; 372.472
0.97382; 372.472
0.98049; 374.427
0.98716; 377.766
0.99383; 381.862
1.0005; 386.257
1.00717; 390.675
1.01384; 394.97
1.02051; 399.077
1.02718; 402.975
1.03385; 406.666
1.04052; 410.163
1.04719; 413.482
1.05386; 416.643
1.06053; 419.662
1.0672; 422.556
1.07387; 425.339
1.08054; 428.023
1.08721; 430.62
1.09388; 433.14
1.10055; 435.591
1.10722; 437.981
1.11389; 440.316
1.12056; 442.602
1.12723; 444.843
1.1339; 447.043
1.14057; 449.206
1.14724; 451.335
1.15391; 453.432
1.16058; 455.499
1.16725; 457.539
1.17392; 459.551
1.18059; 461.537
1.18726; 463.498
1.19393; 465.435
1.2006; 467.346
1.20727; 469.233
1.21394; 471.096
1.22061; 472.933
1.22728; 474.744
1.23395; 476.529
1.24062; 478.286
1.24729; 480.015
1.25396; 481.715
1.26063; 483.385
1.2673; 485.023
1.27397; 486.629
1.28064; 488.2
1.28731; 489.736
1.29398; 491.234
1.30065; 492.695
1.30732; 494.115
1.31399; 495.493
1.32066; 496.829
1.32733; 498.12
1.334; 499.365
1.34067; 500.562
1.34734; 501.71
1.35401; 502.807
1.36068; 503.852
1.36735; 504.844
1.37402; 505.781
1.38069; 506.662
1.38736; 507.485
1.39403; 508.25
1.4007; 508.956
1.40737; 509.6
1.41404; 510.183
1.42071; 510.703
1.42738; 511.16
1.43405; 511.554
1.44072; 511.882
1.44739; 512.145
1.45406; 512.343
1.46073; 512.475
1.4674; 512.542
1.47407; 0
1.48074; 0
1.48741; 0
1.49408; 0
1.50075; 0
1.50742; 0
1.51409; 0
1.52076; 0
1.52743; 0
1.5341; 0
1.54077; 0
1.54744; 0
1.55411; 0
1.56078; 0
1.56745; 0
1.57412; 0
1.58079; 0
1.58746; 0
1.59413; 0
1.6008; 0
1.60747; 0
1.61414; 0
1.62081; 0
1.62748; 0
1.63415; 0
1.64082; 0
1.64749; 0
1.65416; 0
1.66083; 0
1.6675; 0
1.67417; 0
1.68084; 0
1.68751; 0
1.69418; 0
1.70085; 0
1.70752; 0
1.71419; 0
1.72086; 0
1.72753; 0
1.7342; 0
1.74087; 0
1.74754; 0
1.75421; 0
1.76088; 0
1.76755; 0
1.77422; 0
1.78089; 0
1.78756; 0
1.79423; 0
1.8009; 0
1.80757; 0
1.81424; 0
1.82091; 0
1.82758; 0
1.83425; 0
1.84092; 0
1.84759; 0
1.85426; 0
1.86093; 0
1.8676; 0
1.87427; 0
1.88094; 0
1.88761; 0
1.89428; 0
1.90095; 0
1.90762; 0
1.91429; 0
1.92096; 0
1.92763; 0
1.9343; 0
1.94097; 0
1.94764; 0
1.95431; 0
1.96098; 0
1.96765; 0
1.97432; 0
1.98099; 0
1.98766; 0
1.99433; 0
2.001; 0
