0.00667; 0
0.01334; 0
0.02001; 0
0.02668; 0
0.03335; 0
0.04002; 0
0.04669; 0
0.05336; 0
0.06003; 0
0.0667; 0
0.07337; 0
0.08004; 0
0.08671; 0
0.09338; 0
0.10005; 0
0.10672; 0
0.11339; 0
0.12006; 0
0.12673; 0
0.1334; 0
0.14007; 0
0.14674; 0
0.15341; 0
0.16008; 0
0.16675; 0
0.17342; 0
0.18009; 0
0.18676; 0
0.19343; 0
0.2001; 0
0.20677; 0
0.21344; 0
0.22011; 0
0.22678; 0
0.23345; 0
0.24012; 0
0.24679; 0
0.25346; 0
0.26013; 0
0.2668; 0
0.27347; 0
0.28014; 0
0.28681; 0
0.29348; 0
0.30015; 0
0.30682; 0
0.31349; 0
0.32016; 0
0.32683; 0
0.3335; 0
0.34017; 0
0.34684; 0
0.35351; 0
0.36018; 0
0.36685; 0
0.37352; 0
0.38019; 0
0.38686; 0
0.39353; 0
0.4002; 0
0.40687; 0
0.41354; 0
0.42021; 0
0.42688; 0
0.43355; 0
0.44022; 0
0.44689; 0
0.45356; 0
0.46023; 0
0.4669; 0
0.47357; 585.049
0.48024; 584.982
0.48691; 584.848
0.49358; 584.647
0.50025; 584.38
0.50692; 584.046
0.51359; 583.646
0.52026; 583.181
0.52693; 582.65
0.5336; 582.056
0.54027; 581.397
0.54694; 580.676
0.55361; 579.892
0.56028; 579.047
0.56695; 578.141
0.57362; 577.176
0.58029; 576.152
0.58696; 575.07
0.59363; 573.931
0.6003; 572.737
0.60697; 571.487
0.61364; 570.184
0.62031; 568.829
0.62698; 567.421
0.63365; 565.963
0.64032; 564.456
0.64699; 562.899
0.65366; 561.295
0.66033; 559.644
0.667; 557.947
0.67367; 556.205
0.68034; 554.418
0.68701; 552.586
0.69368; 550.711
0.70035; 548.793
0.70702; 546.832
0.71369; 544.827
0.72036; 542.78
0.72703; 540.69
0.7337; 538.555
0.74037; 536.377
0.74704; 534.154
0.75371; 531.884
0.76038; 529.567
0.76705; 527.201
0.77372; 524.783
0.78039; 522.312
0.78706; 519.784
0.79373; 517.197
0.8004; 514.546
0.80707; 511.828
0.81374; 509.036
0.82041; 506.166
0.82708; 503.211
0.83375; 500.162
0.84042; 497.013
0.84709; 493.751
0.85376; 490.367
0.86043; 486.848
0.8671; 483.178
0.87377; 479.34
0.88044; 475.317
0.88711; 471.085
0.89378; 466.623
0.90045; 461.904
0.90712; 456.902
0.91379; 451.591
0.92046; 445.955
0.92713; 439.99
0.9338; 433.728
0.94047; 427.267
0.94714; 420.823
0.95381; 414.806
0.96048; 409.895
0.96715; 407.017
0.97382; 407.017
0.98049; 409.895
0.98716; 414.806
0.99383; 420.823
1.0005; 427.267
1.00717; 433.728
1.01384; 439.99
1.02051; 445.955
1.02718; 451.591
1.03385; 456.902
1.04052; 461.904
1.04719; 466.623
1.05386; 471.085
1.06053; 475.317
1.0672; 479.34
1.07387; 483.178
1.08054; 486.848
1.08721; 490.367
1.09388; 493.751
1.10055; 497.013
1.10722; 500.162
1.11389; 503.211
1.12056; 506.166
1.12723; 509.036
1.1339; 511.828
1.14057; 514.546
1.14724; 517.197
1.15391; 519.784
1.16058; 522.312
1.16725; 524.783
1.17392; 527.201
1.18059; 529.567
1.18726; 531.884
1.19393; 534.154
1.2006; 536.377
1.20727; 538.555
1.21394; 540.69
1.22061; 542.78
1.22728; 544.827
1.23395; 546.832
1.24062; 548.793
1.24729; 550.711
1.25396; 552.586
1.26063; 554.418
1.2673; 556.205
1.27397; 557.947
1.28064; 559.644
1.28731; 561.295
1.29398; 562.899
1.30065; 564.456
1.30732; 565.963
1.31399; 567.421
1.32066; 568.829
1.32733; 570.184
1.334; 571.487
1.34067; 572.737
1.34734; 573.931
1.35401; 575.07
1.36068; 576.152
1.36735; 577.176
1.37402; 578.141
1.38069; 579.047
1.38736; 579.892
1.39403; 580.676
1.4007; 581.397
1.40737; 582.056
1.41404; 582.65
1.42071; 583.181
1.42738; 583.646
1.43405; 584.046
1.44072; 584.38
1.44739; 584.647
1.45406; 584.848
1.46073; 584.982
1.4674; 585.049
1.47407; 0
1.48074; 0
1.48741; 0
1.49408; 0
1.50075; 0
1.50742; 0
1.51409; 0
1.52076; 0
1.52743; 0
1.5341; 0
1.54077; 0
1.54744; 0
1.55411; 0
1.56078; 0
1.56745; 0
1.57412; 0
1.58079; 0
1.58746; 0
1.59413; 0
1.6008; 0
1.60747; 0
1.61414; 0
1.62081; 0
1.62748; 0
1.63415; 0
1.64082; 0
1.64749; 0
1.65416; 0
1.66083; 0
1.6675; 0
1.67417; 0
1.68084; 0
1.68751; 0
1.69418; 0
1.70085; 0
1.70752; 0
1.71419; 0
1.72086; 0
1.72753; 0
1.7342; 0
1.74087; 0
1.74754; 0
1.75421; 0
1.76088; 0
1.76755; 0
1.77422; 0
1.78089; 0
1.78756; 0
1.79423; 0
1.8009; 0
1.80757; 0
1.81424; 0
1.82091; 0
1.82758; 0
1.83425; 0
1.84092; 0
1.84759; 0
1.85426; 0
1.86093; 0
1.8676; 0
1.87427; 0
1.88094; 0
1.88761; 0
1.89428; 0
1.90095; 0
1.90762; 0
1.91429; 0
1.92096; 0
1.92763; 0
1.9343; 0
1.94097; 0
1.94764; 0
1.95431; 0
1.96098; 0
1.96765; 0
1.97432; 0
1.98099; 0
1.98766; 0
1.99433; 0
2.001; 0
