0.00667; 0
0.01334; 0
0.02001; 0
0.02668; 0
0.03335; 0
0.04002; 0
0.04669; 0
0.05336; 0
0.06003; 0
0.0667; 0
0.07337; 0
0.08004; 0
0.08671; 0
0.09338; 0
0.10005; 0
0.10672; 0
0.11339; 0
0.12006; 0
0.12673; 0
0.1334; 0
0.14007; 0
0.14674; 0
0.15341; 0
0.16008; 0
0.16675; 0
0.17342; 0
0.18009; 0
0.18676; 0
0.19343; 0
0.2001; 0
0.20677; 0
0.21344; 0
0.22011; 0
0.22678; 0
0.23345; 0
0.24012; 0
0.24679; 0
0.25346; 0
0.26013; 0
0.2668; 0
0.27347; 0
0.28014; 0
0.28681; 0
0.29348; 0
0.30015; 0
0.30682; 0
0.31349; 0
0.32016; 0
0.32683; 0
0.3335; 0
0.34017; 0
0.34684; 0
0.35351; 0
0.36018; 0
0.36685; 0
0.37352; 0
0.38019; 0
0.38686; 0
0.39353; 0
0.4002; 0
0.40687; 0
0.41354; 0
0.42021; 0
0.42688; 0
0.43355; 0
0.44022; 0
0.44689; 0
0.45356; 0
0.46023; 0
0.4669; 0
0.47357; 510.018
0.48024; 509.952
0.48691; 509.82
0.49358; 509.622
0.50025; 509.359
0.50692; 509.031
0.51359; 508.638
0.52026; 508.181
0.52693; 507.661
0.5336; 507.079
0.54027; 506.435
0.54694; 505.731
0.55361; 504.967
0.56028; 504.144
0.56695; 503.264
0.57362; 502.329
0.58029; 501.338
0.58696; 500.295
0.59363; 499.199
0.6003; 498.053
0.60697; 496.858
0.61364; 495.615
0.62031; 494.327
0.62698; 492.994
0.63365; 491.619
0.64032; 490.202
0.64699; 488.746
0.65366; 487.251
0.66033; 485.72
0.667; 484.153
0.67367; 482.553
0.68034; 480.921
0.68701; 479.257
0.69368; 477.563
0.70035; 475.841
0.70702; 474.091
0.71369; 472.314
0.72036; 470.512
0.72703; 468.684
0.7337; 466.831
0.74037; 464.955
0.74704; 463.054
0.75371; 461.13
0.76038; 459.182
0.76705; 457.209
0.77372; 455.211
0.78039; 453.187
0.78706; 451.136
0.79373; 449.056
0.8004; 446.946
0.80707; 444.802
0.81374; 442.622
0.82041; 440.403
0.82708; 438.141
0.83375; 435.831
0.84042; 433.468
0.84709; 431.045
0.85376; 428.555
0.86043; 425.99
0.8671; 423.34
0.87377; 420.594
0.88044; 417.74
0.88711; 414.762
0.89378; 411.647
0.90045; 408.375
0.90712; 404.931
0.91379; 401.295
0.92046; 397.457
0.92713; 393.415
0.9338; 389.188
0.94047; 384.841
0.94714; 380.517
0.95381; 376.487
0.96048; 373.202
0.96715; 371.279
0.97382; 371.279
0.98049; 373.202
0.98716; 376.487
0.99383; 380.517
1.0005; 384.841
1.00717; 389.188
1.01384; 393.415
1.02051; 397.457
1.02718; 401.295
1.03385; 404.931
1.04052; 408.375
1.04719; 411.647
1.05386; 414.762
1.06053; 417.74
1.0672; 420.594
1.07387; 423.34
1.08054; 425.99
1.08721; 428.555
1.09388; 431.045
1.10055; 433.468
1.10722; 435.831
1.11389; 438.141
1.12056; 440.403
1.12723; 442.622
1.1339; 444.802
1.14057; 446.946
1.14724; 449.056
1.15391; 451.136
1.16058; 453.187
1.16725; 455.211
1.17392; 457.209
1.18059; 459.182
1.18726; 461.13
1.19393; 463.054
1.2006; 464.955
1.20727; 466.831
1.21394; 468.684
1.22061; 470.512
1.22728; 472.314
1.23395; 474.091
1.24062; 475.841
1.24729; 477.563
1.25396; 479.257
1.26063; 480.921
1.2673; 482.553
1.27397; 484.153
1.28064; 485.72
1.28731; 487.251
1.29398; 488.746
1.30065; 490.202
1.30732; 491.619
1.31399; 492.994
1.32066; 494.327
1.32733; 495.615
1.334; 496.858
1.34067; 498.053
1.34734; 499.199
1.35401; 500.295
1.36068; 501.338
1.36735; 502.329
1.37402; 503.264
1.38069; 504.144
1.38736; 504.967
1.39403; 505.731
1.4007; 506.435
1.40737; 507.079
1.41404; 507.661
1.42071; 508.181
1.42738; 508.638
1.43405; 509.031
1.44072; 509.359
1.44739; 509.622
1.45406; 509.82
1.46073; 509.952
1.4674; 510.018
1.47407; 0
1.48074; 0
1.48741; 0
1.49408; 0
1.50075; 0
1.50742; 0
1.51409; 0
1.52076; 0
1.52743; 0
1.5341; 0
1.54077; 0
1.54744; 0
1.55411; 0
1.56078; 0
1.56745; 0
1.57412; 0
1.58079; 0
1.58746; 0
1.59413; 0
1.6008; 0
1.60747; 0
1.61414; 0
1.62081; 0
1.62748; 0
1.63415; 0
1.64082; 0
1.64749; 0
1.65416; 0
1.66083; 0
1.6675; 0
1.67417; 0
1.68084; 0
1.68751; 0
1.69418; 0
1.70085; 0
1.70752; 0
1.71419; 0
1.72086; 0
1.72753; 0
1.7342; 0
1.74087; 0
1.74754; 0
1.75421; 0
1.76088; 0
1.76755; 0
1.77422; 0
1.78089; 0
1.78756; 0
1.79423; 0
1.8009; 0
1.80757; 0
1.81424; 0
1.82091; 0
1.82758; 0
1.83425; 0
1.84092; 0
1.84759; 0
1.85426; 0
1.86093; 0
1.8676; 0
1.87427; 0
1.88094; 0
1.88761; 0
1.89428; 0
1.90095; 0
1.90762; 0
1.91429; 0
1.92096; 0
1.92763; 0
1.9343; 0
1.94097; 0
1.94764; 0
1.95431; 0
1.96098; 0
1.96765; 0
1.97432; 0
1.98099; 0
1.98766; 0
1.99433; 0
2.001; 0
