0.00026; 694.914
0.00052; 694.911
0.00078; 694.909
0.00104; 694.905
0.0013; 694.907
0.00156; 694.906
0.00182; 694.904
0.00208; 694.897
0.00234; 694.902
0.0026; 694.903
0.00286; 694.901
0.00312; 694.897
0.00338; 694.898
0.00364; 694.898
0.0039; 694.896
0.00416; 694.889
0.00442; 694.894
0.00468; 694.894
0.00494; 694.892
0.0052; 694.888
0.00546; 694.89
0.00572; 694.889
0.00598; 694.887
0.00624; 694.88
0.0065; 694.885
0.00676; 694.886
0.00702; 694.884
0.00728; 694.88
0.00754; 694.882
0.0078; 694.881
0.00806; 694.879
0.00832; 694.873
0.00858; 694.878
0.00884; 694.878
0.0091; 694.877
0.00936; 694.873
0.00962; 694.875
0.00988; 694.874
0.01014; 694.872
0.0104; 694.865
0.01066; 694.871
0.01092; 694.871
0.01118; 694.87
0.01144; 694.866
0.0117; 694.868
0.01196; 694.868
0.01222; 694.866
0.01248; 694.859
0.01274; 694.864
0.013; 694.865
0.01326; 694.863
0.01352; 694.86
0.01378; 694.862
0.01404; 694.861
0.0143; 694.86
0.01456; 694.853
0.01482; 694.858
0.01508; 694.859
0.01534; 694.857
0.0156; 694.854
0.01586; 694.856
0.01612; 694.856
0.01638; 694.854
0.01664; 694.847
0.0169; 694.853
0.01716; 694.854
0.01742; 694.852
0.01768; 694.849
0.01794; 694.851
0.0182; 694.851
0.01846; 694.849
0.01872; 694.842
0.01898; 694.848
0.01924; 694.849
0.0195; 694.848
0.01976; 694.844
0.02002; 694.846
0.02028; 694.846
0.02054; 694.844
0.0208; 694.838
0.02106; 694.844
0.02132; 694.844
0.02158; 694.843
0.02184; 694.84
0.0221; 694.842
0.02236; 694.842
0.02262; 694.84
0.02288; 694.834
0.02314; 694.84
0.0234; 694.841
0.02366; 694.839
0.02392; 694.836
0.02418; 694.838
0.02444; 694.838
0.0247; 694.837
0.02496; 694.831
0.02522; 694.836
0.02548; 694.837
0.02574; 694.836
0.026; 694.833
0.02626; 694.835
0.02652; 694.835
0.02678; 694.834
0.02704; 694.827
0.0273; 694.833
0.02756; 694.834
0.02782; 694.833
0.02808; 694.83
0.02834; 694.832
0.0286; 694.832
0.02886; 694.831
0.02912; 694.825
0.02938; 694.831
0.02964; 694.832
0.0299; 694.831
0.03016; 694.828
0.03042; 694.83
0.03068; 694.83
0.03094; 694.829
0.0312; 694.823
0.03146; 694.829
0.03172; 694.83
0.03198; 694.829
0.03224; 694.826
0.0325; 694.828
0.03276; 694.828
0.03302; 694.827
0.03328; 694.821
0.03354; 694.827
0.0338; 694.828
0.03406; 694.827
0.03432; 694.824
0.03458; 694.827
0.03484; 694.827
0.0351; 694.826
0.03536; 694.82
0.03562; 694.826
0.03588; 694.827
0.03614; 694.826
0.0364; 694.823
0.03666; 694.826
0.03692; 694.826
0.03718; 694.825
0.03744; 694.819
0.0377; 694.825
0.03796; 694.826
0.03822; 694.825
0.03848; 694.823
0.03874; 694.825
0.039; 694.826
0.03926; 694.825
0.03952; 694.819
0.03978; 694.825
0.04004; 694.826
0.0403; 694.825
0.04056; 694.823
0.04082; 694.825
0.04108; 694.826
0.04134; 694.825
0.0416; 694.819
0.04186; 694.825
0.04212; 694.826
0.04238; 694.825
0.04264; 694.823
0.0429; 694.825
0.04316; 694.826
0.04342; 694.825
0.04368; 694.819
0.04394; 694.825
0.0442; 694.827
0.04446; 694.826
0.04472; 694.824
0.04498; 694.826
0.04524; 694.827
0.0455; 694.826
0.04576; 694.82
0.04602; 694.826
0.04628; 694.828
0.04654; 694.827
0.0468; 694.825
0.04706; 694.828
0.04732; 694.828
0.04758; 694.827
0.04784; 694.822
0.0481; 694.828
0.04836; 694.83
0.04862; 694.829
0.04888; 694.827
0.04914; 694.829
0.0494; 694.83
0.04966; 694.829
0.04992; 694.824
0.05018; 694.83
0.05044; 694.832
0.0507; 694.831
0.05096; 694.829
0.05122; 694.832
0.05148; 694.832
0.05174; 694.832
0.052; 694.826
0.05226; 694.832
0.05252; 694.834
0.05278; 694.834
0.05304; 694.831
0.0533; 694.834
0.05356; 694.835
0.05382; 694.834
0.05408; 694.829
0.05434; 694.835
0.0546; 694.837
0.05486; 694.836
0.05512; 694.834
0.05538; 694.837
0.05564; 694.838
0.0559; 694.837
0.05616; 694.832
0.05642; 694.838
0.05668; 694.84
0.05694; 694.84
0.0572; 694.837
0.05746; 694.841
0.05772; 694.841
0.05798; 694.841
0.05824; 694.836
0.0585; 694.842
0.05876; 694.844
0.05902; 694.844
0.05928; 694.841
0.05954; 694.845
0.0598; 694.846
0.06006; 694.845
0.06032; 694.84
0.06058; 694.846
0.06084; 694.848
0.0611; 694.848
0.06136; 694.846
0.06162; 694.849
0.06188; 694.85
0.06214; 694.85
0.0624; 694.844
0.06266; 694.851
0.06292; 694.853
0.06318; 694.853
0.06344; 694.851
0.0637; 694.854
0.06396; 694.855
0.06422; 694.855
0.06448; 694.849
0.06474; 694.856
0.065; 694.858
0.06526; 694.858
0.06552; 694.856
0.06578; 694.859
0.06604; 694.86
0.0663; 694.86
0.06656; 694.855
0.06682; 694.862
0.06708; 694.864
0.06734; 694.864
0.0676; 694.862
0.06786; 694.865
0.06812; 694.866
0.06838; 694.866
0.06864; 694.861
0.0689; 694.868
0.06916; 694.87
0.06942; 694.87
0.06968; 694.868
0.06994; 694.871
0.0702; 694.873
0.07046; 694.872
0.07072; 694.867
0.07098; 694.874
0.07124; 694.876
0.0715; 694.876
0.07176; 694.874
0.07202; 694.878
0.07228; 694.879
0.07254; 694.879
0.0728; 694.874
0.07306; 694.881
0.07332; 694.883
0.07358; 694.883
0.07384; 694.881
0.0741; 694.885
0.07436; 694.886
0.07462; 694.886
0.07488; 694.881
0.07514; 694.888
0.0754; 694.891
0.07566; 694.891
0.07592; 694.889
0.07618; 694.893
0.07644; 694.894
0.0767; 694.894
0.07696; 694.889
0.07722; 694.896
0.07748; 694.898
0.07774; 694.898
0.078; 694.896
