0.00667; 0
0.01334; 0
0.02001; 0
0.02668; 0
0.03335; 0
0.04002; 0
0.04669; 0
0.05336; 0
0.06003; 0
0.0667; 0
0.07337; 0
0.08004; 0
0.08671; 0
0.09338; 0
0.10005; 0
0.10672; 0
0.11339; 0
0.12006; 0
0.12673; 0
0.1334; 0
0.14007; 0
0.14674; 0
0.15341; 0
0.16008; 0
0.16675; 0
0.17342; 0
0.18009; 0
0.18676; 0
0.19343; 0
0.2001; 0
0.20677; 0
0.21344; 0
0.22011; 0
0.22678; 0
0.23345; 0
0.24012; 0
0.24679; 0
0.25346; 0
0.26013; 0
0.2668; 0
0.27347; 0
0.28014; 0
0.28681; 0
0.29348; 0
0.30015; 0
0.30682; 0
0.31349; 0
0.32016; 0
0.32683; 0
0.3335; 0
0.34017; 0
0.34684; 0
0.35351; 0
0.36018; 0
0.36685; 0
0.37352; 0
0.38019; 0
0.38686; 0
0.39353; 0
0.4002; 0
0.40687; 0
0.41354; 0
0.42021; 0
0.42688; 0
0.43355; 0
0.44022; 0
0.44689; 0
0.45356; 0
0.46023; 0
0.4669; 0
0.47357; 475.548
0.48024; 475.483
0.48691; 475.353
0.49358; 475.158
0.50025; 474.9
0.50692; 474.577
0.51359; 474.191
0.52026; 473.743
0.52693; 473.232
0.5336; 472.661
0.54027; 472.029
0.54694; 471.339
0.55361; 470.591
0.56028; 469.786
0.56695; 468.926
0.57362; 468.012
0.58029; 467.046
0.58696; 466.029
0.59363; 464.963
0.6003; 463.849
0.60697; 462.689
0.61364; 461.485
0.62031; 460.239
0.62698; 458.951
0.63365; 457.625
0.64032; 456.262
0.64699; 454.863
0.65366; 453.431
0.66033; 451.966
0.667; 450.472
0.67367; 448.949
0.68034; 447.4
0.68701; 445.825
0.69368; 444.227
0.70035; 442.607
0.70702; 440.966
0.71369; 439.305
0.72036; 437.627
0.72703; 435.931
0.7337; 434.219
0.74037; 432.492
0.74704; 430.751
0.75371; 428.995
0.76038; 427.226
0.76705; 425.443
0.77372; 423.647
0.78039; 421.837
0.78706; 420.012
0.79373; 418.173
0.8004; 416.317
0.80707; 414.443
0.81374; 412.55
0.82041; 410.635
0.82708; 408.695
0.83375; 406.727
0.84042; 404.727
0.84709; 402.69
0.85376; 400.611
0.86043; 398.484
0.8671; 396.301
0.87377; 394.053
0.88044; 391.732
0.88711; 389.326
0.89378; 386.822
0.90045; 384.208
0.90712; 381.47
0.91379; 378.594
0.92046; 375.57
0.92713; 372.397
0.9338; 369.089
0.94047; 365.697
0.94714; 362.33
0.95381; 359.198
0.96048; 356.648
0.96715; 355.156
0.97382; 355.156
0.98049; 356.648
0.98716; 359.198
0.99383; 362.33
1.0005; 365.697
1.00717; 369.089
1.01384; 372.397
1.02051; 375.57
1.02718; 378.594
1.03385; 381.47
1.04052; 384.208
1.04719; 386.822
1.05386; 389.326
1.06053; 391.732
1.0672; 394.053
1.07387; 396.301
1.08054; 398.484
1.08721; 400.611
1.09388; 402.69
1.10055; 404.727
1.10722; 406.727
1.11389; 408.695
1.12056; 410.635
1.12723; 412.55
1.1339; 414.443
1.14057; 416.317
1.14724; 418.173
1.15391; 420.012
1.16058; 421.837
1.16725; 423.647
1.17392; 425.443
1.18059; 427.226
1.18726; 428.995
1.19393; 430.751
1.2006; 432.492
1.20727; 434.219
1.21394; 435.931
1.22061; 437.627
1.22728; 439.305
1.23395; 440.966
1.24062; 442.607
1.24729; 444.227
1.25396; 445.825
1.26063; 447.4
1.2673; 448.949
1.27397; 450.472
1.28064; 451.966
1.28731; 453.431
1.29398; 454.863
1.30065; 456.262
1.30732; 457.625
1.31399; 458.951
1.32066; 460.239
1.32733; 461.485
1.334; 462.689
1.34067; 463.849
1.34734; 464.963
1.35401; 466.029
1.36068; 467.046
1.36735; 468.012
1.37402; 468.926
1.38069; 469.786
1.38736; 470.591
1.39403; 471.339
1.4007; 472.029
1.40737; 472.661
1.41404; 473.232
1.42071; 473.743
1.42738; 474.191
1.43405; 474.577
1.44072; 474.9
1.44739; 475.158
1.45406; 475.353
1.46073; 475.483
1.4674; 475.548
1.47407; 0
1.48074; 0
1.48741; 0
1.49408; 0
1.50075; 0
1.50742; 0
1.51409; 0
1.52076; 0
1.52743; 0
1.5341; 0
1.54077; 0
1.54744; 0
1.55411; 0
1.56078; 0
1.56745; 0
1.57412; 0
1.58079; 0
1.58746; 0
1.59413; 0
1.6008; 0
1.60747; 0
1.61414; 0
1.62081; 0
1.62748; 0
1.63415; 0
1.64082; 0
1.64749; 0
1.65416; 0
1.66083; 0
1.6675; 0
1.67417; 0
1.68084; 0
1.68751; 0
1.69418; 0
1.70085; 0
1.70752; 0
1.71419; 0
1.72086; 0
1.72753; 0
1.7342; 0
1.74087; 0
1.74754; 0
1.75421; 0
1.76088; 0
1.76755; 0
1.77422; 0
1.78089; 0
1.78756; 0
1.79423; 0
1.8009; 0
1.80757; 0
1.81424; 0
1.82091; 0
1.82758; 0
1.83425; 0
1.84092; 0
1.84759; 0
1.85426; 0
1.86093; 0
1.8676; 0
1.87427; 0
1.88094; 0
1.88761; 0
1.89428; 0
1.90095; 0
1.90762; 0
1.91429; 0
1.92096; 0
1.92763; 0
1.9343; 0
1.94097; 0
1.94764; 0
1.95431; 0
1.96098; 0
1.96765; 0
1.97432; 0
1.98099; 0
1.98766; 0
1.99433; 0
2.001; 0
