0.00026; 857.15
0.00052; 857.144
0.00078; 857.139
0.00104; 857.128
0.0013; 857.111
0.00156; 857.089
0.00182; 857.062
0.00208; 857.029
0.00234; 856.991
0.0026; 856.949
0.00286; 856.901
0.00312; 856.849
0.00338; 856.792
0.00364; 856.731
0.0039; 856.665
0.00416; 856.596
0.00442; 856.523
0.00468; 856.446
0.00494; 856.366
0.0052; 856.283
0.00546; 856.196
0.00572; 856.107
0.00598; 856.015
0.00624; 855.921
0.0065; 855.824
0.00676; 855.725
0.00702; 855.624
0.00728; 855.522
0.00754; 855.418
0.0078; 855.312
0.00806; 855.205
0.00832; 855.098
0.00858; 854.989
0.00884; 854.88
0.0091; 854.77
0.00936; 854.66
0.00962; 854.549
0.00988; 854.439
0.01014; 854.329
0.0104; 854.22
0.01066; 854.111
0.01092; 854.003
0.01118; 853.895
0.01144; 853.79
0.0117; 853.685
0.01196; 853.581
0.01222; 853.48
0.01248; 853.38
0.01274; 853.282
0.013; 853.186
0.01326; 853.092
0.01352; 853.001
0.01378; 852.911
0.01404; 852.824
0.0143; 852.738
0.01456; 852.655
0.01482; 852.574
0.01508; 852.495
0.01534; 852.417
0.0156; 852.341
0.01586; 852.264
0.01612; 852.188
0.01638; 852.112
0.01664; 852.035
0.0169; 851.956
0.01716; 851.874
0.01742; 851.789
0.01768; 851.698
0.01794; 851.601
0.0182; 851.498
0.01846; 851.386
0.01872; 851.265
0.01898; 851.135
0.01924; 850.995
0.0195; 850.845
0.01976; 850.687
0.02002; 850.524
0.02028; 850.366
0.02054; 850.246
0.0208; 0
0.02106; 0
0.02132; 0
0.02158; 0
0.02184; 0
0.0221; 0
0.02236; 0
0.02262; 0
0.02288; 0
0.02314; 0
0.0234; 0
0.02366; 0
0.02392; 0
0.02418; 0
0.02444; 0
0.0247; 0
0.02496; 0
0.02522; 0
0.02548; 0
0.02574; 0
0.026; 0
0.02626; 0
0.02652; 0
0.02678; 0
0.02704; 0
0.0273; 0
0.02756; 0
0.02782; 0
0.02808; 0
0.02834; 0
0.0286; 0
0.02886; 0
0.02912; 0
0.02938; 0
0.02964; 0
0.0299; 0
0.03016; 0
0.03042; 0
0.03068; 0
0.03094; 0
0.0312; 0
0.03146; 0
0.03172; 0
0.03198; 0
0.03224; 0
0.0325; 0
0.03276; 0
0.03302; 0
0.03328; 0
0.03354; 0
0.0338; 0
0.03406; 0
0.03432; 0
0.03458; 0
0.03484; 0
0.0351; 0
0.03536; 648.462
0.03562; 647.113
0.03588; 645.743
0.03614; 644.332
0.0364; 642.86
0.03666; 641.315
0.03692; 639.713
0.03718; 638.068
0.03744; 636.382
0.0377; 634.656
0.03796; 632.888
0.03822; 631.077
0.03848; 629.224
0.03874; 627.331
0.039; 625.399
0.03926; 623.429
0.03952; 621.423
0.03978; 619.385
0.04004; 617.316
0.0403; 615.22
0.04056; 613.1
0.04082; 610.961
0.04108; 608.807
0.04134; 606.645
0.0416; 604.479
0.04186; 602.319
0.04212; 600.17
0.04238; 598.039
0.04264; 595.933
0.0429; 593.858
0.04316; 591.82
0.04342; 589.822
0.04368; 587.866
0.04394; 585.956
0.0442; 584.091
0.04446; 582.272
0.04472; 580.498
0.04498; 578.768
0.04524; 577.082
0.0455; 575.436
0.04576; 573.829
0.04602; 572.262
0.04628; 570.73
0.04654; 569.233
0.0468; 567.769
0.04706; 566.339
0.04732; 564.939
0.04758; 563.568
0.04784; 562.226
0.0481; 560.912
0.04836; 559.625
0.04862; 558.363
0.04888; 557.126
0.04914; 555.916
0.0494; 554.728
0.04966; 553.564
0.04992; 552.423
0.05018; 551.305
0.05044; 550.208
0.0507; 549.133
0.05096; 548.078
0.05122; 547.047
0.05148; 546.035
0.05174; 545.042
0.052; 544.07
0.05226; 543.117
0.05252; 542.184
0.05278; 541.268
0.05304; 540.37
0.0533; 539.492
0.05356; 538.631
0.05382; 537.787
0.05408; 536.959
0.05434; 536.148
0.0546; 535.353
0.05486; 534.573
0.05512; 533.807
0.05538; 533.059
0.05564; 532.324
0.0559; 531.602
0.05616; 530.893
0.05642; 530.198
0.05668; 529.515
0.05694; 528.844
0.0572; 528.183
0.05746; 527.536
0.05772; 526.9
0.05798; 526.272
0.05824; 525.655
0.0585; 525.048
0.05876; 524.45
0.05902; 523.86
0.05928; 523.278
0.05954; 522.706
0.0598; 522.142
0.06006; 521.584
0.06032; 521.032
0.06058; 520.49
0.06084; 519.953
0.0611; 519.423
0.06136; 518.899
0.06162; 518.384
0.06188; 517.876
0.06214; 517.375
0.0624; 516.881
0.06266; 516.398
0.06292; 515.924
0.06318; 515.46
0.06344; 515.007
0.0637; 514.57
0.06396; 514.148
0.06422; 513.741
0.06448; 513.352
0.06474; 512.984
0.065; 512.638
0.06526; 512.314
0.06552; 512.014
0.06578; 511.743
0.06604; 511.497
0.0663; 511.279
0.06656; 511.09
0.06682; 510.933
0.06708; 510.82
0.06734; 0
0.0676; 0
0.06786; 0
0.06812; 0
0.06838; 0
0.06864; 0
0.0689; 0
0.06916; 0
0.06942; 0
0.06968; 0
0.06994; 0
0.0702; 0
0.07046; 0
0.07072; 0
0.07098; 0
0.07124; 0
0.0715; 0
0.07176; 0
0.07202; 0
0.07228; 0
0.07254; 0
0.0728; 0
0.07306; 0
0.07332; 0
0.07358; 0
0.07384; 0
0.0741; 0
0.07436; 0
0.07462; 0
0.07488; 0
0.07514; 0
0.0754; 0
0.07566; 0
0.07592; 0
0.07618; 0
0.07644; 0
0.0767; 0
0.07696; 0
0.07722; 0
0.07748; 0
0.07774; 0
0.078; 0
