0.0026; 745.434
0.0052; 745.441
0.0078; 745.447
0.0104; 745.459
0.013; 745.478
0.0156; 745.502
0.0182; 745.531
0.0208; 745.565
0.0234; 745.603
0.026; 745.646
0.0286; 745.692
0.0312; 745.742
0.0338; 745.795
0.0364; 745.85
0.039; 745.908
0.0416; 745.968
0.0442; 746.029
0.0468; 746.092
0.0494; 746.157
0.052; 746.222
0.0546; 746.288
0.0572; 746.355
0.0598; 746.423
0.0624; 746.491
0.065; 746.559
0.0676; 746.627
0.0702; 746.695
0.0728; 746.763
0.0754; 746.829
0.078; 746.894
0.0806; 746.956
0.0832; 747.014
0.0858; 747.068
0.0884; 747.118
0.091; 747.164
0.0936; 747.203
0.0962; 747.233
0.0988; 747.253
0.1014; 747.263
0.104; 747.265
0.1066; 747.26
0.1092; 747.248
0.1118; 747.23
0.1144; 747.206
0.117; 747.178
0.1196; 747.144
0.1222; 747.106
0.1248; 747.063
0.1274; 747.014
0.13; 746.96
0.1326; 746.9
0.1352; 746.834
0.1378; 746.761
0.1404; 746.679
0.143; 746.588
0.1456; 746.486
0.1482; 746.37
0.1508; 746.239
0.1534; 746.09
0.156; 745.921
0.1586; 745.732
0.1612; 745.527
0.1638; 745.307
0.1664; 745.071
0.169; 744.819
0.1716; 744.55
0.1742; 744.264
0.1768; 743.963
0.1794; 743.646
0.182; 743.313
0.1846; 742.966
0.1872; 742.602
0.1898; 742.223
0.1924; 741.827
0.195; 741.416
0.1976; 740.988
0.2002; 740.545
0.2028; 740.087
0.2054; 739.613
0.208; 739.124
0.2106; 738.621
0.2132; 738.104
0.2158; 737.573
0.2184; 737.029
0.221; 736.473
0.2236; 735.907
0.2262; 735.329
0.2288; 734.742
0.2314; 734.144
0.234; 733.536
0.2366; 732.917
0.2392; 732.288
0.2418; 731.648
0.2444; 730.996
0.247; 730.333
0.2496; 729.657
0.2522; 728.97
0.2548; 728.27
0.2574; 727.557
0.26; 726.831
0.2626; 726.093
0.2652; 725.341
0.2678; 724.576
0.2704; 723.798
0.273; 723.007
0.2756; 722.202
0.2782; 721.384
0.2808; 720.552
0.2834; 719.706
0.286; 718.846
0.2886; 717.972
0.2912; 717.084
0.2938; 716.182
0.2964; 715.266
0.299; 714.335
0.3016; 713.391
0.3042; 712.432
0.3068; 711.459
0.3094; 710.471
0.312; 709.465
0.3146; 708.506
0.3172; 707.569
0.3198; 706.649
0.3224; 705.732
0.325; 704.81
0.3276; 703.873
0.3302; 702.894
0.3328; 701.897
0.3354; 700.891
0.338; 699.877
0.3406; 698.862
0.3432; 697.854
0.3458; 696.805
0.3484; 695.684
0.351; 694.57
0.3536; 693.456
0.3562; 692.333
0.3588; 691.2
0.3614; 690.057
0.364; 688.899
0.3666; 687.737
0.3692; 686.573
0.3718; 685.409
0.3744; 684.242
0.377; 683.072
0.3796; 681.899
0.3822; 680.72
0.3848; 679.535
0.3874; 678.344
0.39; 677.143
0.3926; 675.934
0.3952; 674.713
0.3978; 673.48
0.4004; 672.234
0.403; 670.974
0.4056; 669.698
0.4082; 668.404
0.4108; 667.093
0.4134; 665.762
0.416; 664.41
0.4186; 663.037
0.4212; 661.64
0.4238; 660.22
0.4264; 658.774
0.429; 657.302
0.4316; 655.803
0.4342; 654.276
0.4368; 652.719
0.4394; 651.133
0.442; 649.516
0.4446; 647.868
0.4472; 646.188
0.4498; 644.475
0.4524; 642.729
0.455; 640.947
0.4576; 639.128
0.4602; 637.267
0.4628; 635.363
0.4654; 633.413
0.468; 631.415
0.4706; 629.366
0.4732; 627.266
0.4758; 625.113
0.4784; 622.906
0.481; 620.645
0.4836; 618.333
0.4862; 615.971
0.4888; 613.566
0.4914; 611.122
0.494; 608.636
0.4966; 606.098
0.4992; 603.505
0.5018; 600.856
0.5044; 598.149
0.507; 595.386
0.5096; 592.564
0.5122; 589.682
0.5148; 586.739
0.5174; 583.734
0.52; 580.704
0.5226; 577.599
0.5252; 574.515
0.5278; 571.506
0.5304; 568.482
0.533; 565.443
0.5356; 562.416
0.5382; 559.403
0.5408; 556.402
0.5434; 553.412
0.546; 550.434
0.5486; 547.466
0.5512; 544.511
0.5538; 541.568
0.5564; 538.638
0.559; 535.722
0.5616; 532.821
0.5642; 529.935
0.5668; 527.065
0.5694; 524.213
0.572; 521.379
0.5746; 518.565
0.5772; 515.772
0.5798; 513.002
0.5824; 510.255
0.585; 507.533
0.5876; 504.837
0.5902; 502.168
0.5928; 499.528
0.5954; 496.918
0.598; 494.339
0.6006; 491.793
0.6032; 489.28
0.6058; 486.801
0.6084; 484.357
0.611; 481.95
0.6136; 479.581
0.6162; 477.249
0.6188; 474.956
0.6214; 472.702
0.624; 470.488
0.6266; 468.314
0.6292; 466.181
0.6318; 464.089
0.6344; 462.039
0.637; 460.03
0.6396; 458.064
0.6422; 456.139
0.6448; 454.256
0.6474; 452.415
0.65; 450.617
0.6526; 448.861
0.6552; 447.146
0.6578; 445.475
0.6604; 443.845
0.663; 442.257
0.6656; 440.711
0.6682; 439.206
0.6708; 437.743
0.6734; 436.321
0.676; 434.941
0.6786; 433.601
0.6812; 432.302
0.6838; 431.043
0.6864; 429.824
0.689; 428.644
0.6916; 427.504
0.6942; 426.403
0.6968; 425.34
0.6994; 424.315
0.702; 423.329
0.7046; 422.379
0.7072; 421.467
0.7098; 420.591
0.7124; 419.751
0.715; 418.947
0.7176; 418.178
0.7202; 417.444
0.7228; 416.744
0.7254; 416.078
0.728; 415.446
0.7306; 414.846
0.7332; 414.28
0.7358; 413.746
0.7384; 413.244
0.741; 412.773
0.7436; 412.334
0.7462; 411.925
0.7488; 411.547
0.7514; 411.2
0.754; 410.882
0.7566; 410.594
0.7592; 410.336
0.7618; 410.107
0.7644; 409.907
0.767; 409.735
0.7696; 409.593
0.7722; 409.479
0.7748; 409.394
0.7774; 409.337
0.78; 409.309
