0.00667; 0
0.01334; 0
0.02001; 0
0.02668; 0
0.03335; 0
0.04002; 0
0.04669; 0
0.05336; 0
0.06003; 0
0.0667; 0
0.07337; 0
0.08004; 0
0.08671; 0
0.09338; 0
0.10005; 0
0.10672; 0
0.11339; 0
0.12006; 0
0.12673; 0
0.1334; 0
0.14007; 0
0.14674; 0
0.15341; 0
0.16008; 0
0.16675; 0
0.17342; 0
0.18009; 0
0.18676; 0
0.19343; 0
0.2001; 0
0.20677; 0
0.21344; 0
0.22011; 0
0.22678; 0
0.23345; 0
0.24012; 0
0.24679; 0
0.25346; 0
0.26013; 0
0.2668; 0
0.27347; 0
0.28014; 0
0.28681; 0
0.29348; 0
0.30015; 0
0.30682; 0
0.31349; 0
0.32016; 0
0.32683; 0
0.3335; 0
0.34017; 0
0.34684; 0
0.35351; 0
0.36018; 0
0.36685; 0
0.37352; 0
0.38019; 0
0.38686; 0
0.39353; 0
0.4002; 0
0.40687; 0
0.41354; 0
0.42021; 0
0.42688; 0
0.43355; 0
0.44022; 0
0.44689; 0
0.45356; 0
0.46023; 0
0.4669; 0
0.47357; 650.25
0.48024; 650.182
0.48691; 650.047
0.49358; 649.844
0.50025; 649.574
0.50692; 649.237
0.51359; 648.832
0.52026; 648.361
0.52693; 647.824
0.5336; 647.221
0.54027; 646.553
0.54694; 645.82
0.55361; 645.022
0.56028; 644.161
0.56695; 643.236
0.57362; 642.248
0.58029; 641.199
0.58696; 640.087
0.59363; 638.915
0.6003; 637.683
0.60697; 636.391
0.61364; 635.04
0.62031; 633.631
0.62698; 632.164
0.63365; 630.639
0.64032; 629.058
0.64699; 627.42
0.65366; 625.726
0.66033; 623.976
0.667; 622.171
0.67367; 620.311
0.68034; 618.395
0.68701; 616.423
0.69368; 614.396
0.70035; 612.313
0.70702; 610.173
0.71369; 607.976
0.72036; 605.722
0.72703; 603.408
0.7337; 601.034
0.74037; 598.598
0.74704; 596.099
0.75371; 593.533
0.76038; 590.9
0.76705; 588.196
0.77372; 585.417
0.78039; 582.561
0.78706; 579.623
0.79373; 576.598
0.8004; 573.48
0.80707; 570.265
0.81374; 566.944
0.82041; 563.51
0.82708; 559.953
0.83375; 556.265
0.84042; 552.433
0.84709; 548.443
0.85376; 544.282
0.86043; 539.933
0.8671; 535.375
0.87377; 530.588
0.88044; 525.547
0.88711; 520.224
0.89378; 514.588
0.90045; 508.608
0.90712; 502.248
0.91379; 495.477
0.92046; 488.272
0.92713; 480.63
0.9338; 472.593
0.94047; 464.289
0.94714; 455.996
0.95381; 448.245
0.96048; 441.914
0.96715; 438.203
0.97382; 438.203
0.98049; 441.914
0.98716; 448.245
0.99383; 455.996
1.0005; 464.289
1.00717; 472.593
1.01384; 480.63
1.02051; 488.272
1.02718; 495.477
1.03385; 502.248
1.04052; 508.608
1.04719; 514.588
1.05386; 520.224
1.06053; 525.547
1.0672; 530.588
1.07387; 535.375
1.08054; 539.933
1.08721; 544.282
1.09388; 548.443
1.10055; 552.433
1.10722; 556.265
1.11389; 559.953
1.12056; 563.51
1.12723; 566.944
1.1339; 570.265
1.14057; 573.48
1.14724; 576.598
1.15391; 579.623
1.16058; 582.561
1.16725; 585.417
1.17392; 588.196
1.18059; 590.9
1.18726; 593.533
1.19393; 596.099
1.2006; 598.598
1.20727; 601.034
1.21394; 603.408
1.22061; 605.722
1.22728; 607.976
1.23395; 610.173
1.24062; 612.313
1.24729; 614.396
1.25396; 616.423
1.26063; 618.395
1.2673; 620.311
1.27397; 622.171
1.28064; 623.976
1.28731; 625.726
1.29398; 627.42
1.30065; 629.058
1.30732; 630.639
1.31399; 632.164
1.32066; 633.631
1.32733; 635.04
1.334; 636.391
1.34067; 637.683
1.34734; 638.915
1.35401; 640.087
1.36068; 641.199
1.36735; 642.248
1.37402; 643.236
1.38069; 644.161
1.38736; 645.022
1.39403; 645.82
1.4007; 646.553
1.40737; 647.221
1.41404; 647.824
1.42071; 648.361
1.42738; 648.832
1.43405; 649.237
1.44072; 649.574
1.44739; 649.844
1.45406; 650.047
1.46073; 650.182
1.4674; 650.25
1.47407; 0
1.48074; 0
1.48741; 0
1.49408; 0
1.50075; 0
1.50742; 0
1.51409; 0
1.52076; 0
1.52743; 0
1.5341; 0
1.54077; 0
1.54744; 0
1.55411; 0
1.56078; 0
1.56745; 0
1.57412; 0
1.58079; 0
1.58746; 0
1.59413; 0
1.6008; 0
1.60747; 0
1.61414; 0
1.62081; 0
1.62748; 0
1.63415; 0
1.64082; 0
1.64749; 0
1.65416; 0
1.66083; 0
1.6675; 0
1.67417; 0
1.68084; 0
1.68751; 0
1.69418; 0
1.70085; 0
1.70752; 0
1.71419; 0
1.72086; 0
1.72753; 0
1.7342; 0
1.74087; 0
1.74754; 0
1.75421; 0
1.76088; 0
1.76755; 0
1.77422; 0
1.78089; 0
1.78756; 0
1.79423; 0
1.8009; 0
1.80757; 0
1.81424; 0
1.82091; 0
1.82758; 0
1.83425; 0
1.84092; 0
1.84759; 0
1.85426; 0
1.86093; 0
1.8676; 0
1.87427; 0
1.88094; 0
1.88761; 0
1.89428; 0
1.90095; 0
1.90762; 0
1.91429; 0
1.92096; 0
1.92763; 0
1.9343; 0
1.94097; 0
1.94764; 0
1.95431; 0
1.96098; 0
1.96765; 0
1.97432; 0
1.98099; 0
1.98766; 0
1.99433; 0
2.001; 0
