0.00026; 0
0.00052; 0
0.00078; 0
0.00104; 0
0.0013; 0
0.00156; 0
0.00182; 0
0.00208; 0
0.00234; 0
0.0026; 0
0.00286; 0
0.00312; 0
0.00338; 0
0.00364; 0
0.0039; 0
0.00416; 0
0.00442; 0
0.00468; 0
0.00494; 0
0.0052; 0
0.00546; 0
0.00572; 0
0.00598; 0
0.00624; 0
0.0065; 0
0.00676; 0
0.00702; 0
0.00728; 0
0.00754; 0
0.0078; 0
0.00806; 0
0.00832; 0
0.00858; 0
0.00884; 0
0.0091; 0
0.00936; 0
0.00962; 0
0.00988; 0
0.01014; 0
0.0104; 0
0.01066; 0
0.01092; 0
0.01118; 0
0.01144; 0
0.0117; 0
0.01196; 0
0.01222; 0
0.01248; 0
0.01274; 0
0.013; 0
0.01326; 0
0.01352; 0
0.01378; 0
0.01404; 0
0.0143; 0
0.01456; 0
0.01482; 0
0.01508; 0
0.01534; 0
0.0156; 0
0.01586; 0
0.01612; 0
0.01638; 0
0.01664; 0
0.0169; 0
0.01716; 0
0.01742; 0
0.01768; 0
0.01794; 0
0.0182; 0
0.01846; 0
0.01872; 0
0.01898; 0
0.01924; 0
0.0195; 0
0.01976; 0
0.02002; 0
0.02028; 0
0.02054; 0
0.0208; 0
0.02106; 0
0.02132; 0
0.02158; 0
0.02184; 0
0.0221; 0
0.02236; 0
0.02262; 0
0.02288; 596.716
0.02314; 596.546
0.0234; 596.371
0.02366; 596.204
0.02392; 596.045
0.02418; 595.877
0.02444; 595.737
0.0247; 595.587
0.02496; 595.464
0.02522; 595.329
0.02548; 595.206
0.02574; 595.092
0.026; 594.984
0.02626; 594.866
0.02652; 594.774
0.02678; 594.671
0.02704; 594.594
0.0273; 594.504
0.02756; 594.426
0.02782; 594.356
0.02808; 594.291
0.02834; 594.214
0.0286; 594.164
0.02886; 594.102
0.02912; 594.065
0.02938; 594.014
0.02964; 593.974
0.0299; 593.941
0.03016; 593.913
0.03042; 593.873
0.03068; 593.857
0.03094; 593.829
0.0312; 593.826
0.03146; 593.808
0.03172; 593.8
0.03198; 593.798
0.03224; 593.8
0.0325; 593.789
0.03276; 593.802
0.03302; 593.802
0.03328; 593.826
0.03354; 593.833
0.0338; 593.851
0.03406; 593.874
0.03432; 593.899
0.03458; 593.911
0.03484; 593.947
0.0351; 593.968
0.03536; 594.013
0.03562; 594.04
0.03588; 594.077
0.03614; 594.119
0.0364; 594.162
0.03666; 594.192
0.03692; 594.243
0.03718; 594.281
0.03744; 594.341
0.0377; 594.383
0.03796; 594.434
0.03822; 594.489
0.03848; 594.546
0.03874; 594.588
0.039; 594.652
0.03926; 594.701
0.03952; 594.772
0.03978; 594.825
0.04004; 594.886
0.0403; 594.951
0.04056; 595.017
0.04082; 595.069
0.04108; 595.141
0.04134; 595.199
0.0416; 595.278
0.04186; 595.34
0.04212; 595.409
0.04238; 595.481
0.04264; 595.555
0.0429; 595.614
0.04316; 595.694
0.04342; 595.759
0.04368; 595.845
0.04394; 595.913
0.0442; 595.99
0.04446; 596.069
0.04472; 596.151
0.04498; 596.216
0.04524; 596.304
0.0455; 596.376
0.04576; 596.47
0.04602; 596.547
0.04628; 596.631
0.04654; 596.719
0.0468; 596.809
0.04706; 596.883
0.04732; 596.98
0.04758; 597.062
0.04784; 597.166
0.0481; 597.252
0.04836; 597.347
0.04862; 597.446
0.04888; 597.547
0.04914; 597.634
0.0494; 597.743
0.04966; 597.838
0.04992; 597.955
0.05018; 598.056
0.05044; 598.166
0.0507; 598.28
0.05096; 598.397
0.05122; 598.5
0.05148; 598.626
0.05174; 598.739
0.052; 598.874
0.05226; 598.994
0.05252; 599.123
0.05278; 599.257
0.05304; 599.395
0.0533; 599.52
0.05356; 599.668
0.05382; 599.805
0.05408; 599.964
0.05434; 600.108
0.0546; 600.262
0.05486; 600.423
0.05512; 600.587
0.05538; 600.74
0.05564; 600.916
0.0559; 601.081
0.05616; 601.269
0.05642; 601.444
0.05668; 601.629
0.05694; 601.822
0.0572; 602.02
0.05746; 602.208
0.05772; 602.422
0.05798; 602.624
0.05824; 602.828
0.0585; 0
0.05876; 0
0.05902; 0
0.05928; 0
0.05954; 0
0.0598; 0
0.06006; 0
0.06032; 0
0.06058; 0
0.06084; 0
0.0611; 0
0.06136; 0
0.06162; 0
0.06188; 0
0.06214; 0
0.0624; 0
0.06266; 0
0.06292; 0
0.06318; 0
0.06344; 0
0.0637; 0
0.06396; 0
0.06422; 0
0.06448; 0
0.06474; 0
0.065; 0
0.06526; 0
0.06552; 0
0.06578; 0
0.06604; 0
0.0663; 0
0.06656; 0
0.06682; 0
0.06708; 0
0.06734; 0
0.0676; 0
0.06786; 0
0.06812; 0
0.06838; 0
0.06864; 0
0.0689; 0
0.06916; 0
0.06942; 0
0.06968; 0
0.06994; 0
0.0702; 0
0.07046; 0
0.07072; 0
0.07098; 0
0.07124; 0
0.0715; 0
0.07176; 0
0.07202; 0
0.07228; 0
0.07254; 0
0.0728; 0
0.07306; 0
0.07332; 0
0.07358; 0
0.07384; 0
0.0741; 0
0.07436; 0
0.07462; 0
0.07488; 0
0.07514; 0
0.0754; 0
0.07566; 0
0.07592; 0
0.07618; 0
0.07644; 0
0.0767; 0
0.07696; 0
0.07722; 0
0.07748; 0
0.07774; 0
0.078; 0
