0.00026; 0
0.00052; 0
0.00078; 0
0.00104; 0
0.0013; 0
0.00156; 0
0.00182; 0
0.00208; 0
0.00234; 0
0.0026; 0
0.00286; 0
0.00312; 0
0.00338; 0
0.00364; 0
0.0039; 0
0.00416; 0
0.00442; 0
0.00468; 0
0.00494; 0
0.0052; 0
0.00546; 0
0.00572; 0
0.00598; 0
0.00624; 0
0.0065; 0
0.00676; 0
0.00702; 0
0.00728; 0
0.00754; 0
0.0078; 0
0.00806; 0
0.00832; 0
0.00858; 0
0.00884; 0
0.0091; 0
0.00936; 0
0.00962; 0
0.00988; 0
0.01014; 0
0.0104; 0
0.01066; 394.469
0.01092; 395.964
0.01118; 397.616
0.01144; 399.21
0.0117; 400.713
0.01196; 402.166
0.01222; 403.568
0.01248; 404.865
0.01274; 406.061
0.013; 407.251
0.01326; 408.368
0.01352; 409.398
0.01378; 410.345
0.01404; 411.26
0.0143; 412.144
0.01456; 412.94
0.01482; 413.651
0.01508; 414.377
0.01534; 415.046
0.0156; 415.644
0.01586; 416.175
0.01612; 416.691
0.01638; 417.192
0.01664; 417.619
0.0169; 417.974
0.01716; 418.363
0.01742; 418.707
0.01768; 418.993
0.01794; 419.224
0.0182; 419.454
0.01846; 419.682
0.01872; 419.846
0.01898; 419.949
0.01924; 420.099
0.0195; 420.214
0.01976; 420.281
0.02002; 420.303
0.02028; 420.334
0.02054; 420.373
0.0208; 420.356
0.02106; 420.287
0.02132; 420.274
0.02158; 420.236
0.02184; 420.156
0.0221; 420.04
0.02236; 419.941
0.02262; 419.858
0.02288; 419.728
0.02314; 419.55
0.0234; 419.439
0.02366; 419.31
0.02392; 419.147
0.02418; 418.953
0.02444; 418.785
0.0247; 418.641
0.02496; 418.456
0.02522; 418.231
0.02548; 418.081
0.02574; 417.921
0.026; 417.732
0.02626; 417.52
0.02652; 417.343
0.02678; 417.199
0.02704; 417.02
0.0273; 416.806
0.02756; 416.68
0.02782; 416.549
0.02808; 416.399
0.02834; 416.232
0.0286; 416.11
0.02886; 416.029
0.02912; 415.921
0.02938; 415.786
0.02964; 415.748
0.0299; 415.716
0.03016; 415.671
0.03042; 415.616
0.03068; 415.616
0.03094; 415.667
0.0312; 415.698
0.03146; 415.708
0.03172; 415.826
0.03198; 415.956
0.03224; 416.079
0.0325; 416.198
0.03276; 416.378
0.03302; 416.616
0.03328; 416.836
0.03354; 417.036
0.0338; 417.35
0.03406; 417.675
0.03432; 417.992
0.03458; 418.302
0.03484; 418.669
0.0351; 419.09
0.03536; 419.482
0.03562; 419.843
0.03588; 420.309
0.03614; 420.77
0.0364; 421.203
0.03666; 421.607
0.03692; 422.046
0.03718; 422.512
0.03744; 422.919
0.0377; 423.264
0.03796; 423.684
0.03822; 424.067
0.03848; 424.388
0.03874; 424.648
0.039; 424.911
0.03926; 425.173
0.03952; 425.346
0.03978; 425.429
0.04004; 425.568
0.0403; 425.651
0.04056; 425.658
0.04082; 425.591
0.04108; 425.522
0.04134; 425.446
0.0416; 425.281
0.04186; 425.026
0.04212; 424.828
0.04238; 424.578
0.04264; 424.258
0.0429; 423.877
0.04316; 423.507
0.04342; 423.15
0.04368; 422.725
0.04394; 422.238
0.0442; 421.834
0.04446; 421.409
0.04472; 420.947
0.04498; 420.455
0.04524; 420.008
0.0455; 419.603
0.04576; 419.164
0.04602; 418.694
0.04628; 418.333
0.04654; 417.978
0.0468; 417.611
0.04706; 417.238
0.04732; 416.924
0.04758; 416.668
0.04784; 416.392
0.0481; 416.097
0.04836; 415.916
0.04862; 415.748
0.04888; 415.573
0.04914; 415.395
0.0494; 415.277
0.04966; 415.216
0.04992; 415.135
0.05018; 415.034
0.05044; 415.041
0.0507; 415.058
0.05096; 415.064
0.05122; 415.063
0.05148; 415.115
0.05174; 415.217
0.052; 415.294
0.05226; 415.345
0.05252; 415.496
0.05278; 415.65
0.05304; 415.788
0.0533; 415.911
0.05356; 416.08
0.05382; 416.292
0.05408; 416.473
0.05434; 416.622
0.0546; 416.864
0.05486; 417.102
0.05512; 417.319
0.05538; 417.516
0.05564; 417.753
0.0559; 418.026
0.05616; 418.263
0.05642; 418.466
0.05668; 418.754
0.05694; 419.034
0.0572; 419.289
0.05746; 419.519
0.05772; 419.786
0.05798; 420.086
0.05824; 420.346
0.0585; 420.568
0.05876; 420.872
0.05902; 421.165
0.05928; 421.429
0.05954; 421.667
0.0598; 421.938
0.06006; 422.239
0.06032; 422.499
0.06058; 422.718
0.06084; 423.017
0.0611; 423.304
0.06136; 423.56
0.06162; 423.788
0.06188; 424.047
0.06214; 424.335
0.0624; 424.581
0.06266; 424.784
0.06292; 425.066
0.06318; 425.335
0.06344; 425.572
0.0637; 425.779
0.06396; 426.018
0.06422; 426.284
0.06448; 426.507
0.06474; 426.686
0.065; 426.944
0.06526; 427.188
0.06552; 427.4
0.06578; 427.581
0.06604; 427.794
0.0663; 428.034
0.06656; 428.229
0.06682; 428.38
0.06708; 428.611
0.06734; 428.828
0.0676; 429.011
0.06786; 429.163
0.06812; 429.346
0.06838; 429.557
0.06864; 429.722
0.0689; 429.843
0.06916; 430.044
0.06942; 430.23
0.06968; 430.381
0.06994; 430.502
0.0702; 430.654
0.07046; 430.834
0.07072; 430.967
0.07098; 431.055
0.07124; 431.224
0.0715; 431.378
0.07176; 431.497
0.07202; 431.584
0.07228; 431.702
0.07254; 431.849
0.0728; 431.949
0.07306; 432.002
0.07332; 432.138
0.07358; 432.258
0.07384; 432.342
0.0741; 432.394
0.07436; 432.478
0.07462; 432.589
0.07488; 432.654
0.07514; 432.671
0.0754; 432.771
0.07566; 432.854
0.07592; 432.902
0.07618; 432.917
0.07644; 432.964
0.0767; 433.038
0.07696; 433.065
0.07722; 433.044
0.07748; 433.11
0.07774; 433.171
0.078; 433.199
