0.00026; 0
0.00052; 0
0.00078; 0
0.00104; 0
0.0013; 0
0.00156; 0
0.00182; 0
0.00208; 0
0.00234; 0
0.0026; 0
0.00286; 0
0.00312; 0
0.00338; 0
0.00364; 0
0.0039; 0
0.00416; 0
0.00442; 0
0.00468; 0
0.00494; 0
0.0052; 0
0.00546; 0
0.00572; 0
0.00598; 0
0.00624; 0
0.0065; 0
0.00676; 0
0.00702; 0
0.00728; 0
0.00754; 0
0.0078; 0
0.00806; 0
0.00832; 0
0.00858; 0
0.00884; 0
0.0091; 0
0.00936; 0
0.00962; 0
0.00988; 0
0.01014; 0
0.0104; 0
0.01066; 0
0.01092; 0
0.01118; 0
0.01144; 0
0.0117; 0
0.01196; 0
0.01222; 0
0.01248; 0
0.01274; 0
0.013; 0
0.01326; 0
0.01352; 0
0.01378; 0
0.01404; 0
0.0143; 0
0.01456; 0
0.01482; 0
0.01508; 0
0.01534; 0
0.0156; 0
0.01586; 0
0.01612; 0
0.01638; 0
0.01664; 0
0.0169; 0
0.01716; 0
0.01742; 0
0.01768; 0
0.01794; 0
0.0182; 0
0.01846; 0
0.01872; 0
0.01898; 0
0.01924; 0
0.0195; 0
0.01976; 0
0.02002; 0
0.02028; 0
0.02054; 0
0.0208; 0
0.02106; 0
0.02132; 0
0.02158; 0
0.02184; 0
0.0221; 0
0.02236; 0
0.02262; 0
0.02288; 587.468
0.02314; 587.28
0.0234; 587.087
0.02366; 586.925
0.02392; 586.755
0.02418; 586.578
0.02444; 586.419
0.0247; 586.273
0.02496; 586.131
0.02522; 585.977
0.02548; 585.839
0.02574; 585.734
0.026; 585.619
0.02626; 585.495
0.02652; 585.387
0.02678; 585.292
0.02704; 585.199
0.0273; 585.093
0.02756; 585.003
0.02782; 584.945
0.02808; 584.876
0.02834; 584.797
0.0286; 584.734
0.02886; 584.682
0.02912; 584.632
0.02938; 584.568
0.02964; 584.519
0.0299; 584.502
0.03016; 584.472
0.03042; 584.432
0.03068; 584.406
0.03094; 584.391
0.0312; 584.377
0.03146; 584.348
0.03172; 584.333
0.03198; 584.349
0.03224; 584.351
0.0325; 584.343
0.03276; 584.347
0.03302; 584.362
0.03328; 584.377
0.03354; 584.376
0.0338; 584.389
0.03406; 584.43
0.03432; 584.458
0.03458; 584.474
0.03484; 584.503
0.0351; 584.54
0.03536; 584.578
0.03562; 584.598
0.03588; 584.631
0.03614; 584.693
0.0364; 584.74
0.03666; 584.775
0.03692; 584.821
0.03718; 584.876
0.03744; 584.93
0.0377; 584.966
0.03796; 585.014
0.03822; 585.091
0.03848; 585.152
0.03874; 585.2
0.039; 585.259
0.03926; 585.326
0.03952; 585.392
0.03978; 585.439
0.04004; 585.499
0.0403; 585.586
0.04056; 585.657
0.04082; 585.715
0.04108; 585.784
0.04134; 585.86
0.0416; 585.935
0.04186; 585.991
0.04212; 586.059
0.04238; 586.154
0.04264; 586.233
0.0429; 586.299
0.04316; 586.376
0.04342; 586.46
0.04368; 586.542
0.04394; 586.606
0.0442; 586.682
0.04446; 586.784
0.04472; 586.871
0.04498; 586.945
0.04524; 587.029
0.0455; 587.121
0.04576; 587.212
0.04602; 587.284
0.04628; 587.369
0.04654; 587.48
0.0468; 587.576
0.04706; 587.659
0.04732; 587.754
0.04758; 587.856
0.04784; 587.957
0.0481; 588.04
0.04836; 588.136
0.04862; 588.259
0.04888; 588.367
0.04914; 588.463
0.0494; 588.571
0.04966; 588.687
0.04992; 588.802
0.05018; 588.901
0.05044; 589.012
0.0507; 589.151
0.05096; 589.276
0.05122; 589.39
0.05148; 589.516
0.05174; 589.651
0.052; 589.786
0.05226; 589.905
0.05252; 590.037
0.05278; 590.198
0.05304; 590.345
0.0533; 590.482
0.05356; 590.632
0.05382; 590.792
0.05408; 590.952
0.05434; 591.097
0.0546; 591.257
0.05486; 591.445
0.05512; 591.621
0.05538; 591.787
0.05564; 591.967
0.0559; 592.157
0.05616; 592.349
0.05642; 592.526
0.05668; 592.719
0.05694; 592.942
0.0572; 593.154
0.05746; 593.359
0.05772; 593.579
0.05798; 593.809
0.05824; 594.021
0.0585; 0
0.05876; 0
0.05902; 0
0.05928; 0
0.05954; 0
0.0598; 0
0.06006; 0
0.06032; 0
0.06058; 0
0.06084; 0
0.0611; 0
0.06136; 0
0.06162; 0
0.06188; 0
0.06214; 0
0.0624; 0
0.06266; 0
0.06292; 0
0.06318; 0
0.06344; 0
0.0637; 0
0.06396; 0
0.06422; 0
0.06448; 0
0.06474; 0
0.065; 0
0.06526; 0
0.06552; 0
0.06578; 0
0.06604; 0
0.0663; 0
0.06656; 0
0.06682; 0
0.06708; 0
0.06734; 0
0.0676; 0
0.06786; 0
0.06812; 0
0.06838; 0
0.06864; 0
0.0689; 0
0.06916; 0
0.06942; 0
0.06968; 0
0.06994; 0
0.0702; 0
0.07046; 0
0.07072; 0
0.07098; 0
0.07124; 0
0.0715; 0
0.07176; 0
0.07202; 0
0.07228; 0
0.07254; 0
0.0728; 0
0.07306; 0
0.07332; 0
0.07358; 0
0.07384; 0
0.0741; 0
0.07436; 0
0.07462; 0
0.07488; 0
0.07514; 0
0.0754; 0
0.07566; 0
0.07592; 0
0.07618; 0
0.07644; 0
0.0767; 0
0.07696; 0
0.07722; 0
0.07748; 0
0.07774; 0
0.078; 0
