0.00667; 0
0.01334; 0
0.02001; 0
0.02668; 0
0.03335; 0
0.04002; 0
0.04669; 0
0.05336; 0
0.06003; 0
0.0667; 0
0.07337; 0
0.08004; 0
0.08671; 0
0.09338; 0
0.10005; 0
0.10672; 0
0.11339; 0
0.12006; 0
0.12673; 0
0.1334; 0
0.14007; 0
0.14674; 0
0.15341; 0
0.16008; 0
0.16675; 0
0.17342; 0
0.18009; 0
0.18676; 0
0.19343; 0
0.2001; 0
0.20677; 0
0.21344; 0
0.22011; 0
0.22678; 0
0.23345; 0
0.24012; 0
0.24679; 0
0.25346; 0
0.26013; 0
0.2668; 0
0.27347; 0
0.28014; 0
0.28681; 0
0.29348; 0
0.30015; 0
0.30682; 0
0.31349; 0
0.32016; 0
0.32683; 0
0.3335; 0
0.34017; 0
0.34684; 0
0.35351; 0
0.36018; 0
0.36685; 0
0.37352; 0
0.38019; 0
0.38686; 0
0.39353; 0
0.4002; 0
0.40687; 0
0.41354; 0
0.42021; 0
0.42688; 0
0.43355; 0
0.44022; 0
0.44689; 0
0.45356; 0
0.46023; 0
0.4669; 0
0.47357; 336.609
0.48024; 336.576
0.48691; 336.509
0.49358; 336.41
0.50025; 336.278
0.50692; 336.114
0.51359; 335.917
0.52026; 335.69
0.52693; 335.432
0.5336; 335.144
0.54027; 334.826
0.54694; 334.481
0.55361; 334.108
0.56028; 333.71
0.56695; 333.286
0.57362; 332.838
0.58029; 332.367
0.58696; 331.875
0.59363; 331.362
0.6003; 330.831
0.60697; 330.282
0.61364; 329.716
0.62031; 329.136
0.62698; 328.543
0.63365; 327.938
0.64032; 327.322
0.64699; 326.697
0.65366; 326.064
0.66033; 325.425
0.667; 324.781
0.67367; 324.134
0.68034; 323.484
0.68701; 322.834
0.69368; 322.184
0.70035; 321.535
0.70702; 320.889
0.71369; 320.247
0.72036; 319.61
0.72703; 318.979
0.7337; 318.355
0.74037; 317.739
0.74704; 317.131
0.75371; 316.533
0.76038; 315.946
0.76705; 315.369
0.77372; 314.805
0.78039; 314.252
0.78706; 313.713
0.79373; 313.186
0.8004; 312.673
0.80707; 312.174
0.81374; 311.689
0.82041; 311.218
0.82708; 310.761
0.83375; 310.319
0.84042; 309.891
0.84709; 309.477
0.85376; 309.076
0.86043; 308.689
0.8671; 308.315
0.87377; 307.953
0.88044; 307.602
0.88711; 307.262
0.89378; 306.932
0.90045; 306.61
0.90712; 306.295
0.91379; 305.985
0.92046; 305.681
0.92713; 305.38
0.9338; 305.083
0.94047; 304.794
0.94714; 304.518
0.95381; 304.269
0.96048; 304.072
0.96715; 303.959
0.97382; 303.959
0.98049; 304.072
0.98716; 304.269
0.99383; 304.518
1.0005; 304.794
1.00717; 305.083
1.01384; 305.38
1.02051; 305.681
1.02718; 305.985
1.03385; 306.295
1.04052; 306.61
1.04719; 306.932
1.05386; 307.262
1.06053; 307.602
1.0672; 307.953
1.07387; 308.315
1.08054; 308.689
1.08721; 309.076
1.09388; 309.477
1.10055; 309.891
1.10722; 310.319
1.11389; 310.761
1.12056; 311.218
1.12723; 311.689
1.1339; 312.174
1.14057; 312.673
1.14724; 313.186
1.15391; 313.713
1.16058; 314.252
1.16725; 314.805
1.17392; 315.369
1.18059; 315.946
1.18726; 316.533
1.19393; 317.131
1.2006; 317.739
1.20727; 318.355
1.21394; 318.979
1.22061; 319.61
1.22728; 320.247
1.23395; 320.889
1.24062; 321.535
1.24729; 322.184
1.25396; 322.834
1.26063; 323.484
1.2673; 324.134
1.27397; 324.781
1.28064; 325.425
1.28731; 326.064
1.29398; 326.697
1.30065; 327.322
1.30732; 327.938
1.31399; 328.543
1.32066; 329.136
1.32733; 329.716
1.334; 330.282
1.34067; 330.831
1.34734; 331.362
1.35401; 331.875
1.36068; 332.367
1.36735; 332.838
1.37402; 333.286
1.38069; 333.71
1.38736; 334.108
1.39403; 334.481
1.4007; 334.826
1.40737; 335.144
1.41404; 335.432
1.42071; 335.69
1.42738; 335.917
1.43405; 336.114
1.44072; 336.278
1.44739; 336.41
1.45406; 336.509
1.46073; 336.576
1.4674; 336.609
1.47407; 0
1.48074; 0
1.48741; 0
1.49408; 0
1.50075; 0
1.50742; 0
1.51409; 0
1.52076; 0
1.52743; 0
1.5341; 0
1.54077; 0
1.54744; 0
1.55411; 0
1.56078; 0
1.56745; 0
1.57412; 0
1.58079; 0
1.58746; 0
1.59413; 0
1.6008; 0
1.60747; 0
1.61414; 0
1.62081; 0
1.62748; 0
1.63415; 0
1.64082; 0
1.64749; 0
1.65416; 0
1.66083; 0
1.6675; 0
1.67417; 0
1.68084; 0
1.68751; 0
1.69418; 0
1.70085; 0
1.70752; 0
1.71419; 0
1.72086; 0
1.72753; 0
1.7342; 0
1.74087; 0
1.74754; 0
1.75421; 0
1.76088; 0
1.76755; 0
1.77422; 0
1.78089; 0
1.78756; 0
1.79423; 0
1.8009; 0
1.80757; 0
1.81424; 0
1.82091; 0
1.82758; 0
1.83425; 0
1.84092; 0
1.84759; 0
1.85426; 0
1.86093; 0
1.8676; 0
1.87427; 0
1.88094; 0
1.88761; 0
1.89428; 0
1.90095; 0
1.90762; 0
1.91429; 0
1.92096; 0
1.92763; 0
1.9343; 0
1.94097; 0
1.94764; 0
1.95431; 0
1.96098; 0
1.96765; 0
1.97432; 0
1.98099; 0
1.98766; 0
1.99433; 0
2.001; 0
