0.00667; 0
0.01334; 0
0.02001; 0
0.02668; 0
0.03335; 0
0.04002; 0
0.04669; 0
0.05336; 0
0.06003; 0
0.0667; 0
0.07337; 0
0.08004; 0
0.08671; 0
0.09338; 0
0.10005; 0
0.10672; 0
0.11339; 0
0.12006; 0
0.12673; 0
0.1334; 0
0.14007; 0
0.14674; 0
0.15341; 0
0.16008; 0
0.16675; 0
0.17342; 0
0.18009; 0
0.18676; 0
0.19343; 0
0.2001; 0
0.20677; 0
0.21344; 0
0.22011; 0
0.22678; 0
0.23345; 0
0.24012; 0
0.24679; 0
0.25346; 0
0.26013; 0
0.2668; 0
0.27347; 0
0.28014; 0
0.28681; 0
0.29348; 0
0.30015; 0
0.30682; 0
0.31349; 0
0.32016; 0
0.32683; 0
0.3335; 0
0.34017; 0
0.34684; 0
0.35351; 0
0.36018; 0
0.36685; 0
0.37352; 0
0.38019; 0
0.38686; 0
0.39353; 0
0.4002; 0
0.40687; 0
0.41354; 0
0.42021; 0
0.42688; 0
0.43355; 0
0.44022; 0
0.44689; 0
0.45356; 0
0.46023; 0
0.4669; 0
0.47357; 674.54
0.48024; 674.472
0.48691; 674.337
0.49358; 674.133
0.50025; 673.862
0.50692; 673.523
0.51359; 673.117
0.52026; 672.644
0.52693; 672.105
0.5336; 671.499
0.54027; 670.827
0.54694; 670.089
0.55361; 669.287
0.56028; 668.419
0.56695; 667.487
0.57362; 666.491
0.58029; 665.432
0.58696; 664.31
0.59363; 663.126
0.6003; 661.88
0.60697; 660.572
0.61364; 659.204
0.62031; 657.774
0.62698; 656.285
0.63365; 654.736
0.64032; 653.127
0.64699; 651.459
0.65366; 649.731
0.66033; 647.945
0.667; 646.1
0.67367; 644.195
0.68034; 642.231
0.68701; 640.208
0.69368; 638.124
0.70035; 635.979
0.70702; 633.773
0.71369; 631.505
0.72036; 629.173
0.72703; 626.776
0.7337; 624.313
0.74037; 621.781
0.74704; 619.179
0.75371; 616.504
0.76038; 613.753
0.76705; 610.923
0.77372; 608.01
0.78039; 605.011
0.78706; 601.919
0.79373; 598.731
0.8004; 595.44
0.80707; 592.039
0.81374; 588.521
0.82041; 584.877
0.82708; 581.097
0.83375; 577.17
0.84042; 573.083
0.84709; 568.823
0.85376; 564.372
0.86043; 559.713
0.8671; 554.825
0.87377; 549.684
0.88044; 544.264
0.88711; 538.534
0.89378; 532.461
0.90045; 526.011
0.90712; 519.145
0.91379; 511.83
0.92046; 504.04
0.92713; 495.774
0.9338; 487.076
0.94047; 478.084
0.94714; 469.102
0.95381; 460.705
0.96048; 453.845
0.96715; 449.824
0.97382; 449.824
0.98049; 453.845
0.98716; 460.705
0.99383; 469.102
1.0005; 478.084
1.00717; 487.076
1.01384; 495.774
1.02051; 504.04
1.02718; 511.83
1.03385; 519.145
1.04052; 526.011
1.04719; 532.461
1.05386; 538.534
1.06053; 544.264
1.0672; 549.684
1.07387; 554.825
1.08054; 559.713
1.08721; 564.372
1.09388; 568.823
1.10055; 573.083
1.10722; 577.17
1.11389; 581.097
1.12056; 584.877
1.12723; 588.521
1.1339; 592.039
1.14057; 595.44
1.14724; 598.731
1.15391; 601.919
1.16058; 605.011
1.16725; 608.01
1.17392; 610.923
1.18059; 613.753
1.18726; 616.504
1.19393; 619.179
1.2006; 621.781
1.20727; 624.313
1.21394; 626.776
1.22061; 629.173
1.22728; 631.505
1.23395; 633.773
1.24062; 635.979
1.24729; 638.124
1.25396; 640.208
1.26063; 642.231
1.2673; 644.195
1.27397; 646.1
1.28064; 647.945
1.28731; 649.731
1.29398; 651.459
1.30065; 653.127
1.30732; 654.736
1.31399; 656.285
1.32066; 657.774
1.32733; 659.204
1.334; 660.572
1.34067; 661.88
1.34734; 663.126
1.35401; 664.31
1.36068; 665.432
1.36735; 666.491
1.37402; 667.487
1.38069; 668.419
1.38736; 669.287
1.39403; 670.089
1.4007; 670.827
1.40737; 671.499
1.41404; 672.105
1.42071; 672.644
1.42738; 673.117
1.43405; 673.523
1.44072; 673.862
1.44739; 674.133
1.45406; 674.337
1.46073; 674.472
1.4674; 674.54
1.47407; 0
1.48074; 0
1.48741; 0
1.49408; 0
1.50075; 0
1.50742; 0
1.51409; 0
1.52076; 0
1.52743; 0
1.5341; 0
1.54077; 0
1.54744; 0
1.55411; 0
1.56078; 0
1.56745; 0
1.57412; 0
1.58079; 0
1.58746; 0
1.59413; 0
1.6008; 0
1.60747; 0
1.61414; 0
1.62081; 0
1.62748; 0
1.63415; 0
1.64082; 0
1.64749; 0
1.65416; 0
1.66083; 0
1.6675; 0
1.67417; 0
1.68084; 0
1.68751; 0
1.69418; 0
1.70085; 0
1.70752; 0
1.71419; 0
1.72086; 0
1.72753; 0
1.7342; 0
1.74087; 0
1.74754; 0
1.75421; 0
1.76088; 0
1.76755; 0
1.77422; 0
1.78089; 0
1.78756; 0
1.79423; 0
1.8009; 0
1.80757; 0
1.81424; 0
1.82091; 0
1.82758; 0
1.83425; 0
1.84092; 0
1.84759; 0
1.85426; 0
1.86093; 0
1.8676; 0
1.87427; 0
1.88094; 0
1.88761; 0
1.89428; 0
1.90095; 0
1.90762; 0
1.91429; 0
1.92096; 0
1.92763; 0
1.9343; 0
1.94097; 0
1.94764; 0
1.95431; 0
1.96098; 0
1.96765; 0
1.97432; 0
1.98099; 0
1.98766; 0
1.99433; 0
2.001; 0
