0.00026; 703.474
0.00052; 703.471
0.00078; 703.468
0.00104; 703.469
0.0013; 703.469
0.00156; 703.468
0.00182; 703.466
0.00208; 703.464
0.00234; 703.465
0.0026; 703.464
0.00286; 703.46
0.00312; 703.461
0.00338; 703.462
0.00364; 703.46
0.0039; 703.458
0.00416; 703.456
0.00442; 703.458
0.00468; 703.456
0.00494; 703.453
0.0052; 703.453
0.00546; 703.454
0.00572; 703.452
0.00598; 703.45
0.00624; 703.448
0.0065; 703.45
0.00676; 703.449
0.00702; 703.445
0.00728; 703.446
0.00754; 703.446
0.0078; 703.445
0.00806; 703.443
0.00832; 703.441
0.00858; 703.443
0.00884; 703.441
0.0091; 703.438
0.00936; 703.438
0.00962; 703.439
0.00988; 703.438
0.01014; 703.436
0.0104; 703.434
0.01066; 703.436
0.01092; 703.435
0.01118; 703.431
0.01144; 703.432
0.0117; 703.433
0.01196; 703.431
0.01222; 703.429
0.01248; 703.427
0.01274; 703.429
0.013; 703.428
0.01326; 703.425
0.01352; 703.425
0.01378; 703.426
0.01404; 703.425
0.0143; 703.423
0.01456; 703.421
0.01482; 703.423
0.01508; 703.422
0.01534; 703.419
0.0156; 703.42
0.01586; 703.421
0.01612; 703.42
0.01638; 703.417
0.01664; 703.416
0.0169; 703.418
0.01716; 703.417
0.01742; 703.414
0.01768; 703.414
0.01794; 703.415
0.0182; 703.415
0.01846; 703.412
0.01872; 703.411
0.01898; 703.413
0.01924; 703.412
0.0195; 703.409
0.01976; 703.41
0.02002; 703.411
0.02028; 703.41
0.02054; 703.408
0.0208; 703.406
0.02106; 703.408
0.02132; 703.408
0.02158; 703.405
0.02184; 703.406
0.0221; 703.407
0.02236; 703.406
0.02262; 703.404
0.02288; 703.402
0.02314; 703.404
0.0234; 703.404
0.02366; 703.401
0.02392; 703.402
0.02418; 703.403
0.02444; 703.402
0.0247; 703.4
0.02496; 703.399
0.02522; 703.401
0.02548; 703.401
0.02574; 703.397
0.026; 703.398
0.02626; 703.4
0.02652; 703.399
0.02678; 703.397
0.02704; 703.396
0.0273; 703.398
0.02756; 703.397
0.02782; 703.394
0.02808; 703.396
0.02834; 703.397
0.0286; 703.396
0.02886; 703.394
0.02912; 703.393
0.02938; 703.395
0.02964; 703.395
0.0299; 703.392
0.03016; 703.393
0.03042; 703.394
0.03068; 703.394
0.03094; 703.392
0.0312; 703.391
0.03146; 703.393
0.03172; 703.393
0.03198; 703.39
0.03224; 703.391
0.0325; 703.392
0.03276; 703.392
0.03302; 703.39
0.03328; 703.389
0.03354; 703.391
0.0338; 703.391
0.03406; 703.388
0.03432; 703.389
0.03458; 703.391
0.03484; 703.39
0.0351; 703.389
0.03536; 703.388
0.03562; 703.39
0.03588; 703.39
0.03614; 703.387
0.0364; 703.388
0.03666; 703.39
0.03692; 703.39
0.03718; 703.388
0.03744; 703.387
0.0377; 703.389
0.03796; 703.389
0.03822; 703.386
0.03848; 703.388
0.03874; 703.39
0.039; 703.389
0.03926; 703.388
0.03952; 703.387
0.03978; 703.389
0.04004; 703.389
0.0403; 703.386
0.04056; 703.388
0.04082; 703.389
0.04108; 703.389
0.04134; 703.388
0.0416; 703.387
0.04186; 703.389
0.04212; 703.389
0.04238; 703.386
0.04264; 703.388
0.0429; 703.39
0.04316; 703.389
0.04342; 703.388
0.04368; 703.387
0.04394; 703.39
0.0442; 703.39
0.04446; 703.387
0.04472; 703.389
0.04498; 703.391
0.04524; 703.39
0.0455; 703.389
0.04576; 703.388
0.04602; 703.391
0.04628; 703.391
0.04654; 703.388
0.0468; 703.39
0.04706; 703.392
0.04732; 703.391
0.04758; 703.39
0.04784; 703.389
0.0481; 703.392
0.04836; 703.392
0.04862; 703.39
0.04888; 703.391
0.04914; 703.393
0.0494; 703.393
0.04966; 703.392
0.04992; 703.391
0.05018; 703.394
0.05044; 703.394
0.0507; 703.392
0.05096; 703.394
0.05122; 703.396
0.05148; 703.396
0.05174; 703.394
0.052; 703.394
0.05226; 703.397
0.05252; 703.397
0.05278; 703.395
0.05304; 703.396
0.0533; 703.398
0.05356; 703.398
0.05382; 703.397
0.05408; 703.396
0.05434; 703.4
0.0546; 703.4
0.05486; 703.397
0.05512; 703.399
0.05538; 703.401
0.05564; 703.401
0.0559; 703.4
0.05616; 703.399
0.05642; 703.403
0.05668; 703.403
0.05694; 703.401
0.0572; 703.402
0.05746; 703.405
0.05772; 703.405
0.05798; 703.404
0.05824; 703.403
0.0585; 703.406
0.05876; 703.407
0.05902; 703.404
0.05928; 703.406
0.05954; 703.408
0.0598; 703.409
0.06006; 703.408
0.06032; 703.407
0.06058; 703.411
0.06084; 703.411
0.0611; 703.409
0.06136; 703.411
0.06162; 703.413
0.06188; 703.413
0.06214; 703.412
0.0624; 703.412
0.06266; 703.415
0.06292; 703.416
0.06318; 703.413
0.06344; 703.415
0.0637; 703.418
0.06396; 703.418
0.06422; 703.417
0.06448; 703.417
0.06474; 703.42
0.065; 703.421
0.06526; 703.419
0.06552; 703.421
0.06578; 703.423
0.06604; 703.424
0.0663; 703.423
0.06656; 703.422
0.06682; 703.426
0.06708; 703.426
0.06734; 703.424
0.0676; 703.426
0.06786; 703.429
0.06812; 703.429
0.06838; 703.428
0.06864; 703.428
0.0689; 703.432
0.06916; 703.432
0.06942; 703.43
0.06968; 703.433
0.06994; 703.435
0.0702; 703.436
0.07046; 703.435
0.07072; 703.435
0.07098; 703.438
0.07124; 703.439
0.0715; 703.437
0.07176; 703.439
0.07202; 703.442
0.07228; 703.442
0.07254; 703.442
0.0728; 703.441
0.07306; 703.445
0.07332; 703.446
0.07358; 703.444
0.07384; 703.446
0.0741; 703.449
0.07436; 703.449
0.07462; 703.448
0.07488; 703.448
0.07514; 703.452
0.0754; 703.453
0.07566; 703.451
0.07592; 703.453
0.07618; 703.455
0.07644; 703.456
0.0767; 703.455
0.07696; 703.455
0.07722; 703.458
0.07748; 703.459
0.07774; 703.457
0.078; 703.459
