0.00026; 0
0.00052; 0
0.00078; 0
0.00104; 0
0.0013; 0
0.00156; 0
0.00182; 0
0.00208; 0
0.00234; 0
0.0026; 0
0.00286; 0
0.00312; 0
0.00338; 0
0.00364; 0
0.0039; 0
0.00416; 0
0.00442; 0
0.00468; 0
0.00494; 0
0.0052; 0
0.00546; 0
0.00572; 0
0.00598; 0
0.00624; 0
0.0065; 0
0.00676; 0
0.00702; 0
0.00728; 0
0.00754; 0
0.0078; 0
0.00806; 0
0.00832; 0
0.00858; 0
0.00884; 0
0.0091; 0
0.00936; 0
0.00962; 0
0.00988; 0
0.01014; 0
0.0104; 0
0.01066; 0
0.01092; 0
0.01118; 0
0.01144; 0
0.0117; 0
0.01196; 0
0.01222; 0
0.01248; 0
0.01274; 0
0.013; 0
0.01326; 0
0.01352; 0
0.01378; 0
0.01404; 0
0.0143; 0
0.01456; 0
0.01482; 0
0.01508; 0
0.01534; 0
0.0156; 0
0.01586; 0
0.01612; 0
0.01638; 0
0.01664; 0
0.0169; 0
0.01716; 0
0.01742; 0
0.01768; 0
0.01794; 0
0.0182; 0
0.01846; 0
0.01872; 0
0.01898; 0
0.01924; 0
0.0195; 0
0.01976; 0
0.02002; 0
0.02028; 0
0.02054; 0
0.0208; 0
0.02106; 0
0.02132; 0
0.02158; 0
0.02184; 0
0.0221; 0
0.02236; 0
0.02262; 0
0.02288; 577.953
0.02314; 577.782
0.0234; 577.575
0.02366; 577.388
0.02392; 577.198
0.02418; 577.021
0.02444; 576.853
0.0247; 576.687
0.02496; 576.52
0.02522; 576.386
0.02548; 576.239
0.02574; 576.113
0.026; 575.982
0.02626; 575.861
0.02652; 575.749
0.02678; 575.636
0.02704; 575.522
0.0273; 575.44
0.02756; 575.344
0.02782; 575.268
0.02808; 575.186
0.02834; 575.114
0.0286; 575.049
0.02886; 574.983
0.02912; 574.915
0.02938; 574.878
0.02964; 574.826
0.0299; 574.793
0.03016; 574.753
0.03042; 574.722
0.03068; 574.697
0.03094; 574.671
0.0312; 574.641
0.03146; 574.642
0.03172; 574.626
0.03198; 574.629
0.03224; 574.623
0.0325; 574.626
0.03276; 574.634
0.03302; 574.64
0.03328; 574.641
0.03354; 574.672
0.0338; 574.685
0.03406; 574.716
0.03432; 574.738
0.03458; 574.767
0.03484; 574.801
0.0351; 574.831
0.03536; 574.856
0.03562; 574.91
0.03588; 574.945
0.03614; 574.998
0.0364; 575.04
0.03666; 575.09
0.03692; 575.142
0.03718; 575.191
0.03744; 575.233
0.0377; 575.304
0.03796; 575.356
0.03822; 575.424
0.03848; 575.481
0.03874; 575.545
0.039; 575.612
0.03926; 575.673
0.03952; 575.729
0.03978; 575.811
0.04004; 575.875
0.0403; 575.955
0.04056; 576.023
0.04082; 576.097
0.04108; 576.174
0.04134; 576.245
0.0416; 576.31
0.04186; 576.402
0.04212; 576.475
0.04238; 576.563
0.04264; 576.64
0.0429; 576.723
0.04316; 576.808
0.04342; 576.888
0.04368; 576.961
0.04394; 577.061
0.0442; 577.142
0.04446; 577.238
0.04472; 577.323
0.04498; 577.414
0.04524; 577.508
0.0455; 577.596
0.04576; 577.678
0.04602; 577.787
0.04628; 577.877
0.04654; 577.982
0.0468; 578.078
0.04706; 578.179
0.04732; 578.282
0.04758; 578.382
0.04784; 578.475
0.0481; 578.595
0.04836; 578.698
0.04862; 578.816
0.04888; 578.924
0.04914; 579.039
0.0494; 579.157
0.04966; 579.271
0.04992; 579.38
0.05018; 579.516
0.05044; 579.635
0.0507; 579.77
0.05096; 579.897
0.05122; 580.03
0.05148; 580.168
0.05174; 580.302
0.052; 580.432
0.05226; 580.59
0.05252; 580.731
0.05278; 580.89
0.05304; 581.04
0.0533; 581.199
0.05356; 581.362
0.05382; 581.522
0.05408; 581.679
0.05434; 581.865
0.0546; 582.036
0.05486; 582.224
0.05512; 582.404
0.05538; 582.594
0.05564; 582.789
0.0559; 582.982
0.05616; 583.173
0.05642; 583.393
0.05668; 583.599
0.05694; 583.824
0.0572; 584.044
0.05746; 584.274
0.05772; 584.511
0.05798; 584.747
0.05824; 584.954
0.0585; 0
0.05876; 0
0.05902; 0
0.05928; 0
0.05954; 0
0.0598; 0
0.06006; 0
0.06032; 0
0.06058; 0
0.06084; 0
0.0611; 0
0.06136; 0
0.06162; 0
0.06188; 0
0.06214; 0
0.0624; 0
0.06266; 0
0.06292; 0
0.06318; 0
0.06344; 0
0.0637; 0
0.06396; 0
0.06422; 0
0.06448; 0
0.06474; 0
0.065; 0
0.06526; 0
0.06552; 0
0.06578; 0
0.06604; 0
0.0663; 0
0.06656; 0
0.06682; 0
0.06708; 0
0.06734; 0
0.0676; 0
0.06786; 0
0.06812; 0
0.06838; 0
0.06864; 0
0.0689; 0
0.06916; 0
0.06942; 0
0.06968; 0
0.06994; 0
0.0702; 0
0.07046; 0
0.07072; 0
0.07098; 0
0.07124; 0
0.0715; 0
0.07176; 0
0.07202; 0
0.07228; 0
0.07254; 0
0.0728; 0
0.07306; 0
0.07332; 0
0.07358; 0
0.07384; 0
0.0741; 0
0.07436; 0
0.07462; 0
0.07488; 0
0.07514; 0
0.0754; 0
0.07566; 0
0.07592; 0
0.07618; 0
0.07644; 0
0.0767; 0
0.07696; 0
0.07722; 0
0.07748; 0
0.07774; 0
0.078; 0
