0.00026; 386.404
0.00052; 386.407
0.00078; 386.414
0.00104; 386.403
0.0013; 386.374
0.00156; 386.388
0.00182; 386.392
0.00208; 386.383
0.00234; 386.368
0.0026; 386.364
0.00286; 386.371
0.00312; 386.361
0.00338; 386.333
0.00364; 386.346
0.0039; 386.351
0.00416; 386.342
0.00442; 386.327
0.00468; 386.324
0.00494; 386.33
0.0052; 386.321
0.00546; 386.293
0.00572; 386.307
0.00598; 386.311
0.00624; 386.302
0.0065; 386.288
0.00676; 386.285
0.00702; 386.292
0.00728; 386.283
0.00754; 386.255
0.0078; 386.269
0.00806; 386.274
0.00832; 386.266
0.00858; 386.252
0.00884; 386.249
0.0091; 386.256
0.00936; 386.248
0.00962; 386.22
0.00988; 386.235
0.01014; 386.24
0.0104; 386.232
0.01066; 386.218
0.01092; 386.216
0.01118; 386.224
0.01144; 386.216
0.0117; 386.189
0.01196; 386.204
0.01222; 386.21
0.01248; 386.202
0.01274; 386.189
0.013; 386.187
0.01326; 386.194
0.01352; 386.187
0.01378; 386.16
0.01404; 386.175
0.0143; 386.181
0.01456; 386.174
0.01482; 386.161
0.01508; 386.16
0.01534; 386.168
0.0156; 386.161
0.01586; 386.134
0.01612; 386.15
0.01638; 386.157
0.01664; 386.15
0.0169; 386.137
0.01716; 386.136
0.01742; 386.145
0.01768; 386.138
0.01794; 386.111
0.0182; 386.128
0.01846; 386.135
0.01872; 386.128
0.01898; 386.116
0.01924; 386.115
0.0195; 386.124
0.01976; 386.117
0.02002; 386.091
0.02028; 386.108
0.02054; 386.115
0.0208; 386.108
0.02106; 386.096
0.02132; 386.096
0.02158; 386.105
0.02184; 386.098
0.0221; 386.073
0.02236; 386.089
0.02262; 386.097
0.02288; 386.091
0.02314; 386.079
0.0234; 386.079
0.02366; 386.088
0.02392; 386.082
0.02418; 386.056
0.02444; 386.073
0.0247; 386.081
0.02496; 386.075
0.02522; 386.064
0.02548; 386.063
0.02574; 386.073
0.026; 386.068
0.02626; 386.042
0.02652; 386.06
0.02678; 386.068
0.02704; 386.062
0.0273; 386.051
0.02756; 386.051
0.02782; 386.061
0.02808; 386.056
0.02834; 386.031
0.0286; 386.049
0.02886; 386.057
0.02912; 386.052
0.02938; 386.041
0.02964; 386.041
0.0299; 386.051
0.03016; 386.046
0.03042; 386.021
0.03068; 386.039
0.03094; 386.047
0.0312; 386.042
0.03146; 386.032
0.03172; 386.032
0.03198; 386.043
0.03224; 386.038
0.0325; 386.013
0.03276; 386.031
0.03302; 386.04
0.03328; 386.035
0.03354; 386.025
0.0338; 386.026
0.03406; 386.036
0.03432; 386.032
0.03458; 386.007
0.03484; 386.025
0.0351; 386.034
0.03536; 386.03
0.03562; 386.02
0.03588; 386.021
0.03614; 386.032
0.0364; 386.027
0.03666; 386.003
0.03692; 386.022
0.03718; 386.031
0.03744; 386.027
0.0377; 386.017
0.03796; 386.018
0.03822; 386.03
0.03848; 386.025
0.03874; 386.002
0.039; 386.02
0.03926; 386.03
0.03952; 386.026
0.03978; 386.016
0.04004; 386.018
0.0403; 386.03
0.04056; 386.026
0.04082; 386.002
0.04108; 386.021
0.04134; 386.031
0.0416; 386.027
0.04186; 386.018
0.04212; 386.02
0.04238; 386.032
0.04264; 386.028
0.0429; 386.004
0.04316; 386.024
0.04342; 386.034
0.04368; 386.03
0.04394; 386.021
0.0442; 386.023
0.04446; 386.035
0.04472; 386.032
0.04498; 386.008
0.04524; 386.028
0.0455; 386.038
0.04576; 386.035
0.04602; 386.026
0.04628; 386.028
0.04654; 386.04
0.0468; 386.037
0.04706; 386.014
0.04732; 386.034
0.04758; 386.044
0.04784; 386.041
0.0481; 386.033
0.04836; 386.035
0.04862; 386.048
0.04888; 386.045
0.04914; 386.022
0.0494; 386.043
0.04966; 386.053
0.04992; 386.05
0.05018; 386.042
0.05044; 386.045
0.0507; 386.058
0.05096; 386.055
0.05122; 386.033
0.05148; 386.053
0.05174; 386.064
0.052; 386.061
0.05226; 386.053
0.05252; 386.056
0.05278; 386.069
0.05304; 386.067
0.0533; 386.045
0.05356; 386.065
0.05382; 386.076
0.05408; 386.074
0.05434; 386.066
0.0546; 386.069
0.05486; 386.083
0.05512; 386.08
0.05538; 386.058
0.05564; 386.079
0.0559; 386.091
0.05616; 386.089
0.05642; 386.081
0.05668; 386.085
0.05694; 386.099
0.0572; 386.096
0.05746; 386.075
0.05772; 386.096
0.05798; 386.108
0.05824; 386.106
0.0585; 386.099
0.05876; 386.102
0.05902; 386.115
0.05928; 386.114
0.05954; 386.093
0.0598; 386.114
0.06006; 386.126
0.06032; 386.124
0.06058; 386.117
0.06084; 386.121
0.0611; 386.136
0.06136; 386.134
0.06162; 386.113
0.06188; 386.135
0.06214; 386.147
0.0624; 386.146
0.06266; 386.139
0.06292; 386.143
0.06318; 386.158
0.06344; 386.156
0.0637; 386.135
0.06396; 386.158
0.06422; 386.17
0.06448; 386.169
0.06474; 386.162
0.065; 386.167
0.06526; 386.182
0.06552; 386.181
0.06578; 386.16
0.06604; 386.182
0.0663; 386.195
0.06656; 386.194
0.06682; 386.187
0.06708; 386.192
0.06734; 386.207
0.0676; 386.206
0.06786; 386.186
0.06812; 386.208
0.06838; 386.221
0.06864; 386.221
0.0689; 386.215
0.06916; 386.22
0.06942; 386.235
0.06968; 386.235
0.06994; 386.215
0.0702; 386.238
0.07046; 386.251
0.07072; 386.251
0.07098; 386.245
0.07124; 386.251
0.0715; 386.267
0.07176; 386.267
0.07202; 386.247
0.07228; 386.27
0.07254; 386.284
0.0728; 386.284
0.07306; 386.279
0.07332; 386.285
0.07358; 386.301
0.07384; 386.301
0.0741; 386.281
0.07436; 386.305
0.07462; 386.319
0.07488; 386.319
0.07514; 386.314
0.0754; 386.32
0.07566; 386.336
0.07592; 386.337
0.07618; 386.318
0.07644; 386.342
0.0767; 386.356
0.07696; 386.356
0.07722; 386.351
0.07748; 386.357
0.07774; 386.378
0.078; 386.388
