0.00026; 725.147
0.00052; 725.144
0.00078; 725.139
0.00104; 725.144
0.0013; 725.144
0.00156; 725.142
0.00182; 725.139
0.00208; 725.141
0.00234; 725.141
0.0026; 725.139
0.00286; 725.132
0.00312; 725.137
0.00338; 725.138
0.00364; 725.136
0.0039; 725.133
0.00416; 725.135
0.00442; 725.135
0.00468; 725.133
0.00494; 725.126
0.0052; 725.131
0.00546; 725.132
0.00572; 725.131
0.00598; 725.127
0.00624; 725.129
0.0065; 725.129
0.00676; 725.127
0.00702; 725.121
0.00728; 725.126
0.00754; 725.127
0.0078; 725.125
0.00806; 725.122
0.00832; 725.124
0.00858; 725.124
0.00884; 725.122
0.0091; 725.115
0.00936; 725.12
0.00962; 725.121
0.00988; 725.12
0.01014; 725.116
0.0104; 725.118
0.01066; 725.118
0.01092; 725.116
0.01118; 725.11
0.01144; 725.115
0.0117; 725.116
0.01196; 725.114
0.01222; 725.111
0.01248; 725.113
0.01274; 725.113
0.013; 725.111
0.01326; 725.105
0.01352; 725.11
0.01378; 725.111
0.01404; 725.109
0.0143; 725.106
0.01456; 725.108
0.01482; 725.108
0.01508; 725.106
0.01534; 725.1
0.0156; 725.105
0.01586; 725.106
0.01612; 725.105
0.01638; 725.101
0.01664; 725.103
0.0169; 725.104
0.01716; 725.102
0.01742; 725.095
0.01768; 725.101
0.01794; 725.102
0.0182; 725.1
0.01846; 725.097
0.01872; 725.099
0.01898; 725.099
0.01924; 725.097
0.0195; 725.091
0.01976; 725.097
0.02002; 725.098
0.02028; 725.096
0.02054; 725.093
0.0208; 725.095
0.02106; 725.096
0.02132; 725.094
0.02158; 725.087
0.02184; 725.093
0.0221; 725.094
0.02236; 725.093
0.02262; 725.089
0.02288; 725.092
0.02314; 725.092
0.0234; 725.09
0.02366; 725.084
0.02392; 725.09
0.02418; 725.091
0.02444; 725.089
0.0247; 725.086
0.02496; 725.089
0.02522; 725.089
0.02548; 725.087
0.02574; 725.081
0.026; 725.087
0.02626; 725.088
0.02652; 725.086
0.02678; 725.083
0.02704; 725.086
0.0273; 725.086
0.02756; 725.084
0.02782; 725.078
0.02808; 725.084
0.02834; 725.085
0.0286; 725.084
0.02886; 725.081
0.02912; 725.083
0.02938; 725.084
0.02964; 725.082
0.0299; 725.076
0.03016; 725.082
0.03042; 725.083
0.03068; 725.082
0.03094; 725.079
0.0312; 725.081
0.03146; 725.082
0.03172; 725.08
0.03198; 725.074
0.03224; 725.08
0.0325; 725.081
0.03276; 725.08
0.03302; 725.077
0.03328; 725.08
0.03354; 725.08
0.0338; 725.079
0.03406; 725.073
0.03432; 725.079
0.03458; 725.08
0.03484; 725.079
0.0351; 725.076
0.03536; 725.079
0.03562; 725.079
0.03588; 725.078
0.03614; 725.072
0.0364; 725.078
0.03666; 725.079
0.03692; 725.078
0.03718; 725.075
0.03744; 725.078
0.0377; 725.079
0.03796; 725.077
0.03822; 725.071
0.03848; 725.077
0.03874; 725.079
0.039; 725.078
0.03926; 725.075
0.03952; 725.078
0.03978; 725.079
0.04004; 725.077
0.0403; 725.071
0.04056; 725.077
0.04082; 725.079
0.04108; 725.078
0.04134; 725.075
0.0416; 725.078
0.04186; 725.079
0.04212; 725.077
0.04238; 725.071
0.04264; 725.078
0.0429; 725.079
0.04316; 725.078
0.04342; 725.075
0.04368; 725.078
0.04394; 725.079
0.0442; 725.078
0.04446; 725.072
0.04472; 725.078
0.04498; 725.08
0.04524; 725.079
0.0455; 725.076
0.04576; 725.079
0.04602; 725.08
0.04628; 725.079
0.04654; 725.073
0.0468; 725.079
0.04706; 725.081
0.04732; 725.08
0.04758; 725.077
0.04784; 725.08
0.0481; 725.081
0.04836; 725.08
0.04862; 725.074
0.04888; 725.081
0.04914; 725.082
0.0494; 725.082
0.04966; 725.079
0.04992; 725.082
0.05018; 725.083
0.05044; 725.082
0.0507; 725.076
0.05096; 725.082
0.05122; 725.084
0.05148; 725.083
0.05174; 725.081
0.052; 725.084
0.05226; 725.085
0.05252; 725.084
0.05278; 725.078
0.05304; 725.085
0.0533; 725.086
0.05356; 725.086
0.05382; 725.083
0.05408; 725.086
0.05434; 725.087
0.0546; 725.086
0.05486; 725.081
0.05512; 725.087
0.05538; 725.089
0.05564; 725.088
0.0559; 725.086
0.05616; 725.089
0.05642; 725.09
0.05668; 725.089
0.05694; 725.084
0.0572; 725.09
0.05746; 725.092
0.05772; 725.091
0.05798; 725.089
0.05824; 725.092
0.0585; 725.093
0.05876; 725.092
0.05902; 725.087
0.05928; 725.093
0.05954; 725.095
0.0598; 725.095
0.06006; 725.092
0.06032; 725.095
0.06058; 725.097
0.06084; 725.096
0.0611; 725.09
0.06136; 725.097
0.06162; 725.099
0.06188; 725.098
0.06214; 725.096
0.0624; 725.099
0.06266; 725.101
0.06292; 725.1
0.06318; 725.094
0.06344; 725.101
0.0637; 725.103
0.06396; 725.102
0.06422; 725.1
0.06448; 725.103
0.06474; 725.105
0.065; 725.104
0.06526; 725.098
0.06552; 725.105
0.06578; 725.107
0.06604; 725.107
0.0663; 725.104
0.06656; 725.108
0.06682; 725.109
0.06708; 725.108
0.06734; 725.103
0.0676; 725.11
0.06786; 725.112
0.06812; 725.111
0.06838; 725.109
0.06864; 725.112
0.0689; 725.114
0.06916; 725.113
0.06942; 725.108
0.06968; 725.114
0.06994; 725.117
0.0702; 725.116
0.07046; 725.114
0.07072; 725.117
0.07098; 725.119
0.07124; 725.118
0.0715; 725.113
0.07176; 725.119
0.07202; 725.122
0.07228; 725.121
0.07254; 725.119
0.0728; 725.122
0.07306; 725.124
0.07332; 725.123
0.07358; 725.118
0.07384; 725.124
0.0741; 725.127
0.07436; 725.126
0.07462; 725.124
0.07488; 725.127
0.07514; 725.129
0.0754; 725.128
0.07566; 725.123
0.07592; 725.13
0.07618; 725.132
0.07644; 725.132
0.0767; 725.13
0.07696; 725.133
0.07722; 725.135
0.07748; 725.134
0.07774; 725.129
0.078; 725.134
