0.00667; 0
0.01334; 0
0.02001; 0
0.02668; 0
0.03335; 0
0.04002; 0
0.04669; 0
0.05336; 0
0.06003; 0
0.0667; 0
0.07337; 0
0.08004; 0
0.08671; 0
0.09338; 0
0.10005; 0
0.10672; 0
0.11339; 0
0.12006; 0
0.12673; 0
0.1334; 0
0.14007; 0
0.14674; 0
0.15341; 0
0.16008; 0
0.16675; 0
0.17342; 0
0.18009; 0
0.18676; 0
0.19343; 0
0.2001; 0
0.20677; 0
0.21344; 0
0.22011; 0
0.22678; 0
0.23345; 0
0.24012; 0
0.24679; 0
0.25346; 0
0.26013; 0
0.2668; 0
0.27347; 0
0.28014; 0
0.28681; 0
0.29348; 0
0.30015; 0
0.30682; 0
0.31349; 0
0.32016; 0
0.32683; 0
0.3335; 0
0.34017; 0
0.34684; 0
0.35351; 0
0.36018; 0
0.36685; 0
0.37352; 0
0.38019; 0
0.38686; 0
0.39353; 0
0.4002; 0
0.40687; 0
0.41354; 0
0.42021; 0
0.42688; 0
0.43355; 0
0.44022; 0
0.44689; 0
0.45356; 0
0.46023; 0
0.4669; 0
0.47357; 345.895
0.48024; 345.857
0.48691; 345.781
0.49358; 345.666
0.50025; 345.514
0.50692; 345.324
0.51359; 345.098
0.52026; 344.835
0.52693; 344.537
0.5336; 344.205
0.54027; 343.838
0.54694; 343.439
0.55361; 343.008
0.56028; 342.546
0.56695; 342.055
0.57362; 341.535
0.58029; 340.989
0.58696; 340.417
0.59363; 339.821
0.6003; 339.202
0.60697; 338.562
0.61364; 337.902
0.62031; 337.225
0.62698; 336.531
0.63365; 335.821
0.64032; 335.099
0.64699; 334.365
0.65366; 333.62
0.66033; 332.867
0.667; 332.107
0.67367; 331.342
0.68034; 330.572
0.68701; 329.8
0.69368; 329.027
0.70035; 328.254
0.70702; 327.483
0.71369; 326.714
0.72036; 325.951
0.72703; 325.192
0.7337; 324.44
0.74037; 323.696
0.74704; 322.961
0.75371; 322.236
0.76038; 321.521
0.76705; 320.818
0.77372; 320.127
0.78039; 319.449
0.78706; 318.784
0.79373; 318.134
0.8004; 317.498
0.80707; 316.877
0.81374; 316.271
0.82041; 315.681
0.82708; 315.106
0.83375; 314.546
0.84042; 314.002
0.84709; 313.473
0.85376; 312.958
0.86043; 312.458
0.8671; 311.97
0.87377; 311.496
0.88044; 311.032
0.88711; 310.579
0.89378; 310.134
0.90045; 309.697
0.90712; 309.265
0.91379; 308.836
0.92046; 308.409
0.92713; 307.983
0.9338; 307.559
0.94047; 307.141
0.94714; 306.74
0.95381; 306.377
0.96048; 306.086
0.96715; 305.919
0.97382; 305.919
0.98049; 306.086
0.98716; 306.377
0.99383; 306.74
1.0005; 307.141
1.00717; 307.559
1.01384; 307.983
1.02051; 308.409
1.02718; 308.836
1.03385; 309.265
1.04052; 309.697
1.04719; 310.134
1.05386; 310.579
1.06053; 311.032
1.0672; 311.496
1.07387; 311.97
1.08054; 312.458
1.08721; 312.958
1.09388; 313.473
1.10055; 314.002
1.10722; 314.546
1.11389; 315.106
1.12056; 315.681
1.12723; 316.271
1.1339; 316.877
1.14057; 317.498
1.14724; 318.134
1.15391; 318.784
1.16058; 319.449
1.16725; 320.127
1.17392; 320.818
1.18059; 321.521
1.18726; 322.236
1.19393; 322.961
1.2006; 323.696
1.20727; 324.44
1.21394; 325.192
1.22061; 325.951
1.22728; 326.714
1.23395; 327.483
1.24062; 328.254
1.24729; 329.027
1.25396; 329.8
1.26063; 330.572
1.2673; 331.342
1.27397; 332.107
1.28064; 332.867
1.28731; 333.62
1.29398; 334.365
1.30065; 335.099
1.30732; 335.821
1.31399; 336.531
1.32066; 337.225
1.32733; 337.902
1.334; 338.562
1.34067; 339.202
1.34734; 339.821
1.35401; 340.417
1.36068; 340.989
1.36735; 341.535
1.37402; 342.055
1.38069; 342.546
1.38736; 343.008
1.39403; 343.439
1.4007; 343.838
1.40737; 344.205
1.41404; 344.537
1.42071; 344.835
1.42738; 345.098
1.43405; 345.324
1.44072; 345.514
1.44739; 345.666
1.45406; 345.781
1.46073; 345.857
1.4674; 345.895
1.47407; 0
1.48074; 0
1.48741; 0
1.49408; 0
1.50075; 0
1.50742; 0
1.51409; 0
1.52076; 0
1.52743; 0
1.5341; 0
1.54077; 0
1.54744; 0
1.55411; 0
1.56078; 0
1.56745; 0
1.57412; 0
1.58079; 0
1.58746; 0
1.59413; 0
1.6008; 0
1.60747; 0
1.61414; 0
1.62081; 0
1.62748; 0
1.63415; 0
1.64082; 0
1.64749; 0
1.65416; 0
1.66083; 0
1.6675; 0
1.67417; 0
1.68084; 0
1.68751; 0
1.69418; 0
1.70085; 0
1.70752; 0
1.71419; 0
1.72086; 0
1.72753; 0
1.7342; 0
1.74087; 0
1.74754; 0
1.75421; 0
1.76088; 0
1.76755; 0
1.77422; 0
1.78089; 0
1.78756; 0
1.79423; 0
1.8009; 0
1.80757; 0
1.81424; 0
1.82091; 0
1.82758; 0
1.83425; 0
1.84092; 0
1.84759; 0
1.85426; 0
1.86093; 0
1.8676; 0
1.87427; 0
1.88094; 0
1.88761; 0
1.89428; 0
1.90095; 0
1.90762; 0
1.91429; 0
1.92096; 0
1.92763; 0
1.9343; 0
1.94097; 0
1.94764; 0
1.95431; 0
1.96098; 0
1.96765; 0
1.97432; 0
1.98099; 0
1.98766; 0
1.99433; 0
2.001; 0
