0.00667; 0
0.01334; 0
0.02001; 0
0.02668; 0
0.03335; 0
0.04002; 0
0.04669; 0
0.05336; 0
0.06003; 0
0.0667; 0
0.07337; 0
0.08004; 0
0.08671; 0
0.09338; 0
0.10005; 0
0.10672; 0
0.11339; 0
0.12006; 0
0.12673; 0
0.1334; 0
0.14007; 0
0.14674; 0
0.15341; 0
0.16008; 0
0.16675; 0
0.17342; 0
0.18009; 0
0.18676; 0
0.19343; 0
0.2001; 0
0.20677; 0
0.21344; 0
0.22011; 0
0.22678; 0
0.23345; 0
0.24012; 0
0.24679; 0
0.25346; 0
0.26013; 0
0.2668; 0
0.27347; 0
0.28014; 0
0.28681; 0
0.29348; 0
0.30015; 0
0.30682; 0
0.31349; 0
0.32016; 0
0.32683; 0
0.3335; 0
0.34017; 0
0.34684; 0
0.35351; 0
0.36018; 0
0.36685; 0
0.37352; 0
0.38019; 0
0.38686; 0
0.39353; 0
0.4002; 0
0.40687; 0
0.41354; 0
0.42021; 0
0.42688; 0
0.43355; 0
0.44022; 0
0.44689; 0
0.45356; 0
0.46023; 0
0.4669; 0
0.47357; 596.607
0.48024; 596.54
0.48691; 596.406
0.49358; 596.205
0.50025; 595.937
0.50692; 595.602
0.51359; 595.202
0.52026; 594.735
0.52693; 594.204
0.5336; 593.608
0.54027; 592.948
0.54694; 592.224
0.55361; 591.438
0.56028; 590.59
0.56695; 589.68
0.57362; 588.711
0.58029; 587.682
0.58696; 586.595
0.59363; 585.45
0.6003; 584.249
0.60697; 582.992
0.61364; 581.681
0.62031; 580.315
0.62698; 578.897
0.63365; 577.428
0.64032; 575.907
0.64699; 574.336
0.65366; 572.716
0.66033; 571.047
0.667; 569.331
0.67367; 567.567
0.68034; 565.757
0.68701; 563.901
0.69368; 561.999
0.70035; 560.051
0.70702; 558.058
0.71369; 556.02
0.72036; 553.936
0.72703; 551.806
0.7337; 549.629
0.74037; 547.405
0.74704; 545.133
0.75371; 542.81
0.76038; 540.437
0.76705; 538.011
0.77372; 535.529
0.78039; 532.99
0.78706; 530.389
0.79373; 527.724
0.8004; 524.991
0.80707; 522.184
0.81374; 519.299
0.82041; 516.329
0.82708; 513.267
0.83375; 510.105
0.84042; 506.834
0.84709; 503.444
0.85376; 499.922
0.86043; 496.255
0.8671; 492.428
0.87377; 488.422
0.88044; 484.218
0.88711; 479.794
0.89378; 475.123
0.90045; 470.181
0.90712; 464.938
0.91379; 459.369
0.92046; 453.454
0.92713; 447.192
0.9338; 440.615
0.94047; 433.828
0.94714; 427.056
0.95381; 420.732
0.96048; 415.569
0.96715; 412.543
0.97382; 412.543
0.98049; 415.569
0.98716; 420.732
0.99383; 427.056
1.0005; 433.828
1.00717; 440.615
1.01384; 447.192
1.02051; 453.454
1.02718; 459.369
1.03385; 464.938
1.04052; 470.181
1.04719; 475.123
1.05386; 479.794
1.06053; 484.218
1.0672; 488.422
1.07387; 492.428
1.08054; 496.255
1.08721; 499.922
1.09388; 503.444
1.10055; 506.834
1.10722; 510.105
1.11389; 513.267
1.12056; 516.329
1.12723; 519.299
1.1339; 522.184
1.14057; 524.991
1.14724; 527.724
1.15391; 530.389
1.16058; 532.99
1.16725; 535.529
1.17392; 538.011
1.18059; 540.437
1.18726; 542.81
1.19393; 545.133
1.2006; 547.405
1.20727; 549.629
1.21394; 551.806
1.22061; 553.936
1.22728; 556.02
1.23395; 558.058
1.24062; 560.051
1.24729; 561.999
1.25396; 563.901
1.26063; 565.757
1.2673; 567.567
1.27397; 569.331
1.28064; 571.047
1.28731; 572.716
1.29398; 574.336
1.30065; 575.907
1.30732; 577.428
1.31399; 578.897
1.32066; 580.315
1.32733; 581.681
1.334; 582.992
1.34067; 584.249
1.34734; 585.45
1.35401; 586.595
1.36068; 587.682
1.36735; 588.711
1.37402; 589.68
1.38069; 590.59
1.38736; 591.438
1.39403; 592.224
1.4007; 592.948
1.40737; 593.608
1.41404; 594.204
1.42071; 594.735
1.42738; 595.202
1.43405; 595.602
1.44072; 595.937
1.44739; 596.205
1.45406; 596.406
1.46073; 596.54
1.4674; 596.607
1.47407; 0
1.48074; 0
1.48741; 0
1.49408; 0
1.50075; 0
1.50742; 0
1.51409; 0
1.52076; 0
1.52743; 0
1.5341; 0
1.54077; 0
1.54744; 0
1.55411; 0
1.56078; 0
1.56745; 0
1.57412; 0
1.58079; 0
1.58746; 0
1.59413; 0
1.6008; 0
1.60747; 0
1.61414; 0
1.62081; 0
1.62748; 0
1.63415; 0
1.64082; 0
1.64749; 0
1.65416; 0
1.66083; 0
1.6675; 0
1.67417; 0
1.68084; 0
1.68751; 0
1.69418; 0
1.70085; 0
1.70752; 0
1.71419; 0
1.72086; 0
1.72753; 0
1.7342; 0
1.74087; 0
1.74754; 0
1.75421; 0
1.76088; 0
1.76755; 0
1.77422; 0
1.78089; 0
1.78756; 0
1.79423; 0
1.8009; 0
1.80757; 0
1.81424; 0
1.82091; 0
1.82758; 0
1.83425; 0
1.84092; 0
1.84759; 0
1.85426; 0
1.86093; 0
1.8676; 0
1.87427; 0
1.88094; 0
1.88761; 0
1.89428; 0
1.90095; 0
1.90762; 0
1.91429; 0
1.92096; 0
1.92763; 0
1.9343; 0
1.94097; 0
1.94764; 0
1.95431; 0
1.96098; 0
1.96765; 0
1.97432; 0
1.98099; 0
1.98766; 0
1.99433; 0
2.001; 0
