0.00026; 0
0.00052; 0
0.00078; 0
0.00104; 0
0.0013; 0
0.00156; 0
0.00182; 0
0.00208; 0
0.00234; 0
0.0026; 0
0.00286; 0
0.00312; 0
0.00338; 0
0.00364; 0
0.0039; 0
0.00416; 0
0.00442; 0
0.00468; 0
0.00494; 0
0.0052; 0
0.00546; 0
0.00572; 0
0.00598; 0
0.00624; 0
0.0065; 0
0.00676; 0
0.00702; 0
0.00728; 0
0.00754; 0
0.0078; 0
0.00806; 0
0.00832; 0
0.00858; 0
0.00884; 0
0.0091; 0
0.00936; 0
0.00962; 0
0.00988; 0
0.01014; 0
0.0104; 0
0.01066; 0
0.01092; 0
0.01118; 0
0.01144; 0
0.0117; 0
0.01196; 0
0.01222; 0
0.01248; 0
0.01274; 0
0.013; 0
0.01326; 0
0.01352; 0
0.01378; 0
0.01404; 0
0.0143; 0
0.01456; 0
0.01482; 0
0.01508; 0
0.01534; 0
0.0156; 0
0.01586; 0
0.01612; 0
0.01638; 0
0.01664; 0
0.0169; 0
0.01716; 0
0.01742; 0
0.01768; 0
0.01794; 0
0.0182; 0
0.01846; 0
0.01872; 0
0.01898; 0
0.01924; 0
0.0195; 0
0.01976; 0
0.02002; 0
0.02028; 0
0.02054; 0
0.0208; 0
0.02106; 0
0.02132; 0
0.02158; 0
0.02184; 0
0.0221; 0
0.02236; 0
0.02262; 0
0.02288; 576.439
0.02314; 576.268
0.0234; 576.065
0.02366; 575.859
0.02392; 575.656
0.02418; 575.498
0.02444; 575.323
0.0247; 575.147
0.02496; 574.993
0.02522; 574.859
0.02548; 574.716
0.02574; 574.571
0.026; 574.427
0.02626; 574.326
0.02652; 574.207
0.02678; 574.085
0.02704; 573.984
0.0273; 573.902
0.02756; 573.811
0.02782; 573.717
0.02808; 573.623
0.02834; 573.571
0.0286; 573.5
0.02886; 573.425
0.02912; 573.371
0.02938; 573.334
0.02964; 573.288
0.0299; 573.237
0.03016; 573.186
0.03042; 573.176
0.03068; 573.146
0.03094; 573.11
0.0312; 573.095
0.03146; 573.096
0.03172; 573.087
0.03198; 573.072
0.03224; 573.055
0.0325; 573.08
0.03276; 573.083
0.03302; 573.08
0.03328; 573.096
0.03354; 573.127
0.0338; 573.147
0.03406; 573.161
0.03432; 573.172
0.03458; 573.223
0.03484; 573.252
0.0351; 573.274
0.03536; 573.314
0.03562; 573.368
0.03588; 573.411
0.03614; 573.446
0.0364; 573.478
0.03666; 573.55
0.03692; 573.598
0.03718; 573.638
0.03744; 573.696
0.0377; 573.768
0.03796; 573.827
0.03822; 573.878
0.03848; 573.925
0.03874; 574.011
0.039; 574.073
0.03926; 574.127
0.03952; 574.198
0.03978; 574.282
0.04004; 574.353
0.0403; 574.415
0.04056; 574.473
0.04082; 574.569
0.04108; 574.641
0.04134; 574.705
0.0416; 574.785
0.04186; 574.879
0.04212; 574.959
0.04238; 575.03
0.04264; 575.097
0.0429; 575.202
0.04316; 575.282
0.04342; 575.354
0.04368; 575.443
0.04394; 575.544
0.0442; 575.633
0.04446; 575.712
0.04472; 575.788
0.04498; 575.901
0.04524; 575.99
0.0455; 576.071
0.04576; 576.168
0.04602; 576.278
0.04628; 576.376
0.04654; 576.465
0.0468; 576.55
0.04706; 576.673
0.04732; 576.773
0.04758; 576.865
0.04784; 576.974
0.0481; 577.096
0.04836; 577.205
0.04862; 577.307
0.04888; 577.406
0.04914; 577.543
0.0494; 577.657
0.04966; 577.764
0.04992; 577.887
0.05018; 578.026
0.05044; 578.152
0.0507; 578.272
0.05096; 578.389
0.05122; 578.545
0.05148; 578.679
0.05174; 578.806
0.052; 578.951
0.05226; 579.111
0.05252; 579.26
0.05278; 579.403
0.05304; 579.544
0.0533; 579.725
0.05356; 579.885
0.05382; 580.039
0.05408; 580.211
0.05434; 580.399
0.0546; 580.578
0.05486; 580.751
0.05512; 580.923
0.05538; 581.135
0.05564; 581.327
0.0559; 581.514
0.05616; 581.721
0.05642; 581.944
0.05668; 582.158
0.05694; 582.369
0.0572; 582.581
0.05746; 582.834
0.05772; 583.071
0.05798; 583.301
0.05824; 583.523
0.0585; 0
0.05876; 0
0.05902; 0
0.05928; 0
0.05954; 0
0.0598; 0
0.06006; 0
0.06032; 0
0.06058; 0
0.06084; 0
0.0611; 0
0.06136; 0
0.06162; 0
0.06188; 0
0.06214; 0
0.0624; 0
0.06266; 0
0.06292; 0
0.06318; 0
0.06344; 0
0.0637; 0
0.06396; 0
0.06422; 0
0.06448; 0
0.06474; 0
0.065; 0
0.06526; 0
0.06552; 0
0.06578; 0
0.06604; 0
0.0663; 0
0.06656; 0
0.06682; 0
0.06708; 0
0.06734; 0
0.0676; 0
0.06786; 0
0.06812; 0
0.06838; 0
0.06864; 0
0.0689; 0
0.06916; 0
0.06942; 0
0.06968; 0
0.06994; 0
0.0702; 0
0.07046; 0
0.07072; 0
0.07098; 0
0.07124; 0
0.0715; 0
0.07176; 0
0.07202; 0
0.07228; 0
0.07254; 0
0.0728; 0
0.07306; 0
0.07332; 0
0.07358; 0
0.07384; 0
0.0741; 0
0.07436; 0
0.07462; 0
0.07488; 0
0.07514; 0
0.0754; 0
0.07566; 0
0.07592; 0
0.07618; 0
0.07644; 0
0.0767; 0
0.07696; 0
0.07722; 0
0.07748; 0
0.07774; 0
0.078; 0
