0.00026; 0
0.00052; 0
0.00078; 0
0.00104; 0
0.0013; 0
0.00156; 0
0.00182; 0
0.00208; 0
0.00234; 0
0.0026; 0
0.00286; 0
0.00312; 0
0.00338; 0
0.00364; 0
0.0039; 0
0.00416; 0
0.00442; 0
0.00468; 0
0.00494; 0
0.0052; 0
0.00546; 0
0.00572; 0
0.00598; 0
0.00624; 0
0.0065; 0
0.00676; 0
0.00702; 0
0.00728; 0
0.00754; 0
0.0078; 0
0.00806; 0
0.00832; 0
0.00858; 0
0.00884; 0
0.0091; 0
0.00936; 0
0.00962; 0
0.00988; 0
0.01014; 0
0.0104; 0
0.01066; 0
0.01092; 0
0.01118; 0
0.01144; 0
0.0117; 0
0.01196; 0
0.01222; 0
0.01248; 0
0.01274; 0
0.013; 0
0.01326; 0
0.01352; 0
0.01378; 0
0.01404; 0
0.0143; 0
0.01456; 0
0.01482; 0
0.01508; 0
0.01534; 0
0.0156; 0
0.01586; 0
0.01612; 0
0.01638; 0
0.01664; 0
0.0169; 0
0.01716; 0
0.01742; 0
0.01768; 0
0.01794; 0
0.0182; 0
0.01846; 0
0.01872; 0
0.01898; 0
0.01924; 0
0.0195; 0
0.01976; 0
0.02002; 0
0.02028; 0
0.02054; 0
0.0208; 0
0.02106; 0
0.02132; 0
0.02158; 0
0.02184; 0
0.0221; 0
0.02236; 0
0.02262; 0
0.02288; 575.799
0.02314; 575.622
0.0234; 575.407
0.02366; 575.201
0.02392; 575.017
0.02418; 574.851
0.02444; 574.676
0.0247; 574.505
0.02496; 574.342
0.02522; 574.205
0.02548; 574.051
0.02574; 573.906
0.026; 573.781
0.02626; 573.673
0.02652; 573.554
0.02678; 573.438
0.02704; 573.328
0.0273; 573.244
0.02756; 573.141
0.02782; 573.048
0.02808; 572.973
0.02834; 572.914
0.0286; 572.843
0.02886; 572.775
0.02912; 572.712
0.02938; 572.673
0.02964; 572.616
0.0299; 572.566
0.03016; 572.534
0.03042; 572.517
0.03068; 572.487
0.03094; 572.459
0.0312; 572.435
0.03146; 572.434
0.03172; 572.414
0.03198; 572.401
0.03224; 572.404
0.0325; 572.421
0.03276; 572.425
0.03302; 572.428
0.03328; 572.436
0.03354; 572.466
0.0338; 572.475
0.03406; 572.49
0.03432; 572.521
0.03458; 572.566
0.03484; 572.595
0.0351; 572.624
0.03536; 572.656
0.03562; 572.709
0.03588; 572.74
0.03614; 572.777
0.0364; 572.829
0.03666; 572.894
0.03692; 572.942
0.03718; 572.99
0.03744; 573.04
0.0377; 573.11
0.03796; 573.158
0.03822; 573.211
0.03848; 573.278
0.03874; 573.357
0.039; 573.419
0.03926; 573.48
0.03952; 573.543
0.03978; 573.626
0.04004; 573.686
0.0403; 573.75
0.04056; 573.828
0.04082; 573.918
0.04108; 573.991
0.04134; 574.061
0.0416; 574.134
0.04186; 574.226
0.04212; 574.295
0.04238; 574.368
0.04264; 574.455
0.0429; 574.553
0.04316; 574.634
0.04342; 574.714
0.04368; 574.794
0.04394; 574.895
0.0442; 574.972
0.04446; 575.054
0.04472; 575.149
0.04498; 575.255
0.04524; 575.345
0.0455; 575.433
0.04576; 575.523
0.04602; 575.632
0.04628; 575.719
0.04654; 575.81
0.0468; 575.915
0.04706; 576.031
0.04732; 576.132
0.04758; 576.231
0.04784; 576.332
0.0481; 576.453
0.04836; 576.552
0.04862; 576.656
0.04888; 576.774
0.04914; 576.905
0.0494; 577.02
0.04966; 577.134
0.04992; 577.25
0.05018; 577.388
0.05044; 577.504
0.0507; 577.626
0.05096; 577.762
0.05122; 577.911
0.05148; 578.046
0.05174; 578.18
0.052; 578.318
0.05226; 578.477
0.05252; 578.616
0.05278; 578.762
0.05304; 578.923
0.0533; 579.097
0.05356; 579.258
0.05382; 579.419
0.05408; 579.584
0.05434; 579.772
0.0546; 579.94
0.05486; 580.115
0.05512; 580.307
0.05538; 580.512
0.05564; 580.705
0.0559; 580.9
0.05616; 581.1
0.05642; 581.322
0.05668; 581.526
0.05694; 581.739
0.0572; 581.97
0.05746; 582.217
0.05772; 582.454
0.05798; 582.693
0.05824; 582.91
0.0585; 0
0.05876; 0
0.05902; 0
0.05928; 0
0.05954; 0
0.0598; 0
0.06006; 0
0.06032; 0
0.06058; 0
0.06084; 0
0.0611; 0
0.06136; 0
0.06162; 0
0.06188; 0
0.06214; 0
0.0624; 0
0.06266; 0
0.06292; 0
0.06318; 0
0.06344; 0
0.0637; 0
0.06396; 0
0.06422; 0
0.06448; 0
0.06474; 0
0.065; 0
0.06526; 0
0.06552; 0
0.06578; 0
0.06604; 0
0.0663; 0
0.06656; 0
0.06682; 0
0.06708; 0
0.06734; 0
0.0676; 0
0.06786; 0
0.06812; 0
0.06838; 0
0.06864; 0
0.0689; 0
0.06916; 0
0.06942; 0
0.06968; 0
0.06994; 0
0.0702; 0
0.07046; 0
0.07072; 0
0.07098; 0
0.07124; 0
0.0715; 0
0.07176; 0
0.07202; 0
0.07228; 0
0.07254; 0
0.0728; 0
0.07306; 0
0.07332; 0
0.07358; 0
0.07384; 0
0.0741; 0
0.07436; 0
0.07462; 0
0.07488; 0
0.07514; 0
0.0754; 0
0.07566; 0
0.07592; 0
0.07618; 0
0.07644; 0
0.0767; 0
0.07696; 0
0.07722; 0
0.07748; 0
0.07774; 0
0.078; 0
