0.00667; 0
0.01334; 0
0.02001; 0
0.02668; 0
0.03335; 0
0.04002; 0
0.04669; 0
0.05336; 0
0.06003; 0
0.0667; 0
0.07337; 0
0.08004; 0
0.08671; 0
0.09338; 0
0.10005; 0
0.10672; 0
0.11339; 0
0.12006; 0
0.12673; 0
0.1334; 0
0.14007; 0
0.14674; 0
0.15341; 0
0.16008; 0
0.16675; 0
0.17342; 0
0.18009; 0
0.18676; 0
0.19343; 0
0.2001; 0
0.20677; 0
0.21344; 0
0.22011; 0
0.22678; 0
0.23345; 0
0.24012; 0
0.24679; 0
0.25346; 0
0.26013; 0
0.2668; 0
0.27347; 0
0.28014; 0
0.28681; 0
0.29348; 0
0.30015; 0
0.30682; 0
0.31349; 0
0.32016; 0
0.32683; 0
0.3335; 0
0.34017; 0
0.34684; 0
0.35351; 0
0.36018; 0
0.36685; 0
0.37352; 0
0.38019; 0
0.38686; 0
0.39353; 0
0.4002; 0
0.40687; 0
0.41354; 0
0.42021; 0
0.42688; 0
0.43355; 0
0.44022; 0
0.44689; 0
0.45356; 0
0.46023; 0
0.4669; 0
0.47357; 665.917
0.48024; 665.849
0.48691; 665.713
0.49358; 665.51
0.50025; 665.239
0.50692; 664.901
0.51359; 664.496
0.52026; 664.024
0.52693; 663.485
0.5336; 662.88
0.54027; 662.209
0.54694; 661.473
0.55361; 660.672
0.56028; 659.807
0.56695; 658.877
0.57362; 657.884
0.58029; 656.829
0.58696; 655.711
0.59363; 654.531
0.6003; 653.29
0.60697; 651.988
0.61364; 650.625
0.62031; 649.203
0.62698; 647.722
0.63365; 646.181
0.64032; 644.582
0.64699; 642.925
0.65366; 641.209
0.66033; 639.436
0.667; 637.605
0.67367; 635.716
0.68034; 633.769
0.68701; 631.764
0.69368; 629.7
0.70035; 627.577
0.70702; 625.395
0.71369; 623.152
0.72036; 620.847
0.72703; 618.48
0.7337; 616.048
0.74037; 613.551
0.74704; 610.985
0.75371; 608.349
0.76038; 605.64
0.76705; 602.854
0.77372; 599.989
0.78039; 597.041
0.78706; 594.004
0.79373; 590.873
0.8004; 587.644
0.80707; 584.309
0.81374; 580.861
0.82041; 577.291
0.82708; 573.591
0.83375; 569.748
0.84042; 565.752
0.84709; 561.588
0.85376; 557.24
0.86043; 552.691
0.8671; 547.92
0.87377; 542.905
0.88044; 537.619
0.88711; 532.033
0.89378; 526.116
0.90045; 519.832
0.90712; 513.146
0.91379; 506.024
0.92046; 498.442
0.92713; 490.398
0.9338; 481.934
0.94047; 473.186
0.94714; 464.449
0.95381; 456.282
0.96048; 449.61
0.96715; 445.698
0.97382; 445.698
0.98049; 449.61
0.98716; 456.282
0.99383; 464.449
1.0005; 473.186
1.00717; 481.934
1.01384; 490.398
1.02051; 498.442
1.02718; 506.024
1.03385; 513.146
1.04052; 519.832
1.04719; 526.116
1.05386; 532.033
1.06053; 537.619
1.0672; 542.905
1.07387; 547.92
1.08054; 552.691
1.08721; 557.24
1.09388; 561.588
1.10055; 565.752
1.10722; 569.748
1.11389; 573.591
1.12056; 577.291
1.12723; 580.861
1.1339; 584.309
1.14057; 587.644
1.14724; 590.873
1.15391; 594.004
1.16058; 597.041
1.16725; 599.989
1.17392; 602.854
1.18059; 605.64
1.18726; 608.349
1.19393; 610.985
1.2006; 613.551
1.20727; 616.048
1.21394; 618.48
1.22061; 620.847
1.22728; 623.152
1.23395; 625.395
1.24062; 627.577
1.24729; 629.7
1.25396; 631.764
1.26063; 633.769
1.2673; 635.716
1.27397; 637.605
1.28064; 639.436
1.28731; 641.209
1.29398; 642.925
1.30065; 644.582
1.30732; 646.181
1.31399; 647.722
1.32066; 649.203
1.32733; 650.625
1.334; 651.988
1.34067; 653.29
1.34734; 654.531
1.35401; 655.711
1.36068; 656.829
1.36735; 657.884
1.37402; 658.877
1.38069; 659.807
1.38736; 660.672
1.39403; 661.473
1.4007; 662.209
1.40737; 662.88
1.41404; 663.485
1.42071; 664.024
1.42738; 664.496
1.43405; 664.901
1.44072; 665.239
1.44739; 665.51
1.45406; 665.713
1.46073; 665.849
1.4674; 665.917
1.47407; 0
1.48074; 0
1.48741; 0
1.49408; 0
1.50075; 0
1.50742; 0
1.51409; 0
1.52076; 0
1.52743; 0
1.5341; 0
1.54077; 0
1.54744; 0
1.55411; 0
1.56078; 0
1.56745; 0
1.57412; 0
1.58079; 0
1.58746; 0
1.59413; 0
1.6008; 0
1.60747; 0
1.61414; 0
1.62081; 0
1.62748; 0
1.63415; 0
1.64082; 0
1.64749; 0
1.65416; 0
1.66083; 0
1.6675; 0
1.67417; 0
1.68084; 0
1.68751; 0
1.69418; 0
1.70085; 0
1.70752; 0
1.71419; 0
1.72086; 0
1.72753; 0
1.7342; 0
1.74087; 0
1.74754; 0
1.75421; 0
1.76088; 0
1.76755; 0
1.77422; 0
1.78089; 0
1.78756; 0
1.79423; 0
1.8009; 0
1.80757; 0
1.81424; 0
1.82091; 0
1.82758; 0
1.83425; 0
1.84092; 0
1.84759; 0
1.85426; 0
1.86093; 0
1.8676; 0
1.87427; 0
1.88094; 0
1.88761; 0
1.89428; 0
1.90095; 0
1.90762; 0
1.91429; 0
1.92096; 0
1.92763; 0
1.9343; 0
1.94097; 0
1.94764; 0
1.95431; 0
1.96098; 0
1.96765; 0
1.97432; 0
1.98099; 0
1.98766; 0
1.99433; 0
2.001; 0
