0.00667; 0
0.01334; 0
0.02001; 0
0.02668; 0
0.03335; 0
0.04002; 0
0.04669; 0
0.05336; 0
0.06003; 0
0.0667; 0
0.07337; 0
0.08004; 0
0.08671; 0
0.09338; 0
0.10005; 0
0.10672; 0
0.11339; 0
0.12006; 0
0.12673; 0
0.1334; 0
0.14007; 0
0.14674; 0
0.15341; 0
0.16008; 0
0.16675; 0
0.17342; 0
0.18009; 0
0.18676; 0
0.19343; 0
0.2001; 0
0.20677; 0
0.21344; 0
0.22011; 0
0.22678; 0
0.23345; 0
0.24012; 0
0.24679; 0
0.25346; 0
0.26013; 0
0.2668; 0
0.27347; 0
0.28014; 0
0.28681; 0
0.29348; 0
0.30015; 0
0.30682; 0
0.31349; 0
0.32016; 0
0.32683; 0
0.3335; 0
0.34017; 0
0.34684; 0
0.35351; 0
0.36018; 0
0.36685; 0
0.37352; 0
0.38019; 0
0.38686; 0
0.39353; 0
0.4002; 0
0.40687; 0
0.41354; 0
0.42021; 0
0.42688; 0
0.43355; 0
0.44022; 0
0.44689; 0
0.45356; 0
0.46023; 0
0.4669; 0
0.47357; 653.733
0.48024; 653.665
0.48691; 653.53
0.49358; 653.327
0.50025; 653.057
0.50692; 652.719
0.51359; 652.315
0.52026; 651.844
0.52693; 651.306
0.5336; 650.703
0.54027; 650.034
0.54694; 649.3
0.55361; 648.502
0.56028; 647.639
0.56695; 646.713
0.57362; 645.725
0.58029; 644.674
0.58696; 643.561
0.59363; 642.387
0.6003; 641.153
0.60697; 639.859
0.61364; 638.505
0.62031; 637.093
0.62698; 635.623
0.63365; 634.095
0.64032; 632.509
0.64699; 630.867
0.65366; 629.169
0.66033; 627.414
0.667; 625.602
0.67367; 623.735
0.68034; 621.813
0.68701; 619.834
0.69368; 617.798
0.70035; 615.706
0.70702; 613.557
0.71369; 611.35
0.72036; 609.084
0.72703; 606.759
0.7337; 604.372
0.74037; 601.922
0.74704; 599.408
0.75371; 596.827
0.76038; 594.177
0.76705; 591.455
0.77372; 588.657
0.78039; 585.78
0.78706; 582.82
0.79373; 579.772
0.8004; 576.629
0.80707; 573.387
0.81374; 570.038
0.82041; 566.574
0.82708; 562.985
0.83375; 559.263
0.84042; 555.394
0.84709; 551.366
0.85376; 547.163
0.86043; 542.769
0.8671; 538.164
0.87377; 533.326
0.88044; 528.231
0.88711; 522.849
0.89378; 517.151
0.90045; 511.103
0.90712; 504.671
0.91379; 497.822
0.92046; 490.533
0.92713; 482.802
0.9338; 474.67
0.94047; 466.267
0.94714; 457.875
0.95381; 450.032
0.96048; 443.625
0.96715; 439.869
0.97382; 439.869
0.98049; 443.625
0.98716; 450.032
0.99383; 457.875
1.0005; 466.267
1.00717; 474.67
1.01384; 482.802
1.02051; 490.533
1.02718; 497.822
1.03385; 504.671
1.04052; 511.103
1.04719; 517.151
1.05386; 522.849
1.06053; 528.231
1.0672; 533.326
1.07387; 538.164
1.08054; 542.769
1.08721; 547.163
1.09388; 551.366
1.10055; 555.394
1.10722; 559.263
1.11389; 562.985
1.12056; 566.574
1.12723; 570.038
1.1339; 573.387
1.14057; 576.629
1.14724; 579.772
1.15391; 582.82
1.16058; 585.78
1.16725; 588.657
1.17392; 591.455
1.18059; 594.177
1.18726; 596.827
1.19393; 599.408
1.2006; 601.922
1.20727; 604.372
1.21394; 606.759
1.22061; 609.084
1.22728; 611.35
1.23395; 613.557
1.24062; 615.706
1.24729; 617.798
1.25396; 619.834
1.26063; 621.813
1.2673; 623.735
1.27397; 625.602
1.28064; 627.414
1.28731; 629.169
1.29398; 630.867
1.30065; 632.509
1.30732; 634.095
1.31399; 635.623
1.32066; 637.093
1.32733; 638.505
1.334; 639.859
1.34067; 641.153
1.34734; 642.387
1.35401; 643.561
1.36068; 644.674
1.36735; 645.725
1.37402; 646.713
1.38069; 647.639
1.38736; 648.502
1.39403; 649.3
1.4007; 650.034
1.40737; 650.703
1.41404; 651.306
1.42071; 651.844
1.42738; 652.315
1.43405; 652.719
1.44072; 653.057
1.44739; 653.327
1.45406; 653.53
1.46073; 653.665
1.4674; 653.733
1.47407; 0
1.48074; 0
1.48741; 0
1.49408; 0
1.50075; 0
1.50742; 0
1.51409; 0
1.52076; 0
1.52743; 0
1.5341; 0
1.54077; 0
1.54744; 0
1.55411; 0
1.56078; 0
1.56745; 0
1.57412; 0
1.58079; 0
1.58746; 0
1.59413; 0
1.6008; 0
1.60747; 0
1.61414; 0
1.62081; 0
1.62748; 0
1.63415; 0
1.64082; 0
1.64749; 0
1.65416; 0
1.66083; 0
1.6675; 0
1.67417; 0
1.68084; 0
1.68751; 0
1.69418; 0
1.70085; 0
1.70752; 0
1.71419; 0
1.72086; 0
1.72753; 0
1.7342; 0
1.74087; 0
1.74754; 0
1.75421; 0
1.76088; 0
1.76755; 0
1.77422; 0
1.78089; 0
1.78756; 0
1.79423; 0
1.8009; 0
1.80757; 0
1.81424; 0
1.82091; 0
1.82758; 0
1.83425; 0
1.84092; 0
1.84759; 0
1.85426; 0
1.86093; 0
1.8676; 0
1.87427; 0
1.88094; 0
1.88761; 0
1.89428; 0
1.90095; 0
1.90762; 0
1.91429; 0
1.92096; 0
1.92763; 0
1.9343; 0
1.94097; 0
1.94764; 0
1.95431; 0
1.96098; 0
1.96765; 0
1.97432; 0
1.98099; 0
1.98766; 0
1.99433; 0
2.001; 0
