0.00667; 0
0.01334; 0
0.02001; 0
0.02668; 0
0.03335; 0
0.04002; 0
0.04669; 0
0.05336; 0
0.06003; 0
0.0667; 0
0.07337; 0
0.08004; 0
0.08671; 0
0.09338; 0
0.10005; 0
0.10672; 0
0.11339; 0
0.12006; 0
0.12673; 0
0.1334; 0
0.14007; 0
0.14674; 0
0.15341; 0
0.16008; 0
0.16675; 0
0.17342; 0
0.18009; 0
0.18676; 0
0.19343; 0
0.2001; 0
0.20677; 0
0.21344; 0
0.22011; 0
0.22678; 0
0.23345; 0
0.24012; 0
0.24679; 0
0.25346; 0
0.26013; 0
0.2668; 0
0.27347; 0
0.28014; 0
0.28681; 0
0.29348; 0
0.30015; 0
0.30682; 0
0.31349; 0
0.32016; 0
0.32683; 0
0.3335; 0
0.34017; 0
0.34684; 0
0.35351; 0
0.36018; 0
0.36685; 0
0.37352; 0
0.38019; 0
0.38686; 0
0.39353; 0
0.4002; 0
0.40687; 0
0.41354; 0
0.42021; 0
0.42688; 0
0.43355; 0
0.44022; 0
0.44689; 0
0.45356; 0
0.46023; 0
0.4669; 0
0.47357; 609.797
0.48024; 609.73
0.48691; 609.595
0.49358; 609.394
0.50025; 609.125
0.50692; 608.79
0.51359; 608.389
0.52026; 607.921
0.52693; 607.388
0.5336; 606.79
0.54027; 606.128
0.54694; 605.402
0.55361; 604.613
0.56028; 603.762
0.56695; 602.849
0.57362; 601.875
0.58029; 600.841
0.58696; 599.748
0.59363; 598.596
0.6003; 597.387
0.60697; 596.122
0.61364; 594.8
0.62031; 593.424
0.62698; 591.994
0.63365; 590.511
0.64032; 588.975
0.64699; 587.388
0.65366; 585.749
0.66033; 584.061
0.667; 582.323
0.67367; 580.535
0.68034; 578.699
0.68701; 576.814
0.69368; 574.881
0.70035; 572.901
0.70702; 570.872
0.71369; 568.794
0.72036; 566.668
0.72703; 564.493
0.7337; 562.268
0.74037; 559.991
0.74704; 557.663
0.75371; 555.281
0.76038; 552.844
0.76705; 550.349
0.77372; 547.795
0.78039; 545.177
0.78706; 542.494
0.79373; 539.74
0.8004; 536.912
0.80707; 534.005
0.81374; 531.013
0.82041; 527.928
0.82708; 524.745
0.83375; 521.453
0.84042; 518.044
0.84709; 514.507
0.85376; 510.828
0.86043; 506.993
0.8671; 502.986
0.87377; 498.788
0.88044; 494.379
0.88711; 489.733
0.89378; 484.826
0.90045; 479.628
0.90712; 474.11
0.91379; 468.246
0.92046; 462.014
0.92713; 455.412
0.9338; 448.477
0.94047; 441.317
0.94714; 434.171
0.95381; 427.496
0.96048; 422.046
0.96715; 418.852
0.97382; 418.852
0.98049; 422.046
0.98716; 427.496
0.99383; 434.171
1.0005; 441.317
1.00717; 448.477
1.01384; 455.412
1.02051; 462.014
1.02718; 468.246
1.03385; 474.11
1.04052; 479.628
1.04719; 484.826
1.05386; 489.733
1.06053; 494.379
1.0672; 498.788
1.07387; 502.986
1.08054; 506.993
1.08721; 510.828
1.09388; 514.507
1.10055; 518.044
1.10722; 521.453
1.11389; 524.745
1.12056; 527.928
1.12723; 531.013
1.1339; 534.005
1.14057; 536.912
1.14724; 539.74
1.15391; 542.494
1.16058; 545.177
1.16725; 547.795
1.17392; 550.349
1.18059; 552.844
1.18726; 555.281
1.19393; 557.663
1.2006; 559.991
1.20727; 562.268
1.21394; 564.493
1.22061; 566.668
1.22728; 568.794
1.23395; 570.872
1.24062; 572.901
1.24729; 574.881
1.25396; 576.814
1.26063; 578.699
1.2673; 580.535
1.27397; 582.323
1.28064; 584.061
1.28731; 585.749
1.29398; 587.388
1.30065; 588.975
1.30732; 590.511
1.31399; 591.994
1.32066; 593.424
1.32733; 594.8
1.334; 596.122
1.34067; 597.387
1.34734; 598.596
1.35401; 599.748
1.36068; 600.841
1.36735; 601.875
1.37402; 602.849
1.38069; 603.762
1.38736; 604.613
1.39403; 605.402
1.4007; 606.128
1.40737; 606.79
1.41404; 607.388
1.42071; 607.921
1.42738; 608.389
1.43405; 608.79
1.44072; 609.125
1.44739; 609.394
1.45406; 609.595
1.46073; 609.73
1.4674; 609.797
1.47407; 0
1.48074; 0
1.48741; 0
1.49408; 0
1.50075; 0
1.50742; 0
1.51409; 0
1.52076; 0
1.52743; 0
1.5341; 0
1.54077; 0
1.54744; 0
1.55411; 0
1.56078; 0
1.56745; 0
1.57412; 0
1.58079; 0
1.58746; 0
1.59413; 0
1.6008; 0
1.60747; 0
1.61414; 0
1.62081; 0
1.62748; 0
1.63415; 0
1.64082; 0
1.64749; 0
1.65416; 0
1.66083; 0
1.6675; 0
1.67417; 0
1.68084; 0
1.68751; 0
1.69418; 0
1.70085; 0
1.70752; 0
1.71419; 0
1.72086; 0
1.72753; 0
1.7342; 0
1.74087; 0
1.74754; 0
1.75421; 0
1.76088; 0
1.76755; 0
1.77422; 0
1.78089; 0
1.78756; 0
1.79423; 0
1.8009; 0
1.80757; 0
1.81424; 0
1.82091; 0
1.82758; 0
1.83425; 0
1.84092; 0
1.84759; 0
1.85426; 0
1.86093; 0
1.8676; 0
1.87427; 0
1.88094; 0
1.88761; 0
1.89428; 0
1.90095; 0
1.90762; 0
1.91429; 0
1.92096; 0
1.92763; 0
1.9343; 0
1.94097; 0
1.94764; 0
1.95431; 0
1.96098; 0
1.96765; 0
1.97432; 0
1.98099; 0
1.98766; 0
1.99433; 0
2.001; 0
