0.00667; 0
0.01334; 0
0.02001; 0
0.02668; 0
0.03335; 0
0.04002; 0
0.04669; 0
0.05336; 0
0.06003; 0
0.0667; 0
0.07337; 0
0.08004; 0
0.08671; 0
0.09338; 0
0.10005; 0
0.10672; 0
0.11339; 0
0.12006; 0
0.12673; 0
0.1334; 0
0.14007; 0
0.14674; 0
0.15341; 0
0.16008; 0
0.16675; 0
0.17342; 0
0.18009; 0
0.18676; 0
0.19343; 0
0.2001; 0
0.20677; 0
0.21344; 0
0.22011; 0
0.22678; 0
0.23345; 0
0.24012; 0
0.24679; 0
0.25346; 0
0.26013; 0
0.2668; 0
0.27347; 0
0.28014; 0
0.28681; 0
0.29348; 0
0.30015; 0
0.30682; 0
0.31349; 0
0.32016; 0
0.32683; 0
0.3335; 0
0.34017; 0
0.34684; 0
0.35351; 0
0.36018; 0
0.36685; 0
0.37352; 0
0.38019; 0
0.38686; 0
0.39353; 0
0.4002; 0
0.40687; 0
0.41354; 0
0.42021; 0
0.42688; 0
0.43355; 0
0.44022; 0
0.44689; 0
0.45356; 0
0.46023; 0
0.4669; 0
0.47357; 687.698
0.48024; 687.631
0.48691; 687.495
0.49358; 687.291
0.50025; 687.019
0.50692; 686.68
0.51359; 686.273
0.52026; 685.799
0.52693; 685.258
0.5336; 684.65
0.54027; 683.976
0.54694; 683.236
0.55361; 682.431
0.56028; 681.56
0.56695; 680.624
0.57362; 679.624
0.58029; 678.56
0.58696; 677.432
0.59363; 676.241
0.6003; 674.988
0.60697; 673.671
0.61364; 672.293
0.62031; 670.853
0.62698; 669.352
0.63365; 667.789
0.64032; 666.165
0.64699; 664.481
0.65366; 662.735
0.66033; 660.929
0.667; 659.062
0.67367; 657.134
0.68034; 655.144
0.68701; 653.092
0.69368; 650.978
0.70035; 648.8
0.70702; 646.558
0.71369; 644.251
0.72036; 641.877
0.72703; 639.436
0.7337; 636.924
0.74037; 634.34
0.74704; 631.683
0.75371; 628.948
0.76038; 626.133
0.76705; 623.235
0.77372; 620.249
0.78039; 617.172
0.78706; 613.998
0.79373; 610.721
0.8004; 607.336
0.80707; 603.835
0.81374; 600.21
0.82041; 596.452
0.82708; 592.551
0.83375; 588.494
0.84042; 584.27
0.84709; 579.863
0.85376; 575.255
0.86043; 570.429
0.8671; 565.362
0.87377; 560.029
0.88044; 554.403
0.88711; 548.453
0.89378; 542.144
0.90045; 535.438
0.90712; 528.299
0.91379; 520.689
0.92046; 512.583
0.92713; 503.978
0.9338; 494.921
0.94047; 485.557
0.94714; 476.202
0.95381; 467.455
0.96048; 460.309
0.96715; 456.119
0.97382; 456.119
0.98049; 460.309
0.98716; 467.455
0.99383; 476.202
1.0005; 485.557
1.00717; 494.921
1.01384; 503.978
1.02051; 512.583
1.02718; 520.689
1.03385; 528.299
1.04052; 535.438
1.04719; 542.144
1.05386; 548.453
1.06053; 554.403
1.0672; 560.029
1.07387; 565.362
1.08054; 570.429
1.08721; 575.255
1.09388; 579.863
1.10055; 584.27
1.10722; 588.494
1.11389; 592.551
1.12056; 596.452
1.12723; 600.21
1.1339; 603.835
1.14057; 607.336
1.14724; 610.721
1.15391; 613.998
1.16058; 617.172
1.16725; 620.249
1.17392; 623.235
1.18059; 626.133
1.18726; 628.948
1.19393; 631.683
1.2006; 634.34
1.20727; 636.924
1.21394; 639.436
1.22061; 641.877
1.22728; 644.251
1.23395; 646.558
1.24062; 648.8
1.24729; 650.978
1.25396; 653.092
1.26063; 655.144
1.2673; 657.134
1.27397; 659.062
1.28064; 660.929
1.28731; 662.735
1.29398; 664.481
1.30065; 666.165
1.30732; 667.789
1.31399; 669.352
1.32066; 670.853
1.32733; 672.293
1.334; 673.671
1.34067; 674.988
1.34734; 676.241
1.35401; 677.432
1.36068; 678.56
1.36735; 679.624
1.37402; 680.624
1.38069; 681.56
1.38736; 682.431
1.39403; 683.236
1.4007; 683.976
1.40737; 684.65
1.41404; 685.258
1.42071; 685.799
1.42738; 686.273
1.43405; 686.68
1.44072; 687.019
1.44739; 687.291
1.45406; 687.495
1.46073; 687.631
1.4674; 687.698
1.47407; 0
1.48074; 0
1.48741; 0
1.49408; 0
1.50075; 0
1.50742; 0
1.51409; 0
1.52076; 0
1.52743; 0
1.5341; 0
1.54077; 0
1.54744; 0
1.55411; 0
1.56078; 0
1.56745; 0
1.57412; 0
1.58079; 0
1.58746; 0
1.59413; 0
1.6008; 0
1.60747; 0
1.61414; 0
1.62081; 0
1.62748; 0
1.63415; 0
1.64082; 0
1.64749; 0
1.65416; 0
1.66083; 0
1.6675; 0
1.67417; 0
1.68084; 0
1.68751; 0
1.69418; 0
1.70085; 0
1.70752; 0
1.71419; 0
1.72086; 0
1.72753; 0
1.7342; 0
1.74087; 0
1.74754; 0
1.75421; 0
1.76088; 0
1.76755; 0
1.77422; 0
1.78089; 0
1.78756; 0
1.79423; 0
1.8009; 0
1.80757; 0
1.81424; 0
1.82091; 0
1.82758; 0
1.83425; 0
1.84092; 0
1.84759; 0
1.85426; 0
1.86093; 0
1.8676; 0
1.87427; 0
1.88094; 0
1.88761; 0
1.89428; 0
1.90095; 0
1.90762; 0
1.91429; 0
1.92096; 0
1.92763; 0
1.9343; 0
1.94097; 0
1.94764; 0
1.95431; 0
1.96098; 0
1.96765; 0
1.97432; 0
1.98099; 0
1.98766; 0
1.99433; 0
2.001; 0
