0.00667; 0
0.01334; 0
0.02001; 0
0.02668; 0
0.03335; 0
0.04002; 0
0.04669; 0
0.05336; 0
0.06003; 0
0.0667; 0
0.07337; 0
0.08004; 0
0.08671; 0
0.09338; 0
0.10005; 0
0.10672; 0
0.11339; 0
0.12006; 0
0.12673; 0
0.1334; 0
0.14007; 0
0.14674; 0
0.15341; 0
0.16008; 0
0.16675; 0
0.17342; 0
0.18009; 0
0.18676; 0
0.19343; 0
0.2001; 0
0.20677; 0
0.21344; 0
0.22011; 0
0.22678; 0
0.23345; 0
0.24012; 0
0.24679; 0
0.25346; 0
0.26013; 0
0.2668; 0
0.27347; 0
0.28014; 0
0.28681; 0
0.29348; 0
0.30015; 0
0.30682; 0
0.31349; 0
0.32016; 0
0.32683; 0
0.3335; 0
0.34017; 0
0.34684; 0
0.35351; 0
0.36018; 0
0.36685; 0
0.37352; 0
0.38019; 0
0.38686; 0
0.39353; 0
0.4002; 0
0.40687; 0
0.41354; 0
0.42021; 0
0.42688; 0
0.43355; 0
0.44022; 0
0.44689; 0
0.45356; 0
0.46023; 0
0.4669; 0
0.47357; 419.876
0.48024; 419.815
0.48691; 419.695
0.49358; 419.515
0.50025; 419.275
0.50692; 418.976
0.51359; 418.619
0.52026; 418.204
0.52693; 417.733
0.5336; 417.205
0.54027; 416.623
0.54694; 415.987
0.55361; 415.298
0.56028; 414.559
0.56695; 413.77
0.57362; 412.933
0.58029; 412.049
0.58696; 411.121
0.59363; 410.149
0.6003; 409.137
0.60697; 408.085
0.61364; 406.996
0.62031; 405.871
0.62698; 404.713
0.63365; 403.523
0.64032; 402.304
0.64699; 401.057
0.65366; 399.785
0.66033; 398.489
0.667; 397.172
0.67367; 395.835
0.68034; 394.481
0.68701; 393.112
0.69368; 391.729
0.70035; 390.334
0.70702; 388.929
0.71369; 387.515
0.72036; 386.095
0.72703; 384.67
0.7337; 383.242
0.74037; 381.81
0.74704; 380.378
0.75371; 378.947
0.76038; 377.516
0.76705; 376.087
0.77372; 374.661
0.78039; 373.239
0.78706; 371.82
0.79373; 370.405
0.8004; 368.994
0.80707; 367.587
0.81374; 366.182
0.82041; 364.781
0.82708; 363.38
0.83375; 361.98
0.84042; 360.578
0.84709; 359.171
0.85376; 357.758
0.86043; 356.334
0.8671; 354.897
0.87377; 353.44
0.88044; 351.96
0.88711; 350.45
0.89378; 348.903
0.90045; 347.311
0.90712; 345.667
0.91379; 343.963
0.92046; 342.194
0.92713; 340.356
0.9338; 338.459
0.94047; 336.529
0.94714; 334.626
0.95381; 332.863
0.96048; 331.434
0.96715; 330.599
0.97382; 330.599
0.98049; 331.434
0.98716; 332.863
0.99383; 334.626
1.0005; 336.529
1.00717; 338.459
1.01384; 340.356
1.02051; 342.194
1.02718; 343.963
1.03385; 345.667
1.04052; 347.311
1.04719; 348.903
1.05386; 350.45
1.06053; 351.96
1.0672; 353.44
1.07387; 354.897
1.08054; 356.334
1.08721; 357.758
1.09388; 359.171
1.10055; 360.578
1.10722; 361.98
1.11389; 363.38
1.12056; 364.781
1.12723; 366.182
1.1339; 367.587
1.14057; 368.994
1.14724; 370.405
1.15391; 371.82
1.16058; 373.239
1.16725; 374.661
1.17392; 376.087
1.18059; 377.516
1.18726; 378.947
1.19393; 380.378
1.2006; 381.81
1.20727; 383.242
1.21394; 384.67
1.22061; 386.095
1.22728; 387.515
1.23395; 388.929
1.24062; 390.334
1.24729; 391.729
1.25396; 393.112
1.26063; 394.481
1.2673; 395.835
1.27397; 397.172
1.28064; 398.489
1.28731; 399.785
1.29398; 401.057
1.30065; 402.304
1.30732; 403.523
1.31399; 404.713
1.32066; 405.871
1.32733; 406.996
1.334; 408.085
1.34067; 409.137
1.34734; 410.149
1.35401; 411.121
1.36068; 412.049
1.36735; 412.933
1.37402; 413.77
1.38069; 414.559
1.38736; 415.298
1.39403; 415.987
1.4007; 416.623
1.40737; 417.205
1.41404; 417.733
1.42071; 418.204
1.42738; 418.619
1.43405; 418.976
1.44072; 419.275
1.44739; 419.515
1.45406; 419.695
1.46073; 419.815
1.4674; 419.876
1.47407; 0
1.48074; 0
1.48741; 0
1.49408; 0
1.50075; 0
1.50742; 0
1.51409; 0
1.52076; 0
1.52743; 0
1.5341; 0
1.54077; 0
1.54744; 0
1.55411; 0
1.56078; 0
1.56745; 0
1.57412; 0
1.58079; 0
1.58746; 0
1.59413; 0
1.6008; 0
1.60747; 0
1.61414; 0
1.62081; 0
1.62748; 0
1.63415; 0
1.64082; 0
1.64749; 0
1.65416; 0
1.66083; 0
1.6675; 0
1.67417; 0
1.68084; 0
1.68751; 0
1.69418; 0
1.70085; 0
1.70752; 0
1.71419; 0
1.72086; 0
1.72753; 0
1.7342; 0
1.74087; 0
1.74754; 0
1.75421; 0
1.76088; 0
1.76755; 0
1.77422; 0
1.78089; 0
1.78756; 0
1.79423; 0
1.8009; 0
1.80757; 0
1.81424; 0
1.82091; 0
1.82758; 0
1.83425; 0
1.84092; 0
1.84759; 0
1.85426; 0
1.86093; 0
1.8676; 0
1.87427; 0
1.88094; 0
1.88761; 0
1.89428; 0
1.90095; 0
1.90762; 0
1.91429; 0
1.92096; 0
1.92763; 0
1.9343; 0
1.94097; 0
1.94764; 0
1.95431; 0
1.96098; 0
1.96765; 0
1.97432; 0
1.98099; 0
1.98766; 0
1.99433; 0
2.001; 0
