0.00667; 0
0.01334; 0
0.02001; 0
0.02668; 0
0.03335; 0
0.04002; 0
0.04669; 0
0.05336; 0
0.06003; 0
0.0667; 0
0.07337; 0
0.08004; 0
0.08671; 0
0.09338; 0
0.10005; 0
0.10672; 0
0.11339; 0
0.12006; 0
0.12673; 0
0.1334; 0
0.14007; 0
0.14674; 0
0.15341; 0
0.16008; 0
0.16675; 0
0.17342; 0
0.18009; 0
0.18676; 0
0.19343; 0
0.2001; 0
0.20677; 0
0.21344; 0
0.22011; 0
0.22678; 0
0.23345; 0
0.24012; 0
0.24679; 0
0.25346; 0
0.26013; 0
0.2668; 0
0.27347; 0
0.28014; 0
0.28681; 0
0.29348; 0
0.30015; 0
0.30682; 0
0.31349; 0
0.32016; 0
0.32683; 0
0.3335; 0
0.34017; 0
0.34684; 0
0.35351; 0
0.36018; 0
0.36685; 0
0.37352; 0
0.38019; 0
0.38686; 0
0.39353; 0
0.4002; 0
0.40687; 0
0.41354; 0
0.42021; 0
0.42688; 0
0.43355; 0
0.44022; 0
0.44689; 0
0.45356; 0
0.46023; 0
0.4669; 0
0.47357; 474.509
0.48024; 474.444
0.48691; 474.315
0.49358; 474.12
0.50025; 473.862
0.50692; 473.539
0.51359; 473.154
0.52026; 472.705
0.52693; 472.195
0.5336; 471.624
0.54027; 470.993
0.54694; 470.304
0.55361; 469.556
0.56028; 468.752
0.56695; 467.893
0.57362; 466.98
0.58029; 466.015
0.58696; 464.999
0.59363; 463.934
0.6003; 462.821
0.60697; 461.662
0.61364; 460.46
0.62031; 459.215
0.62698; 457.929
0.63365; 456.605
0.64032; 455.243
0.64699; 453.846
0.65366; 452.416
0.66033; 450.954
0.667; 449.462
0.67367; 447.942
0.68034; 446.396
0.68701; 444.824
0.69368; 443.229
0.70035; 441.612
0.70702; 439.974
0.71369; 438.318
0.72036; 436.643
0.72703; 434.952
0.7337; 433.244
0.74037; 431.522
0.74704; 429.786
0.75371; 428.035
0.76038; 426.272
0.76705; 424.495
0.77372; 422.705
0.78039; 420.901
0.78706; 419.084
0.79373; 417.252
0.8004; 415.404
0.80707; 413.538
0.81374; 411.654
0.82041; 409.748
0.82708; 407.818
0.83375; 405.86
0.84042; 403.871
0.84709; 401.846
0.85376; 399.78
0.86043; 397.666
0.8671; 395.496
0.87377; 393.264
0.88044; 390.959
0.88711; 388.569
0.89378; 386.084
0.90045; 383.49
0.90712; 380.772
0.91379; 377.919
0.92046; 374.919
0.92713; 371.772
0.9338; 368.492
0.94047; 365.129
0.94714; 361.79
0.95381; 358.684
0.96048; 356.156
0.96715; 354.677
0.97382; 354.677
0.98049; 356.156
0.98716; 358.684
0.99383; 361.79
1.0005; 365.129
1.00717; 368.492
1.01384; 371.772
1.02051; 374.919
1.02718; 377.919
1.03385; 380.772
1.04052; 383.49
1.04719; 386.084
1.05386; 388.569
1.06053; 390.959
1.0672; 393.264
1.07387; 395.496
1.08054; 397.666
1.08721; 399.78
1.09388; 401.846
1.10055; 403.871
1.10722; 405.86
1.11389; 407.818
1.12056; 409.748
1.12723; 411.654
1.1339; 413.538
1.14057; 415.404
1.14724; 417.252
1.15391; 419.084
1.16058; 420.901
1.16725; 422.705
1.17392; 424.495
1.18059; 426.272
1.18726; 428.035
1.19393; 429.786
1.2006; 431.522
1.20727; 433.244
1.21394; 434.952
1.22061; 436.643
1.22728; 438.318
1.23395; 439.974
1.24062; 441.612
1.24729; 443.229
1.25396; 444.824
1.26063; 446.396
1.2673; 447.942
1.27397; 449.462
1.28064; 450.954
1.28731; 452.416
1.29398; 453.846
1.30065; 455.243
1.30732; 456.605
1.31399; 457.929
1.32066; 459.215
1.32733; 460.46
1.334; 461.662
1.34067; 462.821
1.34734; 463.934
1.35401; 464.999
1.36068; 466.015
1.36735; 466.98
1.37402; 467.893
1.38069; 468.752
1.38736; 469.556
1.39403; 470.304
1.4007; 470.993
1.40737; 471.624
1.41404; 472.195
1.42071; 472.705
1.42738; 473.154
1.43405; 473.539
1.44072; 473.862
1.44739; 474.12
1.45406; 474.315
1.46073; 474.444
1.4674; 474.509
1.47407; 0
1.48074; 0
1.48741; 0
1.49408; 0
1.50075; 0
1.50742; 0
1.51409; 0
1.52076; 0
1.52743; 0
1.5341; 0
1.54077; 0
1.54744; 0
1.55411; 0
1.56078; 0
1.56745; 0
1.57412; 0
1.58079; 0
1.58746; 0
1.59413; 0
1.6008; 0
1.60747; 0
1.61414; 0
1.62081; 0
1.62748; 0
1.63415; 0
1.64082; 0
1.64749; 0
1.65416; 0
1.66083; 0
1.6675; 0
1.67417; 0
1.68084; 0
1.68751; 0
1.69418; 0
1.70085; 0
1.70752; 0
1.71419; 0
1.72086; 0
1.72753; 0
1.7342; 0
1.74087; 0
1.74754; 0
1.75421; 0
1.76088; 0
1.76755; 0
1.77422; 0
1.78089; 0
1.78756; 0
1.79423; 0
1.8009; 0
1.80757; 0
1.81424; 0
1.82091; 0
1.82758; 0
1.83425; 0
1.84092; 0
1.84759; 0
1.85426; 0
1.86093; 0
1.8676; 0
1.87427; 0
1.88094; 0
1.88761; 0
1.89428; 0
1.90095; 0
1.90762; 0
1.91429; 0
1.92096; 0
1.92763; 0
1.9343; 0
1.94097; 0
1.94764; 0
1.95431; 0
1.96098; 0
1.96765; 0
1.97432; 0
1.98099; 0
1.98766; 0
1.99433; 0
2.001; 0
