0.00026; 439.1
0.00052; 439.119
0.00078; 439.107
0.00104; 439.084
0.0013; 439.072
0.00156; 439.085
0.00182; 439.081
0.00208; 439.06
0.00234; 439.064
0.0026; 439.071
0.00286; 439.067
0.00312; 439.052
0.00338; 439.04
0.00364; 439.053
0.0039; 439.049
0.00416; 439.028
0.00442; 439.033
0.00468; 439.039
0.00494; 439.035
0.0052; 439.021
0.00546; 439.009
0.00572; 439.023
0.00598; 439.019
0.00624; 438.998
0.0065; 439.002
0.00676; 439.009
0.00702; 439.005
0.00728; 438.991
0.00754; 438.98
0.0078; 438.993
0.00806; 438.989
0.00832; 438.968
0.00858; 438.973
0.00884; 438.98
0.0091; 438.977
0.00936; 438.963
0.00962; 438.951
0.00988; 438.965
0.01014; 438.961
0.0104; 438.941
0.01066; 438.946
0.01092; 438.953
0.01118; 438.95
0.01144; 438.936
0.0117; 438.925
0.01196; 438.939
0.01222; 438.935
0.01248; 438.915
0.01274; 438.92
0.013; 438.928
0.01326; 438.925
0.01352; 438.911
0.01378; 438.901
0.01404; 438.915
0.0143; 438.912
0.01456; 438.892
0.01482; 438.897
0.01508; 438.905
0.01534; 438.902
0.0156; 438.889
0.01586; 438.879
0.01612; 438.893
0.01638; 438.89
0.01664; 438.87
0.0169; 438.876
0.01716; 438.884
0.01742; 438.882
0.01768; 438.869
0.01794; 438.859
0.0182; 438.873
0.01846; 438.871
0.01872; 438.851
0.01898; 438.857
0.01924; 438.866
0.0195; 438.864
0.01976; 438.85
0.02002; 438.841
0.02028; 438.856
0.02054; 438.853
0.0208; 438.834
0.02106; 438.84
0.02132; 438.849
0.02158; 438.847
0.02184; 438.834
0.0221; 438.824
0.02236; 438.84
0.02262; 438.837
0.02288; 438.818
0.02314; 438.825
0.0234; 438.834
0.02366; 438.832
0.02392; 438.819
0.02418; 438.81
0.02444; 438.825
0.0247; 438.824
0.02496; 438.805
0.02522; 438.812
0.02548; 438.821
0.02574; 438.819
0.026; 438.807
0.02626; 438.798
0.02652; 438.813
0.02678; 438.812
0.02704; 438.793
0.0273; 438.8
0.02756; 438.809
0.02782; 438.808
0.02808; 438.796
0.02834; 438.787
0.0286; 438.803
0.02886; 438.802
0.02912; 438.784
0.02938; 438.791
0.02964; 438.8
0.0299; 438.799
0.03016; 438.787
0.03042; 438.779
0.03068; 438.795
0.03094; 438.793
0.0312; 438.775
0.03146; 438.783
0.03172; 438.792
0.03198; 438.791
0.03224; 438.78
0.0325; 438.771
0.03276; 438.788
0.03302; 438.787
0.03328; 438.769
0.03354; 438.776
0.0338; 438.786
0.03406; 438.786
0.03432; 438.774
0.03458; 438.766
0.03484; 438.783
0.0351; 438.782
0.03536; 438.764
0.03562; 438.772
0.03588; 438.782
0.03614; 438.782
0.0364; 438.771
0.03666; 438.763
0.03692; 438.78
0.03718; 438.779
0.03744; 438.762
0.0377; 438.77
0.03796; 438.78
0.03822; 438.78
0.03848; 438.769
0.03874; 438.762
0.039; 438.779
0.03926; 438.778
0.03952; 438.761
0.03978; 438.769
0.04004; 438.78
0.0403; 438.78
0.04056; 438.769
0.04082; 438.762
0.04108; 438.779
0.04134; 438.779
0.0416; 438.762
0.04186; 438.771
0.04212; 438.781
0.04238; 438.782
0.04264; 438.771
0.0429; 438.764
0.04316; 438.781
0.04342; 438.781
0.04368; 438.764
0.04394; 438.773
0.0442; 438.784
0.04446; 438.785
0.04472; 438.774
0.04498; 438.767
0.04524; 438.785
0.0455; 438.785
0.04576; 438.769
0.04602; 438.777
0.04628; 438.789
0.04654; 438.789
0.0468; 438.779
0.04706; 438.772
0.04732; 438.79
0.04758; 438.791
0.04784; 438.774
0.0481; 438.783
0.04836; 438.795
0.04862; 438.796
0.04888; 438.786
0.04914; 438.779
0.0494; 438.797
0.04966; 438.798
0.04992; 438.782
0.05018; 438.791
0.05044; 438.803
0.0507; 438.804
0.05096; 438.794
0.05122; 438.788
0.05148; 438.806
0.05174; 438.807
0.052; 438.791
0.05226; 438.8
0.05252; 438.812
0.05278; 438.814
0.05304; 438.804
0.0533; 438.798
0.05356; 438.816
0.05382; 438.817
0.05408; 438.802
0.05434; 438.811
0.0546; 438.824
0.05486; 438.825
0.05512; 438.816
0.05538; 438.81
0.05564; 438.828
0.0559; 438.83
0.05616; 438.814
0.05642; 438.824
0.05668; 438.837
0.05694; 438.838
0.0572; 438.829
0.05746; 438.824
0.05772; 438.842
0.05798; 438.844
0.05824; 438.829
0.0585; 438.839
0.05876; 438.852
0.05902; 438.854
0.05928; 438.845
0.05954; 438.839
0.0598; 438.858
0.06006; 438.86
0.06032; 438.845
0.06058; 438.856
0.06084; 438.869
0.0611; 438.871
0.06136; 438.862
0.06162; 438.857
0.06188; 438.876
0.06214; 438.878
0.0624; 438.864
0.06266; 438.874
0.06292; 438.887
0.06318; 438.89
0.06344; 438.881
0.0637; 438.876
0.06396; 438.895
0.06422; 438.898
0.06448; 438.883
0.06474; 438.894
0.065; 438.907
0.06526; 438.91
0.06552; 438.901
0.06578; 438.897
0.06604; 438.916
0.0663; 438.919
0.06656; 438.905
0.06682; 438.915
0.06708; 438.929
0.06734; 438.932
0.0676; 438.924
0.06786; 438.919
0.06812; 438.939
0.06838; 438.942
0.06864; 438.927
0.0689; 438.939
0.06916; 438.952
0.06942; 438.955
0.06968; 438.947
0.06994; 438.943
0.0702; 438.963
0.07046; 438.966
0.07072; 438.952
0.07098; 438.964
0.07124; 438.977
0.0715; 438.981
0.07176; 438.973
0.07202; 438.969
0.07228; 438.989
0.07254; 438.992
0.0728; 438.979
0.07306; 438.99
0.07332; 439.005
0.07358; 439.008
0.07384; 439.001
0.0741; 438.997
0.07436; 439.017
0.07462; 439.021
0.07488; 439.007
0.07514; 439.019
0.0754; 439.033
0.07566; 439.037
0.07592; 439.029
0.07618; 439.025
0.07644; 439.046
0.0767; 439.05
0.07696; 439.036
0.07722; 439.048
0.07748; 439.063
0.07774; 439.067
0.078; 439.06
