0.00667; 0
0.01334; 0
0.02001; 0
0.02668; 0
0.03335; 0
0.04002; 0
0.04669; 0
0.05336; 0
0.06003; 0
0.0667; 0
0.07337; 0
0.08004; 0
0.08671; 0
0.09338; 0
0.10005; 0
0.10672; 0
0.11339; 0
0.12006; 0
0.12673; 0
0.1334; 0
0.14007; 0
0.14674; 0
0.15341; 0
0.16008; 0
0.16675; 0
0.17342; 0
0.18009; 0
0.18676; 0
0.19343; 0
0.2001; 0
0.20677; 0
0.21344; 0
0.22011; 0
0.22678; 0
0.23345; 0
0.24012; 0
0.24679; 0
0.25346; 0
0.26013; 0
0.2668; 0
0.27347; 0
0.28014; 0
0.28681; 0
0.29348; 0
0.30015; 0
0.30682; 0
0.31349; 0
0.32016; 0
0.32683; 0
0.3335; 0
0.34017; 0
0.34684; 0
0.35351; 0
0.36018; 0
0.36685; 0
0.37352; 0
0.38019; 0
0.38686; 0
0.39353; 0
0.4002; 0
0.40687; 0
0.41354; 0
0.42021; 0
0.42688; 0
0.43355; 0
0.44022; 0
0.44689; 0
0.45356; 0
0.46023; 0
0.4669; 0
0.47357; 682.413
0.48024; 682.345
0.48691; 682.209
0.49358; 682.005
0.50025; 681.734
0.50692; 681.394
0.51359; 680.988
0.52026; 680.514
0.52693; 679.974
0.5336; 679.367
0.54027; 678.694
0.54694; 677.955
0.55361; 677.15
0.56028; 676.281
0.56695; 675.347
0.57362; 674.348
0.58029; 673.286
0.58696; 672.161
0.59363; 670.973
0.6003; 669.722
0.60697; 668.409
0.61364; 667.035
0.62031; 665.599
0.62698; 664.102
0.63365; 662.545
0.64032; 660.928
0.64699; 659.25
0.65366; 657.511
0.66033; 655.713
0.667; 653.855
0.67367; 651.936
0.68034; 649.957
0.68701; 647.916
0.69368; 645.814
0.70035; 643.65
0.70702; 641.422
0.71369; 639.131
0.72036; 636.774
0.72703; 634.35
0.7337; 631.858
0.74037; 629.295
0.74704; 626.66
0.75371; 623.949
0.76038; 621.16
0.76705; 618.289
0.77372; 615.333
0.78039; 612.286
0.78706; 609.146
0.79373; 605.905
0.8004; 602.557
0.80707; 599.097
0.81374; 595.514
0.82041; 591.802
0.82708; 587.95
0.83375; 583.945
0.84042; 579.776
0.84709; 575.428
0.85376; 570.883
0.86043; 566.124
0.8671; 561.129
0.87377; 555.873
0.88044; 550.33
0.88711; 544.468
0.89378; 538.254
0.90045; 531.651
0.90712; 524.622
0.91379; 517.13
0.92046; 509.151
0.92713; 500.682
0.9338; 491.77
0.94047; 482.555
0.94714; 473.35
0.95381; 464.744
0.96048; 457.712
0.96715; 453.59
0.97382; 453.59
0.98049; 457.712
0.98716; 464.744
0.99383; 473.35
1.0005; 482.555
1.00717; 491.77
1.01384; 500.682
1.02051; 509.151
1.02718; 517.13
1.03385; 524.622
1.04052; 531.651
1.04719; 538.254
1.05386; 544.468
1.06053; 550.33
1.0672; 555.873
1.07387; 561.129
1.08054; 566.124
1.08721; 570.883
1.09388; 575.428
1.10055; 579.776
1.10722; 583.945
1.11389; 587.95
1.12056; 591.802
1.12723; 595.514
1.1339; 599.097
1.14057; 602.557
1.14724; 605.905
1.15391; 609.146
1.16058; 612.286
1.16725; 615.333
1.17392; 618.289
1.18059; 621.16
1.18726; 623.949
1.19393; 626.66
1.2006; 629.295
1.20727; 631.858
1.21394; 634.35
1.22061; 636.774
1.22728; 639.131
1.23395; 641.422
1.24062; 643.65
1.24729; 645.814
1.25396; 647.916
1.26063; 649.957
1.2673; 651.936
1.27397; 653.855
1.28064; 655.713
1.28731; 657.511
1.29398; 659.25
1.30065; 660.928
1.30732; 662.545
1.31399; 664.102
1.32066; 665.599
1.32733; 667.035
1.334; 668.409
1.34067; 669.722
1.34734; 670.973
1.35401; 672.161
1.36068; 673.286
1.36735; 674.348
1.37402; 675.347
1.38069; 676.281
1.38736; 677.15
1.39403; 677.955
1.4007; 678.694
1.40737; 679.367
1.41404; 679.974
1.42071; 680.514
1.42738; 680.988
1.43405; 681.394
1.44072; 681.734
1.44739; 682.005
1.45406; 682.209
1.46073; 682.345
1.4674; 682.413
1.47407; 0
1.48074; 0
1.48741; 0
1.49408; 0
1.50075; 0
1.50742; 0
1.51409; 0
1.52076; 0
1.52743; 0
1.5341; 0
1.54077; 0
1.54744; 0
1.55411; 0
1.56078; 0
1.56745; 0
1.57412; 0
1.58079; 0
1.58746; 0
1.59413; 0
1.6008; 0
1.60747; 0
1.61414; 0
1.62081; 0
1.62748; 0
1.63415; 0
1.64082; 0
1.64749; 0
1.65416; 0
1.66083; 0
1.6675; 0
1.67417; 0
1.68084; 0
1.68751; 0
1.69418; 0
1.70085; 0
1.70752; 0
1.71419; 0
1.72086; 0
1.72753; 0
1.7342; 0
1.74087; 0
1.74754; 0
1.75421; 0
1.76088; 0
1.76755; 0
1.77422; 0
1.78089; 0
1.78756; 0
1.79423; 0
1.8009; 0
1.80757; 0
1.81424; 0
1.82091; 0
1.82758; 0
1.83425; 0
1.84092; 0
1.84759; 0
1.85426; 0
1.86093; 0
1.8676; 0
1.87427; 0
1.88094; 0
1.88761; 0
1.89428; 0
1.90095; 0
1.90762; 0
1.91429; 0
1.92096; 0
1.92763; 0
1.9343; 0
1.94097; 0
1.94764; 0
1.95431; 0
1.96098; 0
1.96765; 0
1.97432; 0
1.98099; 0
1.98766; 0
1.99433; 0
2.001; 0
