0.00667; 0
0.01334; 0
0.02001; 0
0.02668; 0
0.03335; 0
0.04002; 0
0.04669; 0
0.05336; 0
0.06003; 0
0.0667; 0
0.07337; 0
0.08004; 0
0.08671; 0
0.09338; 0
0.10005; 0
0.10672; 0
0.11339; 0
0.12006; 0
0.12673; 0
0.1334; 0
0.14007; 0
0.14674; 0
0.15341; 0
0.16008; 0
0.16675; 0
0.17342; 0
0.18009; 0
0.18676; 0
0.19343; 0
0.2001; 0
0.20677; 0
0.21344; 0
0.22011; 0
0.22678; 0
0.23345; 0
0.24012; 0
0.24679; 0
0.25346; 0
0.26013; 0
0.2668; 0
0.27347; 0
0.28014; 0
0.28681; 0
0.29348; 0
0.30015; 0
0.30682; 0
0.31349; 0
0.32016; 0
0.32683; 0
0.3335; 0
0.34017; 0
0.34684; 0
0.35351; 0
0.36018; 0
0.36685; 0
0.37352; 0
0.38019; 0
0.38686; 0
0.39353; 0
0.4002; 0
0.40687; 0
0.41354; 0
0.42021; 0
0.42688; 0
0.43355; 0
0.44022; 0
0.44689; 0
0.45356; 0
0.46023; 0
0.4669; 0
0.47357; 420.491
0.48024; 420.431
0.48691; 420.31
0.49358; 420.13
0.50025; 419.89
0.50692; 419.59
0.51359; 419.233
0.52026; 418.817
0.52693; 418.345
0.5336; 417.816
0.54027; 417.233
0.54694; 416.596
0.55361; 415.907
0.56028; 415.166
0.56695; 414.376
0.57362; 413.537
0.58029; 412.652
0.58696; 411.722
0.59363; 410.749
0.6003; 409.735
0.60697; 408.682
0.61364; 407.59
0.62031; 406.464
0.62698; 405.303
0.63365; 404.111
0.64032; 402.89
0.64699; 401.64
0.65366; 400.366
0.66033; 399.067
0.667; 397.748
0.67367; 396.408
0.68034; 395.052
0.68701; 393.679
0.69368; 392.293
0.70035; 390.895
0.70702; 389.486
0.71369; 388.069
0.72036; 386.646
0.72703; 385.217
0.7337; 383.785
0.74037; 382.35
0.74704; 380.914
0.75371; 379.477
0.76038; 378.042
0.76705; 376.609
0.77372; 375.179
0.78039; 373.751
0.78706; 372.327
0.79373; 370.907
0.8004; 369.491
0.80707; 368.078
0.81374; 366.668
0.82041; 365.261
0.82708; 363.854
0.83375; 362.447
0.84042; 361.038
0.84709; 359.625
0.85376; 358.204
0.86043; 356.773
0.8671; 355.327
0.87377; 353.862
0.88044; 352.373
0.88711; 350.853
0.89378; 349.296
0.90045; 347.693
0.90712; 346.038
0.91379; 344.322
0.92046; 342.539
0.92713; 340.687
0.9338; 338.776
0.94047; 336.83
0.94714; 334.912
0.95381; 333.135
0.96048; 331.694
0.96715; 330.853
0.97382; 330.853
0.98049; 331.694
0.98716; 333.135
0.99383; 334.912
1.0005; 336.83
1.00717; 338.776
1.01384; 340.687
1.02051; 342.539
1.02718; 344.322
1.03385; 346.038
1.04052; 347.693
1.04719; 349.296
1.05386; 350.853
1.06053; 352.373
1.0672; 353.862
1.07387; 355.327
1.08054; 356.773
1.08721; 358.204
1.09388; 359.625
1.10055; 361.038
1.10722; 362.447
1.11389; 363.854
1.12056; 365.261
1.12723; 366.668
1.1339; 368.078
1.14057; 369.491
1.14724; 370.907
1.15391; 372.327
1.16058; 373.751
1.16725; 375.179
1.17392; 376.609
1.18059; 378.042
1.18726; 379.477
1.19393; 380.914
1.2006; 382.35
1.20727; 383.785
1.21394; 385.217
1.22061; 386.646
1.22728; 388.069
1.23395; 389.486
1.24062; 390.895
1.24729; 392.293
1.25396; 393.679
1.26063; 395.052
1.2673; 396.408
1.27397; 397.748
1.28064; 399.067
1.28731; 400.366
1.29398; 401.64
1.30065; 402.89
1.30732; 404.111
1.31399; 405.303
1.32066; 406.464
1.32733; 407.59
1.334; 408.682
1.34067; 409.735
1.34734; 410.749
1.35401; 411.722
1.36068; 412.652
1.36735; 413.537
1.37402; 414.376
1.38069; 415.166
1.38736; 415.907
1.39403; 416.596
1.4007; 417.233
1.40737; 417.816
1.41404; 418.345
1.42071; 418.817
1.42738; 419.233
1.43405; 419.59
1.44072; 419.89
1.44739; 420.13
1.45406; 420.31
1.46073; 420.431
1.4674; 420.491
1.47407; 0
1.48074; 0
1.48741; 0
1.49408; 0
1.50075; 0
1.50742; 0
1.51409; 0
1.52076; 0
1.52743; 0
1.5341; 0
1.54077; 0
1.54744; 0
1.55411; 0
1.56078; 0
1.56745; 0
1.57412; 0
1.58079; 0
1.58746; 0
1.59413; 0
1.6008; 0
1.60747; 0
1.61414; 0
1.62081; 0
1.62748; 0
1.63415; 0
1.64082; 0
1.64749; 0
1.65416; 0
1.66083; 0
1.6675; 0
1.67417; 0
1.68084; 0
1.68751; 0
1.69418; 0
1.70085; 0
1.70752; 0
1.71419; 0
1.72086; 0
1.72753; 0
1.7342; 0
1.74087; 0
1.74754; 0
1.75421; 0
1.76088; 0
1.76755; 0
1.77422; 0
1.78089; 0
1.78756; 0
1.79423; 0
1.8009; 0
1.80757; 0
1.81424; 0
1.82091; 0
1.82758; 0
1.83425; 0
1.84092; 0
1.84759; 0
1.85426; 0
1.86093; 0
1.8676; 0
1.87427; 0
1.88094; 0
1.88761; 0
1.89428; 0
1.90095; 0
1.90762; 0
1.91429; 0
1.92096; 0
1.92763; 0
1.9343; 0
1.94097; 0
1.94764; 0
1.95431; 0
1.96098; 0
1.96765; 0
1.97432; 0
1.98099; 0
1.98766; 0
1.99433; 0
2.001; 0
