0.00667; 0
0.01334; 0
0.02001; 0
0.02668; 0
0.03335; 0
0.04002; 0
0.04669; 0
0.05336; 0
0.06003; 0
0.0667; 0
0.07337; 0
0.08004; 0
0.08671; 0
0.09338; 0
0.10005; 0
0.10672; 0
0.11339; 0
0.12006; 0
0.12673; 0
0.1334; 0
0.14007; 0
0.14674; 0
0.15341; 0
0.16008; 0
0.16675; 0
0.17342; 0
0.18009; 0
0.18676; 0
0.19343; 0
0.2001; 0
0.20677; 0
0.21344; 0
0.22011; 0
0.22678; 0
0.23345; 0
0.24012; 0
0.24679; 0
0.25346; 0
0.26013; 0
0.2668; 0
0.27347; 0
0.28014; 0
0.28681; 0
0.29348; 0
0.30015; 0
0.30682; 0
0.31349; 0
0.32016; 0
0.32683; 0
0.3335; 0
0.34017; 0
0.34684; 0
0.35351; 0
0.36018; 0
0.36685; 0
0.37352; 0
0.38019; 0
0.38686; 0
0.39353; 0
0.4002; 0
0.40687; 0
0.41354; 0
0.42021; 0
0.42688; 0
0.43355; 0
0.44022; 0
0.44689; 0
0.45356; 0
0.46023; 0
0.4669; 0
0.47357; 462.309
0.48024; 462.245
0.48691; 462.117
0.49358; 461.924
0.50025; 461.668
0.50692; 461.349
0.51359; 460.967
0.52026; 460.523
0.52693; 460.019
0.5336; 459.454
0.54027; 458.83
0.54694; 458.147
0.55361; 457.408
0.56028; 456.614
0.56695; 455.765
0.57362; 454.863
0.58029; 453.91
0.58696; 452.907
0.59363; 451.856
0.6003; 450.759
0.60697; 449.617
0.61364; 448.432
0.62031; 447.207
0.62698; 445.942
0.63365; 444.639
0.64032; 443.301
0.64699; 441.93
0.65366; 440.527
0.66033; 439.093
0.667; 437.632
0.67367; 436.144
0.68034; 434.632
0.68701; 433.097
0.69368; 431.541
0.70035; 429.965
0.70702; 428.371
0.71369; 426.76
0.72036; 425.134
0.72703; 423.494
0.7337; 421.841
0.74037; 420.176
0.74704; 418.5
0.75371; 416.814
0.76038; 415.118
0.76705; 413.412
0.77372; 411.697
0.78039; 409.973
0.78706; 408.239
0.79373; 406.494
0.8004; 404.739
0.80707; 402.972
0.81374; 401.191
0.82041; 399.395
0.82708; 397.58
0.83375; 395.745
0.84042; 393.885
0.84709; 391.997
0.85376; 390.076
0.86043; 388.117
0.8671; 386.112
0.87377; 384.055
0.88044; 381.937
0.88711; 379.747
0.89378; 377.476
0.90045; 375.111
0.90712; 372.64
0.91379; 370.051
0.92046; 367.334
0.92713; 364.489
0.9338; 361.529
0.94047; 358.496
0.94714; 355.49
0.95381; 352.695
0.96048; 350.421
0.96715; 349.091
0.97382; 349.091
0.98049; 350.421
0.98716; 352.695
0.99383; 355.49
1.0005; 358.496
1.00717; 361.529
1.01384; 364.489
1.02051; 367.334
1.02718; 370.051
1.03385; 372.64
1.04052; 375.111
1.04719; 377.476
1.05386; 379.747
1.06053; 381.937
1.0672; 384.055
1.07387; 386.112
1.08054; 388.117
1.08721; 390.076
1.09388; 391.997
1.10055; 393.885
1.10722; 395.745
1.11389; 397.58
1.12056; 399.395
1.12723; 401.191
1.1339; 402.972
1.14057; 404.739
1.14724; 406.494
1.15391; 408.239
1.16058; 409.973
1.16725; 411.697
1.17392; 413.412
1.18059; 415.118
1.18726; 416.814
1.19393; 418.5
1.2006; 420.176
1.20727; 421.841
1.21394; 423.494
1.22061; 425.134
1.22728; 426.76
1.23395; 428.371
1.24062; 429.965
1.24729; 431.541
1.25396; 433.097
1.26063; 434.632
1.2673; 436.144
1.27397; 437.632
1.28064; 439.093
1.28731; 440.527
1.29398; 441.93
1.30065; 443.301
1.30732; 444.639
1.31399; 445.942
1.32066; 447.207
1.32733; 448.432
1.334; 449.617
1.34067; 450.759
1.34734; 451.856
1.35401; 452.907
1.36068; 453.91
1.36735; 454.863
1.37402; 455.765
1.38069; 456.614
1.38736; 457.408
1.39403; 458.147
1.4007; 458.83
1.40737; 459.454
1.41404; 460.019
1.42071; 460.523
1.42738; 460.967
1.43405; 461.349
1.44072; 461.668
1.44739; 461.924
1.45406; 462.117
1.46073; 462.245
1.4674; 462.309
1.47407; 0
1.48074; 0
1.48741; 0
1.49408; 0
1.50075; 0
1.50742; 0
1.51409; 0
1.52076; 0
1.52743; 0
1.5341; 0
1.54077; 0
1.54744; 0
1.55411; 0
1.56078; 0
1.56745; 0
1.57412; 0
1.58079; 0
1.58746; 0
1.59413; 0
1.6008; 0
1.60747; 0
1.61414; 0
1.62081; 0
1.62748; 0
1.63415; 0
1.64082; 0
1.64749; 0
1.65416; 0
1.66083; 0
1.6675; 0
1.67417; 0
1.68084; 0
1.68751; 0
1.69418; 0
1.70085; 0
1.70752; 0
1.71419; 0
1.72086; 0
1.72753; 0
1.7342; 0
1.74087; 0
1.74754; 0
1.75421; 0
1.76088; 0
1.76755; 0
1.77422; 0
1.78089; 0
1.78756; 0
1.79423; 0
1.8009; 0
1.80757; 0
1.81424; 0
1.82091; 0
1.82758; 0
1.83425; 0
1.84092; 0
1.84759; 0
1.85426; 0
1.86093; 0
1.8676; 0
1.87427; 0
1.88094; 0
1.88761; 0
1.89428; 0
1.90095; 0
1.90762; 0
1.91429; 0
1.92096; 0
1.92763; 0
1.9343; 0
1.94097; 0
1.94764; 0
1.95431; 0
1.96098; 0
1.96765; 0
1.97432; 0
1.98099; 0
1.98766; 0
1.99433; 0
2.001; 0
