0.00667; 0
0.01334; 0
0.02001; 0
0.02668; 0
0.03335; 0
0.04002; 0
0.04669; 0
0.05336; 0
0.06003; 0
0.0667; 0
0.07337; 0
0.08004; 0
0.08671; 0
0.09338; 0
0.10005; 0
0.10672; 0
0.11339; 0
0.12006; 0
0.12673; 0
0.1334; 0
0.14007; 0
0.14674; 0
0.15341; 0
0.16008; 0
0.16675; 0
0.17342; 0
0.18009; 0
0.18676; 0
0.19343; 0
0.2001; 0
0.20677; 0
0.21344; 0
0.22011; 0
0.22678; 0
0.23345; 0
0.24012; 0
0.24679; 0
0.25346; 0
0.26013; 0
0.2668; 0
0.27347; 0
0.28014; 0
0.28681; 0
0.29348; 0
0.30015; 0
0.30682; 0
0.31349; 0
0.32016; 0
0.32683; 0
0.3335; 0
0.34017; 0
0.34684; 0
0.35351; 0
0.36018; 0
0.36685; 0
0.37352; 0
0.38019; 0
0.38686; 0
0.39353; 0
0.4002; 0
0.40687; 0
0.41354; 0
0.42021; 0
0.42688; 0
0.43355; 0
0.44022; 0
0.44689; 0
0.45356; 0
0.46023; 0
0.4669; 0
0.47357; 406.701
0.48024; 406.643
0.48691; 406.527
0.49358; 406.353
0.50025; 406.122
0.50692; 405.834
0.51359; 405.49
0.52026; 405.09
0.52693; 404.636
0.5336; 404.128
0.54027; 403.567
0.54694; 402.955
0.55361; 402.292
0.56028; 401.581
0.56695; 400.822
0.57362; 400.017
0.58029; 399.168
0.58696; 398.277
0.59363; 397.344
0.6003; 396.373
0.60697; 395.365
0.61364; 394.321
0.62031; 393.244
0.62698; 392.135
0.63365; 390.998
0.64032; 389.833
0.64699; 388.642
0.65366; 387.429
0.66033; 386.194
0.667; 384.94
0.67367; 383.669
0.68034; 382.383
0.68701; 381.083
0.69368; 379.772
0.70035; 378.452
0.70702; 377.124
0.71369; 375.79
0.72036; 374.452
0.72703; 373.111
0.7337; 371.769
0.74037; 370.427
0.74704; 369.087
0.75371; 367.75
0.76038; 366.417
0.76705; 365.089
0.77372; 363.766
0.78039; 362.45
0.78706; 361.141
0.79373; 359.84
0.8004; 358.546
0.80707; 357.26
0.81374; 355.981
0.82041; 354.71
0.82708; 353.444
0.83375; 352.183
0.84042; 350.927
0.84709; 349.672
0.85376; 348.417
0.86043; 347.159
0.8671; 345.894
0.87377; 344.621
0.88044; 343.333
0.88711; 342.026
0.89378; 340.694
0.90045; 339.33
0.90712; 337.929
0.91379; 336.484
0.92046; 334.99
0.92713; 333.445
0.9338; 331.855
0.94047; 330.243
0.94714; 328.656
0.95381; 327.19
0.96048; 326.003
0.96715; 325.31
0.97382; 325.31
0.98049; 326.003
0.98716; 327.19
0.99383; 328.656
1.0005; 330.243
1.00717; 331.855
1.01384; 333.445
1.02051; 334.99
1.02718; 336.484
1.03385; 337.929
1.04052; 339.33
1.04719; 340.694
1.05386; 342.026
1.06053; 343.333
1.0672; 344.621
1.07387; 345.894
1.08054; 347.159
1.08721; 348.417
1.09388; 349.672
1.10055; 350.927
1.10722; 352.183
1.11389; 353.444
1.12056; 354.71
1.12723; 355.981
1.1339; 357.26
1.14057; 358.546
1.14724; 359.84
1.15391; 361.141
1.16058; 362.45
1.16725; 363.766
1.17392; 365.089
1.18059; 366.417
1.18726; 367.75
1.19393; 369.087
1.2006; 370.427
1.20727; 371.769
1.21394; 373.111
1.22061; 374.452
1.22728; 375.79
1.23395; 377.124
1.24062; 378.452
1.24729; 379.772
1.25396; 381.083
1.26063; 382.383
1.2673; 383.669
1.27397; 384.94
1.28064; 386.194
1.28731; 387.429
1.29398; 388.642
1.30065; 389.833
1.30732; 390.998
1.31399; 392.135
1.32066; 393.244
1.32733; 394.321
1.334; 395.365
1.34067; 396.373
1.34734; 397.344
1.35401; 398.277
1.36068; 399.168
1.36735; 400.017
1.37402; 400.822
1.38069; 401.581
1.38736; 402.292
1.39403; 402.955
1.4007; 403.567
1.40737; 404.128
1.41404; 404.636
1.42071; 405.09
1.42738; 405.49
1.43405; 405.834
1.44072; 406.122
1.44739; 406.353
1.45406; 406.527
1.46073; 406.643
1.4674; 406.701
1.47407; 0
1.48074; 0
1.48741; 0
1.49408; 0
1.50075; 0
1.50742; 0
1.51409; 0
1.52076; 0
1.52743; 0
1.5341; 0
1.54077; 0
1.54744; 0
1.55411; 0
1.56078; 0
1.56745; 0
1.57412; 0
1.58079; 0
1.58746; 0
1.59413; 0
1.6008; 0
1.60747; 0
1.61414; 0
1.62081; 0
1.62748; 0
1.63415; 0
1.64082; 0
1.64749; 0
1.65416; 0
1.66083; 0
1.6675; 0
1.67417; 0
1.68084; 0
1.68751; 0
1.69418; 0
1.70085; 0
1.70752; 0
1.71419; 0
1.72086; 0
1.72753; 0
1.7342; 0
1.74087; 0
1.74754; 0
1.75421; 0
1.76088; 0
1.76755; 0
1.77422; 0
1.78089; 0
1.78756; 0
1.79423; 0
1.8009; 0
1.80757; 0
1.81424; 0
1.82091; 0
1.82758; 0
1.83425; 0
1.84092; 0
1.84759; 0
1.85426; 0
1.86093; 0
1.8676; 0
1.87427; 0
1.88094; 0
1.88761; 0
1.89428; 0
1.90095; 0
1.90762; 0
1.91429; 0
1.92096; 0
1.92763; 0
1.9343; 0
1.94097; 0
1.94764; 0
1.95431; 0
1.96098; 0
1.96765; 0
1.97432; 0
1.98099; 0
1.98766; 0
1.99433; 0
2.001; 0
