0.00026; 668.826
0.00052; 668.824
0.00078; 668.826
0.00104; 668.826
0.0013; 668.824
0.00156; 668.817
0.00182; 668.822
0.00208; 668.822
0.00234; 668.82
0.0026; 668.816
0.00286; 668.818
0.00312; 668.818
0.00338; 668.815
0.00364; 668.808
0.0039; 668.813
0.00416; 668.813
0.00442; 668.811
0.00468; 668.807
0.00494; 668.809
0.0052; 668.809
0.00546; 668.806
0.00572; 668.8
0.00598; 668.804
0.00624; 668.804
0.0065; 668.803
0.00676; 668.799
0.00702; 668.801
0.00728; 668.801
0.00754; 668.798
0.0078; 668.792
0.00806; 668.796
0.00832; 668.797
0.00858; 668.795
0.00884; 668.791
0.0091; 668.793
0.00936; 668.793
0.00962; 668.79
0.00988; 668.784
0.01014; 668.789
0.0104; 668.789
0.01066; 668.787
0.01092; 668.784
0.01118; 668.786
0.01144; 668.786
0.0117; 668.783
0.01196; 668.777
0.01222; 668.782
0.01248; 668.782
0.01274; 668.781
0.013; 668.777
0.01326; 668.779
0.01352; 668.779
0.01378; 668.777
0.01404; 668.771
0.0143; 668.776
0.01456; 668.776
0.01482; 668.775
0.01508; 668.771
0.01534; 668.773
0.0156; 668.773
0.01586; 668.771
0.01612; 668.765
0.01638; 668.77
0.01664; 668.77
0.0169; 668.769
0.01716; 668.766
0.01742; 668.768
0.01768; 668.768
0.01794; 668.765
0.0182; 668.76
0.01846; 668.765
0.01872; 668.765
0.01898; 668.764
0.01924; 668.761
0.0195; 668.763
0.01976; 668.763
0.02002; 668.761
0.02028; 668.755
0.02054; 668.76
0.0208; 668.761
0.02106; 668.759
0.02132; 668.756
0.02158; 668.758
0.02184; 668.759
0.0221; 668.756
0.02236; 668.75
0.02262; 668.755
0.02288; 668.756
0.02314; 668.755
0.0234; 668.752
0.02366; 668.754
0.02392; 668.755
0.02418; 668.752
0.02444; 668.746
0.0247; 668.752
0.02496; 668.752
0.02522; 668.751
0.02548; 668.748
0.02574; 668.75
0.026; 668.751
0.02626; 668.749
0.02652; 668.743
0.02678; 668.748
0.02704; 668.749
0.0273; 668.748
0.02756; 668.745
0.02782; 668.747
0.02808; 668.748
0.02834; 668.746
0.0286; 668.74
0.02886; 668.746
0.02912; 668.747
0.02938; 668.746
0.02964; 668.743
0.0299; 668.745
0.03016; 668.746
0.03042; 668.743
0.03068; 668.738
0.03094; 668.743
0.0312; 668.744
0.03146; 668.743
0.03172; 668.74
0.03198; 668.743
0.03224; 668.744
0.0325; 668.742
0.03276; 668.736
0.03302; 668.741
0.03328; 668.743
0.03354; 668.742
0.0338; 668.739
0.03406; 668.741
0.03432; 668.742
0.03458; 668.74
0.03484; 668.735
0.0351; 668.74
0.03536; 668.741
0.03562; 668.74
0.03588; 668.738
0.03614; 668.74
0.0364; 668.741
0.03666; 668.739
0.03692; 668.734
0.03718; 668.739
0.03744; 668.74
0.0377; 668.74
0.03796; 668.737
0.03822; 668.74
0.03848; 668.741
0.03874; 668.739
0.039; 668.733
0.03926; 668.739
0.03952; 668.74
0.03978; 668.739
0.04004; 668.737
0.0403; 668.739
0.04056; 668.74
0.04082; 668.739
0.04108; 668.733
0.04134; 668.739
0.0416; 668.74
0.04186; 668.74
0.04212; 668.737
0.04238; 668.74
0.04264; 668.741
0.0429; 668.739
0.04316; 668.734
0.04342; 668.74
0.04368; 668.741
0.04394; 668.74
0.0442; 668.738
0.04446; 668.741
0.04472; 668.742
0.04498; 668.74
0.04524; 668.735
0.0455; 668.74
0.04576; 668.742
0.04602; 668.741
0.04628; 668.739
0.04654; 668.742
0.0468; 668.743
0.04706; 668.741
0.04732; 668.736
0.04758; 668.742
0.04784; 668.743
0.0481; 668.743
0.04836; 668.74
0.04862; 668.743
0.04888; 668.745
0.04914; 668.743
0.0494; 668.738
0.04966; 668.744
0.04992; 668.745
0.05018; 668.745
0.05044; 668.743
0.0507; 668.746
0.05096; 668.747
0.05122; 668.745
0.05148; 668.74
0.05174; 668.746
0.052; 668.748
0.05226; 668.747
0.05252; 668.745
0.05278; 668.748
0.05304; 668.749
0.0533; 668.748
0.05356; 668.743
0.05382; 668.749
0.05408; 668.751
0.05434; 668.75
0.0546; 668.748
0.05486; 668.751
0.05512; 668.752
0.05538; 668.751
0.05564; 668.746
0.0559; 668.752
0.05616; 668.754
0.05642; 668.754
0.05668; 668.751
0.05694; 668.755
0.0572; 668.756
0.05746; 668.755
0.05772; 668.75
0.05798; 668.756
0.05824; 668.758
0.0585; 668.757
0.05876; 668.755
0.05902; 668.759
0.05928; 668.76
0.05954; 668.759
0.0598; 668.754
0.06006; 668.76
0.06032; 668.762
0.06058; 668.762
0.06084; 668.76
0.0611; 668.763
0.06136; 668.765
0.06162; 668.763
0.06188; 668.759
0.06214; 668.765
0.0624; 668.767
0.06266; 668.767
0.06292; 668.765
0.06318; 668.768
0.06344; 668.77
0.0637; 668.768
0.06396; 668.764
0.06422; 668.77
0.06448; 668.772
0.06474; 668.772
0.065; 668.77
0.06526; 668.773
0.06552; 668.775
0.06578; 668.774
0.06604; 668.769
0.0663; 668.776
0.06656; 668.778
0.06682; 668.778
0.06708; 668.776
0.06734; 668.779
0.0676; 668.781
0.06786; 668.78
0.06812; 668.775
0.06838; 668.782
0.06864; 668.784
0.0689; 668.784
0.06916; 668.782
0.06942; 668.785
0.06968; 668.787
0.06994; 668.786
0.0702; 668.782
0.07046; 668.788
0.07072; 668.79
0.07098; 668.79
0.07124; 668.789
0.0715; 668.792
0.07176; 668.794
0.07202; 668.793
0.07228; 668.789
0.07254; 668.795
0.0728; 668.798
0.07306; 668.798
0.07332; 668.796
0.07358; 668.8
0.07384; 668.802
0.0741; 668.801
0.07436; 668.796
0.07462; 668.803
0.07488; 668.805
0.07514; 668.805
0.0754; 668.804
0.07566; 668.807
0.07592; 668.809
0.07618; 668.809
0.07644; 668.804
0.0767; 668.811
0.07696; 668.813
0.07722; 668.813
0.07748; 668.812
0.07774; 668.816
0.078; 668.818
