0.00026; 0
0.00052; 0
0.00078; 0
0.00104; 0
0.0013; 0
0.00156; 0
0.00182; 0
0.00208; 0
0.00234; 0
0.0026; 0
0.00286; 0
0.00312; 0
0.00338; 0
0.00364; 0
0.0039; 0
0.00416; 0
0.00442; 0
0.00468; 0
0.00494; 0
0.0052; 0
0.00546; 0
0.00572; 0
0.00598; 0
0.00624; 0
0.0065; 0
0.00676; 0
0.00702; 0
0.00728; 0
0.00754; 0
0.0078; 0
0.00806; 0
0.00832; 0
0.00858; 0
0.00884; 0
0.0091; 0
0.00936; 0
0.00962; 0
0.00988; 0
0.01014; 0
0.0104; 0
0.01066; 0
0.01092; 0
0.01118; 0
0.01144; 0
0.0117; 0
0.01196; 0
0.01222; 0
0.01248; 0
0.01274; 0
0.013; 0
0.01326; 0
0.01352; 0
0.01378; 0
0.01404; 0
0.0143; 0
0.01456; 0
0.01482; 0
0.01508; 0
0.01534; 0
0.0156; 0
0.01586; 0
0.01612; 0
0.01638; 0
0.01664; 0
0.0169; 0
0.01716; 0
0.01742; 0
0.01768; 0
0.01794; 0
0.0182; 0
0.01846; 0
0.01872; 0
0.01898; 0
0.01924; 0
0.0195; 554.326
0.01976; 554.371
0.02002; 554.46
0.02028; 554.594
0.02054; 554.773
0.0208; 554.996
0.02106; 555.263
0.02132; 555.569
0.02158; 555.912
0.02184; 556.285
0.0221; 556.676
0.02236; 557.071
0.02262; 557.456
0.02288; 557.822
0.02314; 558.162
0.0234; 558.475
0.02366; 558.761
0.02392; 559.025
0.02418; 559.267
0.02444; 559.489
0.0247; 559.694
0.02496; 559.884
0.02522; 560.06
0.02548; 560.222
0.02574; 560.373
0.026; 560.513
0.02626; 560.645
0.02652; 560.764
0.02678; 560.876
0.02704; 560.98
0.0273; 561.076
0.02756; 561.162
0.02782; 561.241
0.02808; 561.313
0.02834; 561.379
0.0286; 561.436
0.02886; 561.487
0.02912; 561.531
0.02938; 561.569
0.02964; 561.599
0.0299; 561.622
0.03016; 561.641
0.03042; 561.653
0.03068; 561.657
0.03094; 561.656
0.0312; 561.65
0.03146; 561.639
0.03172; 561.621
0.03198; 561.597
0.03224; 561.571
0.0325; 561.54
0.03276; 561.504
0.03302; 561.465
0.03328; 561.423
0.03354; 561.38
0.0338; 561.334
0.03406; 561.286
0.03432; 561.24
0.03458; 561.194
0.03484; 561.148
0.0351; 561.105
0.03536; 561.065
0.03562; 561.03
0.03588; 560.998
0.03614; 560.972
0.0364; 560.954
0.03666; 560.943
0.03692; 560.939
0.03718; 560.945
0.03744; 560.961
0.0377; 560.988
0.03796; 561.024
0.03822; 561.071
0.03848; 561.131
0.03874; 561.204
0.039; 561.287
0.03926; 561.382
0.03952; 561.49
0.03978; 561.61
0.04004; 561.74
0.0403; 561.883
0.04056; 562.038
0.04082; 562.206
0.04108; 562.385
0.04134; 562.576
0.0416; 562.782
0.04186; 563.001
0.04212; 563.23
0.04238; 563.473
0.04264; 563.728
0.0429; 563.994
0.04316; 564.268
0.04342; 564.55
0.04368; 564.84
0.04394; 565.137
0.0442; 565.438
0.04446; 565.744
0.04472; 566.056
0.04498; 566.372
0.04524; 566.688
0.0455; 567.007
0.04576; 567.327
0.04602; 567.649
0.04628; 567.966
0.04654; 568.282
0.0468; 568.598
0.04706; 568.911
0.04732; 569.218
0.04758; 569.521
0.04784; 569.821
0.0481; 570.117
0.04836; 570.403
0.04862; 570.684
0.04888; 570.96
0.04914; 571.231
0.0494; 571.491
0.04966; 571.746
0.04992; 571.994
0.05018; 572.236
0.05044; 572.467
0.0507; 572.691
0.05096; 572.909
0.05122; 573.12
0.05148; 573.32
0.05174; 573.513
0.052; 573.701
0.05226; 573.881
0.05252; 574.05
0.05278; 574.211
0.05304; 574.367
0.0533; 574.517
0.05356; 574.654
0.05382; 574.785
0.05408; 574.91
0.05434; 575.028
0.0546; 575.135
0.05486; 575.234
0.05512; 575.328
0.05538; 575.416
0.05564; 575.491
0.0559; 575.56
0.05616; 575.623
0.05642; 575.679
0.05668; 575.723
0.05694; 575.76
0.0572; 575.791
0.05746; 575.816
0.05772; 575.828
0.05798; 575.834
0.05824; 0
0.0585; 0
0.05876; 0
0.05902; 0
0.05928; 0
0.05954; 0
0.0598; 0
0.06006; 0
0.06032; 0
0.06058; 0
0.06084; 0
0.0611; 0
0.06136; 0
0.06162; 0
0.06188; 0
0.06214; 0
0.0624; 0
0.06266; 0
0.06292; 0
0.06318; 0
0.06344; 0
0.0637; 0
0.06396; 0
0.06422; 0
0.06448; 0
0.06474; 0
0.065; 0
0.06526; 0
0.06552; 0
0.06578; 0
0.06604; 0
0.0663; 0
0.06656; 0
0.06682; 0
0.06708; 0
0.06734; 0
0.0676; 0
0.06786; 0
0.06812; 0
0.06838; 0
0.06864; 0
0.0689; 0
0.06916; 0
0.06942; 0
0.06968; 0
0.06994; 0
0.0702; 0
0.07046; 0
0.07072; 0
0.07098; 0
0.07124; 0
0.0715; 0
0.07176; 0
0.07202; 0
0.07228; 0
0.07254; 0
0.0728; 0
0.07306; 0
0.07332; 0
0.07358; 0
0.07384; 0
0.0741; 0
0.07436; 0
0.07462; 0
0.07488; 0
0.07514; 0
0.0754; 0
0.07566; 0
0.07592; 0
0.07618; 0
0.07644; 0
0.0767; 0
0.07696; 0
0.07722; 0
0.07748; 0
0.07774; 0
0.078; 0
