0.00026; 0
0.00052; 0
0.00078; 0
0.00104; 0
0.0013; 0
0.00156; 0
0.00182; 0
0.00208; 0
0.00234; 0
0.0026; 0
0.00286; 0
0.00312; 0
0.00338; 0
0.00364; 0
0.0039; 0
0.00416; 0
0.00442; 0
0.00468; 0
0.00494; 0
0.0052; 0
0.00546; 0
0.00572; 0
0.00598; 0
0.00624; 0
0.0065; 0
0.00676; 0
0.00702; 0
0.00728; 0
0.00754; 0
0.0078; 0
0.00806; 0
0.00832; 0
0.00858; 0
0.00884; 0
0.0091; 0
0.00936; 0
0.00962; 0
0.00988; 0
0.01014; 0
0.0104; 0
0.01066; 0
0.01092; 0
0.01118; 0
0.01144; 0
0.0117; 0
0.01196; 0
0.01222; 0
0.01248; 0
0.01274; 0
0.013; 0
0.01326; 0
0.01352; 0
0.01378; 0
0.01404; 0
0.0143; 0
0.01456; 0
0.01482; 0
0.01508; 0
0.01534; 0
0.0156; 0
0.01586; 0
0.01612; 0
0.01638; 0
0.01664; 0
0.0169; 0
0.01716; 0
0.01742; 0
0.01768; 0
0.01794; 0
0.0182; 0
0.01846; 0
0.01872; 0
0.01898; 0
0.01924; 0
0.0195; 0
0.01976; 0
0.02002; 0
0.02028; 0
0.02054; 0
0.0208; 0
0.02106; 0
0.02132; 0
0.02158; 0
0.02184; 0
0.0221; 0
0.02236; 0
0.02262; 0
0.02288; 613.182
0.02314; 613.042
0.0234; 612.883
0.02366; 612.736
0.02392; 612.587
0.02418; 612.455
0.02444; 612.332
0.0247; 612.21
0.02496; 612.089
0.02522; 611.976
0.02548; 611.863
0.02574; 611.764
0.026; 611.659
0.02626; 611.57
0.02652; 611.489
0.02678; 611.409
0.02704; 611.328
0.0273; 611.254
0.02756; 611.18
0.02782; 611.119
0.02808; 611.052
0.02834; 611
0.0286; 610.955
0.02886; 610.91
0.02912; 610.865
0.02938; 610.825
0.02964; 610.785
0.0299; 610.757
0.03016; 610.722
0.03042; 610.701
0.03068; 610.688
0.03094; 610.673
0.0312; 610.656
0.03146; 610.646
0.03172; 610.633
0.03198; 610.632
0.03224; 610.624
0.0325; 610.629
0.03276; 610.64
0.03302; 610.65
0.03328; 610.657
0.03354; 610.669
0.0338; 610.678
0.03406; 610.699
0.03432; 610.711
0.03458; 610.736
0.03484; 610.767
0.0351; 610.795
0.03536; 610.82
0.03562; 610.85
0.03588; 610.876
0.03614; 610.914
0.0364; 610.942
0.03666; 610.982
0.03692; 611.027
0.03718; 611.069
0.03744; 611.108
0.0377; 611.15
0.03796; 611.189
0.03822; 611.239
0.03848; 611.278
0.03874; 611.329
0.039; 611.384
0.03926; 611.437
0.03952; 611.486
0.03978; 611.537
0.04004; 611.585
0.0403; 611.643
0.04056; 611.691
0.04082; 611.75
0.04108; 611.813
0.04134; 611.874
0.0416; 611.93
0.04186; 611.989
0.04212; 612.043
0.04238; 612.108
0.04264; 612.162
0.0429; 612.228
0.04316; 612.297
0.04342; 612.364
0.04368; 612.426
0.04394; 612.491
0.0442; 612.553
0.04446; 612.624
0.04472; 612.685
0.04498; 612.756
0.04524; 612.833
0.0455; 612.906
0.04576; 612.974
0.04602; 613.047
0.04628; 613.115
0.04654; 613.193
0.0468; 613.262
0.04706; 613.341
0.04732; 613.425
0.04758; 613.507
0.04784; 613.584
0.0481; 613.666
0.04836; 613.743
0.04862; 613.831
0.04888; 613.91
0.04914; 614
0.0494; 614.095
0.04966; 614.188
0.04992; 614.277
0.05018; 614.371
0.05044; 614.461
0.0507; 614.562
0.05096; 614.655
0.05122; 614.759
0.05148; 614.869
0.05174; 614.977
0.052; 615.082
0.05226; 615.193
0.05252; 615.3
0.05278; 615.419
0.05304; 615.53
0.0533; 615.653
0.05356; 615.783
0.05382; 615.912
0.05408; 616.038
0.05434; 616.169
0.0546; 616.3
0.05486; 616.441
0.05512; 616.575
0.05538; 616.722
0.05564; 616.877
0.0559; 617.03
0.05616; 617.182
0.05642; 617.34
0.05668; 617.498
0.05694; 617.668
0.0572; 617.832
0.05746; 618.011
0.05772; 618.198
0.05798; 618.385
0.05824; 618.548
0.0585; 0
0.05876; 0
0.05902; 0
0.05928; 0
0.05954; 0
0.0598; 0
0.06006; 0
0.06032; 0
0.06058; 0
0.06084; 0
0.0611; 0
0.06136; 0
0.06162; 0
0.06188; 0
0.06214; 0
0.0624; 0
0.06266; 0
0.06292; 0
0.06318; 0
0.06344; 0
0.0637; 0
0.06396; 0
0.06422; 0
0.06448; 0
0.06474; 0
0.065; 0
0.06526; 0
0.06552; 0
0.06578; 0
0.06604; 0
0.0663; 0
0.06656; 0
0.06682; 0
0.06708; 0
0.06734; 0
0.0676; 0
0.06786; 0
0.06812; 0
0.06838; 0
0.06864; 0
0.0689; 0
0.06916; 0
0.06942; 0
0.06968; 0
0.06994; 0
0.0702; 0
0.07046; 0
0.07072; 0
0.07098; 0
0.07124; 0
0.0715; 0
0.07176; 0
0.07202; 0
0.07228; 0
0.07254; 0
0.0728; 0
0.07306; 0
0.07332; 0
0.07358; 0
0.07384; 0
0.0741; 0
0.07436; 0
0.07462; 0
0.07488; 0
0.07514; 0
0.0754; 0
0.07566; 0
0.07592; 0
0.07618; 0
0.07644; 0
0.0767; 0
0.07696; 0
0.07722; 0
0.07748; 0
0.07774; 0
0.078; 0
