0.00026; 0
0.00052; 0
0.00078; 0
0.00104; 0
0.0013; 0
0.00156; 0
0.00182; 0
0.00208; 0
0.00234; 0
0.0026; 0
0.00286; 0
0.00312; 0
0.00338; 0
0.00364; 0
0.0039; 0
0.00416; 0
0.00442; 0
0.00468; 0
0.00494; 0
0.0052; 0
0.00546; 0
0.00572; 0
0.00598; 0
0.00624; 0
0.0065; 0
0.00676; 0
0.00702; 0
0.00728; 0
0.00754; 0
0.0078; 0
0.00806; 0
0.00832; 0
0.00858; 0
0.00884; 0
0.0091; 0
0.00936; 0
0.00962; 0
0.00988; 0
0.01014; 0
0.0104; 0
0.01066; 0
0.01092; 0
0.01118; 0
0.01144; 0
0.0117; 0
0.01196; 0
0.01222; 0
0.01248; 0
0.01274; 0
0.013; 0
0.01326; 0
0.01352; 0
0.01378; 0
0.01404; 0
0.0143; 0
0.01456; 0
0.01482; 0
0.01508; 0
0.01534; 0
0.0156; 0
0.01586; 0
0.01612; 0
0.01638; 0
0.01664; 0
0.0169; 0
0.01716; 0
0.01742; 0
0.01768; 0
0.01794; 0
0.0182; 0
0.01846; 0
0.01872; 0
0.01898; 0
0.01924; 0
0.0195; 0
0.01976; 0
0.02002; 0
0.02028; 0
0.02054; 0
0.0208; 0
0.02106; 0
0.02132; 0
0.02158; 0
0.02184; 0
0.0221; 0
0.02236; 0
0.02262; 0
0.02288; 605.346
0.02314; 605.192
0.0234; 605.036
0.02366; 604.879
0.02392; 604.714
0.02418; 604.577
0.02444; 604.437
0.0247; 604.31
0.02496; 604.18
0.02522; 604.055
0.02548; 603.948
0.02574; 603.84
0.026; 603.722
0.02626; 603.631
0.02652; 603.537
0.02678; 603.454
0.02704; 603.367
0.0273; 603.284
0.02756; 603.218
0.02782; 603.151
0.02808; 603.074
0.02834; 603.022
0.0286; 602.966
0.02886; 602.921
0.02912; 602.872
0.02938; 602.825
0.02964; 602.796
0.0299; 602.764
0.03016; 602.721
0.03042; 602.703
0.03068; 602.68
0.03094; 602.667
0.0312; 602.649
0.03146; 602.633
0.03172; 602.633
0.03198; 602.63
0.03224; 602.616
0.0325; 602.625
0.03276; 602.629
0.03302; 602.642
0.03328; 602.649
0.03354; 602.657
0.0338; 602.681
0.03406; 602.701
0.03432; 602.709
0.03458; 602.74
0.03484; 602.764
0.0351; 602.797
0.03536; 602.824
0.03562; 602.851
0.03588; 602.893
0.03614; 602.93
0.0364; 602.955
0.03666; 603.002
0.03692; 603.042
0.03718; 603.09
0.03744; 603.13
0.0377; 603.171
0.03796; 603.227
0.03822; 603.277
0.03848; 603.313
0.03874; 603.372
0.039; 603.423
0.03926; 603.482
0.03952; 603.533
0.03978; 603.584
0.04004; 603.649
0.0403; 603.708
0.04056; 603.754
0.04082; 603.821
0.04108; 603.88
0.04134; 603.947
0.0416; 604.006
0.04186; 604.065
0.04212; 604.137
0.04238; 604.204
0.04264; 604.256
0.0429; 604.331
0.04316; 604.397
0.04342; 604.471
0.04368; 604.536
0.04394; 604.602
0.0442; 604.68
0.04446; 604.754
0.04472; 604.813
0.04498; 604.894
0.04524; 604.967
0.0455; 605.048
0.04576; 605.121
0.04602; 605.194
0.04628; 605.28
0.04654; 605.361
0.0468; 605.429
0.04706; 605.518
0.04732; 605.6
0.04758; 605.689
0.04784; 605.771
0.0481; 605.854
0.04836; 605.95
0.04862; 606.041
0.04888; 606.119
0.04914; 606.22
0.0494; 606.313
0.04966; 606.415
0.04992; 606.51
0.05018; 606.605
0.05044; 606.715
0.0507; 606.821
0.05096; 606.914
0.05122; 607.03
0.05148; 607.139
0.05174; 607.257
0.052; 607.369
0.05226; 607.482
0.05252; 607.611
0.05278; 607.735
0.05304; 607.848
0.0533; 607.984
0.05356; 608.115
0.05382; 608.254
0.05408; 608.388
0.05434; 608.525
0.0546; 608.677
0.05486; 608.825
0.05512; 608.963
0.05538; 609.125
0.05564; 609.281
0.0559; 609.448
0.05616; 609.61
0.05642; 609.774
0.05668; 609.955
0.05694; 610.134
0.0572; 610.304
0.05746; 610.499
0.05772; 610.691
0.05798; 610.892
0.05824; 611.067
0.0585; 0
0.05876; 0
0.05902; 0
0.05928; 0
0.05954; 0
0.0598; 0
0.06006; 0
0.06032; 0
0.06058; 0
0.06084; 0
0.0611; 0
0.06136; 0
0.06162; 0
0.06188; 0
0.06214; 0
0.0624; 0
0.06266; 0
0.06292; 0
0.06318; 0
0.06344; 0
0.0637; 0
0.06396; 0
0.06422; 0
0.06448; 0
0.06474; 0
0.065; 0
0.06526; 0
0.06552; 0
0.06578; 0
0.06604; 0
0.0663; 0
0.06656; 0
0.06682; 0
0.06708; 0
0.06734; 0
0.0676; 0
0.06786; 0
0.06812; 0
0.06838; 0
0.06864; 0
0.0689; 0
0.06916; 0
0.06942; 0
0.06968; 0
0.06994; 0
0.0702; 0
0.07046; 0
0.07072; 0
0.07098; 0
0.07124; 0
0.0715; 0
0.07176; 0
0.07202; 0
0.07228; 0
0.07254; 0
0.0728; 0
0.07306; 0
0.07332; 0
0.07358; 0
0.07384; 0
0.0741; 0
0.07436; 0
0.07462; 0
0.07488; 0
0.07514; 0
0.0754; 0
0.07566; 0
0.07592; 0
0.07618; 0
0.07644; 0
0.0767; 0
0.07696; 0
0.07722; 0
0.07748; 0
0.07774; 0
0.078; 0
