0.00667; 0
0.01334; 0
0.02001; 0
0.02668; 0
0.03335; 0
0.04002; 0
0.04669; 0
0.05336; 0
0.06003; 0
0.0667; 0
0.07337; 0
0.08004; 0
0.08671; 0
0.09338; 0
0.10005; 0
0.10672; 0
0.11339; 0
0.12006; 0
0.12673; 0
0.1334; 0
0.14007; 0
0.14674; 0
0.15341; 0
0.16008; 0
0.16675; 0
0.17342; 0
0.18009; 0
0.18676; 0
0.19343; 0
0.2001; 0
0.20677; 0
0.21344; 0
0.22011; 0
0.22678; 0
0.23345; 0
0.24012; 0
0.24679; 0
0.25346; 0
0.26013; 0
0.2668; 0
0.27347; 0
0.28014; 0
0.28681; 0
0.29348; 0
0.30015; 0
0.30682; 0
0.31349; 0
0.32016; 0
0.32683; 0
0.3335; 0
0.34017; 0
0.34684; 0
0.35351; 0
0.36018; 0
0.36685; 0
0.37352; 0
0.38019; 0
0.38686; 0
0.39353; 0
0.4002; 0
0.40687; 0
0.41354; 0
0.42021; 0
0.42688; 0
0.43355; 0
0.44022; 0
0.44689; 0
0.45356; 0
0.46023; 0
0.4669; 0
0.47357; 500.407
0.48024; 500.341
0.48691; 500.21
0.49358; 500.013
0.50025; 499.75
0.50692; 499.423
0.51359; 499.032
0.52026; 498.577
0.52693; 498.059
0.5336; 497.479
0.54027; 496.838
0.54694; 496.137
0.55361; 495.377
0.56028; 494.558
0.56695; 493.683
0.57362; 492.753
0.58029; 491.768
0.58696; 490.731
0.59363; 489.642
0.6003; 488.504
0.60697; 487.317
0.61364; 486.084
0.62031; 484.806
0.62698; 483.485
0.63365; 482.122
0.64032; 480.719
0.64699; 479.277
0.65366; 477.798
0.66033; 476.284
0.667; 474.737
0.67367; 473.157
0.68034; 471.546
0.68701; 469.905
0.69368; 468.237
0.70035; 466.542
0.70702; 464.821
0.71369; 463.075
0.72036; 461.305
0.72703; 459.513
0.7337; 457.699
0.74037; 455.862
0.74704; 454.005
0.75371; 452.127
0.76038; 450.227
0.76705; 448.306
0.77372; 446.363
0.78039; 444.398
0.78706; 442.409
0.79373; 440.395
0.8004; 438.355
0.80707; 436.286
0.81374; 434.186
0.82041; 432.051
0.82708; 429.878
0.83375; 427.663
0.84042; 425.401
0.84709; 423.086
0.85376; 420.71
0.86043; 418.267
0.8671; 415.748
0.87377; 413.141
0.88044; 410.436
0.88711; 407.618
0.89378; 404.674
0.90045; 401.587
0.90712; 398.34
0.91379; 394.918
0.92046; 391.308
0.92713; 387.51
0.9338; 383.541
0.94047; 379.462
0.94714; 375.407
0.95381; 371.629
0.96048; 368.551
0.96715; 366.749
0.97382; 366.749
0.98049; 368.551
0.98716; 371.629
0.99383; 375.407
1.0005; 379.462
1.00717; 383.541
1.01384; 387.51
1.02051; 391.308
1.02718; 394.918
1.03385; 398.34
1.04052; 401.587
1.04719; 404.674
1.05386; 407.618
1.06053; 410.436
1.0672; 413.141
1.07387; 415.748
1.08054; 418.267
1.08721; 420.71
1.09388; 423.086
1.10055; 425.401
1.10722; 427.663
1.11389; 429.878
1.12056; 432.051
1.12723; 434.186
1.1339; 436.286
1.14057; 438.355
1.14724; 440.395
1.15391; 442.409
1.16058; 444.398
1.16725; 446.363
1.17392; 448.306
1.18059; 450.227
1.18726; 452.127
1.19393; 454.005
1.2006; 455.862
1.20727; 457.699
1.21394; 459.513
1.22061; 461.305
1.22728; 463.075
1.23395; 464.821
1.24062; 466.542
1.24729; 468.237
1.25396; 469.905
1.26063; 471.546
1.2673; 473.157
1.27397; 474.737
1.28064; 476.284
1.28731; 477.798
1.29398; 479.277
1.30065; 480.719
1.30732; 482.122
1.31399; 483.485
1.32066; 484.806
1.32733; 486.084
1.334; 487.317
1.34067; 488.504
1.34734; 489.642
1.35401; 490.731
1.36068; 491.768
1.36735; 492.753
1.37402; 493.683
1.38069; 494.558
1.38736; 495.377
1.39403; 496.137
1.4007; 496.838
1.40737; 497.479
1.41404; 498.059
1.42071; 498.577
1.42738; 499.032
1.43405; 499.423
1.44072; 499.75
1.44739; 500.013
1.45406; 500.21
1.46073; 500.341
1.4674; 500.407
1.47407; 0
1.48074; 0
1.48741; 0
1.49408; 0
1.50075; 0
1.50742; 0
1.51409; 0
1.52076; 0
1.52743; 0
1.5341; 0
1.54077; 0
1.54744; 0
1.55411; 0
1.56078; 0
1.56745; 0
1.57412; 0
1.58079; 0
1.58746; 0
1.59413; 0
1.6008; 0
1.60747; 0
1.61414; 0
1.62081; 0
1.62748; 0
1.63415; 0
1.64082; 0
1.64749; 0
1.65416; 0
1.66083; 0
1.6675; 0
1.67417; 0
1.68084; 0
1.68751; 0
1.69418; 0
1.70085; 0
1.70752; 0
1.71419; 0
1.72086; 0
1.72753; 0
1.7342; 0
1.74087; 0
1.74754; 0
1.75421; 0
1.76088; 0
1.76755; 0
1.77422; 0
1.78089; 0
1.78756; 0
1.79423; 0
1.8009; 0
1.80757; 0
1.81424; 0
1.82091; 0
1.82758; 0
1.83425; 0
1.84092; 0
1.84759; 0
1.85426; 0
1.86093; 0
1.8676; 0
1.87427; 0
1.88094; 0
1.88761; 0
1.89428; 0
1.90095; 0
1.90762; 0
1.91429; 0
1.92096; 0
1.92763; 0
1.9343; 0
1.94097; 0
1.94764; 0
1.95431; 0
1.96098; 0
1.96765; 0
1.97432; 0
1.98099; 0
1.98766; 0
1.99433; 0
2.001; 0
