0.00026; 601.111
0.00052; 601.106
0.00078; 601.101
0.00104; 601.09
0.0013; 601.098
0.00156; 601.099
0.00182; 601.095
0.00208; 601.09
0.00234; 601.093
0.0026; 601.093
0.00286; 601.089
0.00312; 601.078
0.00338; 601.086
0.00364; 601.087
0.0039; 601.083
0.00416; 601.078
0.00442; 601.081
0.00468; 601.081
0.00494; 601.076
0.0052; 601.066
0.00546; 601.074
0.00572; 601.075
0.00598; 601.071
0.00624; 601.066
0.0065; 601.069
0.00676; 601.069
0.00702; 601.065
0.00728; 601.054
0.00754; 601.062
0.0078; 601.063
0.00806; 601.06
0.00832; 601.055
0.00858; 601.058
0.00884; 601.058
0.0091; 601.053
0.00936; 601.043
0.00962; 601.051
0.00988; 601.052
0.01014; 601.049
0.0104; 601.044
0.01066; 601.047
0.01092; 601.047
0.01118; 601.043
0.01144; 601.033
0.0117; 601.041
0.01196; 601.042
0.01222; 601.039
0.01248; 601.034
0.01274; 601.038
0.013; 601.038
0.01326; 601.033
0.01352; 601.024
0.01378; 601.032
0.01404; 601.033
0.0143; 601.03
0.01456; 601.025
0.01482; 601.029
0.01508; 601.029
0.01534; 601.025
0.0156; 601.015
0.01586; 601.023
0.01612; 601.025
0.01638; 601.021
0.01664; 601.017
0.0169; 601.02
0.01716; 601.021
0.01742; 601.017
0.01768; 601.007
0.01794; 601.015
0.0182; 601.017
0.01846; 601.014
0.01872; 601.009
0.01898; 601.013
0.01924; 601.013
0.0195; 601.009
0.01976; 601
0.02002; 601.008
0.02028; 601.01
0.02054; 601.007
0.0208; 601.002
0.02106; 601.006
0.02132; 601.007
0.02158; 601.003
0.02184; 600.993
0.0221; 601.002
0.02236; 601.003
0.02262; 601.001
0.02288; 600.996
0.02314; 601
0.0234; 601.001
0.02366; 600.997
0.02392; 600.987
0.02418; 600.996
0.02444; 600.998
0.0247; 600.995
0.02496; 600.99
0.02522; 600.995
0.02548; 600.995
0.02574; 600.992
0.026; 600.983
0.02626; 600.991
0.02652; 600.993
0.02678; 600.99
0.02704; 600.986
0.0273; 600.99
0.02756; 600.991
0.02782; 600.988
0.02808; 600.979
0.02834; 600.987
0.0286; 600.989
0.02886; 600.986
0.02912; 600.982
0.02938; 600.986
0.02964; 600.987
0.0299; 600.984
0.03016; 600.975
0.03042; 600.984
0.03068; 600.986
0.03094; 600.983
0.0312; 600.979
0.03146; 600.983
0.03172; 600.984
0.03198; 600.981
0.03224; 600.972
0.0325; 600.981
0.03276; 600.983
0.03302; 600.98
0.03328; 600.976
0.03354; 600.98
0.0338; 600.981
0.03406; 600.978
0.03432; 600.97
0.03458; 600.979
0.03484; 600.98
0.0351; 600.978
0.03536; 600.974
0.03562; 600.978
0.03588; 600.98
0.03614; 600.977
0.0364; 600.968
0.03666; 600.977
0.03692; 600.979
0.03718; 600.977
0.03744; 600.973
0.0377; 600.977
0.03796; 600.978
0.03822; 600.975
0.03848; 600.966
0.03874; 600.976
0.039; 600.978
0.03926; 600.976
0.03952; 600.972
0.03978; 600.977
0.04004; 600.978
0.0403; 600.975
0.04056; 600.966
0.04082; 600.976
0.04108; 600.978
0.04134; 600.976
0.0416; 600.972
0.04186; 600.977
0.04212; 600.978
0.04238; 600.976
0.04264; 600.967
0.0429; 600.977
0.04316; 600.979
0.04342; 600.977
0.04368; 600.973
0.04394; 600.978
0.0442; 600.979
0.04446; 600.977
0.04472; 600.968
0.04498; 600.978
0.04524; 600.98
0.0455; 600.978
0.04576; 600.974
0.04602; 600.979
0.04628; 600.981
0.04654; 600.978
0.0468; 600.97
0.04706; 600.979
0.04732; 600.982
0.04758; 600.98
0.04784; 600.976
0.0481; 600.981
0.04836; 600.983
0.04862; 600.98
0.04888; 600.972
0.04914; 600.982
0.0494; 600.984
0.04966; 600.983
0.04992; 600.979
0.05018; 600.984
0.05044; 600.986
0.0507; 600.983
0.05096; 600.975
0.05122; 600.985
0.05148; 600.988
0.05174; 600.986
0.052; 600.983
0.05226; 600.988
0.05252; 600.99
0.05278; 600.987
0.05304; 600.979
0.0533; 600.989
0.05356; 600.992
0.05382; 600.99
0.05408; 600.987
0.05434; 600.992
0.0546; 600.994
0.05486; 600.991
0.05512; 600.983
0.05538; 600.993
0.05564; 600.996
0.0559; 600.995
0.05616; 600.992
0.05642; 600.997
0.05668; 600.999
0.05694; 600.997
0.0572; 600.989
0.05746; 600.999
0.05772; 601.002
0.05798; 601
0.05824; 600.997
0.0585; 601.002
0.05876; 601.005
0.05902; 601.002
0.05928; 600.994
0.05954; 601.005
0.0598; 601.008
0.06006; 601.006
0.06032; 601.003
0.06058; 601.009
0.06084; 601.011
0.0611; 601.009
0.06136; 601.001
0.06162; 601.011
0.06188; 601.015
0.06214; 601.013
0.0624; 601.01
0.06266; 601.016
0.06292; 601.018
0.06318; 601.016
0.06344; 601.008
0.0637; 601.019
0.06396; 601.022
0.06422; 601.021
0.06448; 601.018
0.06474; 601.024
0.065; 601.026
0.06526; 601.024
0.06552; 601.016
0.06578; 601.027
0.06604; 601.03
0.0663; 601.029
0.06656; 601.026
0.06682; 601.032
0.06708; 601.035
0.06734; 601.033
0.0676; 601.025
0.06786; 601.036
0.06812; 601.039
0.06838; 601.038
0.06864; 601.035
0.0689; 601.041
0.06916; 601.044
0.06942; 601.042
0.06968; 601.034
0.06994; 601.045
0.0702; 601.048
0.07046; 601.048
0.07072; 601.045
0.07098; 601.051
0.07124; 601.054
0.0715; 601.052
0.07176; 601.044
0.07202; 601.055
0.07228; 601.059
0.07254; 601.058
0.0728; 601.055
0.07306; 601.061
0.07332; 601.064
0.07358; 601.063
0.07384; 601.055
0.0741; 601.066
0.07436; 601.07
0.07462; 601.069
0.07488; 601.067
0.07514; 601.073
0.0754; 601.075
0.07566; 601.074
0.07592; 601.067
0.07618; 601.078
0.07644; 601.081
0.0767; 601.081
0.07696; 601.078
0.07722; 601.084
0.07748; 601.087
0.07774; 601.085
0.078; 601.078
