0.00026; 0
0.00052; 0
0.00078; 0
0.00104; 0
0.0013; 0
0.00156; 0
0.00182; 0
0.00208; 0
0.00234; 0
0.0026; 0
0.00286; 0
0.00312; 0
0.00338; 0
0.00364; 0
0.0039; 0
0.00416; 0
0.00442; 0
0.00468; 0
0.00494; 0
0.0052; 0
0.00546; 0
0.00572; 0
0.00598; 0
0.00624; 0
0.0065; 0
0.00676; 0
0.00702; 0
0.00728; 0
0.00754; 0
0.0078; 0
0.00806; 0
0.00832; 0
0.00858; 0
0.00884; 0
0.0091; 0
0.00936; 0
0.00962; 0
0.00988; 0
0.01014; 0
0.0104; 0
0.01066; 0
0.01092; 0
0.01118; 0
0.01144; 0
0.0117; 0
0.01196; 0
0.01222; 0
0.01248; 0
0.01274; 0
0.013; 0
0.01326; 0
0.01352; 0
0.01378; 0
0.01404; 0
0.0143; 0
0.01456; 0
0.01482; 0
0.01508; 0
0.01534; 0
0.0156; 0
0.01586; 0
0.01612; 0
0.01638; 0
0.01664; 0
0.0169; 0
0.01716; 0
0.01742; 0
0.01768; 0
0.01794; 0
0.0182; 0
0.01846; 0
0.01872; 0
0.01898; 0
0.01924; 0
0.0195; 0
0.01976; 0
0.02002; 0
0.02028; 0
0.02054; 0
0.0208; 0
0.02106; 0
0.02132; 0
0.02158; 0
0.02184; 0
0.0221; 0
0.02236; 0
0.02262; 0
0.02288; 612.548
0.02314; 612.401
0.0234; 612.233
0.02366; 612.09
0.02392; 611.955
0.02418; 611.816
0.02444; 611.681
0.0247; 611.551
0.02496; 611.445
0.02522; 611.329
0.02548; 611.207
0.02574; 611.112
0.026; 611.022
0.02626; 610.927
0.02652; 610.834
0.02678; 610.745
0.02704; 610.679
0.0273; 610.604
0.02756; 610.521
0.02782; 610.464
0.02808; 610.412
0.02834; 610.353
0.0286; 610.297
0.02886; 610.244
0.02912; 610.214
0.02938; 610.172
0.02964; 610.123
0.0299; 610.099
0.03016; 610.08
0.03042; 610.053
0.03068; 610.028
0.03094; 610.005
0.0312; 610.004
0.03146; 609.992
0.03172; 609.971
0.03198; 609.974
0.03224; 609.981
0.0325; 609.981
0.03276; 609.98
0.03302; 609.982
0.03328; 610.005
0.03354; 610.015
0.0338; 610.016
0.03406; 610.041
0.03432; 610.069
0.03458; 610.089
0.03484; 610.108
0.0351; 610.129
0.03536; 610.17
0.03562; 610.198
0.03588; 610.216
0.03614; 610.257
0.0364; 610.301
0.03666; 610.336
0.03692; 610.369
0.03718; 610.404
0.03744; 610.459
0.0377; 610.5
0.03796; 610.531
0.03822; 610.584
0.03848; 610.639
0.03874; 610.685
0.039; 610.729
0.03926; 610.774
0.03952; 610.839
0.03978; 610.889
0.04004; 610.929
0.0403; 610.991
0.04056; 611.055
0.04082; 611.109
0.04108; 611.161
0.04134; 611.214
0.0416; 611.285
0.04186; 611.343
0.04212; 611.39
0.04238; 611.458
0.04264; 611.529
0.0429; 611.589
0.04316; 611.648
0.04342; 611.707
0.04368; 611.785
0.04394; 611.849
0.0442; 611.902
0.04446; 611.977
0.04472; 612.053
0.04498; 612.12
0.04524; 612.186
0.0455; 612.251
0.04576; 612.336
0.04602; 612.407
0.04628; 612.467
0.04654; 612.549
0.0468; 612.633
0.04706; 612.708
0.04732; 612.782
0.04758; 612.856
0.04784; 612.949
0.0481; 613.029
0.04836; 613.099
0.04862; 613.191
0.04888; 613.285
0.04914; 613.37
0.0494; 613.455
0.04966; 613.54
0.04992; 613.645
0.05018; 613.738
0.05044; 613.821
0.0507; 613.926
0.05096; 614.034
0.05122; 614.134
0.05148; 614.233
0.05174; 614.334
0.052; 614.455
0.05226; 614.564
0.05252; 614.665
0.05278; 614.788
0.05304; 614.915
0.0533; 615.033
0.05356; 615.152
0.05382; 615.274
0.05408; 615.416
0.05434; 615.547
0.0546; 615.669
0.05486; 615.815
0.05512; 615.965
0.05538; 616.108
0.05564; 616.251
0.0559; 616.398
0.05616; 616.566
0.05642; 616.723
0.05668; 616.874
0.05694; 617.048
0.0572; 617.228
0.05746; 617.402
0.05772; 617.579
0.05798; 617.759
0.05824; 617.939
0.0585; 0
0.05876; 0
0.05902; 0
0.05928; 0
0.05954; 0
0.0598; 0
0.06006; 0
0.06032; 0
0.06058; 0
0.06084; 0
0.0611; 0
0.06136; 0
0.06162; 0
0.06188; 0
0.06214; 0
0.0624; 0
0.06266; 0
0.06292; 0
0.06318; 0
0.06344; 0
0.0637; 0
0.06396; 0
0.06422; 0
0.06448; 0
0.06474; 0
0.065; 0
0.06526; 0
0.06552; 0
0.06578; 0
0.06604; 0
0.0663; 0
0.06656; 0
0.06682; 0
0.06708; 0
0.06734; 0
0.0676; 0
0.06786; 0
0.06812; 0
0.06838; 0
0.06864; 0
0.0689; 0
0.06916; 0
0.06942; 0
0.06968; 0
0.06994; 0
0.0702; 0
0.07046; 0
0.07072; 0
0.07098; 0
0.07124; 0
0.0715; 0
0.07176; 0
0.07202; 0
0.07228; 0
0.07254; 0
0.0728; 0
0.07306; 0
0.07332; 0
0.07358; 0
0.07384; 0
0.0741; 0
0.07436; 0
0.07462; 0
0.07488; 0
0.07514; 0
0.0754; 0
0.07566; 0
0.07592; 0
0.07618; 0
0.07644; 0
0.0767; 0
0.07696; 0
0.07722; 0
0.07748; 0
0.07774; 0
0.078; 0
