0.00667; 0
0.01334; 0
0.02001; 0
0.02668; 0
0.03335; 0
0.04002; 0
0.04669; 0
0.05336; 0
0.06003; 0
0.0667; 0
0.07337; 0
0.08004; 0
0.08671; 0
0.09338; 0
0.10005; 0
0.10672; 0
0.11339; 0
0.12006; 0
0.12673; 0
0.1334; 0
0.14007; 0
0.14674; 0
0.15341; 0
0.16008; 0
0.16675; 0
0.17342; 0
0.18009; 0
0.18676; 0
0.19343; 0
0.2001; 0
0.20677; 0
0.21344; 0
0.22011; 0
0.22678; 0
0.23345; 0
0.24012; 0
0.24679; 0
0.25346; 0
0.26013; 0
0.2668; 0
0.27347; 0
0.28014; 0
0.28681; 0
0.29348; 0
0.30015; 0
0.30682; 0
0.31349; 0
0.32016; 0
0.32683; 0
0.3335; 0
0.34017; 0
0.34684; 0
0.35351; 0
0.36018; 0
0.36685; 0
0.37352; 0
0.38019; 0
0.38686; 0
0.39353; 0
0.4002; 0
0.40687; 0
0.41354; 0
0.42021; 0
0.42688; 0
0.43355; 0
0.44022; 0
0.44689; 0
0.45356; 0
0.46023; 0
0.4669; 0
0.47357; 701.984
0.48024; 701.916
0.48691; 701.779
0.49358; 701.575
0.50025; 701.303
0.50692; 700.963
0.51359; 700.555
0.52026; 700.08
0.52693; 699.538
0.5336; 698.928
0.54027; 698.252
0.54694; 697.51
0.55361; 696.701
0.56028; 695.827
0.56695; 694.887
0.57362; 693.882
0.58029; 692.812
0.58696; 691.678
0.59363; 690.48
0.6003; 689.218
0.60697; 687.892
0.61364; 686.504
0.62031; 685.052
0.62698; 683.538
0.63365; 681.96
0.64032; 680.321
0.64699; 678.618
0.65366; 676.853
0.66033; 675.026
0.667; 673.135
0.67367; 671.181
0.68034; 669.163
0.68701; 667.08
0.69368; 664.933
0.70035; 662.719
0.70702; 660.438
0.71369; 658.089
0.72036; 655.67
0.72703; 653.179
0.7337; 650.615
0.74037; 647.975
0.74704; 645.257
0.75371; 642.457
0.76038; 639.573
0.76705; 636.601
0.77372; 633.537
0.78039; 630.375
0.78706; 627.111
0.79373; 623.738
0.8004; 620.251
0.80707; 616.641
0.81374; 612.9
0.82041; 609.019
0.82708; 604.986
0.83375; 600.789
0.84042; 596.415
0.84709; 591.848
0.85376; 587.071
0.86043; 582.062
0.8671; 576.801
0.87377; 571.26
0.88044; 565.411
0.88711; 559.222
0.89378; 552.655
0.90045; 545.673
0.90712; 538.236
0.91379; 530.306
0.92046; 521.857
0.92713; 512.884
0.9338; 503.439
0.94047; 493.671
0.94714; 483.91
0.95381; 474.783
0.96048; 467.326
0.96715; 462.954
0.97382; 462.954
0.98049; 467.326
0.98716; 474.783
0.99383; 483.91
1.0005; 493.671
1.00717; 503.439
1.01384; 512.884
1.02051; 521.857
1.02718; 530.306
1.03385; 538.236
1.04052; 545.673
1.04719; 552.655
1.05386; 559.222
1.06053; 565.411
1.0672; 571.26
1.07387; 576.801
1.08054; 582.062
1.08721; 587.071
1.09388; 591.848
1.10055; 596.415
1.10722; 600.789
1.11389; 604.986
1.12056; 609.019
1.12723; 612.9
1.1339; 616.641
1.14057; 620.251
1.14724; 623.738
1.15391; 627.111
1.16058; 630.375
1.16725; 633.537
1.17392; 636.601
1.18059; 639.573
1.18726; 642.457
1.19393; 645.257
1.2006; 647.975
1.20727; 650.615
1.21394; 653.179
1.22061; 655.67
1.22728; 658.089
1.23395; 660.438
1.24062; 662.719
1.24729; 664.933
1.25396; 667.08
1.26063; 669.163
1.2673; 671.181
1.27397; 673.135
1.28064; 675.026
1.28731; 676.853
1.29398; 678.618
1.30065; 680.321
1.30732; 681.96
1.31399; 683.538
1.32066; 685.052
1.32733; 686.504
1.334; 687.892
1.34067; 689.218
1.34734; 690.48
1.35401; 691.678
1.36068; 692.812
1.36735; 693.882
1.37402; 694.887
1.38069; 695.827
1.38736; 696.701
1.39403; 697.51
1.4007; 698.252
1.40737; 698.928
1.41404; 699.538
1.42071; 700.08
1.42738; 700.555
1.43405; 700.963
1.44072; 701.303
1.44739; 701.575
1.45406; 701.779
1.46073; 701.916
1.4674; 701.984
1.47407; 0
1.48074; 0
1.48741; 0
1.49408; 0
1.50075; 0
1.50742; 0
1.51409; 0
1.52076; 0
1.52743; 0
1.5341; 0
1.54077; 0
1.54744; 0
1.55411; 0
1.56078; 0
1.56745; 0
1.57412; 0
1.58079; 0
1.58746; 0
1.59413; 0
1.6008; 0
1.60747; 0
1.61414; 0
1.62081; 0
1.62748; 0
1.63415; 0
1.64082; 0
1.64749; 0
1.65416; 0
1.66083; 0
1.6675; 0
1.67417; 0
1.68084; 0
1.68751; 0
1.69418; 0
1.70085; 0
1.70752; 0
1.71419; 0
1.72086; 0
1.72753; 0
1.7342; 0
1.74087; 0
1.74754; 0
1.75421; 0
1.76088; 0
1.76755; 0
1.77422; 0
1.78089; 0
1.78756; 0
1.79423; 0
1.8009; 0
1.80757; 0
1.81424; 0
1.82091; 0
1.82758; 0
1.83425; 0
1.84092; 0
1.84759; 0
1.85426; 0
1.86093; 0
1.8676; 0
1.87427; 0
1.88094; 0
1.88761; 0
1.89428; 0
1.90095; 0
1.90762; 0
1.91429; 0
1.92096; 0
1.92763; 0
1.9343; 0
1.94097; 0
1.94764; 0
1.95431; 0
1.96098; 0
1.96765; 0
1.97432; 0
1.98099; 0
1.98766; 0
1.99433; 0
2.001; 0
