0.00667; 0
0.01334; 0
0.02001; 0
0.02668; 0
0.03335; 0
0.04002; 0
0.04669; 0
0.05336; 0
0.06003; 0
0.0667; 0
0.07337; 0
0.08004; 0
0.08671; 0
0.09338; 0
0.10005; 0
0.10672; 0
0.11339; 0
0.12006; 0
0.12673; 0
0.1334; 0
0.14007; 0
0.14674; 0
0.15341; 0
0.16008; 0
0.16675; 0
0.17342; 0
0.18009; 0
0.18676; 0
0.19343; 0
0.2001; 0
0.20677; 0
0.21344; 0
0.22011; 0
0.22678; 0
0.23345; 0
0.24012; 0
0.24679; 0
0.25346; 0
0.26013; 0
0.2668; 0
0.27347; 0
0.28014; 0
0.28681; 0
0.29348; 0
0.30015; 0
0.30682; 0
0.31349; 0
0.32016; 0
0.32683; 0
0.3335; 0
0.34017; 0
0.34684; 0
0.35351; 0
0.36018; 0
0.36685; 0
0.37352; 0
0.38019; 0
0.38686; 0
0.39353; 0
0.4002; 0
0.40687; 0
0.41354; 0
0.42021; 0
0.42688; 0
0.43355; 0
0.44022; 0
0.44689; 0
0.45356; 0
0.46023; 0
0.4669; 0
0.47357; 618.581
0.48024; 618.513
0.48691; 618.379
0.49358; 618.177
0.50025; 617.908
0.50692; 617.572
0.51359; 617.17
0.52026; 616.702
0.52693; 616.168
0.5336; 615.569
0.54027; 614.906
0.54694; 614.178
0.55361; 613.387
0.56028; 612.534
0.56695; 611.618
0.57362; 610.641
0.58029; 609.604
0.58696; 608.507
0.59363; 607.351
0.6003; 606.137
0.60697; 604.865
0.61364; 603.538
0.62031; 602.154
0.62698; 600.716
0.63365; 599.224
0.64032; 597.678
0.64699; 596.08
0.65366; 594.429
0.66033; 592.728
0.667; 590.975
0.67367; 589.171
0.68034; 587.318
0.68701; 585.414
0.69368; 583.461
0.70035; 581.458
0.70702; 579.405
0.71369; 577.302
0.72036; 575.147
0.72703; 572.942
0.7337; 570.684
0.74037; 568.374
0.74704; 566.008
0.75371; 563.586
0.76038; 561.107
0.76705; 558.566
0.77372; 555.963
0.78039; 553.294
0.78706; 550.555
0.79373; 547.743
0.8004; 544.852
0.80707; 541.878
0.81374; 538.814
0.82041; 535.654
0.82708; 532.389
0.83375; 529.012
0.84042; 525.511
0.84709; 521.875
0.85376; 518.091
0.86043; 514.145
0.8671; 510.018
0.87377; 505.693
0.88044; 501.146
0.88711; 496.353
0.89378; 491.288
0.90045; 485.92
0.90712; 480.219
0.91379; 474.158
0.92046; 467.715
0.92713; 460.888
0.9338; 453.713
0.94047; 446.304
0.94714; 438.91
0.95381; 432.001
0.96048; 426.36
0.96715; 423.053
0.97382; 423.053
0.98049; 426.36
0.98716; 432.001
0.99383; 438.91
1.0005; 446.304
1.00717; 453.713
1.01384; 460.888
1.02051; 467.715
1.02718; 474.158
1.03385; 480.219
1.04052; 485.92
1.04719; 491.288
1.05386; 496.353
1.06053; 501.146
1.0672; 505.693
1.07387; 510.018
1.08054; 514.145
1.08721; 518.091
1.09388; 521.875
1.10055; 525.511
1.10722; 529.012
1.11389; 532.389
1.12056; 535.654
1.12723; 538.814
1.1339; 541.878
1.14057; 544.852
1.14724; 547.743
1.15391; 550.555
1.16058; 553.294
1.16725; 555.963
1.17392; 558.566
1.18059; 561.107
1.18726; 563.586
1.19393; 566.008
1.2006; 568.374
1.20727; 570.684
1.21394; 572.942
1.22061; 575.147
1.22728; 577.302
1.23395; 579.405
1.24062; 581.458
1.24729; 583.461
1.25396; 585.414
1.26063; 587.318
1.2673; 589.171
1.27397; 590.975
1.28064; 592.728
1.28731; 594.429
1.29398; 596.08
1.30065; 597.678
1.30732; 599.224
1.31399; 600.716
1.32066; 602.154
1.32733; 603.538
1.334; 604.865
1.34067; 606.137
1.34734; 607.351
1.35401; 608.507
1.36068; 609.604
1.36735; 610.641
1.37402; 611.618
1.38069; 612.534
1.38736; 613.387
1.39403; 614.178
1.4007; 614.906
1.40737; 615.569
1.41404; 616.168
1.42071; 616.702
1.42738; 617.17
1.43405; 617.572
1.44072; 617.908
1.44739; 618.177
1.45406; 618.379
1.46073; 618.513
1.4674; 618.581
1.47407; 0
1.48074; 0
1.48741; 0
1.49408; 0
1.50075; 0
1.50742; 0
1.51409; 0
1.52076; 0
1.52743; 0
1.5341; 0
1.54077; 0
1.54744; 0
1.55411; 0
1.56078; 0
1.56745; 0
1.57412; 0
1.58079; 0
1.58746; 0
1.59413; 0
1.6008; 0
1.60747; 0
1.61414; 0
1.62081; 0
1.62748; 0
1.63415; 0
1.64082; 0
1.64749; 0
1.65416; 0
1.66083; 0
1.6675; 0
1.67417; 0
1.68084; 0
1.68751; 0
1.69418; 0
1.70085; 0
1.70752; 0
1.71419; 0
1.72086; 0
1.72753; 0
1.7342; 0
1.74087; 0
1.74754; 0
1.75421; 0
1.76088; 0
1.76755; 0
1.77422; 0
1.78089; 0
1.78756; 0
1.79423; 0
1.8009; 0
1.80757; 0
1.81424; 0
1.82091; 0
1.82758; 0
1.83425; 0
1.84092; 0
1.84759; 0
1.85426; 0
1.86093; 0
1.8676; 0
1.87427; 0
1.88094; 0
1.88761; 0
1.89428; 0
1.90095; 0
1.90762; 0
1.91429; 0
1.92096; 0
1.92763; 0
1.9343; 0
1.94097; 0
1.94764; 0
1.95431; 0
1.96098; 0
1.96765; 0
1.97432; 0
1.98099; 0
1.98766; 0
1.99433; 0
2.001; 0
