0.00667; 0
0.01334; 0
0.02001; 0
0.02668; 0
0.03335; 0
0.04002; 0
0.04669; 0
0.05336; 0
0.06003; 0
0.0667; 0
0.07337; 0
0.08004; 0
0.08671; 0
0.09338; 0
0.10005; 0
0.10672; 0
0.11339; 0
0.12006; 0
0.12673; 0
0.1334; 0
0.14007; 0
0.14674; 0
0.15341; 0
0.16008; 0
0.16675; 0
0.17342; 0
0.18009; 0
0.18676; 0
0.19343; 0
0.2001; 0
0.20677; 0
0.21344; 0
0.22011; 0
0.22678; 0
0.23345; 0
0.24012; 0
0.24679; 0
0.25346; 0
0.26013; 0
0.2668; 0
0.27347; 0
0.28014; 0
0.28681; 0
0.29348; 0
0.30015; 0
0.30682; 0
0.31349; 0
0.32016; 0
0.32683; 0
0.3335; 0
0.34017; 0
0.34684; 0
0.35351; 0
0.36018; 0
0.36685; 0
0.37352; 0
0.38019; 0
0.38686; 0
0.39353; 0
0.4002; 0
0.40687; 0
0.41354; 0
0.42021; 0
0.42688; 0
0.43355; 0
0.44022; 0
0.44689; 0
0.45356; 0
0.46023; 0
0.4669; 0
0.47357; 611.588
0.48024; 611.521
0.48691; 611.386
0.49358; 611.184
0.50025; 610.916
0.50692; 610.58
0.51359; 610.179
0.52026; 609.711
0.52693; 609.178
0.5336; 608.58
0.54027; 607.918
0.54694; 607.191
0.55361; 606.402
0.56028; 605.55
0.56695; 604.636
0.57362; 603.662
0.58029; 602.627
0.58696; 601.533
0.59363; 600.381
0.6003; 599.171
0.60697; 597.904
0.61364; 596.582
0.62031; 595.204
0.62698; 593.772
0.63365; 592.287
0.64032; 590.749
0.64699; 589.16
0.65366; 587.519
0.66033; 585.828
0.667; 584.086
0.67367; 582.296
0.68034; 580.456
0.68701; 578.568
0.69368; 576.631
0.70035; 574.645
0.70702; 572.611
0.71369; 570.528
0.72036; 568.397
0.72703; 566.215
0.7337; 563.983
0.74037; 561.7
0.74704; 559.364
0.75371; 556.974
0.76038; 554.528
0.76705; 552.024
0.77372; 549.46
0.78039; 546.832
0.78706; 544.137
0.79373; 541.372
0.8004; 538.531
0.80707; 535.61
0.81374; 532.603
0.82041; 529.503
0.82708; 526.303
0.83375; 522.994
0.84042; 519.567
0.84709; 516.009
0.85376; 512.309
0.86043; 508.451
0.8671; 504.42
0.87377; 500.196
0.88044; 495.758
0.88711; 491.083
0.89378; 486.143
0.90045; 480.911
0.90712; 475.356
0.91379; 469.451
0.92046; 463.176
0.92713; 456.529
0.9338; 449.544
0.94047; 442.333
0.94714; 435.137
0.95381; 428.414
0.96048; 422.925
0.96715; 419.708
0.97382; 419.708
0.98049; 422.925
0.98716; 428.414
0.99383; 435.137
1.0005; 442.333
1.00717; 449.544
1.01384; 456.529
1.02051; 463.176
1.02718; 469.451
1.03385; 475.356
1.04052; 480.911
1.04719; 486.143
1.05386; 491.083
1.06053; 495.758
1.0672; 500.196
1.07387; 504.42
1.08054; 508.451
1.08721; 512.309
1.09388; 516.009
1.10055; 519.567
1.10722; 522.994
1.11389; 526.303
1.12056; 529.503
1.12723; 532.603
1.1339; 535.61
1.14057; 538.531
1.14724; 541.372
1.15391; 544.137
1.16058; 546.832
1.16725; 549.46
1.17392; 552.024
1.18059; 554.528
1.18726; 556.974
1.19393; 559.364
1.2006; 561.7
1.20727; 563.983
1.21394; 566.215
1.22061; 568.397
1.22728; 570.528
1.23395; 572.611
1.24062; 574.645
1.24729; 576.631
1.25396; 578.568
1.26063; 580.456
1.2673; 582.296
1.27397; 584.086
1.28064; 585.828
1.28731; 587.519
1.29398; 589.16
1.30065; 590.749
1.30732; 592.287
1.31399; 593.772
1.32066; 595.204
1.32733; 596.582
1.334; 597.904
1.34067; 599.171
1.34734; 600.381
1.35401; 601.533
1.36068; 602.627
1.36735; 603.662
1.37402; 604.636
1.38069; 605.55
1.38736; 606.402
1.39403; 607.191
1.4007; 607.918
1.40737; 608.58
1.41404; 609.178
1.42071; 609.711
1.42738; 610.179
1.43405; 610.58
1.44072; 610.916
1.44739; 611.184
1.45406; 611.386
1.46073; 611.521
1.4674; 611.588
1.47407; 0
1.48074; 0
1.48741; 0
1.49408; 0
1.50075; 0
1.50742; 0
1.51409; 0
1.52076; 0
1.52743; 0
1.5341; 0
1.54077; 0
1.54744; 0
1.55411; 0
1.56078; 0
1.56745; 0
1.57412; 0
1.58079; 0
1.58746; 0
1.59413; 0
1.6008; 0
1.60747; 0
1.61414; 0
1.62081; 0
1.62748; 0
1.63415; 0
1.64082; 0
1.64749; 0
1.65416; 0
1.66083; 0
1.6675; 0
1.67417; 0
1.68084; 0
1.68751; 0
1.69418; 0
1.70085; 0
1.70752; 0
1.71419; 0
1.72086; 0
1.72753; 0
1.7342; 0
1.74087; 0
1.74754; 0
1.75421; 0
1.76088; 0
1.76755; 0
1.77422; 0
1.78089; 0
1.78756; 0
1.79423; 0
1.8009; 0
1.80757; 0
1.81424; 0
1.82091; 0
1.82758; 0
1.83425; 0
1.84092; 0
1.84759; 0
1.85426; 0
1.86093; 0
1.8676; 0
1.87427; 0
1.88094; 0
1.88761; 0
1.89428; 0
1.90095; 0
1.90762; 0
1.91429; 0
1.92096; 0
1.92763; 0
1.9343; 0
1.94097; 0
1.94764; 0
1.95431; 0
1.96098; 0
1.96765; 0
1.97432; 0
1.98099; 0
1.98766; 0
1.99433; 0
2.001; 0
