0.00667; 0
0.01334; 0
0.02001; 0
0.02668; 0
0.03335; 0
0.04002; 0
0.04669; 0
0.05336; 0
0.06003; 0
0.0667; 0
0.07337; 0
0.08004; 0
0.08671; 0
0.09338; 0
0.10005; 0
0.10672; 0
0.11339; 0
0.12006; 0
0.12673; 0
0.1334; 0
0.14007; 0
0.14674; 0
0.15341; 0
0.16008; 0
0.16675; 0
0.17342; 0
0.18009; 0
0.18676; 0
0.19343; 0
0.2001; 0
0.20677; 0
0.21344; 0
0.22011; 0
0.22678; 0
0.23345; 0
0.24012; 0
0.24679; 0
0.25346; 0
0.26013; 0
0.2668; 0
0.27347; 0
0.28014; 0
0.28681; 0
0.29348; 0
0.30015; 0
0.30682; 0
0.31349; 0
0.32016; 0
0.32683; 0
0.3335; 0
0.34017; 0
0.34684; 0
0.35351; 0
0.36018; 0
0.36685; 0
0.37352; 0
0.38019; 0
0.38686; 0
0.39353; 0
0.4002; 0
0.40687; 0
0.41354; 0
0.42021; 0
0.42688; 0
0.43355; 0
0.44022; 0
0.44689; 0
0.45356; 0
0.46023; 0
0.4669; 0
0.47357; 557.98
0.48024; 557.913
0.48691; 557.78
0.49358; 557.58
0.50025; 557.313
0.50692; 556.981
0.51359; 556.583
0.52026; 556.121
0.52693; 555.594
0.5336; 555.003
0.54027; 554.349
0.54694; 553.633
0.55361; 552.855
0.56028; 552.017
0.56695; 551.12
0.57362; 550.164
0.58029; 549.151
0.58696; 548.081
0.59363; 546.957
0.6003; 545.778
0.60697; 544.547
0.61364; 543.265
0.62031; 541.932
0.62698; 540.55
0.63365; 539.12
0.64032; 537.644
0.64699; 536.122
0.65366; 534.556
0.66033; 532.946
0.667; 531.295
0.67367; 529.602
0.68034; 527.869
0.68701; 526.096
0.69368; 524.285
0.70035; 522.436
0.70702; 520.549
0.71369; 518.626
0.72036; 516.665
0.72703; 514.668
0.7337; 512.634
0.74037; 510.563
0.74704; 508.455
0.75371; 506.309
0.76038; 504.123
0.76705; 501.898
0.77372; 499.63
0.78039; 497.319
0.78706; 494.963
0.79373; 492.557
0.8004; 490.101
0.80707; 487.589
0.81374; 485.017
0.82041; 482.382
0.82708; 479.676
0.83375; 476.893
0.84042; 474.027
0.84709; 471.068
0.85376; 468.007
0.86043; 464.831
0.8671; 461.529
0.87377; 458.086
0.88044; 454.485
0.88711; 450.707
0.89378; 446.731
0.90045; 442.536
0.90712; 438.096
0.91379; 433.392
0.92046; 428.406
0.92713; 423.136
0.9338; 417.61
0.94047; 411.914
0.94714; 406.237
0.95381; 400.939
0.96048; 396.617
0.96715; 394.084
0.97382; 394.084
0.98049; 396.617
0.98716; 400.939
0.99383; 406.237
1.0005; 411.914
1.00717; 417.61
1.01384; 423.136
1.02051; 428.406
1.02718; 433.392
1.03385; 438.096
1.04052; 442.536
1.04719; 446.731
1.05386; 450.707
1.06053; 454.485
1.0672; 458.086
1.07387; 461.529
1.08054; 464.831
1.08721; 468.007
1.09388; 471.068
1.10055; 474.027
1.10722; 476.893
1.11389; 479.676
1.12056; 482.382
1.12723; 485.017
1.1339; 487.589
1.14057; 490.101
1.14724; 492.557
1.15391; 494.963
1.16058; 497.319
1.16725; 499.63
1.17392; 501.898
1.18059; 504.123
1.18726; 506.309
1.19393; 508.455
1.2006; 510.563
1.20727; 512.634
1.21394; 514.668
1.22061; 516.665
1.22728; 518.626
1.23395; 520.549
1.24062; 522.436
1.24729; 524.285
1.25396; 526.096
1.26063; 527.869
1.2673; 529.602
1.27397; 531.295
1.28064; 532.946
1.28731; 534.556
1.29398; 536.122
1.30065; 537.644
1.30732; 539.12
1.31399; 540.55
1.32066; 541.932
1.32733; 543.265
1.334; 544.547
1.34067; 545.778
1.34734; 546.957
1.35401; 548.081
1.36068; 549.151
1.36735; 550.164
1.37402; 551.12
1.38069; 552.017
1.38736; 552.855
1.39403; 553.633
1.4007; 554.349
1.40737; 555.003
1.41404; 555.594
1.42071; 556.121
1.42738; 556.583
1.43405; 556.981
1.44072; 557.313
1.44739; 557.58
1.45406; 557.78
1.46073; 557.913
1.4674; 557.98
1.47407; 0
1.48074; 0
1.48741; 0
1.49408; 0
1.50075; 0
1.50742; 0
1.51409; 0
1.52076; 0
1.52743; 0
1.5341; 0
1.54077; 0
1.54744; 0
1.55411; 0
1.56078; 0
1.56745; 0
1.57412; 0
1.58079; 0
1.58746; 0
1.59413; 0
1.6008; 0
1.60747; 0
1.61414; 0
1.62081; 0
1.62748; 0
1.63415; 0
1.64082; 0
1.64749; 0
1.65416; 0
1.66083; 0
1.6675; 0
1.67417; 0
1.68084; 0
1.68751; 0
1.69418; 0
1.70085; 0
1.70752; 0
1.71419; 0
1.72086; 0
1.72753; 0
1.7342; 0
1.74087; 0
1.74754; 0
1.75421; 0
1.76088; 0
1.76755; 0
1.77422; 0
1.78089; 0
1.78756; 0
1.79423; 0
1.8009; 0
1.80757; 0
1.81424; 0
1.82091; 0
1.82758; 0
1.83425; 0
1.84092; 0
1.84759; 0
1.85426; 0
1.86093; 0
1.8676; 0
1.87427; 0
1.88094; 0
1.88761; 0
1.89428; 0
1.90095; 0
1.90762; 0
1.91429; 0
1.92096; 0
1.92763; 0
1.9343; 0
1.94097; 0
1.94764; 0
1.95431; 0
1.96098; 0
1.96765; 0
1.97432; 0
1.98099; 0
1.98766; 0
1.99433; 0
2.001; 0
