0.00667; 0
0.01334; 0
0.02001; 0
0.02668; 0
0.03335; 0
0.04002; 0
0.04669; 0
0.05336; 0
0.06003; 0
0.0667; 0
0.07337; 0
0.08004; 0
0.08671; 0
0.09338; 0
0.10005; 0
0.10672; 0
0.11339; 0
0.12006; 0
0.12673; 0
0.1334; 0
0.14007; 0
0.14674; 0
0.15341; 0
0.16008; 0
0.16675; 0
0.17342; 0
0.18009; 0
0.18676; 0
0.19343; 0
0.2001; 0
0.20677; 0
0.21344; 0
0.22011; 0
0.22678; 0
0.23345; 0
0.24012; 0
0.24679; 0
0.25346; 0
0.26013; 0
0.2668; 0
0.27347; 0
0.28014; 0
0.28681; 0
0.29348; 0
0.30015; 0
0.30682; 0
0.31349; 0
0.32016; 0
0.32683; 0
0.3335; 0
0.34017; 0
0.34684; 0
0.35351; 0
0.36018; 0
0.36685; 0
0.37352; 0
0.38019; 0
0.38686; 0
0.39353; 0
0.4002; 0
0.40687; 0
0.41354; 0
0.42021; 0
0.42688; 0
0.43355; 0
0.44022; 0
0.44689; 0
0.45356; 0
0.46023; 0
0.4669; 0
0.47357; 621.978
0.48024; 621.91
0.48691; 621.775
0.49358; 621.573
0.50025; 621.304
0.50692; 620.969
0.51359; 620.566
0.52026; 620.098
0.52693; 619.564
0.5336; 618.964
0.54027; 618.3
0.54694; 617.572
0.55361; 616.78
0.56028; 615.926
0.56695; 615.009
0.57362; 614.031
0.58029; 612.993
0.58696; 611.894
0.59363; 610.736
0.6003; 609.52
0.60697; 608.247
0.61364; 606.917
0.62031; 605.531
0.62698; 604.089
0.63365; 602.593
0.64032; 601.044
0.64699; 599.441
0.65366; 597.786
0.66033; 596.079
0.667; 594.321
0.67367; 592.511
0.68034; 590.651
0.68701; 588.74
0.69368; 586.779
0.70035; 584.767
0.70702; 582.705
0.71369; 580.592
0.72036; 578.427
0.72703; 576.21
0.7337; 573.94
0.74037; 571.615
0.74704; 569.236
0.75371; 566.798
0.76038; 564.302
0.76705; 561.744
0.77372; 559.122
0.78039; 556.433
0.78706; 553.673
0.79373; 550.838
0.8004; 547.922
0.80707; 544.922
0.81374; 541.831
0.82041; 538.641
0.82708; 535.346
0.83375; 531.935
0.84042; 528.398
0.84709; 524.725
0.85376; 520.901
0.86043; 516.911
0.8671; 512.738
0.87377; 508.363
0.88044; 503.763
0.88711; 498.913
0.89378; 493.787
0.90045; 488.353
0.90712; 482.582
0.91379; 476.445
0.92046; 469.92
0.92713; 463.005
0.9338; 455.738
0.94047; 448.233
0.94714; 440.742
0.95381; 433.743
0.96048; 428.028
0.96715; 424.678
0.97382; 424.678
0.98049; 428.028
0.98716; 433.743
0.99383; 440.742
1.0005; 448.233
1.00717; 455.738
1.01384; 463.005
1.02051; 469.92
1.02718; 476.445
1.03385; 482.582
1.04052; 488.353
1.04719; 493.787
1.05386; 498.913
1.06053; 503.763
1.0672; 508.363
1.07387; 512.738
1.08054; 516.911
1.08721; 520.901
1.09388; 524.725
1.10055; 528.398
1.10722; 531.935
1.11389; 535.346
1.12056; 538.641
1.12723; 541.831
1.1339; 544.922
1.14057; 547.922
1.14724; 550.838
1.15391; 553.673
1.16058; 556.433
1.16725; 559.122
1.17392; 561.744
1.18059; 564.302
1.18726; 566.798
1.19393; 569.236
1.2006; 571.615
1.20727; 573.94
1.21394; 576.21
1.22061; 578.427
1.22728; 580.592
1.23395; 582.705
1.24062; 584.767
1.24729; 586.779
1.25396; 588.74
1.26063; 590.651
1.2673; 592.511
1.27397; 594.321
1.28064; 596.079
1.28731; 597.786
1.29398; 599.441
1.30065; 601.044
1.30732; 602.593
1.31399; 604.089
1.32066; 605.531
1.32733; 606.917
1.334; 608.247
1.34067; 609.52
1.34734; 610.736
1.35401; 611.894
1.36068; 612.993
1.36735; 614.031
1.37402; 615.009
1.38069; 615.926
1.38736; 616.78
1.39403; 617.572
1.4007; 618.3
1.40737; 618.964
1.41404; 619.564
1.42071; 620.098
1.42738; 620.566
1.43405; 620.969
1.44072; 621.304
1.44739; 621.573
1.45406; 621.775
1.46073; 621.91
1.4674; 621.978
1.47407; 0
1.48074; 0
1.48741; 0
1.49408; 0
1.50075; 0
1.50742; 0
1.51409; 0
1.52076; 0
1.52743; 0
1.5341; 0
1.54077; 0
1.54744; 0
1.55411; 0
1.56078; 0
1.56745; 0
1.57412; 0
1.58079; 0
1.58746; 0
1.59413; 0
1.6008; 0
1.60747; 0
1.61414; 0
1.62081; 0
1.62748; 0
1.63415; 0
1.64082; 0
1.64749; 0
1.65416; 0
1.66083; 0
1.6675; 0
1.67417; 0
1.68084; 0
1.68751; 0
1.69418; 0
1.70085; 0
1.70752; 0
1.71419; 0
1.72086; 0
1.72753; 0
1.7342; 0
1.74087; 0
1.74754; 0
1.75421; 0
1.76088; 0
1.76755; 0
1.77422; 0
1.78089; 0
1.78756; 0
1.79423; 0
1.8009; 0
1.80757; 0
1.81424; 0
1.82091; 0
1.82758; 0
1.83425; 0
1.84092; 0
1.84759; 0
1.85426; 0
1.86093; 0
1.8676; 0
1.87427; 0
1.88094; 0
1.88761; 0
1.89428; 0
1.90095; 0
1.90762; 0
1.91429; 0
1.92096; 0
1.92763; 0
1.9343; 0
1.94097; 0
1.94764; 0
1.95431; 0
1.96098; 0
1.96765; 0
1.97432; 0
1.98099; 0
1.98766; 0
1.99433; 0
2.001; 0
