0.00026; 0
0.00052; 0
0.00078; 0
0.00104; 0
0.0013; 0
0.00156; 0
0.00182; 0
0.00208; 0
0.00234; 0
0.0026; 0
0.00286; 0
0.00312; 0
0.00338; 0
0.00364; 0
0.0039; 0
0.00416; 0
0.00442; 0
0.00468; 0
0.00494; 0
0.0052; 0
0.00546; 0
0.00572; 0
0.00598; 0
0.00624; 0
0.0065; 0
0.00676; 0
0.00702; 0
0.00728; 0
0.00754; 0
0.0078; 0
0.00806; 0
0.00832; 0
0.00858; 0
0.00884; 0
0.0091; 0
0.00936; 0
0.00962; 0
0.00988; 0
0.01014; 0
0.0104; 0
0.01066; 0
0.01092; 0
0.01118; 0
0.01144; 0
0.0117; 0
0.01196; 0
0.01222; 0
0.01248; 0
0.01274; 0
0.013; 0
0.01326; 0
0.01352; 0
0.01378; 0
0.01404; 0
0.0143; 0
0.01456; 0
0.01482; 0
0.01508; 0
0.01534; 0
0.0156; 0
0.01586; 0
0.01612; 0
0.01638; 0
0.01664; 0
0.0169; 0
0.01716; 0
0.01742; 0
0.01768; 0
0.01794; 0
0.0182; 0
0.01846; 0
0.01872; 0
0.01898; 0
0.01924; 0
0.0195; 555.282
0.01976; 555.359
0.02002; 555.513
0.02028; 555.744
0.02054; 556.053
0.0208; 556.438
0.02106; 556.897
0.02132; 557.426
0.02158; 558.018
0.02184; 558.661
0.0221; 559.334
0.02236; 560.015
0.02262; 560.677
0.02288; 561.305
0.02314; 561.888
0.0234; 562.424
0.02366; 562.913
0.02392; 563.361
0.02418; 563.77
0.02444; 564.145
0.0247; 564.488
0.02496; 564.805
0.02522; 565.097
0.02548; 565.366
0.02574; 565.611
0.026; 565.839
0.02626; 566.048
0.02652; 566.24
0.02678; 566.414
0.02704; 566.574
0.0273; 566.72
0.02756; 566.851
0.02782; 566.965
0.02808; 567.068
0.02834; 567.157
0.0286; 567.232
0.02886; 567.294
0.02912; 567.345
0.02938; 567.383
0.02964; 567.409
0.0299; 567.42
0.03016; 567.422
0.03042; 567.411
0.03068; 567.389
0.03094; 567.355
0.0312; 567.311
0.03146; 567.258
0.03172; 567.194
0.03198; 567.118
0.03224; 567.036
0.0325; 566.945
0.03276; 566.847
0.03302; 566.741
0.03328; 566.631
0.03354; 566.517
0.0338; 566.398
0.03406; 566.276
0.03432; 566.154
0.03458; 566.033
0.03484; 565.913
0.0351; 565.796
0.03536; 565.684
0.03562; 565.58
0.03588; 565.483
0.03614; 565.395
0.0364; 565.319
0.03666; 565.256
0.03692; 565.207
0.03718; 565.173
0.03744; 565.156
0.0377; 565.158
0.03796; 565.178
0.03822; 565.218
0.03848; 565.279
0.03874; 565.36
0.039; 565.463
0.03926; 565.588
0.03952; 565.734
0.03978; 565.902
0.04004; 566.092
0.0403; 566.301
0.04056; 566.534
0.04082; 566.788
0.04108; 567.065
0.04134; 567.363
0.0416; 567.686
0.04186; 568.032
0.04212; 568.401
0.04238; 568.791
0.04264; 569.203
0.0429; 569.634
0.04316; 570.082
0.04342; 570.544
0.04368; 571.021
0.04394; 571.511
0.0442; 572.011
0.04446; 572.519
0.04472; 573.038
0.04498; 573.564
0.04524; 574.094
0.0455; 574.627
0.04576; 575.165
0.04602; 575.704
0.04628; 576.241
0.04654; 576.774
0.0468; 577.306
0.04706; 577.833
0.04732; 578.354
0.04758; 578.868
0.04784; 579.376
0.0481; 579.876
0.04836; 580.366
0.04862; 580.842
0.04888; 581.312
0.04914; 581.769
0.0494; 582.215
0.04966; 582.648
0.04992; 583.07
0.05018; 583.482
0.05044; 583.879
0.0507; 584.26
0.05096; 584.632
0.05122; 584.989
0.05148; 585.333
0.05174; 585.663
0.052; 585.982
0.05226; 586.29
0.05252; 586.582
0.05278; 586.856
0.05304; 587.123
0.0533; 587.374
0.05356; 587.612
0.05382; 587.836
0.05408; 588.049
0.05434; 588.251
0.0546; 588.437
0.05486; 588.605
0.05512; 588.765
0.05538; 588.911
0.05564; 589.043
0.0559; 589.161
0.05616; 589.267
0.05642; 589.363
0.05668; 589.443
0.05694; 589.504
0.0572; 589.558
0.05746; 589.598
0.05772; 589.623
0.05798; 589.633
0.05824; 0
0.0585; 0
0.05876; 0
0.05902; 0
0.05928; 0
0.05954; 0
0.0598; 0
0.06006; 0
0.06032; 0
0.06058; 0
0.06084; 0
0.0611; 0
0.06136; 0
0.06162; 0
0.06188; 0
0.06214; 0
0.0624; 0
0.06266; 0
0.06292; 0
0.06318; 0
0.06344; 0
0.0637; 0
0.06396; 0
0.06422; 0
0.06448; 0
0.06474; 0
0.065; 0
0.06526; 0
0.06552; 0
0.06578; 0
0.06604; 0
0.0663; 0
0.06656; 0
0.06682; 0
0.06708; 0
0.06734; 0
0.0676; 0
0.06786; 0
0.06812; 0
0.06838; 0
0.06864; 0
0.0689; 0
0.06916; 0
0.06942; 0
0.06968; 0
0.06994; 0
0.0702; 0
0.07046; 0
0.07072; 0
0.07098; 0
0.07124; 0
0.0715; 0
0.07176; 0
0.07202; 0
0.07228; 0
0.07254; 0
0.0728; 0
0.07306; 0
0.07332; 0
0.07358; 0
0.07384; 0
0.0741; 0
0.07436; 0
0.07462; 0
0.07488; 0
0.07514; 0
0.0754; 0
0.07566; 0
0.07592; 0
0.07618; 0
0.07644; 0
0.0767; 0
0.07696; 0
0.07722; 0
0.07748; 0
0.07774; 0
0.078; 0
