0.00667; 0
0.01334; 0
0.02001; 0
0.02668; 0
0.03335; 0
0.04002; 0
0.04669; 0
0.05336; 0
0.06003; 0
0.0667; 0
0.07337; 0
0.08004; 0
0.08671; 0
0.09338; 0
0.10005; 0
0.10672; 0
0.11339; 0
0.12006; 0
0.12673; 0
0.1334; 0
0.14007; 0
0.14674; 0
0.15341; 0
0.16008; 0
0.16675; 0
0.17342; 0
0.18009; 0
0.18676; 0
0.19343; 0
0.2001; 0
0.20677; 0
0.21344; 0
0.22011; 0
0.22678; 0
0.23345; 0
0.24012; 0
0.24679; 0
0.25346; 0
0.26013; 0
0.2668; 0
0.27347; 0
0.28014; 0
0.28681; 0
0.29348; 0
0.30015; 0
0.30682; 0
0.31349; 0
0.32016; 0
0.32683; 0
0.3335; 0
0.34017; 0
0.34684; 0
0.35351; 0
0.36018; 0
0.36685; 0
0.37352; 0
0.38019; 0
0.38686; 0
0.39353; 0
0.4002; 0
0.40687; 0
0.41354; 0
0.42021; 0
0.42688; 0
0.43355; 0
0.44022; 0
0.44689; 0
0.45356; 0
0.46023; 0
0.4669; 0
0.47357; 348.333
0.48024; 348.293
0.48691; 348.215
0.49358; 348.096
0.50025; 347.939
0.50692; 347.744
0.51359; 347.51
0.52026; 347.239
0.52693; 346.932
0.5336; 346.588
0.54027; 346.21
0.54694; 345.798
0.55361; 345.352
0.56028; 344.876
0.56695; 344.368
0.57362; 343.831
0.58029; 343.267
0.58696; 342.676
0.59363; 342.059
0.6003; 341.42
0.60697; 340.758
0.61364; 340.075
0.62031; 339.374
0.62698; 338.656
0.63365; 337.921
0.64032; 337.173
0.64699; 336.412
0.65366; 335.641
0.66033; 334.86
0.667; 334.072
0.67367; 333.277
0.68034; 332.478
0.68701; 331.676
0.69368; 330.873
0.70035; 330.07
0.70702; 329.268
0.71369; 328.469
0.72036; 327.674
0.72703; 326.884
0.7337; 326.101
0.74037; 325.325
0.74704; 324.558
0.75371; 323.801
0.76038; 323.055
0.76705; 322.32
0.77372; 321.597
0.78039; 320.887
0.78706; 320.191
0.79373; 319.51
0.8004; 318.843
0.80707; 318.191
0.81374; 317.554
0.82041; 316.933
0.82708; 316.328
0.83375; 315.738
0.84042; 315.163
0.84709; 314.604
0.85376; 314.059
0.86043; 313.529
0.8671; 313.011
0.87377; 312.506
0.88044; 312.013
0.88711; 311.529
0.89378; 311.053
0.90045; 310.584
0.90712; 310.119
0.91379; 309.657
0.92046; 309.196
0.92713; 308.735
0.9338; 308.275
0.94047; 307.82
0.94714; 307.383
0.95381; 306.987
0.96048; 306.669
0.96715; 306.486
0.97382; 306.486
0.98049; 306.669
0.98716; 306.987
0.99383; 307.383
1.0005; 307.82
1.00717; 308.275
1.01384; 308.735
1.02051; 309.196
1.02718; 309.657
1.03385; 310.119
1.04052; 310.584
1.04719; 311.053
1.05386; 311.529
1.06053; 312.013
1.0672; 312.506
1.07387; 313.011
1.08054; 313.529
1.08721; 314.059
1.09388; 314.604
1.10055; 315.163
1.10722; 315.738
1.11389; 316.328
1.12056; 316.933
1.12723; 317.554
1.1339; 318.191
1.14057; 318.843
1.14724; 319.51
1.15391; 320.191
1.16058; 320.887
1.16725; 321.597
1.17392; 322.32
1.18059; 323.055
1.18726; 323.801
1.19393; 324.558
1.2006; 325.325
1.20727; 326.101
1.21394; 326.884
1.22061; 327.674
1.22728; 328.469
1.23395; 329.268
1.24062; 330.07
1.24729; 330.873
1.25396; 331.676
1.26063; 332.478
1.2673; 333.277
1.27397; 334.072
1.28064; 334.86
1.28731; 335.641
1.29398; 336.412
1.30065; 337.173
1.30732; 337.921
1.31399; 338.656
1.32066; 339.374
1.32733; 340.075
1.334; 340.758
1.34067; 341.42
1.34734; 342.059
1.35401; 342.676
1.36068; 343.267
1.36735; 343.831
1.37402; 344.368
1.38069; 344.876
1.38736; 345.352
1.39403; 345.798
1.4007; 346.21
1.40737; 346.588
1.41404; 346.932
1.42071; 347.239
1.42738; 347.51
1.43405; 347.744
1.44072; 347.939
1.44739; 348.096
1.45406; 348.215
1.46073; 348.293
1.4674; 348.333
1.47407; 0
1.48074; 0
1.48741; 0
1.49408; 0
1.50075; 0
1.50742; 0
1.51409; 0
1.52076; 0
1.52743; 0
1.5341; 0
1.54077; 0
1.54744; 0
1.55411; 0
1.56078; 0
1.56745; 0
1.57412; 0
1.58079; 0
1.58746; 0
1.59413; 0
1.6008; 0
1.60747; 0
1.61414; 0
1.62081; 0
1.62748; 0
1.63415; 0
1.64082; 0
1.64749; 0
1.65416; 0
1.66083; 0
1.6675; 0
1.67417; 0
1.68084; 0
1.68751; 0
1.69418; 0
1.70085; 0
1.70752; 0
1.71419; 0
1.72086; 0
1.72753; 0
1.7342; 0
1.74087; 0
1.74754; 0
1.75421; 0
1.76088; 0
1.76755; 0
1.77422; 0
1.78089; 0
1.78756; 0
1.79423; 0
1.8009; 0
1.80757; 0
1.81424; 0
1.82091; 0
1.82758; 0
1.83425; 0
1.84092; 0
1.84759; 0
1.85426; 0
1.86093; 0
1.8676; 0
1.87427; 0
1.88094; 0
1.88761; 0
1.89428; 0
1.90095; 0
1.90762; 0
1.91429; 0
1.92096; 0
1.92763; 0
1.9343; 0
1.94097; 0
1.94764; 0
1.95431; 0
1.96098; 0
1.96765; 0
1.97432; 0
1.98099; 0
1.98766; 0
1.99433; 0
2.001; 0
