0.00026; 0
0.00052; 0
0.00078; 0
0.00104; 0
0.0013; 0
0.00156; 0
0.00182; 0
0.00208; 0
0.00234; 0
0.0026; 0
0.00286; 0
0.00312; 0
0.00338; 0
0.00364; 0
0.0039; 0
0.00416; 0
0.00442; 0
0.00468; 0
0.00494; 0
0.0052; 0
0.00546; 0
0.00572; 0
0.00598; 0
0.00624; 0
0.0065; 0
0.00676; 0
0.00702; 0
0.00728; 0
0.00754; 0
0.0078; 0
0.00806; 0
0.00832; 0
0.00858; 0
0.00884; 0
0.0091; 0
0.00936; 0
0.00962; 0
0.00988; 0
0.01014; 0
0.0104; 0
0.01066; 0
0.01092; 0
0.01118; 0
0.01144; 0
0.0117; 0
0.01196; 0
0.01222; 0
0.01248; 0
0.01274; 0
0.013; 0
0.01326; 0
0.01352; 0
0.01378; 0
0.01404; 0
0.0143; 0
0.01456; 0
0.01482; 0
0.01508; 0
0.01534; 0
0.0156; 0
0.01586; 0
0.01612; 0
0.01638; 0
0.01664; 0
0.0169; 0
0.01716; 0
0.01742; 0
0.01768; 0
0.01794; 0
0.0182; 0
0.01846; 0
0.01872; 0
0.01898; 0
0.01924; 0
0.0195; 0
0.01976; 0
0.02002; 0
0.02028; 0
0.02054; 0
0.0208; 0
0.02106; 0
0.02132; 0
0.02158; 0
0.02184; 0
0.0221; 0
0.02236; 0
0.02262; 0
0.02288; 598.932
0.02314; 598.773
0.0234; 598.591
0.02366; 598.418
0.02392; 598.269
0.02418; 598.119
0.02444; 597.957
0.0247; 597.807
0.02496; 597.695
0.02522; 597.574
0.02548; 597.445
0.02574; 597.325
0.026; 597.227
0.02626; 597.125
0.02652; 597.01
0.02678; 596.907
0.02704; 596.84
0.0273; 596.763
0.02756; 596.678
0.02782; 596.601
0.02808; 596.544
0.02834; 596.484
0.0286; 596.409
0.02886; 596.346
0.02912; 596.32
0.02938; 596.281
0.02964; 596.233
0.0299; 596.193
0.03016; 596.173
0.03042; 596.148
0.03068; 596.108
0.03094; 596.079
0.0312; 596.085
0.03146; 596.078
0.03172; 596.062
0.03198; 596.052
0.03224; 596.062
0.0325; 596.066
0.03276; 596.054
0.03302; 596.052
0.03328; 596.084
0.03354; 596.103
0.0338; 596.112
0.03406; 596.127
0.03432; 596.16
0.03458; 596.186
0.03484; 596.196
0.0351; 596.215
0.03536; 596.267
0.03562; 596.306
0.03588; 596.334
0.03614; 596.367
0.0364; 596.417
0.03666; 596.461
0.03692; 596.487
0.03718; 596.522
0.03744; 596.589
0.0377; 596.643
0.03796; 596.685
0.03822; 596.731
0.03848; 596.794
0.03874; 596.85
0.039; 596.888
0.03926; 596.934
0.03952; 597.013
0.03978; 597.077
0.04004; 597.129
0.0403; 597.185
0.04056; 597.257
0.04082; 597.322
0.04108; 597.369
0.04134; 597.424
0.0416; 597.511
0.04186; 597.582
0.04212; 597.642
0.04238; 597.706
0.04264; 597.786
0.0429; 597.858
0.04316; 597.912
0.04342; 597.974
0.04368; 598.068
0.04394; 598.147
0.0442; 598.213
0.04446; 598.284
0.04472; 598.371
0.04498; 598.45
0.04524; 598.512
0.0455; 598.581
0.04576; 598.682
0.04602; 598.769
0.04628; 598.844
0.04654; 598.922
0.0468; 599.018
0.04706; 599.105
0.04732; 599.177
0.04758; 599.255
0.04784; 599.366
0.0481; 599.462
0.04836; 599.548
0.04862; 599.637
0.04888; 599.744
0.04914; 599.844
0.0494; 599.927
0.04966; 600.018
0.04992; 600.142
0.05018; 600.252
0.05044; 600.352
0.0507; 600.457
0.05096; 600.579
0.05122; 600.695
0.05148; 600.795
0.05174; 600.904
0.052; 601.045
0.05226; 601.174
0.05252; 601.293
0.05278; 601.418
0.05304; 601.561
0.0533; 601.698
0.05356; 601.821
0.05382; 601.952
0.05408; 602.116
0.05434; 602.27
0.0546; 602.413
0.05486; 602.564
0.05512; 602.733
0.05538; 602.896
0.05564; 603.047
0.0559; 603.206
0.05616; 603.4
0.05642; 603.583
0.05668; 603.758
0.05694; 603.94
0.0572; 604.142
0.05746; 604.341
0.05772; 604.529
0.05798; 604.726
0.05824; 604.93
0.0585; 0
0.05876; 0
0.05902; 0
0.05928; 0
0.05954; 0
0.0598; 0
0.06006; 0
0.06032; 0
0.06058; 0
0.06084; 0
0.0611; 0
0.06136; 0
0.06162; 0
0.06188; 0
0.06214; 0
0.0624; 0
0.06266; 0
0.06292; 0
0.06318; 0
0.06344; 0
0.0637; 0
0.06396; 0
0.06422; 0
0.06448; 0
0.06474; 0
0.065; 0
0.06526; 0
0.06552; 0
0.06578; 0
0.06604; 0
0.0663; 0
0.06656; 0
0.06682; 0
0.06708; 0
0.06734; 0
0.0676; 0
0.06786; 0
0.06812; 0
0.06838; 0
0.06864; 0
0.0689; 0
0.06916; 0
0.06942; 0
0.06968; 0
0.06994; 0
0.0702; 0
0.07046; 0
0.07072; 0
0.07098; 0
0.07124; 0
0.0715; 0
0.07176; 0
0.07202; 0
0.07228; 0
0.07254; 0
0.0728; 0
0.07306; 0
0.07332; 0
0.07358; 0
0.07384; 0
0.0741; 0
0.07436; 0
0.07462; 0
0.07488; 0
0.07514; 0
0.0754; 0
0.07566; 0
0.07592; 0
0.07618; 0
0.07644; 0
0.0767; 0
0.07696; 0
0.07722; 0
0.07748; 0
0.07774; 0
0.078; 0
