0.00667; 0
0.01334; 0
0.02001; 0
0.02668; 0
0.03335; 0
0.04002; 0
0.04669; 0
0.05336; 0
0.06003; 0
0.0667; 0
0.07337; 0
0.08004; 0
0.08671; 0
0.09338; 0
0.10005; 0
0.10672; 0
0.11339; 0
0.12006; 0
0.12673; 0
0.1334; 0
0.14007; 0
0.14674; 0
0.15341; 0
0.16008; 0
0.16675; 0
0.17342; 0
0.18009; 0
0.18676; 0
0.19343; 0
0.2001; 0
0.20677; 0
0.21344; 0
0.22011; 0
0.22678; 0
0.23345; 0
0.24012; 0
0.24679; 0
0.25346; 0
0.26013; 0
0.2668; 0
0.27347; 0
0.28014; 0
0.28681; 0
0.29348; 0
0.30015; 0
0.30682; 0
0.31349; 0
0.32016; 0
0.32683; 0
0.3335; 0
0.34017; 0
0.34684; 0
0.35351; 0
0.36018; 0
0.36685; 0
0.37352; 0
0.38019; 0
0.38686; 0
0.39353; 0
0.4002; 0
0.40687; 0
0.41354; 0
0.42021; 0
0.42688; 0
0.43355; 0
0.44022; 0
0.44689; 0
0.45356; 0
0.46023; 0
0.4669; 0
0.47357; 687.26
0.48024; 687.192
0.48691; 687.056
0.49358; 686.852
0.50025; 686.581
0.50692; 686.241
0.51359; 685.835
0.52026; 685.361
0.52693; 684.82
0.5336; 684.212
0.54027; 683.538
0.54694; 682.798
0.55361; 681.993
0.56028; 681.122
0.56695; 680.186
0.57362; 679.186
0.58029; 678.122
0.58696; 676.995
0.59363; 675.804
0.6003; 674.551
0.60697; 673.235
0.61364; 671.857
0.62031; 670.417
0.62698; 668.916
0.63365; 667.354
0.64032; 665.731
0.64699; 664.047
0.65366; 662.302
0.66033; 660.497
0.667; 658.63
0.67367; 656.703
0.68034; 654.714
0.68701; 652.663
0.69368; 650.549
0.70035; 648.373
0.70702; 646.132
0.71369; 643.826
0.72036; 641.454
0.72703; 639.014
0.7337; 636.504
0.74037; 633.922
0.74704; 631.266
0.75371; 628.533
0.76038; 625.721
0.76705; 622.825
0.77372; 619.842
0.78039; 616.767
0.78706; 613.596
0.79373; 610.322
0.8004; 606.94
0.80707; 603.442
0.81374; 599.821
0.82041; 596.067
0.82708; 592.169
0.83375; 588.117
0.84042; 583.897
0.84709; 579.495
0.85376; 574.893
0.86043; 570.072
0.8671; 565.011
0.87377; 559.685
0.88044; 554.066
0.88711; 548.122
0.89378; 541.821
0.90045; 535.124
0.90712; 527.994
0.91379; 520.394
0.92046; 512.298
0.92713; 503.704
0.9338; 494.66
0.94047; 485.308
0.94714; 475.966
0.95381; 467.23
0.96048; 460.094
0.96715; 455.909
0.97382; 455.909
0.98049; 460.094
0.98716; 467.23
0.99383; 475.966
1.0005; 485.308
1.00717; 494.66
1.01384; 503.704
1.02051; 512.298
1.02718; 520.394
1.03385; 527.994
1.04052; 535.124
1.04719; 541.821
1.05386; 548.122
1.06053; 554.066
1.0672; 559.685
1.07387; 565.011
1.08054; 570.072
1.08721; 574.893
1.09388; 579.495
1.10055; 583.897
1.10722; 588.117
1.11389; 592.169
1.12056; 596.067
1.12723; 599.821
1.1339; 603.442
1.14057; 606.94
1.14724; 610.322
1.15391; 613.596
1.16058; 616.767
1.16725; 619.842
1.17392; 622.825
1.18059; 625.721
1.18726; 628.533
1.19393; 631.266
1.2006; 633.922
1.20727; 636.504
1.21394; 639.014
1.22061; 641.454
1.22728; 643.826
1.23395; 646.132
1.24062; 648.373
1.24729; 650.549
1.25396; 652.663
1.26063; 654.714
1.2673; 656.703
1.27397; 658.63
1.28064; 660.497
1.28731; 662.302
1.29398; 664.047
1.30065; 665.731
1.30732; 667.354
1.31399; 668.916
1.32066; 670.417
1.32733; 671.857
1.334; 673.235
1.34067; 674.551
1.34734; 675.804
1.35401; 676.995
1.36068; 678.122
1.36735; 679.186
1.37402; 680.186
1.38069; 681.122
1.38736; 681.993
1.39403; 682.798
1.4007; 683.538
1.40737; 684.212
1.41404; 684.82
1.42071; 685.361
1.42738; 685.835
1.43405; 686.241
1.44072; 686.581
1.44739; 686.852
1.45406; 687.056
1.46073; 687.192
1.4674; 687.26
1.47407; 0
1.48074; 0
1.48741; 0
1.49408; 0
1.50075; 0
1.50742; 0
1.51409; 0
1.52076; 0
1.52743; 0
1.5341; 0
1.54077; 0
1.54744; 0
1.55411; 0
1.56078; 0
1.56745; 0
1.57412; 0
1.58079; 0
1.58746; 0
1.59413; 0
1.6008; 0
1.60747; 0
1.61414; 0
1.62081; 0
1.62748; 0
1.63415; 0
1.64082; 0
1.64749; 0
1.65416; 0
1.66083; 0
1.6675; 0
1.67417; 0
1.68084; 0
1.68751; 0
1.69418; 0
1.70085; 0
1.70752; 0
1.71419; 0
1.72086; 0
1.72753; 0
1.7342; 0
1.74087; 0
1.74754; 0
1.75421; 0
1.76088; 0
1.76755; 0
1.77422; 0
1.78089; 0
1.78756; 0
1.79423; 0
1.8009; 0
1.80757; 0
1.81424; 0
1.82091; 0
1.82758; 0
1.83425; 0
1.84092; 0
1.84759; 0
1.85426; 0
1.86093; 0
1.8676; 0
1.87427; 0
1.88094; 0
1.88761; 0
1.89428; 0
1.90095; 0
1.90762; 0
1.91429; 0
1.92096; 0
1.92763; 0
1.9343; 0
1.94097; 0
1.94764; 0
1.95431; 0
1.96098; 0
1.96765; 0
1.97432; 0
1.98099; 0
1.98766; 0
1.99433; 0
2.001; 0
