0.00026; 0
0.00052; 0
0.00078; 0
0.00104; 0
0.0013; 0
0.00156; 0
0.00182; 0
0.00208; 0
0.00234; 0
0.0026; 0
0.00286; 0
0.00312; 0
0.00338; 0
0.00364; 0
0.0039; 0
0.00416; 0
0.00442; 0
0.00468; 0
0.00494; 0
0.0052; 0
0.00546; 0
0.00572; 0
0.00598; 0
0.00624; 0
0.0065; 0
0.00676; 0
0.00702; 0
0.00728; 0
0.00754; 0
0.0078; 0
0.00806; 0
0.00832; 0
0.00858; 0
0.00884; 0
0.0091; 0
0.00936; 0
0.00962; 0
0.00988; 0
0.01014; 0
0.0104; 0
0.01066; 0
0.01092; 0
0.01118; 0
0.01144; 0
0.0117; 0
0.01196; 0
0.01222; 0
0.01248; 0
0.01274; 0
0.013; 0
0.01326; 0
0.01352; 0
0.01378; 0
0.01404; 0
0.0143; 0
0.01456; 0
0.01482; 0
0.01508; 0
0.01534; 0
0.0156; 0
0.01586; 0
0.01612; 0
0.01638; 0
0.01664; 0
0.0169; 0
0.01716; 0
0.01742; 0
0.01768; 0
0.01794; 0
0.0182; 0
0.01846; 0
0.01872; 0
0.01898; 0
0.01924; 0
0.0195; 0
0.01976; 0
0.02002; 0
0.02028; 0
0.02054; 0
0.0208; 0
0.02106; 0
0.02132; 0
0.02158; 0
0.02184; 0
0.0221; 0
0.02236; 0
0.02262; 0
0.02288; 610.45
0.02314; 610.316
0.0234; 610.16
0.02366; 610.01
0.02392; 609.86
0.02418; 609.717
0.02444; 609.584
0.0247; 609.462
0.02496; 609.331
0.02522; 609.225
0.02548; 609.117
0.02574; 609.013
0.026; 608.909
0.02626; 608.811
0.02652; 608.721
0.02678; 608.642
0.02704; 608.552
0.0273; 608.487
0.02756; 608.418
0.02782; 608.355
0.02808; 608.289
0.02834; 608.229
0.0286; 608.176
0.02886; 608.133
0.02912; 608.079
0.02938; 608.049
0.02964; 608.015
0.0299; 607.984
0.03016; 607.952
0.03042; 607.924
0.03068; 607.902
0.03094; 607.89
0.0312; 607.866
0.03146; 607.865
0.03172; 607.86
0.03198; 607.857
0.03224; 607.852
0.0325; 607.85
0.03276; 607.854
0.03302; 607.867
0.03328; 607.866
0.03354; 607.889
0.0338; 607.907
0.03406; 607.926
0.03432; 607.941
0.03458; 607.96
0.03484; 607.984
0.0351; 608.016
0.03536; 608.034
0.03562; 608.075
0.03588; 608.11
0.03614; 608.146
0.0364; 608.177
0.03666; 608.212
0.03692; 608.251
0.03718; 608.297
0.03744; 608.329
0.0377; 608.383
0.03796; 608.43
0.03822; 608.479
0.03848; 608.522
0.03874; 608.568
0.039; 608.618
0.03926; 608.674
0.03952; 608.716
0.03978; 608.779
0.04004; 608.836
0.0403; 608.893
0.04056; 608.945
0.04082; 608.999
0.04108; 609.056
0.04134; 609.121
0.0416; 609.17
0.04186; 609.24
0.04212; 609.304
0.04238; 609.368
0.04264; 609.427
0.0429; 609.488
0.04316; 609.551
0.04342; 609.622
0.04368; 609.678
0.04394; 609.756
0.0442; 609.826
0.04446; 609.896
0.04472; 609.961
0.04498; 610.028
0.04524; 610.099
0.0455; 610.176
0.04576; 610.239
0.04602; 610.324
0.04628; 610.401
0.04654; 610.479
0.0468; 610.552
0.04706; 610.627
0.04732; 610.706
0.04758; 610.792
0.04784; 610.864
0.0481; 610.957
0.04836; 611.044
0.04862; 611.131
0.04888; 611.214
0.04914; 611.3
0.0494; 611.39
0.04966; 611.488
0.04992; 611.572
0.05018; 611.678
0.05044; 611.778
0.0507; 611.879
0.05096; 611.976
0.05122; 612.077
0.05148; 612.182
0.05174; 612.296
0.052; 612.396
0.05226; 612.519
0.05252; 612.637
0.05278; 612.756
0.05304; 612.872
0.0533; 612.992
0.05356; 613.117
0.05382; 613.252
0.05408; 613.373
0.05434; 613.518
0.0546; 613.659
0.05486; 613.801
0.05512; 613.941
0.05538; 614.085
0.05564; 614.236
0.0559; 614.395
0.05616; 614.544
0.05642; 614.715
0.05668; 614.884
0.05694; 615.055
0.0572; 615.225
0.05746; 615.402
0.05772; 615.586
0.05798; 615.78
0.05824; 615.942
0.0585; 0
0.05876; 0
0.05902; 0
0.05928; 0
0.05954; 0
0.0598; 0
0.06006; 0
0.06032; 0
0.06058; 0
0.06084; 0
0.0611; 0
0.06136; 0
0.06162; 0
0.06188; 0
0.06214; 0
0.0624; 0
0.06266; 0
0.06292; 0
0.06318; 0
0.06344; 0
0.0637; 0
0.06396; 0
0.06422; 0
0.06448; 0
0.06474; 0
0.065; 0
0.06526; 0
0.06552; 0
0.06578; 0
0.06604; 0
0.0663; 0
0.06656; 0
0.06682; 0
0.06708; 0
0.06734; 0
0.0676; 0
0.06786; 0
0.06812; 0
0.06838; 0
0.06864; 0
0.0689; 0
0.06916; 0
0.06942; 0
0.06968; 0
0.06994; 0
0.0702; 0
0.07046; 0
0.07072; 0
0.07098; 0
0.07124; 0
0.0715; 0
0.07176; 0
0.07202; 0
0.07228; 0
0.07254; 0
0.0728; 0
0.07306; 0
0.07332; 0
0.07358; 0
0.07384; 0
0.0741; 0
0.07436; 0
0.07462; 0
0.07488; 0
0.07514; 0
0.0754; 0
0.07566; 0
0.07592; 0
0.07618; 0
0.07644; 0
0.0767; 0
0.07696; 0
0.07722; 0
0.07748; 0
0.07774; 0
0.078; 0
