0.00667; 0
0.01334; 0
0.02001; 0
0.02668; 0
0.03335; 0
0.04002; 0
0.04669; 0
0.05336; 0
0.06003; 0
0.0667; 0
0.07337; 0
0.08004; 0
0.08671; 0
0.09338; 0
0.10005; 0
0.10672; 0
0.11339; 0
0.12006; 0
0.12673; 0
0.1334; 0
0.14007; 0
0.14674; 0
0.15341; 0
0.16008; 0
0.16675; 0
0.17342; 0
0.18009; 0
0.18676; 0
0.19343; 0
0.2001; 0
0.20677; 0
0.21344; 0
0.22011; 0
0.22678; 0
0.23345; 0
0.24012; 0
0.24679; 0
0.25346; 0
0.26013; 0
0.2668; 0
0.27347; 0
0.28014; 0
0.28681; 0
0.29348; 0
0.30015; 0
0.30682; 0
0.31349; 0
0.32016; 0
0.32683; 0
0.3335; 0
0.34017; 0
0.34684; 0
0.35351; 0
0.36018; 0
0.36685; 0
0.37352; 0
0.38019; 0
0.38686; 0
0.39353; 0
0.4002; 0
0.40687; 0
0.41354; 0
0.42021; 0
0.42688; 0
0.43355; 0
0.44022; 0
0.44689; 0
0.45356; 0
0.46023; 0
0.4669; 0
0.47357; 401.23
0.48024; 401.173
0.48691; 401.059
0.49358; 400.888
0.50025; 400.661
0.50692; 400.379
0.51359; 400.041
0.52026; 399.649
0.52693; 399.203
0.5336; 398.704
0.54027; 398.154
0.54694; 397.553
0.55361; 396.903
0.56028; 396.206
0.56695; 395.462
0.57362; 394.673
0.58029; 393.841
0.58696; 392.967
0.59363; 392.054
0.6003; 391.103
0.60697; 390.115
0.61364; 389.093
0.62031; 388.039
0.62698; 386.955
0.63365; 385.842
0.64032; 384.703
0.64699; 383.539
0.65366; 382.354
0.66033; 381.148
0.667; 379.923
0.67367; 378.683
0.68034; 377.429
0.68701; 376.162
0.69368; 374.884
0.70035; 373.598
0.70702; 372.306
0.71369; 371.008
0.72036; 369.707
0.72703; 368.405
0.7337; 367.102
0.74037; 365.801
0.74704; 364.502
0.75371; 363.207
0.76038; 361.918
0.76705; 360.634
0.77372; 359.357
0.78039; 358.088
0.78706; 356.827
0.79373; 355.575
0.8004; 354.332
0.80707; 353.098
0.81374; 351.873
0.82041; 350.657
0.82708; 349.448
0.83375; 348.247
0.84042; 347.051
0.84709; 345.859
0.85376; 344.67
0.86043; 343.481
0.8671; 342.288
0.87377; 341.09
0.88044; 339.88
0.88711; 338.656
0.89378; 337.412
0.90045; 336.141
0.90712; 334.838
0.91379; 333.498
0.92046; 332.114
0.92713; 330.686
0.9338; 329.22
0.94047; 327.734
0.94714; 326.275
0.95381; 324.928
0.96048; 323.837
0.96715; 323.201
0.97382; 323.201
0.98049; 323.837
0.98716; 324.928
0.99383; 326.275
1.0005; 327.734
1.00717; 329.22
1.01384; 330.686
1.02051; 332.114
1.02718; 333.498
1.03385; 334.838
1.04052; 336.141
1.04719; 337.412
1.05386; 338.656
1.06053; 339.88
1.0672; 341.09
1.07387; 342.288
1.08054; 343.481
1.08721; 344.67
1.09388; 345.859
1.10055; 347.051
1.10722; 348.247
1.11389; 349.448
1.12056; 350.657
1.12723; 351.873
1.1339; 353.098
1.14057; 354.332
1.14724; 355.575
1.15391; 356.827
1.16058; 358.088
1.16725; 359.357
1.17392; 360.634
1.18059; 361.918
1.18726; 363.207
1.19393; 364.502
1.2006; 365.801
1.20727; 367.102
1.21394; 368.405
1.22061; 369.707
1.22728; 371.008
1.23395; 372.306
1.24062; 373.598
1.24729; 374.884
1.25396; 376.162
1.26063; 377.429
1.2673; 378.683
1.27397; 379.923
1.28064; 381.148
1.28731; 382.354
1.29398; 383.539
1.30065; 384.703
1.30732; 385.842
1.31399; 386.955
1.32066; 388.039
1.32733; 389.093
1.334; 390.115
1.34067; 391.103
1.34734; 392.054
1.35401; 392.967
1.36068; 393.841
1.36735; 394.673
1.37402; 395.462
1.38069; 396.206
1.38736; 396.903
1.39403; 397.553
1.4007; 398.154
1.40737; 398.704
1.41404; 399.203
1.42071; 399.649
1.42738; 400.041
1.43405; 400.379
1.44072; 400.661
1.44739; 400.888
1.45406; 401.059
1.46073; 401.173
1.4674; 401.23
1.47407; 0
1.48074; 0
1.48741; 0
1.49408; 0
1.50075; 0
1.50742; 0
1.51409; 0
1.52076; 0
1.52743; 0
1.5341; 0
1.54077; 0
1.54744; 0
1.55411; 0
1.56078; 0
1.56745; 0
1.57412; 0
1.58079; 0
1.58746; 0
1.59413; 0
1.6008; 0
1.60747; 0
1.61414; 0
1.62081; 0
1.62748; 0
1.63415; 0
1.64082; 0
1.64749; 0
1.65416; 0
1.66083; 0
1.6675; 0
1.67417; 0
1.68084; 0
1.68751; 0
1.69418; 0
1.70085; 0
1.70752; 0
1.71419; 0
1.72086; 0
1.72753; 0
1.7342; 0
1.74087; 0
1.74754; 0
1.75421; 0
1.76088; 0
1.76755; 0
1.77422; 0
1.78089; 0
1.78756; 0
1.79423; 0
1.8009; 0
1.80757; 0
1.81424; 0
1.82091; 0
1.82758; 0
1.83425; 0
1.84092; 0
1.84759; 0
1.85426; 0
1.86093; 0
1.8676; 0
1.87427; 0
1.88094; 0
1.88761; 0
1.89428; 0
1.90095; 0
1.90762; 0
1.91429; 0
1.92096; 0
1.92763; 0
1.9343; 0
1.94097; 0
1.94764; 0
1.95431; 0
1.96098; 0
1.96765; 0
1.97432; 0
1.98099; 0
1.98766; 0
1.99433; 0
2.001; 0
