0.00667; 0
0.01334; 0
0.02001; 0
0.02668; 0
0.03335; 0
0.04002; 0
0.04669; 0
0.05336; 0
0.06003; 0
0.0667; 0
0.07337; 0
0.08004; 0
0.08671; 0
0.09338; 0
0.10005; 0
0.10672; 0
0.11339; 0
0.12006; 0
0.12673; 0
0.1334; 0
0.14007; 0
0.14674; 0
0.15341; 0
0.16008; 0
0.16675; 0
0.17342; 0
0.18009; 0
0.18676; 0
0.19343; 0
0.2001; 0
0.20677; 0
0.21344; 0
0.22011; 0
0.22678; 0
0.23345; 0
0.24012; 0
0.24679; 0
0.25346; 0
0.26013; 0
0.2668; 0
0.27347; 0
0.28014; 0
0.28681; 0
0.29348; 0
0.30015; 0
0.30682; 0
0.31349; 0
0.32016; 0
0.32683; 0
0.3335; 0
0.34017; 0
0.34684; 0
0.35351; 0
0.36018; 0
0.36685; 0
0.37352; 0
0.38019; 0
0.38686; 0
0.39353; 0
0.4002; 0
0.40687; 0
0.41354; 0
0.42021; 0
0.42688; 0
0.43355; 0
0.44022; 0
0.44689; 0
0.45356; 0
0.46023; 0
0.4669; 0
0.47357; 477.099
0.48024; 477.034
0.48691; 476.904
0.49358; 476.709
0.50025; 476.45
0.50692; 476.127
0.51359; 475.741
0.52026; 475.292
0.52693; 474.781
0.5336; 474.209
0.54027; 473.576
0.54694; 472.885
0.55361; 472.136
0.56028; 471.33
0.56695; 470.469
0.57362; 469.554
0.58029; 468.587
0.58696; 467.568
0.59363; 466.5
0.6003; 465.385
0.60697; 464.223
0.61364; 463.017
0.62031; 461.768
0.62698; 460.479
0.63365; 459.15
0.64032; 457.784
0.64699; 456.382
0.65366; 454.946
0.66033; 453.479
0.667; 451.981
0.67367; 450.454
0.68034; 448.901
0.68701; 447.322
0.69368; 445.719
0.70035; 444.094
0.70702; 442.447
0.71369; 440.781
0.72036; 439.097
0.72703; 437.395
0.7337; 435.676
0.74037; 433.942
0.74704; 432.193
0.75371; 430.43
0.76038; 428.652
0.76705; 426.86
0.77372; 425.055
0.78039; 423.235
0.78706; 421.4
0.79373; 419.549
0.8004; 417.682
0.80707; 415.796
0.81374; 413.89
0.82041; 411.961
0.82708; 410.006
0.83375; 408.023
0.84042; 406.006
0.84709; 403.952
0.85376; 401.855
0.86043; 399.708
0.8671; 397.504
0.87377; 395.234
0.88044; 392.889
0.88711; 390.457
0.89378; 387.926
0.90045; 385.283
0.90712; 382.513
0.91379; 379.603
0.92046; 376.542
0.92713; 373.331
0.9338; 369.982
0.94047; 366.548
0.94714; 363.139
0.95381; 359.966
0.96048; 357.383
0.96715; 355.872
0.97382; 355.872
0.98049; 357.383
0.98716; 359.966
0.99383; 363.139
1.0005; 366.548
1.00717; 369.982
1.01384; 373.331
1.02051; 376.542
1.02718; 379.603
1.03385; 382.513
1.04052; 385.283
1.04719; 387.926
1.05386; 390.457
1.06053; 392.889
1.0672; 395.234
1.07387; 397.504
1.08054; 399.708
1.08721; 401.855
1.09388; 403.952
1.10055; 406.006
1.10722; 408.023
1.11389; 410.006
1.12056; 411.961
1.12723; 413.89
1.1339; 415.796
1.14057; 417.682
1.14724; 419.549
1.15391; 421.4
1.16058; 423.235
1.16725; 425.055
1.17392; 426.86
1.18059; 428.652
1.18726; 430.43
1.19393; 432.193
1.2006; 433.942
1.20727; 435.676
1.21394; 437.395
1.22061; 439.097
1.22728; 440.781
1.23395; 442.447
1.24062; 444.094
1.24729; 445.719
1.25396; 447.322
1.26063; 448.901
1.2673; 450.454
1.27397; 451.981
1.28064; 453.479
1.28731; 454.946
1.29398; 456.382
1.30065; 457.784
1.30732; 459.15
1.31399; 460.479
1.32066; 461.768
1.32733; 463.017
1.334; 464.223
1.34067; 465.385
1.34734; 466.5
1.35401; 467.568
1.36068; 468.587
1.36735; 469.554
1.37402; 470.469
1.38069; 471.33
1.38736; 472.136
1.39403; 472.885
1.4007; 473.576
1.40737; 474.209
1.41404; 474.781
1.42071; 475.292
1.42738; 475.741
1.43405; 476.127
1.44072; 476.45
1.44739; 476.709
1.45406; 476.904
1.46073; 477.034
1.4674; 477.099
1.47407; 0
1.48074; 0
1.48741; 0
1.49408; 0
1.50075; 0
1.50742; 0
1.51409; 0
1.52076; 0
1.52743; 0
1.5341; 0
1.54077; 0
1.54744; 0
1.55411; 0
1.56078; 0
1.56745; 0
1.57412; 0
1.58079; 0
1.58746; 0
1.59413; 0
1.6008; 0
1.60747; 0
1.61414; 0
1.62081; 0
1.62748; 0
1.63415; 0
1.64082; 0
1.64749; 0
1.65416; 0
1.66083; 0
1.6675; 0
1.67417; 0
1.68084; 0
1.68751; 0
1.69418; 0
1.70085; 0
1.70752; 0
1.71419; 0
1.72086; 0
1.72753; 0
1.7342; 0
1.74087; 0
1.74754; 0
1.75421; 0
1.76088; 0
1.76755; 0
1.77422; 0
1.78089; 0
1.78756; 0
1.79423; 0
1.8009; 0
1.80757; 0
1.81424; 0
1.82091; 0
1.82758; 0
1.83425; 0
1.84092; 0
1.84759; 0
1.85426; 0
1.86093; 0
1.8676; 0
1.87427; 0
1.88094; 0
1.88761; 0
1.89428; 0
1.90095; 0
1.90762; 0
1.91429; 0
1.92096; 0
1.92763; 0
1.9343; 0
1.94097; 0
1.94764; 0
1.95431; 0
1.96098; 0
1.96765; 0
1.97432; 0
1.98099; 0
1.98766; 0
1.99433; 0
2.001; 0
