0.00667; 0
0.01334; 0
0.02001; 0
0.02668; 0
0.03335; 0
0.04002; 0
0.04669; 0
0.05336; 0
0.06003; 0
0.0667; 0
0.07337; 0
0.08004; 0
0.08671; 0
0.09338; 0
0.10005; 0
0.10672; 0
0.11339; 0
0.12006; 0
0.12673; 0
0.1334; 0
0.14007; 0
0.14674; 0
0.15341; 0
0.16008; 0
0.16675; 0
0.17342; 0
0.18009; 0
0.18676; 0
0.19343; 0
0.2001; 0
0.20677; 0
0.21344; 0
0.22011; 0
0.22678; 0
0.23345; 0
0.24012; 0
0.24679; 0
0.25346; 0
0.26013; 0
0.2668; 0
0.27347; 0
0.28014; 0
0.28681; 0
0.29348; 0
0.30015; 0
0.30682; 0
0.31349; 0
0.32016; 0
0.32683; 0
0.3335; 0
0.34017; 0
0.34684; 0
0.35351; 0
0.36018; 0
0.36685; 0
0.37352; 0
0.38019; 0
0.38686; 0
0.39353; 0
0.4002; 0
0.40687; 0
0.41354; 0
0.42021; 0
0.42688; 0
0.43355; 0
0.44022; 0
0.44689; 0
0.45356; 0
0.46023; 0
0.4669; 0
0.47357; 602.926
0.48024; 602.859
0.48691; 602.725
0.49358; 602.523
0.50025; 602.255
0.50692; 601.92
0.51359; 601.519
0.52026; 601.052
0.52693; 600.52
0.5336; 599.923
0.54027; 599.262
0.54694; 598.537
0.55361; 597.75
0.56028; 596.9
0.56695; 595.989
0.57362; 595.018
0.58029; 593.986
0.58696; 592.896
0.59363; 591.748
0.6003; 590.543
0.60697; 589.282
0.61364; 587.966
0.62031; 586.596
0.62698; 585.172
0.63365; 583.695
0.64032; 582.167
0.64699; 580.589
0.65366; 578.96
0.66033; 577.282
0.667; 575.555
0.67367; 573.78
0.68034; 571.957
0.68701; 570.088
0.69368; 568.171
0.70035; 566.207
0.70702; 564.197
0.71369; 562.14
0.72036; 560.036
0.72703; 557.884
0.7337; 555.684
0.74037; 553.435
0.74704; 551.136
0.75371; 548.785
0.76038; 546.381
0.76705; 543.922
0.77372; 541.405
0.78039; 538.828
0.78706; 536.188
0.79373; 533.481
0.8004; 530.702
0.80707; 527.847
0.81374; 524.91
0.82041; 521.886
0.82708; 518.766
0.83375; 515.542
0.84042; 512.205
0.84709; 508.744
0.85376; 505.147
0.86043; 501.399
0.8671; 497.486
0.87377; 493.388
0.88044; 489.086
0.88711; 484.555
0.89378; 479.771
0.90045; 474.706
0.90712; 469.332
0.91379; 463.621
0.92046; 457.555
0.92713; 451.13
0.9338; 444.382
0.94047; 437.415
0.94714; 430.465
0.95381; 423.972
0.96048; 418.672
0.96715; 415.565
0.97382; 415.565
0.98049; 418.672
0.98716; 423.972
0.99383; 430.465
1.0005; 437.415
1.00717; 444.382
1.01384; 451.13
1.02051; 457.555
1.02718; 463.621
1.03385; 469.332
1.04052; 474.706
1.04719; 479.771
1.05386; 484.555
1.06053; 489.086
1.0672; 493.388
1.07387; 497.486
1.08054; 501.399
1.08721; 505.147
1.09388; 508.744
1.10055; 512.205
1.10722; 515.542
1.11389; 518.766
1.12056; 521.886
1.12723; 524.91
1.1339; 527.847
1.14057; 530.702
1.14724; 533.481
1.15391; 536.188
1.16058; 538.828
1.16725; 541.405
1.17392; 543.922
1.18059; 546.381
1.18726; 548.785
1.19393; 551.136
1.2006; 553.435
1.20727; 555.684
1.21394; 557.884
1.22061; 560.036
1.22728; 562.14
1.23395; 564.197
1.24062; 566.207
1.24729; 568.171
1.25396; 570.088
1.26063; 571.957
1.2673; 573.78
1.27397; 575.555
1.28064; 577.282
1.28731; 578.96
1.29398; 580.589
1.30065; 582.167
1.30732; 583.695
1.31399; 585.172
1.32066; 586.596
1.32733; 587.966
1.334; 589.282
1.34067; 590.543
1.34734; 591.748
1.35401; 592.896
1.36068; 593.986
1.36735; 595.018
1.37402; 595.989
1.38069; 596.9
1.38736; 597.75
1.39403; 598.537
1.4007; 599.262
1.40737; 599.923
1.41404; 600.52
1.42071; 601.052
1.42738; 601.519
1.43405; 601.92
1.44072; 602.255
1.44739; 602.523
1.45406; 602.725
1.46073; 602.859
1.4674; 602.926
1.47407; 0
1.48074; 0
1.48741; 0
1.49408; 0
1.50075; 0
1.50742; 0
1.51409; 0
1.52076; 0
1.52743; 0
1.5341; 0
1.54077; 0
1.54744; 0
1.55411; 0
1.56078; 0
1.56745; 0
1.57412; 0
1.58079; 0
1.58746; 0
1.59413; 0
1.6008; 0
1.60747; 0
1.61414; 0
1.62081; 0
1.62748; 0
1.63415; 0
1.64082; 0
1.64749; 0
1.65416; 0
1.66083; 0
1.6675; 0
1.67417; 0
1.68084; 0
1.68751; 0
1.69418; 0
1.70085; 0
1.70752; 0
1.71419; 0
1.72086; 0
1.72753; 0
1.7342; 0
1.74087; 0
1.74754; 0
1.75421; 0
1.76088; 0
1.76755; 0
1.77422; 0
1.78089; 0
1.78756; 0
1.79423; 0
1.8009; 0
1.80757; 0
1.81424; 0
1.82091; 0
1.82758; 0
1.83425; 0
1.84092; 0
1.84759; 0
1.85426; 0
1.86093; 0
1.8676; 0
1.87427; 0
1.88094; 0
1.88761; 0
1.89428; 0
1.90095; 0
1.90762; 0
1.91429; 0
1.92096; 0
1.92763; 0
1.9343; 0
1.94097; 0
1.94764; 0
1.95431; 0
1.96098; 0
1.96765; 0
1.97432; 0
1.98099; 0
1.98766; 0
1.99433; 0
2.001; 0
