0.00667; 0
0.01334; 0
0.02001; 0
0.02668; 0
0.03335; 0
0.04002; 0
0.04669; 0
0.05336; 0
0.06003; 0
0.0667; 0
0.07337; 0
0.08004; 0
0.08671; 0
0.09338; 0
0.10005; 0
0.10672; 0
0.11339; 0
0.12006; 0
0.12673; 0
0.1334; 0
0.14007; 0
0.14674; 0
0.15341; 0
0.16008; 0
0.16675; 0
0.17342; 0
0.18009; 0
0.18676; 0
0.19343; 0
0.2001; 0
0.20677; 0
0.21344; 0
0.22011; 0
0.22678; 0
0.23345; 0
0.24012; 0
0.24679; 0
0.25346; 0
0.26013; 0
0.2668; 0
0.27347; 0
0.28014; 0
0.28681; 0
0.29348; 0
0.30015; 0
0.30682; 0
0.31349; 0
0.32016; 0
0.32683; 0
0.3335; 0
0.34017; 0
0.34684; 0
0.35351; 0
0.36018; 0
0.36685; 0
0.37352; 0
0.38019; 0
0.38686; 0
0.39353; 0
0.4002; 0
0.40687; 0
0.41354; 0
0.42021; 0
0.42688; 0
0.43355; 0
0.44022; 0
0.44689; 0
0.45356; 0
0.46023; 0
0.4669; 0
0.47357; 704.534
0.48024; 704.466
0.48691; 704.33
0.49358; 704.125
0.50025; 703.853
0.50692; 703.513
0.51359; 703.105
0.52026; 702.629
0.52693; 702.087
0.5336; 701.477
0.54027; 700.801
0.54694; 700.058
0.55361; 699.249
0.56028; 698.373
0.56695; 697.433
0.57362; 696.427
0.58029; 695.356
0.58696; 694.221
0.59363; 693.022
0.6003; 691.758
0.60697; 690.431
0.61364; 689.041
0.62031; 687.587
0.62698; 686.07
0.63365; 684.49
0.64032; 682.848
0.64699; 681.142
0.65366; 679.374
0.66033; 677.542
0.667; 675.647
0.67367; 673.689
0.68034; 671.665
0.68701; 669.578
0.69368; 667.424
0.70035; 665.204
0.70702; 662.916
0.71369; 660.559
0.72036; 658.132
0.72703; 655.633
0.7337; 653.059
0.74037; 650.409
0.74704; 647.68
0.75371; 644.869
0.76038; 641.973
0.76705; 638.987
0.77372; 635.909
0.78039; 632.732
0.78706; 629.452
0.79373; 626.062
0.8004; 622.557
0.80707; 618.928
0.81374; 615.166
0.82041; 611.262
0.82708; 607.206
0.83375; 602.984
0.84042; 598.583
0.84709; 593.988
0.85376; 589.18
0.86043; 584.139
0.8671; 578.843
0.87377; 573.265
0.88044; 567.376
0.88711; 561.144
0.89378; 554.532
0.90045; 547.501
0.90712; 540.01
0.91379; 532.023
0.92046; 523.512
0.92713; 514.474
0.9338; 504.96
0.94047; 495.119
0.94714; 485.287
0.95381; 476.092
0.96048; 468.579
0.96715; 464.174
0.97382; 464.174
0.98049; 468.579
0.98716; 476.092
0.99383; 485.287
1.0005; 495.119
1.00717; 504.96
1.01384; 514.474
1.02051; 523.512
1.02718; 532.023
1.03385; 540.01
1.04052; 547.501
1.04719; 554.532
1.05386; 561.144
1.06053; 567.376
1.0672; 573.265
1.07387; 578.843
1.08054; 584.139
1.08721; 589.18
1.09388; 593.988
1.10055; 598.583
1.10722; 602.984
1.11389; 607.206
1.12056; 611.262
1.12723; 615.166
1.1339; 618.928
1.14057; 622.557
1.14724; 626.062
1.15391; 629.452
1.16058; 632.732
1.16725; 635.909
1.17392; 638.987
1.18059; 641.973
1.18726; 644.869
1.19393; 647.68
1.2006; 650.409
1.20727; 653.059
1.21394; 655.633
1.22061; 658.132
1.22728; 660.559
1.23395; 662.916
1.24062; 665.204
1.24729; 667.424
1.25396; 669.578
1.26063; 671.665
1.2673; 673.689
1.27397; 675.647
1.28064; 677.542
1.28731; 679.374
1.29398; 681.142
1.30065; 682.848
1.30732; 684.49
1.31399; 686.07
1.32066; 687.587
1.32733; 689.041
1.334; 690.431
1.34067; 691.758
1.34734; 693.022
1.35401; 694.221
1.36068; 695.356
1.36735; 696.427
1.37402; 697.433
1.38069; 698.373
1.38736; 699.249
1.39403; 700.058
1.4007; 700.801
1.40737; 701.477
1.41404; 702.087
1.42071; 702.629
1.42738; 703.105
1.43405; 703.513
1.44072; 703.853
1.44739; 704.125
1.45406; 704.33
1.46073; 704.466
1.4674; 704.534
1.47407; 0
1.48074; 0
1.48741; 0
1.49408; 0
1.50075; 0
1.50742; 0
1.51409; 0
1.52076; 0
1.52743; 0
1.5341; 0
1.54077; 0
1.54744; 0
1.55411; 0
1.56078; 0
1.56745; 0
1.57412; 0
1.58079; 0
1.58746; 0
1.59413; 0
1.6008; 0
1.60747; 0
1.61414; 0
1.62081; 0
1.62748; 0
1.63415; 0
1.64082; 0
1.64749; 0
1.65416; 0
1.66083; 0
1.6675; 0
1.67417; 0
1.68084; 0
1.68751; 0
1.69418; 0
1.70085; 0
1.70752; 0
1.71419; 0
1.72086; 0
1.72753; 0
1.7342; 0
1.74087; 0
1.74754; 0
1.75421; 0
1.76088; 0
1.76755; 0
1.77422; 0
1.78089; 0
1.78756; 0
1.79423; 0
1.8009; 0
1.80757; 0
1.81424; 0
1.82091; 0
1.82758; 0
1.83425; 0
1.84092; 0
1.84759; 0
1.85426; 0
1.86093; 0
1.8676; 0
1.87427; 0
1.88094; 0
1.88761; 0
1.89428; 0
1.90095; 0
1.90762; 0
1.91429; 0
1.92096; 0
1.92763; 0
1.9343; 0
1.94097; 0
1.94764; 0
1.95431; 0
1.96098; 0
1.96765; 0
1.97432; 0
1.98099; 0
1.98766; 0
1.99433; 0
2.001; 0
