0.00667; 0
0.01334; 0
0.02001; 0
0.02668; 0
0.03335; 0
0.04002; 0
0.04669; 0
0.05336; 0
0.06003; 0
0.0667; 0
0.07337; 0
0.08004; 0
0.08671; 0
0.09338; 0
0.10005; 0
0.10672; 0
0.11339; 0
0.12006; 0
0.12673; 0
0.1334; 0
0.14007; 0
0.14674; 0
0.15341; 0
0.16008; 0
0.16675; 0
0.17342; 0
0.18009; 0
0.18676; 0
0.19343; 0
0.2001; 0
0.20677; 0
0.21344; 0
0.22011; 0
0.22678; 0
0.23345; 0
0.24012; 0
0.24679; 0
0.25346; 0
0.26013; 0
0.2668; 0
0.27347; 0
0.28014; 0
0.28681; 0
0.29348; 0
0.30015; 0
0.30682; 0
0.31349; 0
0.32016; 0
0.32683; 0
0.3335; 0
0.34017; 0
0.34684; 0
0.35351; 0
0.36018; 0
0.36685; 0
0.37352; 0
0.38019; 0
0.38686; 0
0.39353; 0
0.4002; 0
0.40687; 0
0.41354; 0
0.42021; 0
0.42688; 0
0.43355; 0
0.44022; 0
0.44689; 0
0.45356; 0
0.46023; 0
0.4669; 0
0.47357; 638.142
0.48024; 638.075
0.48691; 637.94
0.49358; 637.737
0.50025; 637.467
0.50692; 637.131
0.51359; 636.727
0.52026; 636.257
0.52693; 635.722
0.5336; 635.12
0.54027; 634.454
0.54694; 633.723
0.55361; 632.928
0.56028; 632.069
0.56695; 631.148
0.57362; 630.164
0.58029; 629.119
0.58696; 628.014
0.59363; 626.848
0.6003; 625.622
0.60697; 624.338
0.61364; 622.996
0.62031; 621.597
0.62698; 620.141
0.63365; 618.629
0.64032; 617.061
0.64699; 615.438
0.65366; 613.761
0.66033; 612.029
0.667; 610.244
0.67367; 608.405
0.68034; 606.513
0.68701; 604.568
0.69368; 602.569
0.70035; 600.516
0.70702; 598.41
0.71369; 596.249
0.72036; 594.032
0.72703; 591.76
0.7337; 589.43
0.74037; 587.042
0.74704; 584.594
0.75371; 582.084
0.76038; 579.509
0.76705; 576.868
0.77372; 574.156
0.78039; 571.372
0.78706; 568.51
0.79373; 565.566
0.8004; 562.535
0.80707; 559.412
0.81374; 556.189
0.82041; 552.86
0.82708; 549.415
0.83375; 545.845
0.84042; 542.14
0.84709; 538.286
0.85376; 534.269
0.86043; 530.073
0.8671; 525.681
0.87377; 521.07
0.88044; 516.218
0.88711; 511.097
0.89378; 505.68
0.90045; 499.933
0.90712; 493.826
0.91379; 487.326
0.92046; 480.412
0.92713; 473.082
0.9338; 465.375
0.94047; 457.413
0.94714; 449.463
0.95381; 442.034
0.96048; 435.967
0.96715; 432.411
0.97382; 432.411
0.98049; 435.967
0.98716; 442.034
0.99383; 449.463
1.0005; 457.413
1.00717; 465.375
1.01384; 473.082
1.02051; 480.412
1.02718; 487.326
1.03385; 493.826
1.04052; 499.933
1.04719; 505.68
1.05386; 511.097
1.06053; 516.218
1.0672; 521.07
1.07387; 525.681
1.08054; 530.073
1.08721; 534.269
1.09388; 538.286
1.10055; 542.14
1.10722; 545.845
1.11389; 549.415
1.12056; 552.86
1.12723; 556.189
1.1339; 559.412
1.14057; 562.535
1.14724; 565.566
1.15391; 568.51
1.16058; 571.372
1.16725; 574.156
1.17392; 576.868
1.18059; 579.509
1.18726; 582.084
1.19393; 584.594
1.2006; 587.042
1.20727; 589.43
1.21394; 591.76
1.22061; 594.032
1.22728; 596.249
1.23395; 598.41
1.24062; 600.516
1.24729; 602.569
1.25396; 604.568
1.26063; 606.513
1.2673; 608.405
1.27397; 610.244
1.28064; 612.029
1.28731; 613.761
1.29398; 615.438
1.30065; 617.061
1.30732; 618.629
1.31399; 620.141
1.32066; 621.597
1.32733; 622.996
1.334; 624.338
1.34067; 625.622
1.34734; 626.848
1.35401; 628.014
1.36068; 629.119
1.36735; 630.164
1.37402; 631.148
1.38069; 632.069
1.38736; 632.928
1.39403; 633.723
1.4007; 634.454
1.40737; 635.12
1.41404; 635.722
1.42071; 636.257
1.42738; 636.727
1.43405; 637.131
1.44072; 637.467
1.44739; 637.737
1.45406; 637.94
1.46073; 638.075
1.4674; 638.142
1.47407; 0
1.48074; 0
1.48741; 0
1.49408; 0
1.50075; 0
1.50742; 0
1.51409; 0
1.52076; 0
1.52743; 0
1.5341; 0
1.54077; 0
1.54744; 0
1.55411; 0
1.56078; 0
1.56745; 0
1.57412; 0
1.58079; 0
1.58746; 0
1.59413; 0
1.6008; 0
1.60747; 0
1.61414; 0
1.62081; 0
1.62748; 0
1.63415; 0
1.64082; 0
1.64749; 0
1.65416; 0
1.66083; 0
1.6675; 0
1.67417; 0
1.68084; 0
1.68751; 0
1.69418; 0
1.70085; 0
1.70752; 0
1.71419; 0
1.72086; 0
1.72753; 0
1.7342; 0
1.74087; 0
1.74754; 0
1.75421; 0
1.76088; 0
1.76755; 0
1.77422; 0
1.78089; 0
1.78756; 0
1.79423; 0
1.8009; 0
1.80757; 0
1.81424; 0
1.82091; 0
1.82758; 0
1.83425; 0
1.84092; 0
1.84759; 0
1.85426; 0
1.86093; 0
1.8676; 0
1.87427; 0
1.88094; 0
1.88761; 0
1.89428; 0
1.90095; 0
1.90762; 0
1.91429; 0
1.92096; 0
1.92763; 0
1.9343; 0
1.94097; 0
1.94764; 0
1.95431; 0
1.96098; 0
1.96765; 0
1.97432; 0
1.98099; 0
1.98766; 0
1.99433; 0
2.001; 0
