0.0026; 744.681
0.0052; 744.715
0.0078; 744.747
0.0104; 744.812
0.013; 744.907
0.0156; 745.03
0.0182; 745.178
0.0208; 745.347
0.0234; 745.534
0.026; 745.734
0.0286; 745.944
0.0312; 746.16
0.0338; 746.376
0.0364; 746.59
0.039; 746.798
0.0416; 746.997
0.0442; 747.185
0.0468; 747.36
0.0494; 747.521
0.052; 747.668
0.0546; 747.799
0.0572; 747.916
0.0598; 748.02
0.0624; 748.112
0.065; 748.193
0.0676; 748.266
0.0702; 748.331
0.0728; 748.391
0.0754; 748.447
0.078; 748.501
0.0806; 748.554
0.0832; 748.606
0.0858; 748.658
0.0884; 748.712
0.091; 748.767
0.0936; 748.822
0.0962; 748.878
0.0988; 748.933
0.1014; 748.988
0.104; 749.041
0.1066; 749.093
0.1092; 749.144
0.1118; 749.193
0.1144; 749.239
0.117; 749.283
0.1196; 749.322
0.1222; 749.358
0.1248; 749.389
0.1274; 749.414
0.13; 749.434
0.1326; 749.447
0.1352; 749.454
0.1378; 749.453
0.1404; 749.445
0.143; 749.429
0.1456; 749.403
0.1482; 749.368
0.1508; 749.321
0.1534; 749.261
0.156; 749.187
0.1586; 749.098
0.1612; 748.991
0.1638; 748.865
0.1664; 748.718
0.169; 748.547
0.1716; 748.351
0.1742; 748.127
0.1768; 747.874
0.1794; 747.589
0.182; 747.272
0.1846; 746.922
0.1872; 746.539
0.1898; 746.123
0.1924; 745.675
0.195; 745.197
0.1976; 744.694
0.2002; 744.168
0.2028; 743.625
0.2054; 743.07
0.208; 742.509
0.2106; 741.948
0.2132; 741.395
0.2158; 740.856
0.2184; 740.339
0.221; 739.848
0.2236; 739.39
0.2262; 738.97
0.2288; 738.589
0.2314; 738.25
0.234; 737.953
0.2366; 737.696
0.2392; 737.476
0.2418; 737.287
0.2444; 737.124
0.247; 736.977
0.2496; 736.838
0.2522; 736.694
0.2548; 736.533
0.2574; 736.343
0.26; 736.109
0.2626; 735.818
0.2652; 735.456
0.2678; 735.012
0.2704; 734.473
0.273; 733.832
0.2756; 733.08
0.2782; 732.214
0.2808; 731.232
0.2834; 730.135
0.286; 728.93
0.2886; 727.624
0.2912; 726.228
0.2938; 724.756
0.2964; 723.226
0.299; 721.656
0.3016; 720.066
0.3042; 718.476
0.3068; 716.908
0.3094; 715.379
0.312; 713.905
0.3146; 712.589
0.3172; 711.402
0.3198; 710.253
0.3224; 709.134
0.325; 708.048
0.3276; 707.001
0.3302; 706.019
0.3328; 705.128
0.3354; 704.337
0.338; 703.65
0.3406; 703.071
0.3432; 702.6
0.3458; 702.205
0.3484; 701.928
0.351; 701.818
0.3536; 701.854
0.3562; 702.022
0.3588; 702.312
0.3614; 702.71
0.364; 703.201
0.3666; 703.775
0.3692; 704.402
0.3718; 705.055
0.3744; 705.708
0.377; 706.335
0.3796; 706.912
0.3822; 707.417
0.3848; 707.829
0.3874; 708.129
0.39; 708.301
0.3926; 708.329
0.3952; 708.202
0.3978; 707.91
0.4004; 707.446
0.403; 706.806
0.4056; 705.989
0.4082; 704.995
0.4108; 703.831
0.4134; 702.501
0.416; 701.017
0.4186; 699.389
0.4212; 697.633
0.4238; 695.764
0.4264; 693.799
0.429; 691.757
0.4316; 689.658
0.4342; 687.519
0.4368; 685.36
0.4394; 683.198
0.442; 681.05
0.4446; 678.929
0.4472; 676.849
0.4498; 674.819
0.4524; 672.846
0.455; 670.936
0.4576; 669.09
0.4602; 667.305
0.4628; 665.572
0.4654; 663.883
0.468; 662.224
0.4706; 660.584
0.4732; 658.945
0.4758; 657.29
0.4784; 655.6
0.481; 653.851
0.4836; 652.021
0.4862; 650.087
0.4888; 648.033
0.4914; 645.837
0.494; 643.507
0.4966; 641.007
0.4992; 638.31
0.5018; 635.393
0.5044; 632.24
0.507; 628.84
0.5096; 625.183
0.5122; 621.261
0.5148; 617.072
0.5174; 612.614
0.52; 607.921
0.5226; 603.022
0.5252; 598.078
0.5278; 593.182
0.5304; 588.134
0.533; 582.977
0.5356; 577.761
0.5382; 572.499
0.5408; 567.202
0.5434; 561.884
0.546; 556.556
0.5486; 551.236
0.5512; 545.936
0.5538; 540.67
0.5564; 535.452
0.559; 530.293
0.5616; 525.205
0.5642; 520.199
0.5668; 515.283
0.5694; 510.465
0.572; 505.753
0.5746; 501.152
0.5772; 496.666
0.5798; 492.299
0.5824; 488.053
0.585; 483.93
0.5876; 479.931
0.5902; 476.055
0.5928; 472.302
0.5954; 468.67
0.598; 465.158
0.6006; 461.764
0.6032; 458.486
0.6058; 455.321
0.6084; 452.269
0.611; 449.327
0.6136; 446.492
0.6162; 443.763
0.6188; 441.139
0.6214; 438.617
0.624; 436.196
0.6266; 433.875
0.6292; 431.651
0.6318; 429.525
0.6344; 427.494
0.637; 425.557
0.6396; 423.713
0.6422; 421.961
0.6448; 420.298
0.6474; 418.724
0.65; 417.236
0.6526; 415.834
0.6552; 414.514
0.6578; 413.275
0.6604; 412.115
0.663; 411.031
0.6656; 410.021
0.6682; 409.082
0.6708; 408.211
0.6734; 407.406
0.676; 406.664
0.6786; 405.981
0.6812; 405.355
0.6838; 404.783
0.6864; 404.26
0.689; 403.785
0.6916; 403.355
0.6942; 402.966
0.6968; 402.615
0.6994; 402.299
0.702; 402.017
0.7046; 401.764
0.7072; 401.539
0.7098; 401.34
0.7124; 401.163
0.715; 401.006
0.7176; 400.869
0.7202; 400.748
0.7228; 400.643
0.7254; 400.55
0.728; 400.47
0.7306; 400.401
0.7332; 400.341
0.7358; 400.289
0.7384; 400.244
0.741; 400.206
0.7436; 400.174
0.7462; 400.146
0.7488; 400.122
0.7514; 400.102
0.754; 400.086
0.7566; 400.072
0.7592; 400.06
0.7618; 400.05
0.7644; 400.042
0.767; 400.036
0.7696; 400.031
0.7722; 400.027
0.7748; 400.024
0.7774; 400.022
0.78; 400.021
