0.00026; 761.032
0.00052; 761.044
0.00078; 761.041
0.00104; 761.037
0.0013; 761.031
0.00156; 761.034
0.00182; 761.034
0.00208; 761.032
0.00234; 761.026
0.0026; 761.03
0.00286; 761.031
0.00312; 761.029
0.00338; 761.025
0.00364; 761.027
0.0039; 761.028
0.00416; 761.025
0.00442; 761.019
0.00468; 761.024
0.00494; 761.024
0.0052; 761.022
0.00546; 761.018
0.00572; 761.021
0.00598; 761.021
0.00624; 761.019
0.0065; 761.013
0.00676; 761.017
0.00702; 761.018
0.00728; 761.016
0.00754; 761.012
0.0078; 761.015
0.00806; 761.015
0.00832; 761.013
0.00858; 761.007
0.00884; 761.011
0.0091; 761.012
0.00936; 761.01
0.00962; 761.006
0.00988; 761.009
0.01014; 761.009
0.0104; 761.007
0.01066; 761.001
0.01092; 761.006
0.01118; 761.007
0.01144; 761.005
0.0117; 761.001
0.01196; 761.004
0.01222; 761.004
0.01248; 761.002
0.01274; 760.996
0.013; 761.001
0.01326; 761.002
0.01352; 761
0.01378; 760.996
0.01404; 760.999
0.0143; 760.999
0.01456; 760.997
0.01482; 760.991
0.01508; 760.996
0.01534; 760.997
0.0156; 760.995
0.01586; 760.991
0.01612; 760.994
0.01638; 760.995
0.01664; 760.993
0.0169; 760.987
0.01716; 760.992
0.01742; 760.993
0.01768; 760.991
0.01794; 760.987
0.0182; 760.99
0.01846; 760.991
0.01872; 760.989
0.01898; 760.983
0.01924; 760.988
0.0195; 760.989
0.01976; 760.987
0.02002; 760.984
0.02028; 760.987
0.02054; 760.987
0.0208; 760.985
0.02106; 760.98
0.02132; 760.985
0.02158; 760.986
0.02184; 760.984
0.0221; 760.98
0.02236; 760.983
0.02262; 760.984
0.02288; 760.982
0.02314; 760.977
0.0234; 760.981
0.02366; 760.983
0.02392; 760.981
0.02418; 760.977
0.02444; 760.98
0.0247; 760.981
0.02496; 760.979
0.02522; 760.974
0.02548; 760.979
0.02574; 760.98
0.026; 760.978
0.02626; 760.975
0.02652; 760.978
0.02678; 760.979
0.02704; 760.977
0.0273; 760.971
0.02756; 760.976
0.02782; 760.977
0.02808; 760.976
0.02834; 760.972
0.0286; 760.975
0.02886; 760.976
0.02912; 760.975
0.02938; 760.969
0.02964; 760.974
0.0299; 760.975
0.03016; 760.974
0.03042; 760.97
0.03068; 760.974
0.03094; 760.975
0.0312; 760.973
0.03146; 760.968
0.03172; 760.973
0.03198; 760.974
0.03224; 760.972
0.0325; 760.969
0.03276; 760.972
0.03302; 760.973
0.03328; 760.971
0.03354; 760.966
0.0338; 760.971
0.03406; 760.973
0.03432; 760.971
0.03458; 760.968
0.03484; 760.971
0.0351; 760.972
0.03536; 760.97
0.03562; 760.965
0.03588; 760.97
0.03614; 760.972
0.0364; 760.97
0.03666; 760.967
0.03692; 760.97
0.03718; 760.971
0.03744; 760.97
0.0377; 760.965
0.03796; 760.97
0.03822; 760.971
0.03848; 760.97
0.03874; 760.967
0.039; 760.97
0.03926; 760.971
0.03952; 760.97
0.03978; 760.964
0.04004; 760.97
0.0403; 760.971
0.04056; 760.97
0.04082; 760.967
0.04108; 760.97
0.04134; 760.971
0.0416; 760.97
0.04186; 760.964
0.04212; 760.97
0.04238; 760.971
0.04264; 760.97
0.0429; 760.967
0.04316; 760.97
0.04342; 760.971
0.04368; 760.97
0.04394; 760.965
0.0442; 760.97
0.04446; 760.972
0.04472; 760.971
0.04498; 760.967
0.04524; 760.971
0.0455; 760.972
0.04576; 760.971
0.04602; 760.966
0.04628; 760.971
0.04654; 760.973
0.0468; 760.972
0.04706; 760.968
0.04732; 760.972
0.04758; 760.973
0.04784; 760.972
0.0481; 760.967
0.04836; 760.972
0.04862; 760.974
0.04888; 760.973
0.04914; 760.97
0.0494; 760.973
0.04966; 760.975
0.04992; 760.973
0.05018; 760.968
0.05044; 760.974
0.0507; 760.975
0.05096; 760.974
0.05122; 760.971
0.05148; 760.975
0.05174; 760.976
0.052; 760.975
0.05226; 760.97
0.05252; 760.976
0.05278; 760.977
0.05304; 760.976
0.0533; 760.973
0.05356; 760.977
0.05382; 760.979
0.05408; 760.977
0.05434; 760.972
0.0546; 760.978
0.05486; 760.98
0.05512; 760.979
0.05538; 760.976
0.05564; 760.979
0.0559; 760.981
0.05616; 760.98
0.05642; 760.975
0.05668; 760.981
0.05694; 760.982
0.0572; 760.982
0.05746; 760.979
0.05772; 760.982
0.05798; 760.984
0.05824; 760.983
0.0585; 760.978
0.05876; 760.983
0.05902; 760.985
0.05928; 760.985
0.05954; 760.982
0.0598; 760.985
0.06006; 760.987
0.06032; 760.986
0.06058; 760.981
0.06084; 760.987
0.0611; 760.989
0.06136; 760.988
0.06162; 760.985
0.06188; 760.989
0.06214; 760.991
0.0624; 760.99
0.06266; 760.985
0.06292; 760.991
0.06318; 760.993
0.06344; 760.992
0.0637; 760.989
0.06396; 760.993
0.06422; 760.995
0.06448; 760.994
0.06474; 760.989
0.065; 760.995
0.06526; 760.997
0.06552; 760.996
0.06578; 760.993
0.06604; 760.997
0.0663; 760.999
0.06656; 760.998
0.06682; 760.994
0.06708; 760.999
0.06734; 761.001
0.0676; 761.001
0.06786; 760.998
0.06812; 761.002
0.06838; 761.004
0.06864; 761.003
0.0689; 760.998
0.06916; 761.004
0.06942; 761.006
0.06968; 761.005
0.06994; 761.003
0.0702; 761.007
0.07046; 761.009
0.07072; 761.008
0.07098; 761.003
0.07124; 761.009
0.0715; 761.011
0.07176; 761.011
0.07202; 761.008
0.07228; 761.012
0.07254; 761.014
0.0728; 761.013
0.07306; 761.009
0.07332; 761.015
0.07358; 761.017
0.07384; 761.016
0.0741; 761.014
0.07436; 761.018
0.07462; 761.02
0.07488; 761.019
0.07514; 761.015
0.0754; 761.02
0.07566; 761.023
0.07592; 761.022
0.07618; 761.02
0.07644; 761.024
0.0767; 761.026
0.07696; 761.025
0.07722; 761.02
0.07748; 761.028
0.07774; 761.032
0.078; 761.035
