0.00667; 0
0.01334; 0
0.02001; 0
0.02668; 0
0.03335; 0
0.04002; 0
0.04669; 0
0.05336; 0
0.06003; 0
0.0667; 0
0.07337; 0
0.08004; 0
0.08671; 0
0.09338; 0
0.10005; 0
0.10672; 0
0.11339; 0
0.12006; 0
0.12673; 0
0.1334; 0
0.14007; 0
0.14674; 0
0.15341; 0
0.16008; 0
0.16675; 0
0.17342; 0
0.18009; 0
0.18676; 0
0.19343; 0
0.2001; 0
0.20677; 0
0.21344; 0
0.22011; 0
0.22678; 0
0.23345; 0
0.24012; 0
0.24679; 0
0.25346; 0
0.26013; 0
0.2668; 0
0.27347; 0
0.28014; 0
0.28681; 0
0.29348; 0
0.30015; 0
0.30682; 0
0.31349; 0
0.32016; 0
0.32683; 0
0.3335; 0
0.34017; 0
0.34684; 0
0.35351; 0
0.36018; 0
0.36685; 0
0.37352; 0
0.38019; 0
0.38686; 0
0.39353; 0
0.4002; 0
0.40687; 0
0.41354; 0
0.42021; 0
0.42688; 0
0.43355; 0
0.44022; 0
0.44689; 0
0.45356; 0
0.46023; 0
0.4669; 0
0.47357; 447.356
0.48024; 447.293
0.48691; 447.167
0.49358; 446.977
0.50025; 446.725
0.50692; 446.411
0.51359; 446.036
0.52026; 445.6
0.52693; 445.103
0.5336; 444.548
0.54027; 443.935
0.54694; 443.265
0.55361; 442.539
0.56028; 441.759
0.56695; 440.926
0.57362; 440.042
0.58029; 439.108
0.58696; 438.125
0.59363; 437.096
0.6003; 436.022
0.60697; 434.905
0.61364; 433.747
0.62031; 432.55
0.62698; 431.315
0.63365; 430.045
0.64032; 428.741
0.64699; 427.406
0.65366; 426.041
0.66033; 424.648
0.667; 423.23
0.67367; 421.787
0.68034; 420.323
0.68701; 418.838
0.69368; 417.335
0.70035; 415.815
0.70702; 414.279
0.71369; 412.73
0.72036; 411.169
0.72703; 409.597
0.7337; 408.016
0.74037; 406.426
0.74704; 404.829
0.75371; 403.226
0.76038; 401.616
0.76705; 400.002
0.77372; 398.383
0.78039; 396.759
0.78706; 395.131
0.79373; 393.498
0.8004; 391.86
0.80707; 390.215
0.81374; 388.564
0.82041; 386.903
0.82708; 385.232
0.83375; 383.548
0.84042; 381.848
0.84709; 380.129
0.85376; 378.387
0.86043; 376.616
0.8671; 374.813
0.87377; 372.969
0.88044; 371.078
0.88711; 369.132
0.89378; 367.12
0.90045; 365.032
0.90712; 362.859
0.91379; 360.588
0.92046; 358.214
0.92713; 355.733
0.9338; 353.157
0.94047; 350.524
0.94714; 347.917
0.95381; 345.497
0.96048; 343.529
0.96715; 342.379
0.97382; 342.379
0.98049; 343.529
0.98716; 345.497
0.99383; 347.917
1.0005; 350.524
1.00717; 353.157
1.01384; 355.733
1.02051; 358.214
1.02718; 360.588
1.03385; 362.859
1.04052; 365.032
1.04719; 367.12
1.05386; 369.132
1.06053; 371.078
1.0672; 372.969
1.07387; 374.813
1.08054; 376.616
1.08721; 378.387
1.09388; 380.129
1.10055; 381.848
1.10722; 383.548
1.11389; 385.232
1.12056; 386.903
1.12723; 388.564
1.1339; 390.215
1.14057; 391.86
1.14724; 393.498
1.15391; 395.131
1.16058; 396.759
1.16725; 398.383
1.17392; 400.002
1.18059; 401.616
1.18726; 403.226
1.19393; 404.829
1.2006; 406.426
1.20727; 408.016
1.21394; 409.597
1.22061; 411.169
1.22728; 412.73
1.23395; 414.279
1.24062; 415.815
1.24729; 417.335
1.25396; 418.838
1.26063; 420.323
1.2673; 421.787
1.27397; 423.23
1.28064; 424.648
1.28731; 426.041
1.29398; 427.406
1.30065; 428.741
1.30732; 430.045
1.31399; 431.315
1.32066; 432.55
1.32733; 433.747
1.334; 434.905
1.34067; 436.022
1.34734; 437.096
1.35401; 438.125
1.36068; 439.108
1.36735; 440.042
1.37402; 440.926
1.38069; 441.759
1.38736; 442.539
1.39403; 443.265
1.4007; 443.935
1.40737; 444.548
1.41404; 445.103
1.42071; 445.6
1.42738; 446.036
1.43405; 446.411
1.44072; 446.725
1.44739; 446.977
1.45406; 447.167
1.46073; 447.293
1.4674; 447.356
1.47407; 0
1.48074; 0
1.48741; 0
1.49408; 0
1.50075; 0
1.50742; 0
1.51409; 0
1.52076; 0
1.52743; 0
1.5341; 0
1.54077; 0
1.54744; 0
1.55411; 0
1.56078; 0
1.56745; 0
1.57412; 0
1.58079; 0
1.58746; 0
1.59413; 0
1.6008; 0
1.60747; 0
1.61414; 0
1.62081; 0
1.62748; 0
1.63415; 0
1.64082; 0
1.64749; 0
1.65416; 0
1.66083; 0
1.6675; 0
1.67417; 0
1.68084; 0
1.68751; 0
1.69418; 0
1.70085; 0
1.70752; 0
1.71419; 0
1.72086; 0
1.72753; 0
1.7342; 0
1.74087; 0
1.74754; 0
1.75421; 0
1.76088; 0
1.76755; 0
1.77422; 0
1.78089; 0
1.78756; 0
1.79423; 0
1.8009; 0
1.80757; 0
1.81424; 0
1.82091; 0
1.82758; 0
1.83425; 0
1.84092; 0
1.84759; 0
1.85426; 0
1.86093; 0
1.8676; 0
1.87427; 0
1.88094; 0
1.88761; 0
1.89428; 0
1.90095; 0
1.90762; 0
1.91429; 0
1.92096; 0
1.92763; 0
1.9343; 0
1.94097; 0
1.94764; 0
1.95431; 0
1.96098; 0
1.96765; 0
1.97432; 0
1.98099; 0
1.98766; 0
1.99433; 0
2.001; 0
