0.00667; 0
0.01334; 0
0.02001; 0
0.02668; 0
0.03335; 0
0.04002; 0
0.04669; 0
0.05336; 0
0.06003; 0
0.0667; 0
0.07337; 0
0.08004; 0
0.08671; 0
0.09338; 0
0.10005; 0
0.10672; 0
0.11339; 0
0.12006; 0
0.12673; 0
0.1334; 0
0.14007; 0
0.14674; 0
0.15341; 0
0.16008; 0
0.16675; 0
0.17342; 0
0.18009; 0
0.18676; 0
0.19343; 0
0.2001; 0
0.20677; 0
0.21344; 0
0.22011; 0
0.22678; 0
0.23345; 0
0.24012; 0
0.24679; 0
0.25346; 0
0.26013; 0
0.2668; 0
0.27347; 0
0.28014; 0
0.28681; 0
0.29348; 0
0.30015; 0
0.30682; 0
0.31349; 0
0.32016; 0
0.32683; 0
0.3335; 0
0.34017; 0
0.34684; 0
0.35351; 0
0.36018; 0
0.36685; 0
0.37352; 0
0.38019; 0
0.38686; 0
0.39353; 0
0.4002; 0
0.40687; 0
0.41354; 0
0.42021; 0
0.42688; 0
0.43355; 0
0.44022; 0
0.44689; 0
0.45356; 0
0.46023; 0
0.4669; 0
0.47357; 657.469
0.48024; 657.401
0.48691; 657.266
0.49358; 657.063
0.50025; 656.793
0.50692; 656.455
0.51359; 656.05
0.52026; 655.579
0.52693; 655.041
0.5336; 654.437
0.54027; 653.767
0.54694; 653.033
0.55361; 652.234
0.56028; 651.37
0.56695; 650.443
0.57362; 649.453
0.58029; 648.401
0.58696; 647.287
0.59363; 646.111
0.6003; 644.875
0.60697; 643.578
0.61364; 642.222
0.62031; 640.807
0.62698; 639.333
0.63365; 637.801
0.64032; 636.211
0.64699; 634.565
0.65366; 632.861
0.66033; 631.1
0.667; 629.283
0.67367; 627.409
0.68034; 625.479
0.68701; 623.492
0.69368; 621.448
0.70035; 619.346
0.70702; 617.187
0.71369; 614.969
0.72036; 612.691
0.72703; 610.353
0.7337; 607.952
0.74037; 605.488
0.74704; 602.958
0.75371; 600.36
0.76038; 597.692
0.76705; 594.95
0.77372; 592.132
0.78039; 589.233
0.78706; 586.249
0.79373; 583.176
0.8004; 580.007
0.80707; 576.736
0.81374; 573.357
0.82041; 569.86
0.82708; 566.237
0.83375; 562.478
0.84042; 558.57
0.84709; 554.5
0.85376; 550.253
0.86043; 545.812
0.8671; 541.156
0.87377; 536.264
0.88044; 531.11
0.88711; 525.666
0.89378; 519.9
0.90045; 513.78
0.90712; 507.27
0.91379; 500.337
0.92046; 492.958
0.92713; 485.131
0.9338; 476.898
0.94047; 468.389
0.94714; 459.891
0.95381; 451.948
0.96048; 445.46
0.96715; 441.657
0.97382; 441.657
0.98049; 445.46
0.98716; 451.948
0.99383; 459.891
1.0005; 468.389
1.00717; 476.898
1.01384; 485.131
1.02051; 492.958
1.02718; 500.337
1.03385; 507.27
1.04052; 513.78
1.04719; 519.9
1.05386; 525.666
1.06053; 531.11
1.0672; 536.264
1.07387; 541.156
1.08054; 545.812
1.08721; 550.253
1.09388; 554.5
1.10055; 558.57
1.10722; 562.478
1.11389; 566.237
1.12056; 569.86
1.12723; 573.357
1.1339; 576.736
1.14057; 580.007
1.14724; 583.176
1.15391; 586.249
1.16058; 589.233
1.16725; 592.132
1.17392; 594.95
1.18059; 597.692
1.18726; 600.36
1.19393; 602.958
1.2006; 605.488
1.20727; 607.952
1.21394; 610.353
1.22061; 612.691
1.22728; 614.969
1.23395; 617.187
1.24062; 619.346
1.24729; 621.448
1.25396; 623.492
1.26063; 625.479
1.2673; 627.409
1.27397; 629.283
1.28064; 631.1
1.28731; 632.861
1.29398; 634.565
1.30065; 636.211
1.30732; 637.801
1.31399; 639.333
1.32066; 640.807
1.32733; 642.222
1.334; 643.578
1.34067; 644.875
1.34734; 646.111
1.35401; 647.287
1.36068; 648.401
1.36735; 649.453
1.37402; 650.443
1.38069; 651.37
1.38736; 652.234
1.39403; 653.033
1.4007; 653.767
1.40737; 654.437
1.41404; 655.041
1.42071; 655.579
1.42738; 656.05
1.43405; 656.455
1.44072; 656.793
1.44739; 657.063
1.45406; 657.266
1.46073; 657.401
1.4674; 657.469
1.47407; 0
1.48074; 0
1.48741; 0
1.49408; 0
1.50075; 0
1.50742; 0
1.51409; 0
1.52076; 0
1.52743; 0
1.5341; 0
1.54077; 0
1.54744; 0
1.55411; 0
1.56078; 0
1.56745; 0
1.57412; 0
1.58079; 0
1.58746; 0
1.59413; 0
1.6008; 0
1.60747; 0
1.61414; 0
1.62081; 0
1.62748; 0
1.63415; 0
1.64082; 0
1.64749; 0
1.65416; 0
1.66083; 0
1.6675; 0
1.67417; 0
1.68084; 0
1.68751; 0
1.69418; 0
1.70085; 0
1.70752; 0
1.71419; 0
1.72086; 0
1.72753; 0
1.7342; 0
1.74087; 0
1.74754; 0
1.75421; 0
1.76088; 0
1.76755; 0
1.77422; 0
1.78089; 0
1.78756; 0
1.79423; 0
1.8009; 0
1.80757; 0
1.81424; 0
1.82091; 0
1.82758; 0
1.83425; 0
1.84092; 0
1.84759; 0
1.85426; 0
1.86093; 0
1.8676; 0
1.87427; 0
1.88094; 0
1.88761; 0
1.89428; 0
1.90095; 0
1.90762; 0
1.91429; 0
1.92096; 0
1.92763; 0
1.9343; 0
1.94097; 0
1.94764; 0
1.95431; 0
1.96098; 0
1.96765; 0
1.97432; 0
1.98099; 0
1.98766; 0
1.99433; 0
2.001; 0
