0.00667; 0
0.01334; 0
0.02001; 0
0.02668; 0
0.03335; 0
0.04002; 0
0.04669; 0
0.05336; 0
0.06003; 0
0.0667; 0
0.07337; 0
0.08004; 0
0.08671; 0
0.09338; 0
0.10005; 0
0.10672; 0
0.11339; 0
0.12006; 0
0.12673; 0
0.1334; 0
0.14007; 0
0.14674; 0
0.15341; 0
0.16008; 0
0.16675; 0
0.17342; 0
0.18009; 0
0.18676; 0
0.19343; 0
0.2001; 0
0.20677; 0
0.21344; 0
0.22011; 0
0.22678; 0
0.23345; 0
0.24012; 0
0.24679; 0
0.25346; 0
0.26013; 0
0.2668; 0
0.27347; 0
0.28014; 0
0.28681; 0
0.29348; 0
0.30015; 0
0.30682; 0
0.31349; 0
0.32016; 0
0.32683; 0
0.3335; 0
0.34017; 0
0.34684; 0
0.35351; 0
0.36018; 0
0.36685; 0
0.37352; 0
0.38019; 0
0.38686; 0
0.39353; 0
0.4002; 0
0.40687; 0
0.41354; 0
0.42021; 0
0.42688; 0
0.43355; 0
0.44022; 0
0.44689; 0
0.45356; 0
0.46023; 0
0.4669; 0
0.47357; 490.712
0.48024; 490.646
0.48691; 490.515
0.49358; 490.319
0.50025; 490.058
0.50692; 489.732
0.51359; 489.343
0.52026; 488.89
0.52693; 488.375
0.5336; 487.798
0.54027; 487.16
0.54694; 486.462
0.55361; 485.706
0.56028; 484.892
0.56695; 484.022
0.57362; 483.098
0.58029; 482.119
0.58696; 481.089
0.59363; 480.009
0.6003; 478.879
0.60697; 477.702
0.61364; 476.479
0.62031; 475.213
0.62698; 473.904
0.63365; 472.554
0.64032; 471.166
0.64699; 469.74
0.65366; 468.278
0.66033; 466.782
0.667; 465.254
0.67367; 463.696
0.68034; 462.108
0.68701; 460.492
0.69368; 458.85
0.70035; 457.183
0.70702; 455.492
0.71369; 453.778
0.72036; 452.043
0.72703; 450.288
0.7337; 448.512
0.74037; 446.718
0.74704; 444.905
0.75371; 443.073
0.76038; 441.224
0.76705; 439.356
0.77372; 437.47
0.78039; 435.564
0.78706; 433.639
0.79373; 431.692
0.8004; 429.724
0.80707; 427.73
0.81374; 425.71
0.82041; 423.661
0.82708; 421.578
0.83375; 419.46
0.84042; 417.299
0.84709; 415.093
0.85376; 412.833
0.86043; 410.513
0.8671; 408.125
0.87377; 405.659
0.88044; 403.103
0.88711; 400.447
0.89378; 397.675
0.90045; 394.773
0.90712; 391.725
0.91379; 388.517
0.92046; 385.137
0.92713; 381.583
0.9338; 377.874
0.94047; 374.064
0.94714; 370.279
0.95381; 366.754
0.96048; 363.883
0.96715; 362.202
0.97382; 362.202
0.98049; 363.883
0.98716; 366.754
0.99383; 370.279
1.0005; 374.064
1.00717; 377.874
1.01384; 381.583
1.02051; 385.137
1.02718; 388.517
1.03385; 391.725
1.04052; 394.773
1.04719; 397.675
1.05386; 400.447
1.06053; 403.103
1.0672; 405.659
1.07387; 408.125
1.08054; 410.513
1.08721; 412.833
1.09388; 415.093
1.10055; 417.299
1.10722; 419.46
1.11389; 421.578
1.12056; 423.661
1.12723; 425.71
1.1339; 427.73
1.14057; 429.724
1.14724; 431.692
1.15391; 433.639
1.16058; 435.564
1.16725; 437.47
1.17392; 439.356
1.18059; 441.224
1.18726; 443.073
1.19393; 444.905
1.2006; 446.718
1.20727; 448.512
1.21394; 450.288
1.22061; 452.043
1.22728; 453.778
1.23395; 455.492
1.24062; 457.183
1.24729; 458.85
1.25396; 460.492
1.26063; 462.108
1.2673; 463.696
1.27397; 465.254
1.28064; 466.782
1.28731; 468.278
1.29398; 469.74
1.30065; 471.166
1.30732; 472.554
1.31399; 473.904
1.32066; 475.213
1.32733; 476.479
1.334; 477.702
1.34067; 478.879
1.34734; 480.009
1.35401; 481.089
1.36068; 482.119
1.36735; 483.098
1.37402; 484.022
1.38069; 484.892
1.38736; 485.706
1.39403; 486.462
1.4007; 487.16
1.40737; 487.798
1.41404; 488.375
1.42071; 488.89
1.42738; 489.343
1.43405; 489.732
1.44072; 490.058
1.44739; 490.319
1.45406; 490.515
1.46073; 490.646
1.4674; 490.712
1.47407; 0
1.48074; 0
1.48741; 0
1.49408; 0
1.50075; 0
1.50742; 0
1.51409; 0
1.52076; 0
1.52743; 0
1.5341; 0
1.54077; 0
1.54744; 0
1.55411; 0
1.56078; 0
1.56745; 0
1.57412; 0
1.58079; 0
1.58746; 0
1.59413; 0
1.6008; 0
1.60747; 0
1.61414; 0
1.62081; 0
1.62748; 0
1.63415; 0
1.64082; 0
1.64749; 0
1.65416; 0
1.66083; 0
1.6675; 0
1.67417; 0
1.68084; 0
1.68751; 0
1.69418; 0
1.70085; 0
1.70752; 0
1.71419; 0
1.72086; 0
1.72753; 0
1.7342; 0
1.74087; 0
1.74754; 0
1.75421; 0
1.76088; 0
1.76755; 0
1.77422; 0
1.78089; 0
1.78756; 0
1.79423; 0
1.8009; 0
1.80757; 0
1.81424; 0
1.82091; 0
1.82758; 0
1.83425; 0
1.84092; 0
1.84759; 0
1.85426; 0
1.86093; 0
1.8676; 0
1.87427; 0
1.88094; 0
1.88761; 0
1.89428; 0
1.90095; 0
1.90762; 0
1.91429; 0
1.92096; 0
1.92763; 0
1.9343; 0
1.94097; 0
1.94764; 0
1.95431; 0
1.96098; 0
1.96765; 0
1.97432; 0
1.98099; 0
1.98766; 0
1.99433; 0
2.001; 0
