0.00026; 0
0.00052; 0
0.00078; 0
0.00104; 0
0.0013; 0
0.00156; 0
0.00182; 0
0.00208; 0
0.00234; 0
0.0026; 0
0.00286; 0
0.00312; 0
0.00338; 0
0.00364; 0
0.0039; 0
0.00416; 0
0.00442; 0
0.00468; 0
0.00494; 0
0.0052; 0
0.00546; 0
0.00572; 0
0.00598; 0
0.00624; 0
0.0065; 0
0.00676; 0
0.00702; 0
0.00728; 0
0.00754; 0
0.0078; 0
0.00806; 0
0.00832; 0
0.00858; 0
0.00884; 0
0.0091; 0
0.00936; 0
0.00962; 0
0.00988; 304.932
0.01014; 305.511
0.0104; 305.948
0.01066; 306.445
0.01092; 307.038
0.01118; 307.643
0.01144; 308.238
0.0117; 308.874
0.01196; 309.579
0.01222; 310.249
0.01248; 310.867
0.01274; 311.521
0.013; 312.216
0.01326; 312.849
0.01352; 313.393
0.01378; 313.922
0.01404; 314.469
0.0143; 314.919
0.01456; 315.26
0.01482; 315.606
0.01508; 315.966
0.01534; 316.232
0.0156; 316.386
0.01586; 316.517
0.01612; 316.665
0.01638; 316.711
0.01664; 316.651
0.0169; 316.608
0.01716; 316.589
0.01742; 316.488
0.01768; 316.286
0.01794; 316.079
0.0182; 315.902
0.01846; 315.641
0.01872; 315.289
0.01898; 314.972
0.01924; 314.695
0.0195; 314.353
0.01976; 313.933
0.02002; 313.526
0.02028; 313.167
0.02054; 312.746
0.0208; 312.259
0.02106; 311.827
0.02132; 311.453
0.02158; 311.04
0.02184; 310.574
0.0221; 310.142
0.02236; 309.777
0.02262; 309.373
0.02288; 308.93
0.02314; 308.556
0.0234; 308.25
0.02366; 307.926
0.02392; 307.568
0.02418; 307.255
0.02444; 307.009
0.0247; 306.738
0.02496; 306.44
0.02522; 306.207
0.02548; 306.035
0.02574; 305.847
0.026; 305.629
0.02626; 305.448
0.02652; 305.318
0.02678; 305.162
0.02704; 304.977
0.0273; 304.839
0.02756; 304.744
0.02782; 304.626
0.02808; 304.476
0.02834; 304.347
0.0286; 304.252
0.02886; 304.128
0.02912; 303.971
0.02938; 303.848
0.02964; 303.751
0.0299; 303.632
0.03016; 303.482
0.03042; 303.345
0.03068; 303.233
0.03094; 303.095
0.0312; 302.931
0.03146; 302.794
0.03172; 302.678
0.03198; 302.545
0.03224; 302.391
0.0325; 302.251
0.03276; 302.131
0.03302; 301.995
0.03328; 301.845
0.03354; 301.718
0.0338; 301.609
0.03406; 301.493
0.03432; 301.367
0.03458; 301.254
0.03484; 301.158
0.0351; 301.056
0.03536; 300.949
0.03562; 300.861
0.03588; 300.786
0.03614; 300.709
0.0364; 300.63
0.03666; 300.562
0.03692; 300.505
0.03718; 300.447
0.03744; 300.389
0.0377; 300.343
0.03796; 300.304
0.03822; 300.267
0.03848; 300.229
0.03874; 300.199
0.039; 300.173
0.03926; 300.149
0.03952; 300.125
0.03978; 300.107
0.04004; 300.092
0.0403; 300.078
0.04056; 300.065
0.04082; 300.055
0.04108; 300.046
0.04134; 300.039
0.0416; 300.032
0.04186; 300.026
0.04212; 300.022
0.04238; 300.019
0.04264; 300.015
0.0429; 300.013
0.04316; 300.011
0.04342; 300.01
0.04368; 300.009
0.04394; 300.009
0.0442; 0
0.04446; 0
0.04472; 0
0.04498; 0
0.04524; 0
0.0455; 0
0.04576; 0
0.04602; 0
0.04628; 0
0.04654; 0
0.0468; 0
0.04706; 0
0.04732; 0
0.04758; 0
0.04784; 0
0.0481; 0
0.04836; 0
0.04862; 0
0.04888; 0
0.04914; 0
0.0494; 0
0.04966; 0
0.04992; 0
0.05018; 0
0.05044; 0
0.0507; 0
0.05096; 0
0.05122; 0
0.05148; 0
0.05174; 0
0.052; 0
0.05226; 0
0.05252; 0
0.05278; 0
0.05304; 0
0.0533; 0
0.05356; 0
0.05382; 0
0.05408; 0
0.05434; 0
0.0546; 0
0.05486; 0
0.05512; 0
0.05538; 0
0.05564; 0
0.0559; 0
0.05616; 0
0.05642; 0
0.05668; 0
0.05694; 0
0.0572; 0
0.05746; 0
0.05772; 0
0.05798; 0
0.05824; 0
0.0585; 0
0.05876; 0
0.05902; 0
0.05928; 0
0.05954; 0
0.0598; 0
0.06006; 0
0.06032; 0
0.06058; 0
0.06084; 0
0.0611; 0
0.06136; 0
0.06162; 0
0.06188; 0
0.06214; 0
0.0624; 0
0.06266; 0
0.06292; 0
0.06318; 0
0.06344; 0
0.0637; 0
0.06396; 0
0.06422; 0
0.06448; 0
0.06474; 0
0.065; 0
0.06526; 0
0.06552; 0
0.06578; 0
0.06604; 0
0.0663; 0
0.06656; 0
0.06682; 0
0.06708; 0
0.06734; 0
0.0676; 0
0.06786; 0
0.06812; 0
0.06838; 0
0.06864; 0
0.0689; 0
0.06916; 0
0.06942; 0
0.06968; 0
0.06994; 0
0.0702; 0
0.07046; 0
0.07072; 0
0.07098; 0
0.07124; 0
0.0715; 0
0.07176; 0
0.07202; 0
0.07228; 0
0.07254; 0
0.0728; 0
0.07306; 0
0.07332; 0
0.07358; 0
0.07384; 0
0.0741; 0
0.07436; 0
0.07462; 0
0.07488; 0
0.07514; 0
0.0754; 0
0.07566; 0
0.07592; 0
0.07618; 0
0.07644; 0
0.0767; 0
0.07696; 0
0.07722; 0
0.07748; 0
0.07774; 0
0.078; 0
