0.00026; 450.256
0.00052; 450.243
0.00078; 450.224
0.00104; 450.243
0.0013; 450.243
0.00156; 450.238
0.00182; 450.224
0.00208; 450.231
0.00234; 450.23
0.0026; 450.22
0.00286; 450.193
0.00312; 450.213
0.00338; 450.213
0.00364; 450.208
0.0039; 450.194
0.00416; 450.201
0.00442; 450.2
0.00468; 450.191
0.00494; 450.164
0.0052; 450.184
0.00546; 450.184
0.00572; 450.179
0.00598; 450.166
0.00624; 450.173
0.0065; 450.173
0.00676; 450.163
0.00702; 450.136
0.00728; 450.156
0.00754; 450.157
0.0078; 450.152
0.00806; 450.139
0.00832; 450.146
0.00858; 450.146
0.00884; 450.136
0.0091; 450.11
0.00936; 450.13
0.00962; 450.131
0.00988; 450.126
0.01014; 450.114
0.0104; 450.121
0.01066; 450.121
0.01092; 450.112
0.01118; 450.085
0.01144; 450.106
0.0117; 450.106
0.01196; 450.102
0.01222; 450.09
0.01248; 450.097
0.01274; 450.097
0.013; 450.088
0.01326; 450.062
0.01352; 450.083
0.01378; 450.084
0.01404; 450.08
0.0143; 450.068
0.01456; 450.075
0.01482; 450.075
0.01508; 450.066
0.01534; 450.04
0.0156; 450.061
0.01586; 450.063
0.01612; 450.059
0.01638; 450.047
0.01664; 450.055
0.0169; 450.055
0.01716; 450.047
0.01742; 450.021
0.01768; 450.042
0.01794; 450.043
0.0182; 450.04
0.01846; 450.028
0.01872; 450.036
0.01898; 450.037
0.01924; 450.029
0.0195; 450.003
0.01976; 450.024
0.02002; 450.026
0.02028; 450.023
0.02054; 450.011
0.0208; 450.02
0.02106; 450.02
0.02132; 450.012
0.02158; 449.987
0.02184; 450.009
0.0221; 450.01
0.02236; 450.007
0.02262; 449.996
0.02288; 450.005
0.02314; 450.006
0.0234; 449.998
0.02366; 449.973
0.02392; 449.995
0.02418; 449.997
0.02444; 449.994
0.0247; 449.983
0.02496; 449.992
0.02522; 449.993
0.02548; 449.986
0.02574; 449.961
0.026; 449.983
0.02626; 449.985
0.02652; 449.983
0.02678; 449.972
0.02704; 449.981
0.0273; 449.982
0.02756; 449.975
0.02782; 449.95
0.02808; 449.972
0.02834; 449.975
0.0286; 449.972
0.02886; 449.962
0.02912; 449.971
0.02938; 449.973
0.02964; 449.966
0.0299; 449.941
0.03016; 449.964
0.03042; 449.966
0.03068; 449.964
0.03094; 449.953
0.0312; 449.963
0.03146; 449.965
0.03172; 449.958
0.03198; 449.933
0.03224; 449.956
0.0325; 449.959
0.03276; 449.957
0.03302; 449.947
0.03328; 449.957
0.03354; 449.959
0.0338; 449.952
0.03406; 449.928
0.03432; 449.951
0.03458; 449.955
0.03484; 449.953
0.0351; 449.943
0.03536; 449.952
0.03562; 449.955
0.03588; 449.948
0.03614; 449.925
0.0364; 449.948
0.03666; 449.951
0.03692; 449.95
0.03718; 449.94
0.03744; 449.95
0.0377; 449.952
0.03796; 449.946
0.03822; 449.923
0.03848; 449.946
0.03874; 449.95
0.039; 449.948
0.03926; 449.938
0.03952; 449.949
0.03978; 449.951
0.04004; 449.945
0.0403; 449.922
0.04056; 449.945
0.04082; 449.949
0.04108; 449.948
0.04134; 449.938
0.0416; 449.949
0.04186; 449.952
0.04212; 449.946
0.04238; 449.923
0.04264; 449.947
0.0429; 449.951
0.04316; 449.95
0.04342; 449.94
0.04368; 449.951
0.04394; 449.954
0.0442; 449.948
0.04446; 449.925
0.04472; 449.95
0.04498; 449.954
0.04524; 449.953
0.0455; 449.944
0.04576; 449.955
0.04602; 449.958
0.04628; 449.953
0.04654; 449.93
0.0468; 449.954
0.04706; 449.959
0.04732; 449.958
0.04758; 449.949
0.04784; 449.96
0.0481; 449.964
0.04836; 449.959
0.04862; 449.936
0.04888; 449.961
0.04914; 449.965
0.0494; 449.965
0.04966; 449.956
0.04992; 449.967
0.05018; 449.971
0.05044; 449.966
0.0507; 449.944
0.05096; 449.968
0.05122; 449.973
0.05148; 449.973
0.05174; 449.965
0.052; 449.976
0.05226; 449.98
0.05252; 449.976
0.05278; 449.954
0.05304; 449.978
0.0533; 449.983
0.05356; 449.983
0.05382; 449.975
0.05408; 449.987
0.05434; 449.991
0.0546; 449.987
0.05486; 449.965
0.05512; 449.99
0.05538; 449.995
0.05564; 449.995
0.0559; 449.987
0.05616; 449.999
0.05642; 450.003
0.05668; 449.999
0.05694; 449.977
0.0572; 450.003
0.05746; 450.008
0.05772; 450.009
0.05798; 450.001
0.05824; 450.013
0.0585; 450.018
0.05876; 450.013
0.05902; 449.992
0.05928; 450.017
0.05954; 450.023
0.0598; 450.024
0.06006; 450.016
0.06032; 450.028
0.06058; 450.033
0.06084; 450.029
0.0611; 450.008
0.06136; 450.034
0.06162; 450.039
0.06188; 450.04
0.06214; 450.033
0.0624; 450.045
0.06266; 450.05
0.06292; 450.047
0.06318; 450.026
0.06344; 450.051
0.0637; 450.057
0.06396; 450.058
0.06422; 450.051
0.06448; 450.064
0.06474; 450.069
0.065; 450.066
0.06526; 450.045
0.06552; 450.071
0.06578; 450.077
0.06604; 450.078
0.0663; 450.071
0.06656; 450.084
0.06682; 450.089
0.06708; 450.086
0.06734; 450.065
0.0676; 450.091
0.06786; 450.097
0.06812; 450.099
0.06838; 450.092
0.06864; 450.105
0.0689; 450.11
0.06916; 450.107
0.06942; 450.087
0.06968; 450.113
0.06994; 450.12
0.0702; 450.121
0.07046; 450.115
0.07072; 450.128
0.07098; 450.134
0.07124; 450.13
0.0715; 450.11
0.07176; 450.137
0.07202; 450.143
0.07228; 450.145
0.07254; 450.138
0.0728; 450.152
0.07306; 450.158
0.07332; 450.155
0.07358; 450.135
0.07384; 450.161
0.0741; 450.168
0.07436; 450.17
0.07462; 450.164
0.07488; 450.177
0.07514; 450.183
0.0754; 450.181
0.07566; 450.16
0.07592; 450.187
0.07618; 450.194
0.07644; 450.197
0.0767; 450.191
0.07696; 450.204
0.07722; 450.21
0.07748; 450.207
0.07774; 450.188
0.078; 450.207
