0.00667; 0
0.01334; 0
0.02001; 0
0.02668; 0
0.03335; 0
0.04002; 0
0.04669; 0
0.05336; 0
0.06003; 0
0.0667; 0
0.07337; 0
0.08004; 0
0.08671; 0
0.09338; 0
0.10005; 0
0.10672; 0
0.11339; 0
0.12006; 0
0.12673; 0
0.1334; 0
0.14007; 0
0.14674; 0
0.15341; 0
0.16008; 0
0.16675; 0
0.17342; 0
0.18009; 0
0.18676; 0
0.19343; 0
0.2001; 0
0.20677; 0
0.21344; 0
0.22011; 0
0.22678; 0
0.23345; 0
0.24012; 0
0.24679; 0
0.25346; 0
0.26013; 0
0.2668; 0
0.27347; 0
0.28014; 0
0.28681; 0
0.29348; 0
0.30015; 0
0.30682; 0
0.31349; 0
0.32016; 0
0.32683; 0
0.3335; 0
0.34017; 0
0.34684; 0
0.35351; 0
0.36018; 0
0.36685; 0
0.37352; 0
0.38019; 0
0.38686; 0
0.39353; 0
0.4002; 0
0.40687; 0
0.41354; 0
0.42021; 0
0.42688; 0
0.43355; 0
0.44022; 0
0.44689; 0
0.45356; 0
0.46023; 0
0.4669; 0
0.47357; 465.002
0.48024; 464.938
0.48691; 464.809
0.49358; 464.616
0.50025; 464.36
0.50692; 464.04
0.51359; 463.657
0.52026; 463.212
0.52693; 462.706
0.5336; 462.14
0.54027; 461.514
0.54694; 460.83
0.55361; 460.089
0.56028; 459.292
0.56695; 458.441
0.57362; 457.536
0.58029; 456.58
0.58696; 455.574
0.59363; 454.52
0.6003; 453.419
0.60697; 452.273
0.61364; 451.084
0.62031; 449.854
0.62698; 448.584
0.63365; 447.277
0.64032; 445.933
0.64699; 444.556
0.65366; 443.146
0.66033; 441.706
0.667; 440.238
0.67367; 438.743
0.68034; 437.223
0.68701; 435.679
0.69368; 434.114
0.70035; 432.529
0.70702; 430.925
0.71369; 429.304
0.72036; 427.667
0.72703; 426.015
0.7337; 424.35
0.74037; 422.672
0.74704; 420.983
0.75371; 419.282
0.76038; 417.571
0.76705; 415.849
0.77372; 414.117
0.78039; 412.375
0.78706; 410.623
0.79373; 408.859
0.8004; 407.083
0.80707; 405.294
0.81374; 403.49
0.82041; 401.669
0.82708; 399.829
0.83375; 397.967
0.84042; 396.078
0.84709; 394.16
0.85376; 392.207
0.86043; 390.214
0.8671; 388.173
0.87377; 386.077
0.88044; 383.917
0.88711; 381.684
0.89378; 379.366
0.90045; 376.95
0.90712; 374.425
0.91379; 371.777
0.92046; 368.999
0.92713; 366.087
0.9338; 363.057
0.94047; 359.952
0.94714; 356.873
0.95381; 354.01
0.96048; 351.68
0.96715; 350.317
0.97382; 350.317
0.98049; 351.68
0.98716; 354.01
0.99383; 356.873
1.0005; 359.952
1.00717; 363.057
1.01384; 366.087
1.02051; 368.999
1.02718; 371.777
1.03385; 374.425
1.04052; 376.95
1.04719; 379.366
1.05386; 381.684
1.06053; 383.917
1.0672; 386.077
1.07387; 388.173
1.08054; 390.214
1.08721; 392.207
1.09388; 394.16
1.10055; 396.078
1.10722; 397.967
1.11389; 399.829
1.12056; 401.669
1.12723; 403.49
1.1339; 405.294
1.14057; 407.083
1.14724; 408.859
1.15391; 410.623
1.16058; 412.375
1.16725; 414.117
1.17392; 415.849
1.18059; 417.571
1.18726; 419.282
1.19393; 420.983
1.2006; 422.672
1.20727; 424.35
1.21394; 426.015
1.22061; 427.667
1.22728; 429.304
1.23395; 430.925
1.24062; 432.529
1.24729; 434.114
1.25396; 435.679
1.26063; 437.223
1.2673; 438.743
1.27397; 440.238
1.28064; 441.706
1.28731; 443.146
1.29398; 444.556
1.30065; 445.933
1.30732; 447.277
1.31399; 448.584
1.32066; 449.854
1.32733; 451.084
1.334; 452.273
1.34067; 453.419
1.34734; 454.52
1.35401; 455.574
1.36068; 456.58
1.36735; 457.536
1.37402; 458.441
1.38069; 459.292
1.38736; 460.089
1.39403; 460.83
1.4007; 461.514
1.40737; 462.14
1.41404; 462.706
1.42071; 463.212
1.42738; 463.657
1.43405; 464.04
1.44072; 464.36
1.44739; 464.616
1.45406; 464.809
1.46073; 464.938
1.4674; 465.002
1.47407; 0
1.48074; 0
1.48741; 0
1.49408; 0
1.50075; 0
1.50742; 0
1.51409; 0
1.52076; 0
1.52743; 0
1.5341; 0
1.54077; 0
1.54744; 0
1.55411; 0
1.56078; 0
1.56745; 0
1.57412; 0
1.58079; 0
1.58746; 0
1.59413; 0
1.6008; 0
1.60747; 0
1.61414; 0
1.62081; 0
1.62748; 0
1.63415; 0
1.64082; 0
1.64749; 0
1.65416; 0
1.66083; 0
1.6675; 0
1.67417; 0
1.68084; 0
1.68751; 0
1.69418; 0
1.70085; 0
1.70752; 0
1.71419; 0
1.72086; 0
1.72753; 0
1.7342; 0
1.74087; 0
1.74754; 0
1.75421; 0
1.76088; 0
1.76755; 0
1.77422; 0
1.78089; 0
1.78756; 0
1.79423; 0
1.8009; 0
1.80757; 0
1.81424; 0
1.82091; 0
1.82758; 0
1.83425; 0
1.84092; 0
1.84759; 0
1.85426; 0
1.86093; 0
1.8676; 0
1.87427; 0
1.88094; 0
1.88761; 0
1.89428; 0
1.90095; 0
1.90762; 0
1.91429; 0
1.92096; 0
1.92763; 0
1.9343; 0
1.94097; 0
1.94764; 0
1.95431; 0
1.96098; 0
1.96765; 0
1.97432; 0
1.98099; 0
1.98766; 0
1.99433; 0
2.001; 0
