0.00667; 0
0.01334; 0
0.02001; 0
0.02668; 0
0.03335; 0
0.04002; 0
0.04669; 0
0.05336; 0
0.06003; 0
0.0667; 0
0.07337; 0
0.08004; 0
0.08671; 0
0.09338; 0
0.10005; 0
0.10672; 0
0.11339; 0
0.12006; 0
0.12673; 0
0.1334; 0
0.14007; 0
0.14674; 0
0.15341; 0
0.16008; 0
0.16675; 0
0.17342; 0
0.18009; 0
0.18676; 0
0.19343; 0
0.2001; 0
0.20677; 0
0.21344; 0
0.22011; 0
0.22678; 0
0.23345; 0
0.24012; 0
0.24679; 0
0.25346; 0
0.26013; 0
0.2668; 0
0.27347; 0
0.28014; 0
0.28681; 0
0.29348; 0
0.30015; 0
0.30682; 0
0.31349; 0
0.32016; 0
0.32683; 0
0.3335; 0
0.34017; 0
0.34684; 0
0.35351; 0
0.36018; 0
0.36685; 0
0.37352; 0
0.38019; 0
0.38686; 0
0.39353; 0
0.4002; 0
0.40687; 0
0.41354; 0
0.42021; 0
0.42688; 0
0.43355; 0
0.44022; 0
0.44689; 0
0.45356; 0
0.46023; 0
0.4669; 0
0.47357; 0
0.48024; 0
0.48691; 1000
0.49358; 915.831
0.50025; 833.582
0.50692; 755.042
0.51359; 681.751
0.52026; 614.908
0.52693; 555.323
0.5336; 503.403
0.54027; 459.173
0.54694; 422.331
0.55361; 392.318
0.56028; 368.402
0.56695; 349.758
0.57362; 335.535
0.58029; 324.915
0.58696; 317.15
0.59363; 311.592
0.6003; 307.694
0.60697; 305.015
0.61364; 303.211
0.62031; 302.02
0.62698; 301.249
0.63365; 300.759
0.64032; 300.453
0.64699; 300.267
0.65366; 300.154
0.66033; 300.088
0.667; 300.05
0.67367; 300.028
0.68034; 300.015
0.68701; 300.009
0.69368; 300.005
0.70035; 300.003
0.70702; 300.002
0.71369; 300.001
0.72036; 300.001
0.72703; 300.001
0.7337; 300.001
0.74037; 300.001
0.74704; 300.001
0.75371; 300.001
0.76038; 300.001
0.76705; 300.001
0.77372; 300.001
0.78039; 300.002
0.78706; 300.003
0.79373; 300.006
0.8004; 300.009
0.80707; 300.016
0.81374; 300.028
0.82041; 300.049
0.82708; 300.084
0.83375; 300.143
0.84042; 300.239
0.84709; 300.394
0.85376; 300.638
0.86043; 301.017
0.8671; 301.595
0.87377; 302.46
0.88044; 303.729
0.88711; 305.559
0.89378; 308.146
0.90045; 311.735
0.90712; 316.619
0.91379; 323.136
0.92046; 331.655
0.92713; 342.561
0.9338; 356.209
0.94047; 372.862
0.94714; 392.582
0.95381; 415.054
0.96048; 439.312
0.96715; 463.372
0.97382; 483.87
0.98049; 496.204
0.98716; 496.204
0.99383; 483.87
1.0005; 463.372
1.00717; 439.312
1.01384; 415.054
1.02051; 392.582
1.02718; 372.862
1.03385; 356.209
1.04052; 342.561
1.04719; 331.655
1.05386; 323.136
1.06053; 316.619
1.0672; 311.735
1.07387; 308.146
1.08054; 305.559
1.08721; 303.729
1.09388; 302.46
1.10055; 301.595
1.10722; 301.017
1.11389; 300.638
1.12056; 300.394
1.12723; 300.239
1.1339; 300.143
1.14057; 300.084
1.14724; 300.049
1.15391; 300.028
1.16058; 300.016
1.16725; 300.009
1.17392; 300.006
1.18059; 300.003
1.18726; 300.002
1.19393; 300.001
1.2006; 300.001
1.20727; 300.001
1.21394; 300.001
1.22061; 300.001
1.22728; 300.001
1.23395; 300.001
1.24062; 300.001
1.24729; 300.001
1.25396; 300.001
1.26063; 300.002
1.2673; 300.003
1.27397; 300.005
1.28064; 300.009
1.28731; 300.015
1.29398; 300.028
1.30065; 300.05
1.30732; 300.088
1.31399; 300.154
1.32066; 300.267
1.32733; 300.453
1.334; 300.759
1.34067; 301.249
1.34734; 302.02
1.35401; 303.211
1.36068; 305.015
1.36735; 307.694
1.37402; 311.592
1.38069; 317.15
1.38736; 324.915
1.39403; 335.535
1.4007; 349.758
1.40737; 368.402
1.41404; 392.318
1.42071; 422.331
1.42738; 459.173
1.43405; 503.403
1.44072; 555.323
1.44739; 614.908
1.45406; 681.751
1.46073; 755.042
1.4674; 833.582
1.47407; 915.831
1.48074; 1000
1.48741; 0
1.49408; 0
1.50075; 0
1.50742; 0
1.51409; 0
1.52076; 0
1.52743; 0
1.5341; 0
1.54077; 0
1.54744; 0
1.55411; 0
1.56078; 0
1.56745; 0
1.57412; 0
1.58079; 0
1.58746; 0
1.59413; 0
1.6008; 0
1.60747; 0
1.61414; 0
1.62081; 0
1.62748; 0
1.63415; 0
1.64082; 0
1.64749; 0
1.65416; 0
1.66083; 0
1.6675; 0
1.67417; 0
1.68084; 0
1.68751; 0
1.69418; 0
1.70085; 0
1.70752; 0
1.71419; 0
1.72086; 0
1.72753; 0
1.7342; 0
1.74087; 0
1.74754; 0
1.75421; 0
1.76088; 0
1.76755; 0
1.77422; 0
1.78089; 0
1.78756; 0
1.79423; 0
1.8009; 0
1.80757; 0
1.81424; 0
1.82091; 0
1.82758; 0
1.83425; 0
1.84092; 0
1.84759; 0
1.85426; 0
1.86093; 0
1.8676; 0
1.87427; 0
1.88094; 0
1.88761; 0
1.89428; 0
1.90095; 0
1.90762; 0
1.91429; 0
1.92096; 0
1.92763; 0
1.9343; 0
1.94097; 0
1.94764; 0
1.95431; 0
1.96098; 0
1.96765; 0
1.97432; 0
1.98099; 0
1.98766; 0
1.99433; 0
2.001; 0
