0.00667; 0
0.01334; 0
0.02001; 0
0.02668; 0
0.03335; 0
0.04002; 0
0.04669; 0
0.05336; 0
0.06003; 0
0.0667; 0
0.07337; 0
0.08004; 0
0.08671; 0
0.09338; 0
0.10005; 0
0.10672; 0
0.11339; 0
0.12006; 0
0.12673; 0
0.1334; 0
0.14007; 0
0.14674; 0
0.15341; 0
0.16008; 0
0.16675; 0
0.17342; 0
0.18009; 0
0.18676; 0
0.19343; 0
0.2001; 0
0.20677; 0
0.21344; 0
0.22011; 0
0.22678; 0
0.23345; 0
0.24012; 0
0.24679; 0
0.25346; 0
0.26013; 0
0.2668; 0
0.27347; 0
0.28014; 0
0.28681; 0
0.29348; 0
0.30015; 0
0.30682; 0
0.31349; 0
0.32016; 0
0.32683; 0
0.3335; 0
0.34017; 0
0.34684; 0
0.35351; 0
0.36018; 0
0.36685; 0
0.37352; 0
0.38019; 0
0.38686; 0
0.39353; 0
0.4002; 0
0.40687; 0
0.41354; 0
0.42021; 0
0.42688; 0
0.43355; 0
0.44022; 0
0.44689; 0
0.45356; 0
0.46023; 0
0.4669; 0
0.47357; 500.883
0.48024; 500.818
0.48691; 500.686
0.49358; 500.489
0.50025; 500.227
0.50692; 499.9
0.51359; 499.508
0.52026; 499.053
0.52693; 498.535
0.5336; 497.955
0.54027; 497.314
0.54694; 496.613
0.55361; 495.852
0.56028; 495.033
0.56695; 494.158
0.57362; 493.227
0.58029; 492.242
0.58696; 491.204
0.59363; 490.116
0.6003; 488.977
0.60697; 487.79
0.61364; 486.557
0.62031; 485.278
0.62698; 483.956
0.63365; 482.592
0.64032; 481.189
0.64699; 479.746
0.65366; 478.267
0.66033; 476.752
0.667; 475.203
0.67367; 473.622
0.68034; 472.01
0.68701; 470.368
0.69368; 468.699
0.70035; 467.002
0.70702; 465.28
0.71369; 463.532
0.72036; 461.761
0.72703; 459.967
0.7337; 458.151
0.74037; 456.313
0.74704; 454.453
0.75371; 452.572
0.76038; 450.67
0.76705; 448.747
0.77372; 446.801
0.78039; 444.833
0.78706; 442.841
0.79373; 440.824
0.8004; 438.78
0.80707; 436.707
0.81374; 434.603
0.82041; 432.464
0.82708; 430.287
0.83375; 428.067
0.84042; 425.8
0.84709; 423.479
0.85376; 421.098
0.86043; 418.649
0.8671; 416.123
0.87377; 413.51
0.88044; 410.797
0.88711; 407.972
0.89378; 405.019
0.90045; 401.923
0.90712; 398.666
0.91379; 395.233
0.92046; 391.613
0.92713; 387.802
0.9338; 383.82
0.94047; 379.728
0.94714; 375.66
0.95381; 371.869
0.96048; 368.781
0.96715; 366.973
0.97382; 366.973
0.98049; 368.781
0.98716; 371.869
0.99383; 375.66
1.0005; 379.728
1.00717; 383.82
1.01384; 387.802
1.02051; 391.613
1.02718; 395.233
1.03385; 398.666
1.04052; 401.923
1.04719; 405.019
1.05386; 407.972
1.06053; 410.797
1.0672; 413.51
1.07387; 416.123
1.08054; 418.649
1.08721; 421.098
1.09388; 423.479
1.10055; 425.8
1.10722; 428.067
1.11389; 430.287
1.12056; 432.464
1.12723; 434.603
1.1339; 436.707
1.14057; 438.78
1.14724; 440.824
1.15391; 442.841
1.16058; 444.833
1.16725; 446.801
1.17392; 448.747
1.18059; 450.67
1.18726; 452.572
1.19393; 454.453
1.2006; 456.313
1.20727; 458.151
1.21394; 459.967
1.22061; 461.761
1.22728; 463.532
1.23395; 465.28
1.24062; 467.002
1.24729; 468.699
1.25396; 470.368
1.26063; 472.01
1.2673; 473.622
1.27397; 475.203
1.28064; 476.752
1.28731; 478.267
1.29398; 479.746
1.30065; 481.189
1.30732; 482.592
1.31399; 483.956
1.32066; 485.278
1.32733; 486.557
1.334; 487.79
1.34067; 488.977
1.34734; 490.116
1.35401; 491.204
1.36068; 492.242
1.36735; 493.227
1.37402; 494.158
1.38069; 495.033
1.38736; 495.852
1.39403; 496.613
1.4007; 497.314
1.40737; 497.955
1.41404; 498.535
1.42071; 499.053
1.42738; 499.508
1.43405; 499.9
1.44072; 500.227
1.44739; 500.489
1.45406; 500.686
1.46073; 500.818
1.4674; 500.883
1.47407; 0
1.48074; 0
1.48741; 0
1.49408; 0
1.50075; 0
1.50742; 0
1.51409; 0
1.52076; 0
1.52743; 0
1.5341; 0
1.54077; 0
1.54744; 0
1.55411; 0
1.56078; 0
1.56745; 0
1.57412; 0
1.58079; 0
1.58746; 0
1.59413; 0
1.6008; 0
1.60747; 0
1.61414; 0
1.62081; 0
1.62748; 0
1.63415; 0
1.64082; 0
1.64749; 0
1.65416; 0
1.66083; 0
1.6675; 0
1.67417; 0
1.68084; 0
1.68751; 0
1.69418; 0
1.70085; 0
1.70752; 0
1.71419; 0
1.72086; 0
1.72753; 0
1.7342; 0
1.74087; 0
1.74754; 0
1.75421; 0
1.76088; 0
1.76755; 0
1.77422; 0
1.78089; 0
1.78756; 0
1.79423; 0
1.8009; 0
1.80757; 0
1.81424; 0
1.82091; 0
1.82758; 0
1.83425; 0
1.84092; 0
1.84759; 0
1.85426; 0
1.86093; 0
1.8676; 0
1.87427; 0
1.88094; 0
1.88761; 0
1.89428; 0
1.90095; 0
1.90762; 0
1.91429; 0
1.92096; 0
1.92763; 0
1.9343; 0
1.94097; 0
1.94764; 0
1.95431; 0
1.96098; 0
1.96765; 0
1.97432; 0
1.98099; 0
1.98766; 0
1.99433; 0
2.001; 0
