0.00667; 0
0.01334; 0
0.02001; 0
0.02668; 0
0.03335; 0
0.04002; 0
0.04669; 0
0.05336; 0
0.06003; 0
0.0667; 0
0.07337; 0
0.08004; 0
0.08671; 0
0.09338; 0
0.10005; 0
0.10672; 0
0.11339; 0
0.12006; 0
0.12673; 0
0.1334; 0
0.14007; 0
0.14674; 0
0.15341; 0
0.16008; 0
0.16675; 0
0.17342; 0
0.18009; 0
0.18676; 0
0.19343; 0
0.2001; 0
0.20677; 0
0.21344; 0
0.22011; 0
0.22678; 0
0.23345; 0
0.24012; 0
0.24679; 0
0.25346; 0
0.26013; 0
0.2668; 0
0.27347; 0
0.28014; 0
0.28681; 0
0.29348; 0
0.30015; 0
0.30682; 0
0.31349; 0
0.32016; 0
0.32683; 0
0.3335; 0
0.34017; 0
0.34684; 0
0.35351; 0
0.36018; 0
0.36685; 0
0.37352; 0
0.38019; 0
0.38686; 0
0.39353; 0
0.4002; 0
0.40687; 0
0.41354; 0
0.42021; 0
0.42688; 0
0.43355; 0
0.44022; 0
0.44689; 0
0.45356; 0
0.46023; 0
0.4669; 0
0.47357; 599.95
0.48024; 599.883
0.48691; 599.749
0.49358; 599.547
0.50025; 599.279
0.50692; 598.944
0.51359; 598.544
0.52026; 598.077
0.52693; 597.545
0.5336; 596.949
0.54027; 596.288
0.54694; 595.564
0.55361; 594.777
0.56028; 593.928
0.56695; 593.018
0.57362; 592.047
0.58029; 591.017
0.58696; 589.928
0.59363; 588.782
0.6003; 587.579
0.60697; 586.32
0.61364; 585.006
0.62031; 583.638
0.62698; 582.216
0.63365; 580.743
0.64032; 579.219
0.64699; 577.644
0.65366; 576.019
0.66033; 574.345
0.667; 572.623
0.67367; 570.854
0.68034; 569.037
0.68701; 567.174
0.69368; 565.264
0.70035; 563.308
0.70702; 561.306
0.71369; 559.257
0.72036; 557.163
0.72703; 555.021
0.7337; 552.832
0.74037; 550.595
0.74704; 548.308
0.75371; 545.971
0.76038; 543.581
0.76705; 541.138
0.77372; 538.638
0.78039; 536.078
0.78706; 533.457
0.79373; 530.77
0.8004; 528.012
0.80707; 525.18
0.81374; 522.267
0.82041; 519.268
0.82708; 516.176
0.83375; 512.981
0.84042; 509.675
0.84709; 506.248
0.85376; 502.686
0.86043; 498.977
0.8671; 495.104
0.87377; 491.049
0.88044; 486.793
0.88711; 482.312
0.89378; 477.582
0.90045; 472.575
0.90712; 467.262
0.91379; 461.618
0.92046; 455.623
0.92713; 449.275
0.9338; 442.608
0.94047; 435.726
0.94714; 428.859
0.95381; 422.446
0.96048; 417.21
0.96715; 414.142
0.97382; 414.142
0.98049; 417.21
0.98716; 422.446
0.99383; 428.859
1.0005; 435.726
1.00717; 442.608
1.01384; 449.275
1.02051; 455.623
1.02718; 461.618
1.03385; 467.262
1.04052; 472.575
1.04719; 477.582
1.05386; 482.312
1.06053; 486.793
1.0672; 491.049
1.07387; 495.104
1.08054; 498.977
1.08721; 502.686
1.09388; 506.248
1.10055; 509.675
1.10722; 512.981
1.11389; 516.176
1.12056; 519.268
1.12723; 522.267
1.1339; 525.18
1.14057; 528.012
1.14724; 530.77
1.15391; 533.457
1.16058; 536.078
1.16725; 538.638
1.17392; 541.138
1.18059; 543.581
1.18726; 545.971
1.19393; 548.308
1.2006; 550.595
1.20727; 552.832
1.21394; 555.021
1.22061; 557.163
1.22728; 559.257
1.23395; 561.306
1.24062; 563.308
1.24729; 565.264
1.25396; 567.174
1.26063; 569.037
1.2673; 570.854
1.27397; 572.623
1.28064; 574.345
1.28731; 576.019
1.29398; 577.644
1.30065; 579.219
1.30732; 580.743
1.31399; 582.216
1.32066; 583.638
1.32733; 585.006
1.334; 586.32
1.34067; 587.579
1.34734; 588.782
1.35401; 589.928
1.36068; 591.017
1.36735; 592.047
1.37402; 593.018
1.38069; 593.928
1.38736; 594.777
1.39403; 595.564
1.4007; 596.288
1.40737; 596.949
1.41404; 597.545
1.42071; 598.077
1.42738; 598.544
1.43405; 598.944
1.44072; 599.279
1.44739; 599.547
1.45406; 599.749
1.46073; 599.883
1.4674; 599.95
1.47407; 0
1.48074; 0
1.48741; 0
1.49408; 0
1.50075; 0
1.50742; 0
1.51409; 0
1.52076; 0
1.52743; 0
1.5341; 0
1.54077; 0
1.54744; 0
1.55411; 0
1.56078; 0
1.56745; 0
1.57412; 0
1.58079; 0
1.58746; 0
1.59413; 0
1.6008; 0
1.60747; 0
1.61414; 0
1.62081; 0
1.62748; 0
1.63415; 0
1.64082; 0
1.64749; 0
1.65416; 0
1.66083; 0
1.6675; 0
1.67417; 0
1.68084; 0
1.68751; 0
1.69418; 0
1.70085; 0
1.70752; 0
1.71419; 0
1.72086; 0
1.72753; 0
1.7342; 0
1.74087; 0
1.74754; 0
1.75421; 0
1.76088; 0
1.76755; 0
1.77422; 0
1.78089; 0
1.78756; 0
1.79423; 0
1.8009; 0
1.80757; 0
1.81424; 0
1.82091; 0
1.82758; 0
1.83425; 0
1.84092; 0
1.84759; 0
1.85426; 0
1.86093; 0
1.8676; 0
1.87427; 0
1.88094; 0
1.88761; 0
1.89428; 0
1.90095; 0
1.90762; 0
1.91429; 0
1.92096; 0
1.92763; 0
1.9343; 0
1.94097; 0
1.94764; 0
1.95431; 0
1.96098; 0
1.96765; 0
1.97432; 0
1.98099; 0
1.98766; 0
1.99433; 0
2.001; 0
