0.00667; 0
0.01334; 0
0.02001; 0
0.02668; 0
0.03335; 0
0.04002; 0
0.04669; 0
0.05336; 0
0.06003; 0
0.0667; 0
0.07337; 0
0.08004; 0
0.08671; 0
0.09338; 0
0.10005; 0
0.10672; 0
0.11339; 0
0.12006; 0
0.12673; 0
0.1334; 0
0.14007; 0
0.14674; 0
0.15341; 0
0.16008; 0
0.16675; 0
0.17342; 0
0.18009; 0
0.18676; 0
0.19343; 0
0.2001; 0
0.20677; 0
0.21344; 0
0.22011; 0
0.22678; 0
0.23345; 0
0.24012; 0
0.24679; 0
0.25346; 0
0.26013; 0
0.2668; 0
0.27347; 0
0.28014; 0
0.28681; 0
0.29348; 0
0.30015; 0
0.30682; 0
0.31349; 0
0.32016; 0
0.32683; 0
0.3335; 0
0.34017; 0
0.34684; 0
0.35351; 0
0.36018; 0
0.36685; 0
0.37352; 0
0.38019; 0
0.38686; 0
0.39353; 0
0.4002; 0
0.40687; 0
0.41354; 0
0.42021; 0
0.42688; 0
0.43355; 0
0.44022; 0
0.44689; 0
0.45356; 0
0.46023; 0
0.4669; 0
0.47357; 690.973
0.48024; 690.905
0.48691; 690.769
0.49358; 690.565
0.50025; 690.293
0.50692; 689.954
0.51359; 689.547
0.52026; 689.072
0.52693; 688.531
0.5336; 687.923
0.54027; 687.249
0.54694; 686.508
0.55361; 685.702
0.56028; 684.83
0.56695; 683.893
0.57362; 682.892
0.58029; 681.827
0.58696; 680.698
0.59363; 679.505
0.6003; 678.249
0.60697; 676.931
0.61364; 675.551
0.62031; 674.108
0.62698; 672.603
0.63365; 671.037
0.64032; 669.41
0.64699; 667.722
0.65366; 665.972
0.66033; 664.16
0.667; 662.288
0.67367; 660.354
0.68034; 658.357
0.68701; 656.298
0.69368; 654.176
0.70035; 651.99
0.70702; 649.74
0.71369; 647.423
0.72036; 645.039
0.72703; 642.586
0.7337; 640.062
0.74037; 637.466
0.74704; 634.794
0.75371; 632.044
0.76038; 629.214
0.76705; 626.299
0.77372; 623.295
0.78039; 620.198
0.78706; 617.004
0.79373; 613.705
0.8004; 610.297
0.80707; 606.77
0.81374; 603.119
0.82041; 599.333
0.82708; 595.401
0.83375; 591.313
0.84042; 587.054
0.84709; 582.61
0.85376; 577.964
0.86043; 573.096
0.8671; 567.984
0.87377; 562.603
0.88044; 556.926
0.88711; 550.921
0.89378; 544.553
0.90045; 537.784
0.90712; 530.576
0.91379; 522.893
0.92046; 514.708
0.92713; 506.019
0.9338; 496.874
0.94047; 487.417
0.94714; 477.969
0.95381; 469.135
0.96048; 461.917
0.96715; 457.686
0.97382; 457.686
0.98049; 461.917
0.98716; 469.135
0.99383; 477.969
1.0005; 487.417
1.00717; 496.874
1.01384; 506.019
1.02051; 514.708
1.02718; 522.893
1.03385; 530.576
1.04052; 537.784
1.04719; 544.553
1.05386; 550.921
1.06053; 556.926
1.0672; 562.603
1.07387; 567.984
1.08054; 573.096
1.08721; 577.964
1.09388; 582.61
1.10055; 587.054
1.10722; 591.313
1.11389; 595.401
1.12056; 599.333
1.12723; 603.119
1.1339; 606.77
1.14057; 610.297
1.14724; 613.705
1.15391; 617.004
1.16058; 620.198
1.16725; 623.295
1.17392; 626.299
1.18059; 629.214
1.18726; 632.044
1.19393; 634.794
1.2006; 637.466
1.20727; 640.062
1.21394; 642.586
1.22061; 645.039
1.22728; 647.423
1.23395; 649.74
1.24062; 651.99
1.24729; 654.176
1.25396; 656.298
1.26063; 658.357
1.2673; 660.354
1.27397; 662.288
1.28064; 664.16
1.28731; 665.972
1.29398; 667.722
1.30065; 669.41
1.30732; 671.037
1.31399; 672.603
1.32066; 674.108
1.32733; 675.551
1.334; 676.931
1.34067; 678.249
1.34734; 679.505
1.35401; 680.698
1.36068; 681.827
1.36735; 682.892
1.37402; 683.893
1.38069; 684.83
1.38736; 685.702
1.39403; 686.508
1.4007; 687.249
1.40737; 687.923
1.41404; 688.531
1.42071; 689.072
1.42738; 689.547
1.43405; 689.954
1.44072; 690.293
1.44739; 690.565
1.45406; 690.769
1.46073; 690.905
1.4674; 690.973
1.47407; 0
1.48074; 0
1.48741; 0
1.49408; 0
1.50075; 0
1.50742; 0
1.51409; 0
1.52076; 0
1.52743; 0
1.5341; 0
1.54077; 0
1.54744; 0
1.55411; 0
1.56078; 0
1.56745; 0
1.57412; 0
1.58079; 0
1.58746; 0
1.59413; 0
1.6008; 0
1.60747; 0
1.61414; 0
1.62081; 0
1.62748; 0
1.63415; 0
1.64082; 0
1.64749; 0
1.65416; 0
1.66083; 0
1.6675; 0
1.67417; 0
1.68084; 0
1.68751; 0
1.69418; 0
1.70085; 0
1.70752; 0
1.71419; 0
1.72086; 0
1.72753; 0
1.7342; 0
1.74087; 0
1.74754; 0
1.75421; 0
1.76088; 0
1.76755; 0
1.77422; 0
1.78089; 0
1.78756; 0
1.79423; 0
1.8009; 0
1.80757; 0
1.81424; 0
1.82091; 0
1.82758; 0
1.83425; 0
1.84092; 0
1.84759; 0
1.85426; 0
1.86093; 0
1.8676; 0
1.87427; 0
1.88094; 0
1.88761; 0
1.89428; 0
1.90095; 0
1.90762; 0
1.91429; 0
1.92096; 0
1.92763; 0
1.9343; 0
1.94097; 0
1.94764; 0
1.95431; 0
1.96098; 0
1.96765; 0
1.97432; 0
1.98099; 0
1.98766; 0
1.99433; 0
2.001; 0
