0.00667; 0
0.01334; 0
0.02001; 0
0.02668; 0
0.03335; 0
0.04002; 0
0.04669; 0
0.05336; 0
0.06003; 0
0.0667; 0
0.07337; 0
0.08004; 0
0.08671; 0
0.09338; 0
0.10005; 0
0.10672; 0
0.11339; 0
0.12006; 0
0.12673; 0
0.1334; 0
0.14007; 0
0.14674; 0
0.15341; 0
0.16008; 0
0.16675; 0
0.17342; 0
0.18009; 0
0.18676; 0
0.19343; 0
0.2001; 0
0.20677; 0
0.21344; 0
0.22011; 0
0.22678; 0
0.23345; 0
0.24012; 0
0.24679; 0
0.25346; 0
0.26013; 0
0.2668; 0
0.27347; 0
0.28014; 0
0.28681; 0
0.29348; 0
0.30015; 0
0.30682; 0
0.31349; 0
0.32016; 0
0.32683; 0
0.3335; 0
0.34017; 0
0.34684; 0
0.35351; 0
0.36018; 0
0.36685; 0
0.37352; 0
0.38019; 0
0.38686; 0
0.39353; 0
0.4002; 0
0.40687; 0
0.41354; 0
0.42021; 0
0.42688; 0
0.43355; 0
0.44022; 0
0.44689; 0
0.45356; 0
0.46023; 0
0.4669; 0
0.47357; 487.988
0.48024; 487.923
0.48691; 487.792
0.49358; 487.596
0.50025; 487.335
0.50692; 487.01
0.51359; 486.621
0.52026; 486.169
0.52693; 485.655
0.5336; 485.079
0.54027; 484.442
0.54694; 483.745
0.55361; 482.99
0.56028; 482.178
0.56695; 481.31
0.57362; 480.387
0.58029; 479.411
0.58696; 478.383
0.59363; 477.304
0.6003; 476.178
0.60697; 475.003
0.61364; 473.784
0.62031; 472.521
0.62698; 471.215
0.63365; 469.87
0.64032; 468.485
0.64699; 467.064
0.65366; 465.607
0.66033; 464.117
0.667; 462.595
0.67367; 461.042
0.68034; 459.461
0.68701; 457.852
0.69368; 456.218
0.70035; 454.559
0.70702; 452.877
0.71369; 451.173
0.72036; 449.448
0.72703; 447.703
0.7337; 445.938
0.74037; 444.156
0.74704; 442.355
0.75371; 440.537
0.76038; 438.702
0.76705; 436.849
0.77372; 434.979
0.78039; 433.09
0.78706; 431.183
0.79373; 429.255
0.8004; 427.307
0.80707; 425.335
0.81374; 423.337
0.82041; 421.312
0.82708; 419.255
0.83375; 417.163
0.84042; 415.032
0.84709; 412.855
0.85376; 410.628
0.86043; 408.343
0.8671; 405.992
0.87377; 403.565
0.88044; 401.052
0.88711; 398.44
0.89378; 395.716
0.90045; 392.866
0.90712; 389.874
0.91379; 386.726
0.92046; 383.41
0.92713; 379.925
0.9338; 376.288
0.94047; 372.554
0.94714; 368.844
0.95381; 365.39
0.96048; 362.577
0.96715; 360.93
0.97382; 360.93
0.98049; 362.577
0.98716; 365.39
0.99383; 368.844
1.0005; 372.554
1.00717; 376.288
1.01384; 379.925
1.02051; 383.41
1.02718; 386.726
1.03385; 389.874
1.04052; 392.866
1.04719; 395.716
1.05386; 398.44
1.06053; 401.052
1.0672; 403.565
1.07387; 405.992
1.08054; 408.343
1.08721; 410.628
1.09388; 412.855
1.10055; 415.032
1.10722; 417.163
1.11389; 419.255
1.12056; 421.312
1.12723; 423.337
1.1339; 425.335
1.14057; 427.307
1.14724; 429.255
1.15391; 431.183
1.16058; 433.09
1.16725; 434.979
1.17392; 436.849
1.18059; 438.702
1.18726; 440.537
1.19393; 442.355
1.2006; 444.156
1.20727; 445.938
1.21394; 447.703
1.22061; 449.448
1.22728; 451.173
1.23395; 452.877
1.24062; 454.559
1.24729; 456.218
1.25396; 457.852
1.26063; 459.461
1.2673; 461.042
1.27397; 462.595
1.28064; 464.117
1.28731; 465.607
1.29398; 467.064
1.30065; 468.485
1.30732; 469.87
1.31399; 471.215
1.32066; 472.521
1.32733; 473.784
1.334; 475.003
1.34067; 476.178
1.34734; 477.304
1.35401; 478.383
1.36068; 479.411
1.36735; 480.387
1.37402; 481.31
1.38069; 482.178
1.38736; 482.99
1.39403; 483.745
1.4007; 484.442
1.40737; 485.079
1.41404; 485.655
1.42071; 486.169
1.42738; 486.621
1.43405; 487.01
1.44072; 487.335
1.44739; 487.596
1.45406; 487.792
1.46073; 487.923
1.4674; 487.988
1.47407; 0
1.48074; 0
1.48741; 0
1.49408; 0
1.50075; 0
1.50742; 0
1.51409; 0
1.52076; 0
1.52743; 0
1.5341; 0
1.54077; 0
1.54744; 0
1.55411; 0
1.56078; 0
1.56745; 0
1.57412; 0
1.58079; 0
1.58746; 0
1.59413; 0
1.6008; 0
1.60747; 0
1.61414; 0
1.62081; 0
1.62748; 0
1.63415; 0
1.64082; 0
1.64749; 0
1.65416; 0
1.66083; 0
1.6675; 0
1.67417; 0
1.68084; 0
1.68751; 0
1.69418; 0
1.70085; 0
1.70752; 0
1.71419; 0
1.72086; 0
1.72753; 0
1.7342; 0
1.74087; 0
1.74754; 0
1.75421; 0
1.76088; 0
1.76755; 0
1.77422; 0
1.78089; 0
1.78756; 0
1.79423; 0
1.8009; 0
1.80757; 0
1.81424; 0
1.82091; 0
1.82758; 0
1.83425; 0
1.84092; 0
1.84759; 0
1.85426; 0
1.86093; 0
1.8676; 0
1.87427; 0
1.88094; 0
1.88761; 0
1.89428; 0
1.90095; 0
1.90762; 0
1.91429; 0
1.92096; 0
1.92763; 0
1.9343; 0
1.94097; 0
1.94764; 0
1.95431; 0
1.96098; 0
1.96765; 0
1.97432; 0
1.98099; 0
1.98766; 0
1.99433; 0
2.001; 0
