0.00667; 0
0.01334; 0
0.02001; 0
0.02668; 0
0.03335; 0
0.04002; 0
0.04669; 0
0.05336; 0
0.06003; 0
0.0667; 0
0.07337; 0
0.08004; 0
0.08671; 0
0.09338; 0
0.10005; 0
0.10672; 0
0.11339; 0
0.12006; 0
0.12673; 0
0.1334; 0
0.14007; 0
0.14674; 0
0.15341; 0
0.16008; 0
0.16675; 0
0.17342; 0
0.18009; 0
0.18676; 0
0.19343; 0
0.2001; 0
0.20677; 0
0.21344; 0
0.22011; 0
0.22678; 0
0.23345; 0
0.24012; 0
0.24679; 0
0.25346; 0
0.26013; 0
0.2668; 0
0.27347; 0
0.28014; 0
0.28681; 0
0.29348; 0
0.30015; 0
0.30682; 0
0.31349; 0
0.32016; 0
0.32683; 0
0.3335; 0
0.34017; 0
0.34684; 0
0.35351; 0
0.36018; 0
0.36685; 0
0.37352; 0
0.38019; 0
0.38686; 0
0.39353; 0
0.4002; 0
0.40687; 0
0.41354; 0
0.42021; 0
0.42688; 0
0.43355; 0
0.44022; 0
0.44689; 0
0.45356; 0
0.46023; 0
0.4669; 0
0.47357; 531.936
0.48024; 531.87
0.48691; 531.737
0.49358; 531.538
0.50025; 531.273
0.50692; 530.943
0.51359; 530.547
0.52026; 530.087
0.52693; 529.564
0.5336; 528.977
0.54027; 528.328
0.54694; 527.617
0.55361; 526.847
0.56028; 526.016
0.56695; 525.128
0.57362; 524.182
0.58029; 523.18
0.58696; 522.124
0.59363; 521.014
0.6003; 519.853
0.60697; 518.64
0.61364; 517.378
0.62031; 516.069
0.62698; 514.713
0.63365; 513.311
0.64032; 511.866
0.64699; 510.379
0.65366; 508.85
0.66033; 507.282
0.667; 505.676
0.67367; 504.032
0.68034; 502.352
0.68701; 500.638
0.69368; 498.889
0.70035; 497.108
0.70702; 495.294
0.71369; 493.449
0.72036; 491.573
0.72703; 489.667
0.7337; 487.73
0.74037; 485.764
0.74704; 483.767
0.75371; 481.741
0.76038; 479.683
0.76705; 477.594
0.77372; 475.472
0.78039; 473.316
0.78706; 471.124
0.79373; 468.895
0.8004; 466.626
0.80707; 464.313
0.81374; 461.954
0.82041; 459.544
0.82708; 457.079
0.83375; 454.553
0.84042; 451.959
0.84709; 449.291
0.85376; 446.54
0.86043; 443.696
0.8671; 440.748
0.87377; 437.684
0.88044; 434.489
0.88711; 431.146
0.89378; 427.638
0.90045; 423.945
0.90712; 420.047
0.91379; 415.924
0.92046; 411.562
0.92713; 406.96
0.9338; 402.141
0.94047; 397.179
0.94714; 392.239
0.95381; 387.631
0.96048; 383.873
0.96715; 381.672
0.97382; 381.672
0.98049; 383.873
0.98716; 387.631
0.99383; 392.239
1.0005; 397.179
1.00717; 402.141
1.01384; 406.96
1.02051; 411.562
1.02718; 415.924
1.03385; 420.047
1.04052; 423.945
1.04719; 427.638
1.05386; 431.146
1.06053; 434.489
1.0672; 437.684
1.07387; 440.748
1.08054; 443.696
1.08721; 446.54
1.09388; 449.291
1.10055; 451.959
1.10722; 454.553
1.11389; 457.079
1.12056; 459.544
1.12723; 461.954
1.1339; 464.313
1.14057; 466.626
1.14724; 468.895
1.15391; 471.124
1.16058; 473.316
1.16725; 475.472
1.17392; 477.594
1.18059; 479.683
1.18726; 481.741
1.19393; 483.767
1.2006; 485.764
1.20727; 487.73
1.21394; 489.667
1.22061; 491.573
1.22728; 493.449
1.23395; 495.294
1.24062; 497.108
1.24729; 498.889
1.25396; 500.638
1.26063; 502.352
1.2673; 504.032
1.27397; 505.676
1.28064; 507.282
1.28731; 508.85
1.29398; 510.379
1.30065; 511.866
1.30732; 513.311
1.31399; 514.713
1.32066; 516.069
1.32733; 517.378
1.334; 518.64
1.34067; 519.853
1.34734; 521.014
1.35401; 522.124
1.36068; 523.18
1.36735; 524.182
1.37402; 525.128
1.38069; 526.016
1.38736; 526.847
1.39403; 527.617
1.4007; 528.328
1.40737; 528.977
1.41404; 529.564
1.42071; 530.087
1.42738; 530.547
1.43405; 530.943
1.44072; 531.273
1.44739; 531.538
1.45406; 531.737
1.46073; 531.87
1.4674; 531.936
1.47407; 0
1.48074; 0
1.48741; 0
1.49408; 0
1.50075; 0
1.50742; 0
1.51409; 0
1.52076; 0
1.52743; 0
1.5341; 0
1.54077; 0
1.54744; 0
1.55411; 0
1.56078; 0
1.56745; 0
1.57412; 0
1.58079; 0
1.58746; 0
1.59413; 0
1.6008; 0
1.60747; 0
1.61414; 0
1.62081; 0
1.62748; 0
1.63415; 0
1.64082; 0
1.64749; 0
1.65416; 0
1.66083; 0
1.6675; 0
1.67417; 0
1.68084; 0
1.68751; 0
1.69418; 0
1.70085; 0
1.70752; 0
1.71419; 0
1.72086; 0
1.72753; 0
1.7342; 0
1.74087; 0
1.74754; 0
1.75421; 0
1.76088; 0
1.76755; 0
1.77422; 0
1.78089; 0
1.78756; 0
1.79423; 0
1.8009; 0
1.80757; 0
1.81424; 0
1.82091; 0
1.82758; 0
1.83425; 0
1.84092; 0
1.84759; 0
1.85426; 0
1.86093; 0
1.8676; 0
1.87427; 0
1.88094; 0
1.88761; 0
1.89428; 0
1.90095; 0
1.90762; 0
1.91429; 0
1.92096; 0
1.92763; 0
1.9343; 0
1.94097; 0
1.94764; 0
1.95431; 0
1.96098; 0
1.96765; 0
1.97432; 0
1.98099; 0
1.98766; 0
1.99433; 0
2.001; 0
