0.00667; 0
0.01334; 0
0.02001; 0
0.02668; 0
0.03335; 0
0.04002; 0
0.04669; 0
0.05336; 0
0.06003; 0
0.0667; 0
0.07337; 0
0.08004; 0
0.08671; 0
0.09338; 0
0.10005; 0
0.10672; 0
0.11339; 0
0.12006; 0
0.12673; 0
0.1334; 0
0.14007; 0
0.14674; 0
0.15341; 0
0.16008; 0
0.16675; 0
0.17342; 0
0.18009; 0
0.18676; 0
0.19343; 0
0.2001; 0
0.20677; 0
0.21344; 0
0.22011; 0
0.22678; 0
0.23345; 0
0.24012; 0
0.24679; 0
0.25346; 0
0.26013; 0
0.2668; 0
0.27347; 0
0.28014; 0
0.28681; 0
0.29348; 0
0.30015; 0
0.30682; 0
0.31349; 0
0.32016; 0
0.32683; 0
0.3335; 0
0.34017; 0
0.34684; 0
0.35351; 0
0.36018; 0
0.36685; 0
0.37352; 0
0.38019; 0
0.38686; 0
0.39353; 0
0.4002; 0
0.40687; 0
0.41354; 0
0.42021; 0
0.42688; 0
0.43355; 0
0.44022; 0
0.44689; 0
0.45356; 0
0.46023; 0
0.4669; 0
0.47357; 609.196
0.48024; 609.129
0.48691; 608.995
0.49358; 608.793
0.50025; 608.525
0.50692; 608.189
0.51359; 607.788
0.52026; 607.321
0.52693; 606.788
0.5336; 606.19
0.54027; 605.528
0.54694; 604.802
0.55361; 604.013
0.56028; 603.162
0.56695; 602.249
0.57362; 601.275
0.58029; 600.242
0.58696; 599.149
0.59363; 597.998
0.6003; 596.789
0.60697; 595.524
0.61364; 594.203
0.62031; 592.827
0.62698; 591.398
0.63365; 589.915
0.64032; 588.38
0.64699; 586.793
0.65366; 585.156
0.66033; 583.468
0.667; 581.731
0.67367; 579.945
0.68034; 578.11
0.68701; 576.226
0.69368; 574.295
0.70035; 572.315
0.70702; 570.288
0.71369; 568.212
0.72036; 566.088
0.72703; 563.915
0.7337; 561.692
0.74037; 559.418
0.74704; 557.092
0.75371; 554.713
0.76038; 552.279
0.76705; 549.787
0.77372; 547.236
0.78039; 544.622
0.78706; 541.942
0.79373; 539.193
0.8004; 536.369
0.80707; 533.467
0.81374; 530.479
0.82041; 527.4
0.82708; 524.222
0.83375; 520.936
0.84042; 517.534
0.84709; 514.003
0.85376; 510.331
0.86043; 506.504
0.8671; 502.505
0.87377; 498.316
0.88044; 493.916
0.88711; 489.28
0.89378; 484.384
0.90045; 479.197
0.90712; 473.692
0.91379; 467.841
0.92046; 461.624
0.92713; 455.038
0.9338; 448.119
0.94047; 440.975
0.94714; 433.847
0.95381; 427.188
0.96048; 421.751
0.96715; 418.564
0.97382; 418.564
0.98049; 421.751
0.98716; 427.188
0.99383; 433.847
1.0005; 440.975
1.00717; 448.119
1.01384; 455.038
1.02051; 461.624
1.02718; 467.841
1.03385; 473.692
1.04052; 479.197
1.04719; 484.384
1.05386; 489.28
1.06053; 493.916
1.0672; 498.316
1.07387; 502.505
1.08054; 506.504
1.08721; 510.331
1.09388; 514.003
1.10055; 517.534
1.10722; 520.936
1.11389; 524.222
1.12056; 527.4
1.12723; 530.479
1.1339; 533.467
1.14057; 536.369
1.14724; 539.193
1.15391; 541.942
1.16058; 544.622
1.16725; 547.236
1.17392; 549.787
1.18059; 552.279
1.18726; 554.713
1.19393; 557.092
1.2006; 559.418
1.20727; 561.692
1.21394; 563.915
1.22061; 566.088
1.22728; 568.212
1.23395; 570.288
1.24062; 572.315
1.24729; 574.295
1.25396; 576.226
1.26063; 578.11
1.2673; 579.945
1.27397; 581.731
1.28064; 583.468
1.28731; 585.156
1.29398; 586.793
1.30065; 588.38
1.30732; 589.915
1.31399; 591.398
1.32066; 592.827
1.32733; 594.203
1.334; 595.524
1.34067; 596.789
1.34734; 597.998
1.35401; 599.149
1.36068; 600.242
1.36735; 601.275
1.37402; 602.249
1.38069; 603.162
1.38736; 604.013
1.39403; 604.802
1.4007; 605.528
1.40737; 606.19
1.41404; 606.788
1.42071; 607.321
1.42738; 607.788
1.43405; 608.189
1.44072; 608.525
1.44739; 608.793
1.45406; 608.995
1.46073; 609.129
1.4674; 609.196
1.47407; 0
1.48074; 0
1.48741; 0
1.49408; 0
1.50075; 0
1.50742; 0
1.51409; 0
1.52076; 0
1.52743; 0
1.5341; 0
1.54077; 0
1.54744; 0
1.55411; 0
1.56078; 0
1.56745; 0
1.57412; 0
1.58079; 0
1.58746; 0
1.59413; 0
1.6008; 0
1.60747; 0
1.61414; 0
1.62081; 0
1.62748; 0
1.63415; 0
1.64082; 0
1.64749; 0
1.65416; 0
1.66083; 0
1.6675; 0
1.67417; 0
1.68084; 0
1.68751; 0
1.69418; 0
1.70085; 0
1.70752; 0
1.71419; 0
1.72086; 0
1.72753; 0
1.7342; 0
1.74087; 0
1.74754; 0
1.75421; 0
1.76088; 0
1.76755; 0
1.77422; 0
1.78089; 0
1.78756; 0
1.79423; 0
1.8009; 0
1.80757; 0
1.81424; 0
1.82091; 0
1.82758; 0
1.83425; 0
1.84092; 0
1.84759; 0
1.85426; 0
1.86093; 0
1.8676; 0
1.87427; 0
1.88094; 0
1.88761; 0
1.89428; 0
1.90095; 0
1.90762; 0
1.91429; 0
1.92096; 0
1.92763; 0
1.9343; 0
1.94097; 0
1.94764; 0
1.95431; 0
1.96098; 0
1.96765; 0
1.97432; 0
1.98099; 0
1.98766; 0
1.99433; 0
2.001; 0
