0.00667; 0
0.01334; 0
0.02001; 0
0.02668; 0
0.03335; 0
0.04002; 0
0.04669; 0
0.05336; 0
0.06003; 0
0.0667; 0
0.07337; 0
0.08004; 0
0.08671; 0
0.09338; 0
0.10005; 0
0.10672; 0
0.11339; 0
0.12006; 0
0.12673; 0
0.1334; 0
0.14007; 0
0.14674; 0
0.15341; 0
0.16008; 0
0.16675; 0
0.17342; 0
0.18009; 0
0.18676; 0
0.19343; 0
0.2001; 0
0.20677; 0
0.21344; 0
0.22011; 0
0.22678; 0
0.23345; 0
0.24012; 0
0.24679; 0
0.25346; 0
0.26013; 0
0.2668; 0
0.27347; 0
0.28014; 0
0.28681; 0
0.29348; 0
0.30015; 0
0.30682; 0
0.31349; 0
0.32016; 0
0.32683; 0
0.3335; 0
0.34017; 0
0.34684; 0
0.35351; 0
0.36018; 0
0.36685; 0
0.37352; 0
0.38019; 0
0.38686; 0
0.39353; 0
0.4002; 0
0.40687; 0
0.41354; 0
0.42021; 0
0.42688; 0
0.43355; 0
0.44022; 0
0.44689; 0
0.45356; 0
0.46023; 0
0.4669; 0
0.47357; 481.705
0.48024; 481.64
0.48691; 481.51
0.49358; 481.314
0.50025; 481.055
0.50692; 480.731
0.51359; 480.343
0.52026; 479.893
0.52693; 479.38
0.5336; 478.806
0.54027; 478.172
0.54694; 477.478
0.55361; 476.727
0.56028; 475.918
0.56695; 475.054
0.57362; 474.135
0.58029; 473.164
0.58696; 472.141
0.59363; 471.069
0.6003; 469.948
0.60697; 468.781
0.61364; 467.569
0.62031; 466.314
0.62698; 465.017
0.63365; 463.681
0.64032; 462.307
0.64699; 460.897
0.65366; 459.452
0.66033; 457.975
0.667; 456.466
0.67367; 454.929
0.68034; 453.363
0.68701; 451.771
0.69368; 450.155
0.70035; 448.515
0.70702; 446.853
0.71369; 445.171
0.72036; 443.469
0.72703; 441.749
0.7337; 440.011
0.74037; 438.256
0.74704; 436.485
0.75371; 434.698
0.76038; 432.896
0.76705; 431.078
0.77372; 429.245
0.78039; 427.396
0.78706; 425.53
0.79373; 423.647
0.8004; 421.745
0.80707; 419.822
0.81374; 417.877
0.82041; 415.907
0.82708; 413.91
0.83375; 411.88
0.84042; 409.815
0.84709; 407.709
0.85376; 405.557
0.86043; 403.352
0.8671; 401.085
0.87377; 398.749
0.88044; 396.333
0.88711; 393.825
0.89378; 391.213
0.90045; 388.482
0.90712; 385.619
0.91379; 382.608
0.92046; 379.44
0.92713; 376.113
0.9338; 372.643
0.94047; 369.082
0.94714; 365.546
0.95381; 362.254
0.96048; 359.574
0.96715; 358.006
0.97382; 358.006
0.98049; 359.574
0.98716; 362.254
0.99383; 365.546
1.0005; 369.082
1.00717; 372.643
1.01384; 376.113
1.02051; 379.44
1.02718; 382.608
1.03385; 385.619
1.04052; 388.482
1.04719; 391.213
1.05386; 393.825
1.06053; 396.333
1.0672; 398.749
1.07387; 401.085
1.08054; 403.352
1.08721; 405.557
1.09388; 407.709
1.10055; 409.815
1.10722; 411.88
1.11389; 413.91
1.12056; 415.907
1.12723; 417.877
1.1339; 419.822
1.14057; 421.745
1.14724; 423.647
1.15391; 425.53
1.16058; 427.396
1.16725; 429.245
1.17392; 431.078
1.18059; 432.896
1.18726; 434.698
1.19393; 436.485
1.2006; 438.256
1.20727; 440.011
1.21394; 441.749
1.22061; 443.469
1.22728; 445.171
1.23395; 446.853
1.24062; 448.515
1.24729; 450.155
1.25396; 451.771
1.26063; 453.363
1.2673; 454.929
1.27397; 456.466
1.28064; 457.975
1.28731; 459.452
1.29398; 460.897
1.30065; 462.307
1.30732; 463.681
1.31399; 465.017
1.32066; 466.314
1.32733; 467.569
1.334; 468.781
1.34067; 469.948
1.34734; 471.069
1.35401; 472.141
1.36068; 473.164
1.36735; 474.135
1.37402; 475.054
1.38069; 475.918
1.38736; 476.727
1.39403; 477.478
1.4007; 478.172
1.40737; 478.806
1.41404; 479.38
1.42071; 479.893
1.42738; 480.343
1.43405; 480.731
1.44072; 481.055
1.44739; 481.314
1.45406; 481.51
1.46073; 481.64
1.4674; 481.705
1.47407; 0
1.48074; 0
1.48741; 0
1.49408; 0
1.50075; 0
1.50742; 0
1.51409; 0
1.52076; 0
1.52743; 0
1.5341; 0
1.54077; 0
1.54744; 0
1.55411; 0
1.56078; 0
1.56745; 0
1.57412; 0
1.58079; 0
1.58746; 0
1.59413; 0
1.6008; 0
1.60747; 0
1.61414; 0
1.62081; 0
1.62748; 0
1.63415; 0
1.64082; 0
1.64749; 0
1.65416; 0
1.66083; 0
1.6675; 0
1.67417; 0
1.68084; 0
1.68751; 0
1.69418; 0
1.70085; 0
1.70752; 0
1.71419; 0
1.72086; 0
1.72753; 0
1.7342; 0
1.74087; 0
1.74754; 0
1.75421; 0
1.76088; 0
1.76755; 0
1.77422; 0
1.78089; 0
1.78756; 0
1.79423; 0
1.8009; 0
1.80757; 0
1.81424; 0
1.82091; 0
1.82758; 0
1.83425; 0
1.84092; 0
1.84759; 0
1.85426; 0
1.86093; 0
1.8676; 0
1.87427; 0
1.88094; 0
1.88761; 0
1.89428; 0
1.90095; 0
1.90762; 0
1.91429; 0
1.92096; 0
1.92763; 0
1.9343; 0
1.94097; 0
1.94764; 0
1.95431; 0
1.96098; 0
1.96765; 0
1.97432; 0
1.98099; 0
1.98766; 0
1.99433; 0
2.001; 0
