0.00667; 0
0.01334; 0
0.02001; 0
0.02668; 0
0.03335; 0
0.04002; 0
0.04669; 0
0.05336; 0
0.06003; 0
0.0667; 0
0.07337; 0
0.08004; 0
0.08671; 0
0.09338; 0
0.10005; 0
0.10672; 0
0.11339; 0
0.12006; 0
0.12673; 0
0.1334; 0
0.14007; 0
0.14674; 0
0.15341; 0
0.16008; 0
0.16675; 0
0.17342; 0
0.18009; 0
0.18676; 0
0.19343; 0
0.2001; 0
0.20677; 0
0.21344; 0
0.22011; 0
0.22678; 0
0.23345; 0
0.24012; 0
0.24679; 0
0.25346; 0
0.26013; 0
0.2668; 0
0.27347; 0
0.28014; 0
0.28681; 0
0.29348; 0
0.30015; 0
0.30682; 0
0.31349; 0
0.32016; 0
0.32683; 0
0.3335; 0
0.34017; 0
0.34684; 0
0.35351; 0
0.36018; 0
0.36685; 0
0.37352; 0
0.38019; 0
0.38686; 0
0.39353; 0
0.4002; 0
0.40687; 0
0.41354; 0
0.42021; 0
0.42688; 0
0.43355; 0
0.44022; 0
0.44689; 0
0.45356; 0
0.46023; 0
0.4669; 0
0.47357; 457.403
0.48024; 457.339
0.48691; 457.211
0.49358; 457.019
0.50025; 456.764
0.50692; 456.447
0.51359; 456.067
0.52026; 455.625
0.52693; 455.123
0.5336; 454.561
0.54027; 453.94
0.54694; 453.262
0.55361; 452.526
0.56028; 451.736
0.56695; 450.892
0.57362; 449.995
0.58029; 449.048
0.58696; 448.051
0.59363; 447.007
0.6003; 445.917
0.60697; 444.783
0.61364; 443.606
0.62031; 442.389
0.62698; 441.133
0.63365; 439.841
0.64032; 438.513
0.64699; 437.153
0.65366; 435.761
0.66033; 434.341
0.667; 432.893
0.67367; 431.419
0.68034; 429.922
0.68701; 428.403
0.69368; 426.863
0.70035; 425.305
0.70702; 423.729
0.71369; 422.138
0.72036; 420.533
0.72703; 418.914
0.7337; 417.284
0.74037; 415.643
0.74704; 413.992
0.75371; 412.333
0.76038; 410.664
0.76705; 408.988
0.77372; 407.304
0.78039; 405.612
0.78706; 403.912
0.79373; 402.204
0.8004; 400.487
0.80707; 398.76
0.81374; 397.021
0.82041; 395.269
0.82708; 393.501
0.83375; 391.715
0.84042; 389.908
0.84709; 388.075
0.85376; 386.213
0.86043; 384.315
0.8671; 382.377
0.87377; 380.39
0.88044; 378.346
0.88711; 376.237
0.89378; 374.051
0.90045; 371.778
0.90712; 369.405
0.91379; 366.921
0.92046; 364.317
0.92713; 361.593
0.9338; 358.759
0.94047; 355.859
0.94714; 352.985
0.95381; 350.314
0.96048; 348.141
0.96715; 346.871
0.97382; 346.871
0.98049; 348.141
0.98716; 350.314
0.99383; 352.985
1.0005; 355.859
1.00717; 358.759
1.01384; 361.593
1.02051; 364.317
1.02718; 366.921
1.03385; 369.405
1.04052; 371.778
1.04719; 374.051
1.05386; 376.237
1.06053; 378.346
1.0672; 380.39
1.07387; 382.377
1.08054; 384.315
1.08721; 386.213
1.09388; 388.075
1.10055; 389.908
1.10722; 391.715
1.11389; 393.501
1.12056; 395.269
1.12723; 397.021
1.1339; 398.76
1.14057; 400.487
1.14724; 402.204
1.15391; 403.912
1.16058; 405.612
1.16725; 407.304
1.17392; 408.988
1.18059; 410.664
1.18726; 412.333
1.19393; 413.992
1.2006; 415.643
1.20727; 417.284
1.21394; 418.914
1.22061; 420.533
1.22728; 422.138
1.23395; 423.729
1.24062; 425.305
1.24729; 426.863
1.25396; 428.403
1.26063; 429.922
1.2673; 431.419
1.27397; 432.893
1.28064; 434.341
1.28731; 435.761
1.29398; 437.153
1.30065; 438.513
1.30732; 439.841
1.31399; 441.133
1.32066; 442.389
1.32733; 443.606
1.334; 444.783
1.34067; 445.917
1.34734; 447.007
1.35401; 448.051
1.36068; 449.048
1.36735; 449.995
1.37402; 450.892
1.38069; 451.736
1.38736; 452.526
1.39403; 453.262
1.4007; 453.94
1.40737; 454.561
1.41404; 455.123
1.42071; 455.625
1.42738; 456.067
1.43405; 456.447
1.44072; 456.764
1.44739; 457.019
1.45406; 457.211
1.46073; 457.339
1.4674; 457.403
1.47407; 0
1.48074; 0
1.48741; 0
1.49408; 0
1.50075; 0
1.50742; 0
1.51409; 0
1.52076; 0
1.52743; 0
1.5341; 0
1.54077; 0
1.54744; 0
1.55411; 0
1.56078; 0
1.56745; 0
1.57412; 0
1.58079; 0
1.58746; 0
1.59413; 0
1.6008; 0
1.60747; 0
1.61414; 0
1.62081; 0
1.62748; 0
1.63415; 0
1.64082; 0
1.64749; 0
1.65416; 0
1.66083; 0
1.6675; 0
1.67417; 0
1.68084; 0
1.68751; 0
1.69418; 0
1.70085; 0
1.70752; 0
1.71419; 0
1.72086; 0
1.72753; 0
1.7342; 0
1.74087; 0
1.74754; 0
1.75421; 0
1.76088; 0
1.76755; 0
1.77422; 0
1.78089; 0
1.78756; 0
1.79423; 0
1.8009; 0
1.80757; 0
1.81424; 0
1.82091; 0
1.82758; 0
1.83425; 0
1.84092; 0
1.84759; 0
1.85426; 0
1.86093; 0
1.8676; 0
1.87427; 0
1.88094; 0
1.88761; 0
1.89428; 0
1.90095; 0
1.90762; 0
1.91429; 0
1.92096; 0
1.92763; 0
1.9343; 0
1.94097; 0
1.94764; 0
1.95431; 0
1.96098; 0
1.96765; 0
1.97432; 0
1.98099; 0
1.98766; 0
1.99433; 0
2.001; 0
