0.00667; 0
0.01334; 0
0.02001; 0
0.02668; 0
0.03335; 0
0.04002; 0
0.04669; 0
0.05336; 0
0.06003; 0
0.0667; 0
0.07337; 0
0.08004; 0
0.08671; 0
0.09338; 0
0.10005; 0
0.10672; 0
0.11339; 0
0.12006; 0
0.12673; 0
0.1334; 0
0.14007; 0
0.14674; 0
0.15341; 0
0.16008; 0
0.16675; 0
0.17342; 0
0.18009; 0
0.18676; 0
0.19343; 0
0.2001; 0
0.20677; 0
0.21344; 0
0.22011; 0
0.22678; 0
0.23345; 0
0.24012; 0
0.24679; 0
0.25346; 0
0.26013; 0
0.2668; 0
0.27347; 0
0.28014; 0
0.28681; 0
0.29348; 0
0.30015; 0
0.30682; 0
0.31349; 0
0.32016; 0
0.32683; 0
0.3335; 0
0.34017; 0
0.34684; 0
0.35351; 0
0.36018; 0
0.36685; 0
0.37352; 0
0.38019; 0
0.38686; 0
0.39353; 0
0.4002; 0
0.40687; 0
0.41354; 0
0.42021; 0
0.42688; 0
0.43355; 0
0.44022; 0
0.44689; 0
0.45356; 0
0.46023; 0
0.4669; 0
0.47357; 663.373
0.48024; 663.306
0.48691; 663.17
0.49358; 662.967
0.50025; 662.696
0.50692; 662.358
0.51359; 661.953
0.52026; 661.481
0.52693; 660.943
0.5336; 660.338
0.54027; 659.668
0.54694; 658.932
0.55361; 658.132
0.56028; 657.267
0.56695; 656.338
0.57362; 655.346
0.58029; 654.292
0.58696; 653.175
0.59363; 651.996
0.6003; 650.756
0.60697; 649.456
0.61364; 648.095
0.62031; 646.675
0.62698; 645.196
0.63365; 643.658
0.64032; 642.062
0.64699; 640.408
0.65366; 638.696
0.66033; 636.926
0.667; 635.099
0.67367; 633.215
0.68034; 631.273
0.68701; 629.273
0.69368; 627.216
0.70035; 625.099
0.70702; 622.924
0.71369; 620.688
0.72036; 618.392
0.72703; 616.033
0.7337; 613.611
0.74037; 611.123
0.74704; 608.568
0.75371; 605.944
0.76038; 603.247
0.76705; 600.475
0.77372; 597.624
0.78039; 594.69
0.78706; 591.669
0.79373; 588.556
0.8004; 585.345
0.80707; 582.029
0.81374; 578.602
0.82041; 575.054
0.82708; 571.377
0.83375; 567.559
0.84042; 563.589
0.84709; 559.454
0.85376; 555.136
0.86043; 550.62
0.8671; 545.884
0.87377; 540.905
0.88044; 535.659
0.88711; 530.116
0.89378; 524.245
0.90045; 518.01
0.90712; 511.377
0.91379; 504.312
0.92046; 496.791
0.92713; 488.812
0.9338; 480.418
0.94047; 471.742
0.94714; 463.077
0.95381; 454.977
0.96048; 448.36
0.96715; 444.481
0.97382; 444.481
0.98049; 448.36
0.98716; 454.977
0.99383; 463.077
1.0005; 471.742
1.00717; 480.418
1.01384; 488.812
1.02051; 496.791
1.02718; 504.312
1.03385; 511.377
1.04052; 518.01
1.04719; 524.245
1.05386; 530.116
1.06053; 535.659
1.0672; 540.905
1.07387; 545.884
1.08054; 550.62
1.08721; 555.136
1.09388; 559.454
1.10055; 563.589
1.10722; 567.559
1.11389; 571.377
1.12056; 575.054
1.12723; 578.602
1.1339; 582.029
1.14057; 585.345
1.14724; 588.556
1.15391; 591.669
1.16058; 594.69
1.16725; 597.624
1.17392; 600.475
1.18059; 603.247
1.18726; 605.944
1.19393; 608.568
1.2006; 611.123
1.20727; 613.611
1.21394; 616.033
1.22061; 618.392
1.22728; 620.688
1.23395; 622.924
1.24062; 625.099
1.24729; 627.216
1.25396; 629.273
1.26063; 631.273
1.2673; 633.215
1.27397; 635.099
1.28064; 636.926
1.28731; 638.696
1.29398; 640.408
1.30065; 642.062
1.30732; 643.658
1.31399; 645.196
1.32066; 646.675
1.32733; 648.095
1.334; 649.456
1.34067; 650.756
1.34734; 651.996
1.35401; 653.175
1.36068; 654.292
1.36735; 655.346
1.37402; 656.338
1.38069; 657.267
1.38736; 658.132
1.39403; 658.932
1.4007; 659.668
1.40737; 660.338
1.41404; 660.943
1.42071; 661.481
1.42738; 661.953
1.43405; 662.358
1.44072; 662.696
1.44739; 662.967
1.45406; 663.17
1.46073; 663.306
1.4674; 663.373
1.47407; 0
1.48074; 0
1.48741; 0
1.49408; 0
1.50075; 0
1.50742; 0
1.51409; 0
1.52076; 0
1.52743; 0
1.5341; 0
1.54077; 0
1.54744; 0
1.55411; 0
1.56078; 0
1.56745; 0
1.57412; 0
1.58079; 0
1.58746; 0
1.59413; 0
1.6008; 0
1.60747; 0
1.61414; 0
1.62081; 0
1.62748; 0
1.63415; 0
1.64082; 0
1.64749; 0
1.65416; 0
1.66083; 0
1.6675; 0
1.67417; 0
1.68084; 0
1.68751; 0
1.69418; 0
1.70085; 0
1.70752; 0
1.71419; 0
1.72086; 0
1.72753; 0
1.7342; 0
1.74087; 0
1.74754; 0
1.75421; 0
1.76088; 0
1.76755; 0
1.77422; 0
1.78089; 0
1.78756; 0
1.79423; 0
1.8009; 0
1.80757; 0
1.81424; 0
1.82091; 0
1.82758; 0
1.83425; 0
1.84092; 0
1.84759; 0
1.85426; 0
1.86093; 0
1.8676; 0
1.87427; 0
1.88094; 0
1.88761; 0
1.89428; 0
1.90095; 0
1.90762; 0
1.91429; 0
1.92096; 0
1.92763; 0
1.9343; 0
1.94097; 0
1.94764; 0
1.95431; 0
1.96098; 0
1.96765; 0
1.97432; 0
1.98099; 0
1.98766; 0
1.99433; 0
2.001; 0
