0.00667; 0
0.01334; 0
0.02001; 0
0.02668; 0
0.03335; 0
0.04002; 0
0.04669; 0
0.05336; 0
0.06003; 0
0.0667; 0
0.07337; 0
0.08004; 0
0.08671; 0
0.09338; 0
0.10005; 0
0.10672; 0
0.11339; 0
0.12006; 0
0.12673; 0
0.1334; 0
0.14007; 0
0.14674; 0
0.15341; 0
0.16008; 0
0.16675; 0
0.17342; 0
0.18009; 0
0.18676; 0
0.19343; 0
0.2001; 0
0.20677; 0
0.21344; 0
0.22011; 0
0.22678; 0
0.23345; 0
0.24012; 0
0.24679; 0
0.25346; 0
0.26013; 0
0.2668; 0
0.27347; 0
0.28014; 0
0.28681; 0
0.29348; 0
0.30015; 0
0.30682; 0
0.31349; 0
0.32016; 0
0.32683; 0
0.3335; 0
0.34017; 0
0.34684; 0
0.35351; 0
0.36018; 0
0.36685; 0
0.37352; 0
0.38019; 0
0.38686; 0
0.39353; 0
0.4002; 0
0.40687; 0
0.41354; 0
0.42021; 0
0.42688; 0
0.43355; 0
0.44022; 0
0.44689; 0
0.45356; 0
0.46023; 0
0.4669; 0
0.47357; 305.202
0.48024; 305.195
0.48691; 305.179
0.49358; 305.156
0.50025; 305.125
0.50692; 305.086
0.51359; 305.041
0.52026; 304.988
0.52693; 304.929
0.5336; 304.862
0.54027; 304.79
0.54694; 304.711
0.55361; 304.627
0.56028; 304.537
0.56695; 304.443
0.57362; 304.343
0.58029; 304.24
0.58696; 304.133
0.59363; 304.022
0.6003; 303.908
0.60697; 303.792
0.61364; 303.674
0.62031; 303.554
0.62698; 303.432
0.63365; 303.31
0.64032; 303.187
0.64699; 303.064
0.65366; 302.941
0.66033; 302.819
0.667; 302.698
0.67367; 302.578
0.68034; 302.46
0.68701; 302.344
0.69368; 302.229
0.70035; 302.117
0.70702; 302.008
0.71369; 301.901
0.72036; 301.798
0.72703; 301.697
0.7337; 301.6
0.74037; 301.506
0.74704; 301.415
0.75371; 301.328
0.76038; 301.245
0.76705; 301.165
0.77372; 301.088
0.78039; 301.016
0.78706; 300.946
0.79373; 300.88
0.8004; 300.818
0.80707; 300.759
0.81374; 300.703
0.82041; 300.651
0.82708; 300.602
0.83375; 300.556
0.84042; 300.513
0.84709; 300.472
0.85376; 300.435
0.86043; 300.4
0.8671; 300.367
0.87377; 300.337
0.88044; 300.31
0.88711; 300.284
0.89378; 300.261
0.90045; 300.239
0.90712; 300.219
0.91379; 300.201
0.92046; 300.185
0.92713; 300.17
0.9338; 300.156
0.94047; 300.144
0.94714; 300.133
0.95381; 300.124
0.96048; 300.117
0.96715; 300.113
0.97382; 300.113
0.98049; 300.117
0.98716; 300.124
0.99383; 300.133
1.0005; 300.144
1.00717; 300.156
1.01384; 300.17
1.02051; 300.185
1.02718; 300.201
1.03385; 300.219
1.04052; 300.239
1.04719; 300.261
1.05386; 300.284
1.06053; 300.31
1.0672; 300.337
1.07387; 300.367
1.08054; 300.4
1.08721; 300.435
1.09388; 300.472
1.10055; 300.513
1.10722; 300.556
1.11389; 300.602
1.12056; 300.651
1.12723; 300.703
1.1339; 300.759
1.14057; 300.818
1.14724; 300.88
1.15391; 300.946
1.16058; 301.016
1.16725; 301.088
1.17392; 301.165
1.18059; 301.245
1.18726; 301.328
1.19393; 301.415
1.2006; 301.506
1.20727; 301.6
1.21394; 301.697
1.22061; 301.798
1.22728; 301.901
1.23395; 302.008
1.24062; 302.117
1.24729; 302.229
1.25396; 302.344
1.26063; 302.46
1.2673; 302.578
1.27397; 302.698
1.28064; 302.819
1.28731; 302.941
1.29398; 303.064
1.30065; 303.187
1.30732; 303.31
1.31399; 303.432
1.32066; 303.554
1.32733; 303.674
1.334; 303.792
1.34067; 303.908
1.34734; 304.022
1.35401; 304.133
1.36068; 304.24
1.36735; 304.343
1.37402; 304.443
1.38069; 304.537
1.38736; 304.627
1.39403; 304.711
1.4007; 304.79
1.40737; 304.862
1.41404; 304.929
1.42071; 304.988
1.42738; 305.041
1.43405; 305.086
1.44072; 305.125
1.44739; 305.156
1.45406; 305.179
1.46073; 305.195
1.4674; 305.202
1.47407; 0
1.48074; 0
1.48741; 0
1.49408; 0
1.50075; 0
1.50742; 0
1.51409; 0
1.52076; 0
1.52743; 0
1.5341; 0
1.54077; 0
1.54744; 0
1.55411; 0
1.56078; 0
1.56745; 0
1.57412; 0
1.58079; 0
1.58746; 0
1.59413; 0
1.6008; 0
1.60747; 0
1.61414; 0
1.62081; 0
1.62748; 0
1.63415; 0
1.64082; 0
1.64749; 0
1.65416; 0
1.66083; 0
1.6675; 0
1.67417; 0
1.68084; 0
1.68751; 0
1.69418; 0
1.70085; 0
1.70752; 0
1.71419; 0
1.72086; 0
1.72753; 0
1.7342; 0
1.74087; 0
1.74754; 0
1.75421; 0
1.76088; 0
1.76755; 0
1.77422; 0
1.78089; 0
1.78756; 0
1.79423; 0
1.8009; 0
1.80757; 0
1.81424; 0
1.82091; 0
1.82758; 0
1.83425; 0
1.84092; 0
1.84759; 0
1.85426; 0
1.86093; 0
1.8676; 0
1.87427; 0
1.88094; 0
1.88761; 0
1.89428; 0
1.90095; 0
1.90762; 0
1.91429; 0
1.92096; 0
1.92763; 0
1.9343; 0
1.94097; 0
1.94764; 0
1.95431; 0
1.96098; 0
1.96765; 0
1.97432; 0
1.98099; 0
1.98766; 0
1.99433; 0
2.001; 0
