0.00026; 0
0.00052; 0
0.00078; 0
0.00104; 0
0.0013; 0
0.00156; 0
0.00182; 0
0.00208; 0
0.00234; 0
0.0026; 0
0.00286; 0
0.00312; 0
0.00338; 0
0.00364; 0
0.0039; 0
0.00416; 0
0.00442; 0
0.00468; 0
0.00494; 0
0.0052; 0
0.00546; 0
0.00572; 0
0.00598; 0
0.00624; 0
0.0065; 0
0.00676; 0
0.00702; 0
0.00728; 0
0.00754; 0
0.0078; 0
0.00806; 0
0.00832; 0
0.00858; 0
0.00884; 0
0.0091; 0
0.00936; 0
0.00962; 0
0.00988; 0
0.01014; 0
0.0104; 0
0.01066; 0
0.01092; 0
0.01118; 0
0.01144; 0
0.0117; 0
0.01196; 0
0.01222; 0
0.01248; 0
0.01274; 0
0.013; 0
0.01326; 0
0.01352; 0
0.01378; 0
0.01404; 0
0.0143; 0
0.01456; 0
0.01482; 0
0.01508; 0
0.01534; 0
0.0156; 0
0.01586; 0
0.01612; 0
0.01638; 0
0.01664; 0
0.0169; 0
0.01716; 0
0.01742; 0
0.01768; 0
0.01794; 0
0.0182; 0
0.01846; 0
0.01872; 0
0.01898; 0
0.01924; 0
0.0195; 554.235
0.01976; 554.279
0.02002; 554.366
0.02028; 554.496
0.02054; 554.67
0.0208; 554.887
0.02106; 555.146
0.02132; 555.445
0.02158; 555.778
0.02184; 556.14
0.0221; 556.52
0.02236; 556.904
0.02262; 557.279
0.02288; 557.634
0.02314; 557.965
0.0234; 558.269
0.02366; 558.548
0.02392; 558.805
0.02418; 559.04
0.02444; 559.256
0.0247; 559.455
0.02496; 559.64
0.02522; 559.812
0.02548; 559.97
0.02574; 560.117
0.026; 560.254
0.02626; 560.381
0.02652; 560.499
0.02678; 560.607
0.02704; 560.709
0.0273; 560.803
0.02756; 560.887
0.02782; 560.964
0.02808; 561.036
0.02834; 561.1
0.0286; 561.156
0.02886; 561.205
0.02912; 561.249
0.02938; 561.287
0.02964; 561.317
0.0299; 561.34
0.03016; 561.359
0.03042; 561.371
0.03068; 561.376
0.03094; 561.375
0.0312; 561.37
0.03146; 561.361
0.03172; 561.344
0.03198; 561.322
0.03224; 561.297
0.0325; 561.267
0.03276; 561.233
0.03302; 561.196
0.03328; 561.157
0.03354; 561.116
0.0338; 561.072
0.03406; 561.027
0.03432; 560.983
0.03458; 560.939
0.03484; 560.895
0.0351; 560.854
0.03536; 560.817
0.03562; 560.784
0.03588; 560.754
0.03614; 560.729
0.0364; 560.713
0.03666; 560.703
0.03692; 560.7
0.03718; 560.707
0.03744; 560.723
0.0377; 560.751
0.03796; 560.787
0.03822; 560.834
0.03848; 560.894
0.03874; 560.965
0.039; 561.046
0.03926; 561.14
0.03952; 561.246
0.03978; 561.364
0.04004; 561.491
0.0403; 561.63
0.04056; 561.783
0.04082; 561.946
0.04108; 562.121
0.04134; 562.308
0.0416; 562.508
0.04186; 562.722
0.04212; 562.946
0.04238; 563.183
0.04264; 563.432
0.0429; 563.69
0.04316; 563.957
0.04342; 564.232
0.04368; 564.514
0.04394; 564.804
0.0442; 565.098
0.04446; 565.396
0.04472; 565.7
0.04498; 566.006
0.04524; 566.314
0.0455; 566.624
0.04576; 566.936
0.04602; 567.249
0.04628; 567.559
0.04654; 567.866
0.0468; 568.173
0.04706; 568.477
0.04732; 568.776
0.04758; 569.071
0.04784; 569.363
0.0481; 569.651
0.04836; 569.93
0.04862; 570.202
0.04888; 570.472
0.04914; 570.734
0.0494; 570.987
0.04966; 571.234
0.04992; 571.476
0.05018; 571.712
0.05044; 571.937
0.0507; 572.154
0.05096; 572.367
0.05122; 572.571
0.05148; 572.766
0.05174; 572.954
0.052; 573.136
0.05226; 573.312
0.05252; 573.476
0.05278; 573.633
0.05304; 573.785
0.0533; 573.929
0.05356; 574.063
0.05382; 574.19
0.05408; 574.312
0.05434; 574.428
0.0546; 574.532
0.05486; 574.628
0.05512; 574.719
0.05538; 574.803
0.05564; 574.877
0.0559; 574.943
0.05616; 575.005
0.05642; 575.06
0.05668; 575.104
0.05694; 575.139
0.0572; 575.17
0.05746; 575.193
0.05772; 575.206
0.05798; 575.211
0.05824; 0
0.0585; 0
0.05876; 0
0.05902; 0
0.05928; 0
0.05954; 0
0.0598; 0
0.06006; 0
0.06032; 0
0.06058; 0
0.06084; 0
0.0611; 0
0.06136; 0
0.06162; 0
0.06188; 0
0.06214; 0
0.0624; 0
0.06266; 0
0.06292; 0
0.06318; 0
0.06344; 0
0.0637; 0
0.06396; 0
0.06422; 0
0.06448; 0
0.06474; 0
0.065; 0
0.06526; 0
0.06552; 0
0.06578; 0
0.06604; 0
0.0663; 0
0.06656; 0
0.06682; 0
0.06708; 0
0.06734; 0
0.0676; 0
0.06786; 0
0.06812; 0
0.06838; 0
0.06864; 0
0.0689; 0
0.06916; 0
0.06942; 0
0.06968; 0
0.06994; 0
0.0702; 0
0.07046; 0
0.07072; 0
0.07098; 0
0.07124; 0
0.0715; 0
0.07176; 0
0.07202; 0
0.07228; 0
0.07254; 0
0.0728; 0
0.07306; 0
0.07332; 0
0.07358; 0
0.07384; 0
0.0741; 0
0.07436; 0
0.07462; 0
0.07488; 0
0.07514; 0
0.0754; 0
0.07566; 0
0.07592; 0
0.07618; 0
0.07644; 0
0.0767; 0
0.07696; 0
0.07722; 0
0.07748; 0
0.07774; 0
0.078; 0
