0.00667; 0
0.01334; 0
0.02001; 0
0.02668; 0
0.03335; 0
0.04002; 0
0.04669; 0
0.05336; 0
0.06003; 0
0.0667; 0
0.07337; 0
0.08004; 0
0.08671; 0
0.09338; 0
0.10005; 0
0.10672; 0
0.11339; 0
0.12006; 0
0.12673; 0
0.1334; 0
0.14007; 0
0.14674; 0
0.15341; 0
0.16008; 0
0.16675; 0
0.17342; 0
0.18009; 0
0.18676; 0
0.19343; 0
0.2001; 0
0.20677; 0
0.21344; 0
0.22011; 0
0.22678; 0
0.23345; 0
0.24012; 0
0.24679; 0
0.25346; 0
0.26013; 0
0.2668; 0
0.27347; 0
0.28014; 0
0.28681; 0
0.29348; 0
0.30015; 0
0.30682; 0
0.31349; 0
0.32016; 0
0.32683; 0
0.3335; 0
0.34017; 0
0.34684; 0
0.35351; 0
0.36018; 0
0.36685; 0
0.37352; 0
0.38019; 0
0.38686; 0
0.39353; 0
0.4002; 0
0.40687; 0
0.41354; 0
0.42021; 0
0.42688; 0
0.43355; 0
0.44022; 0
0.44689; 0
0.45356; 0
0.46023; 0
0.4669; 0
0.47357; 647.761
0.48024; 647.694
0.48691; 647.558
0.49358; 647.356
0.50025; 647.086
0.50692; 646.748
0.51359; 646.344
0.52026; 645.874
0.52693; 645.337
0.5336; 644.734
0.54027; 644.066
0.54694; 643.333
0.55361; 642.536
0.56028; 641.675
0.56695; 640.751
0.57362; 639.765
0.58029; 638.716
0.58696; 637.606
0.59363; 636.435
0.6003; 635.204
0.60697; 633.914
0.61364; 632.565
0.62031; 631.158
0.62698; 629.693
0.63365; 628.171
0.64032; 626.592
0.64699; 624.957
0.65366; 623.267
0.66033; 621.521
0.667; 619.72
0.67367; 617.863
0.68034; 615.952
0.68701; 613.986
0.69368; 611.965
0.70035; 609.888
0.70702; 607.755
0.71369; 605.566
0.72036; 603.319
0.72703; 601.014
0.7337; 598.649
0.74037; 596.223
0.74704; 593.734
0.75371; 591.18
0.76038; 588.559
0.76705; 585.867
0.77372; 583.103
0.78039; 580.261
0.78706; 577.339
0.79373; 574.33
0.8004; 571.231
0.80707; 568.034
0.81374; 564.733
0.82041; 561.321
0.82708; 557.787
0.83375; 554.123
0.84042; 550.317
0.84709; 546.356
0.85376; 542.224
0.86043; 537.906
0.8671; 533.383
0.87377; 528.632
0.88044; 523.629
0.88711; 518.348
0.89378; 512.757
0.90045; 506.825
0.90712; 500.517
0.91379; 493.802
0.92046; 486.656
0.92713; 479.079
0.9338; 471.11
0.94047; 462.876
0.94714; 454.653
0.95381; 446.968
0.96048; 440.692
0.96715; 437.012
0.97382; 437.012
0.98049; 440.692
0.98716; 446.968
0.99383; 454.653
1.0005; 462.876
1.00717; 471.11
1.01384; 479.079
1.02051; 486.656
1.02718; 493.802
1.03385; 500.517
1.04052; 506.825
1.04719; 512.757
1.05386; 518.348
1.06053; 523.629
1.0672; 528.632
1.07387; 533.383
1.08054; 537.906
1.08721; 542.224
1.09388; 546.356
1.10055; 550.317
1.10722; 554.123
1.11389; 557.787
1.12056; 561.321
1.12723; 564.733
1.1339; 568.034
1.14057; 571.231
1.14724; 574.33
1.15391; 577.339
1.16058; 580.261
1.16725; 583.103
1.17392; 585.867
1.18059; 588.559
1.18726; 591.18
1.19393; 593.734
1.2006; 596.223
1.20727; 598.649
1.21394; 601.014
1.22061; 603.319
1.22728; 605.566
1.23395; 607.755
1.24062; 609.888
1.24729; 611.965
1.25396; 613.986
1.26063; 615.952
1.2673; 617.863
1.27397; 619.72
1.28064; 621.521
1.28731; 623.267
1.29398; 624.957
1.30065; 626.592
1.30732; 628.171
1.31399; 629.693
1.32066; 631.158
1.32733; 632.565
1.334; 633.914
1.34067; 635.204
1.34734; 636.435
1.35401; 637.606
1.36068; 638.716
1.36735; 639.765
1.37402; 640.751
1.38069; 641.675
1.38736; 642.536
1.39403; 643.333
1.4007; 644.066
1.40737; 644.734
1.41404; 645.337
1.42071; 645.874
1.42738; 646.344
1.43405; 646.748
1.44072; 647.086
1.44739; 647.356
1.45406; 647.558
1.46073; 647.694
1.4674; 647.761
1.47407; 0
1.48074; 0
1.48741; 0
1.49408; 0
1.50075; 0
1.50742; 0
1.51409; 0
1.52076; 0
1.52743; 0
1.5341; 0
1.54077; 0
1.54744; 0
1.55411; 0
1.56078; 0
1.56745; 0
1.57412; 0
1.58079; 0
1.58746; 0
1.59413; 0
1.6008; 0
1.60747; 0
1.61414; 0
1.62081; 0
1.62748; 0
1.63415; 0
1.64082; 0
1.64749; 0
1.65416; 0
1.66083; 0
1.6675; 0
1.67417; 0
1.68084; 0
1.68751; 0
1.69418; 0
1.70085; 0
1.70752; 0
1.71419; 0
1.72086; 0
1.72753; 0
1.7342; 0
1.74087; 0
1.74754; 0
1.75421; 0
1.76088; 0
1.76755; 0
1.77422; 0
1.78089; 0
1.78756; 0
1.79423; 0
1.8009; 0
1.80757; 0
1.81424; 0
1.82091; 0
1.82758; 0
1.83425; 0
1.84092; 0
1.84759; 0
1.85426; 0
1.86093; 0
1.8676; 0
1.87427; 0
1.88094; 0
1.88761; 0
1.89428; 0
1.90095; 0
1.90762; 0
1.91429; 0
1.92096; 0
1.92763; 0
1.9343; 0
1.94097; 0
1.94764; 0
1.95431; 0
1.96098; 0
1.96765; 0
1.97432; 0
1.98099; 0
1.98766; 0
1.99433; 0
2.001; 0
