0.00026; 692.221
0.00052; 692.217
0.00078; 692.213
0.00104; 692.213
0.0013; 692.215
0.00156; 692.214
0.00182; 692.21
0.00208; 692.208
0.00234; 692.21
0.0026; 692.209
0.00286; 692.204
0.00312; 692.205
0.00338; 692.206
0.00364; 692.205
0.0039; 692.202
0.00416; 692.199
0.00442; 692.202
0.00468; 692.201
0.00494; 692.196
0.0052; 692.196
0.00546; 692.198
0.00572; 692.197
0.00598; 692.193
0.00624; 692.191
0.0065; 692.194
0.00676; 692.193
0.00702; 692.188
0.00728; 692.188
0.00754; 692.19
0.0078; 692.189
0.00806; 692.186
0.00832; 692.183
0.00858; 692.186
0.00884; 692.185
0.0091; 692.18
0.00936; 692.181
0.00962; 692.183
0.00988; 692.182
0.01014; 692.179
0.0104; 692.176
0.01066; 692.179
0.01092; 692.178
0.01118; 692.173
0.01144; 692.174
0.0117; 692.176
0.01196; 692.175
0.01222; 692.172
0.01248; 692.17
0.01274; 692.173
0.013; 692.172
0.01326; 692.167
0.01352; 692.168
0.01378; 692.17
0.01404; 692.169
0.0143; 692.166
0.01456; 692.164
0.01482; 692.167
0.01508; 692.166
0.01534; 692.161
0.0156; 692.162
0.01586; 692.164
0.01612; 692.164
0.01638; 692.16
0.01664; 692.158
0.0169; 692.162
0.01716; 692.161
0.01742; 692.156
0.01768; 692.157
0.01794; 692.159
0.0182; 692.158
0.01846; 692.155
0.01872; 692.153
0.01898; 692.157
0.01924; 692.156
0.0195; 692.151
0.01976; 692.152
0.02002; 692.154
0.02028; 692.154
0.02054; 692.151
0.0208; 692.149
0.02106; 692.152
0.02132; 692.151
0.02158; 692.147
0.02184; 692.148
0.0221; 692.15
0.02236; 692.15
0.02262; 692.147
0.02288; 692.145
0.02314; 692.148
0.0234; 692.148
0.02366; 692.143
0.02392; 692.144
0.02418; 692.147
0.02444; 692.146
0.0247; 692.143
0.02496; 692.141
0.02522; 692.145
0.02548; 692.144
0.02574; 692.14
0.026; 692.141
0.02626; 692.143
0.02652; 692.143
0.02678; 692.14
0.02704; 692.138
0.0273; 692.142
0.02756; 692.141
0.02782; 692.137
0.02808; 692.138
0.02834; 692.141
0.0286; 692.14
0.02886; 692.137
0.02912; 692.135
0.02938; 692.139
0.02964; 692.139
0.0299; 692.134
0.03016; 692.136
0.03042; 692.138
0.03068; 692.138
0.03094; 692.135
0.0312; 692.133
0.03146; 692.137
0.03172; 692.137
0.03198; 692.132
0.03224; 692.134
0.0325; 692.136
0.03276; 692.136
0.03302; 692.133
0.03328; 692.132
0.03354; 692.135
0.0338; 692.135
0.03406; 692.131
0.03432; 692.132
0.03458; 692.135
0.03484; 692.135
0.0351; 692.132
0.03536; 692.13
0.03562; 692.134
0.03588; 692.134
0.03614; 692.13
0.0364; 692.131
0.03666; 692.134
0.03692; 692.134
0.03718; 692.131
0.03744; 692.13
0.0377; 692.134
0.03796; 692.133
0.03822; 692.129
0.03848; 692.131
0.03874; 692.134
0.039; 692.134
0.03926; 692.131
0.03952; 692.129
0.03978; 692.133
0.04004; 692.133
0.0403; 692.129
0.04056; 692.131
0.04082; 692.134
0.04108; 692.134
0.04134; 692.131
0.0416; 692.13
0.04186; 692.134
0.04212; 692.134
0.04238; 692.13
0.04264; 692.131
0.0429; 692.134
0.04316; 692.134
0.04342; 692.132
0.04368; 692.13
0.04394; 692.134
0.0442; 692.134
0.04446; 692.13
0.04472; 692.132
0.04498; 692.135
0.04524; 692.135
0.0455; 692.133
0.04576; 692.131
0.04602; 692.135
0.04628; 692.135
0.04654; 692.131
0.0468; 692.133
0.04706; 692.136
0.04732; 692.136
0.04758; 692.134
0.04784; 692.133
0.0481; 692.137
0.04836; 692.137
0.04862; 692.133
0.04888; 692.135
0.04914; 692.138
0.0494; 692.138
0.04966; 692.136
0.04992; 692.134
0.05018; 692.139
0.05044; 692.139
0.0507; 692.135
0.05096; 692.137
0.05122; 692.14
0.05148; 692.14
0.05174; 692.138
0.052; 692.137
0.05226; 692.141
0.05252; 692.141
0.05278; 692.138
0.05304; 692.14
0.0533; 692.143
0.05356; 692.143
0.05382; 692.141
0.05408; 692.139
0.05434; 692.144
0.0546; 692.144
0.05486; 692.14
0.05512; 692.142
0.05538; 692.146
0.05564; 692.146
0.0559; 692.144
0.05616; 692.143
0.05642; 692.147
0.05668; 692.147
0.05694; 692.144
0.0572; 692.146
0.05746; 692.149
0.05772; 692.149
0.05798; 692.147
0.05824; 692.146
0.0585; 692.151
0.05876; 692.151
0.05902; 692.148
0.05928; 692.15
0.05954; 692.153
0.0598; 692.153
0.06006; 692.151
0.06032; 692.15
0.06058; 692.155
0.06084; 692.155
0.0611; 692.152
0.06136; 692.154
0.06162; 692.157
0.06188; 692.158
0.06214; 692.156
0.0624; 692.155
0.06266; 692.16
0.06292; 692.16
0.06318; 692.157
0.06344; 692.159
0.0637; 692.162
0.06396; 692.163
0.06422; 692.161
0.06448; 692.16
0.06474; 692.165
0.065; 692.165
0.06526; 692.162
0.06552; 692.164
0.06578; 692.168
0.06604; 692.168
0.0663; 692.167
0.06656; 692.166
0.06682; 692.17
0.06708; 692.171
0.06734; 692.168
0.0676; 692.17
0.06786; 692.174
0.06812; 692.174
0.06838; 692.172
0.06864; 692.172
0.0689; 692.176
0.06916; 692.177
0.06942; 692.174
0.06968; 692.176
0.06994; 692.18
0.0702; 692.181
0.07046; 692.179
0.07072; 692.178
0.07098; 692.183
0.07124; 692.184
0.0715; 692.18
0.07176; 692.183
0.07202; 692.187
0.07228; 692.187
0.07254; 692.186
0.0728; 692.185
0.07306; 692.19
0.07332; 692.191
0.07358; 692.187
0.07384; 692.19
0.0741; 692.194
0.07436; 692.195
0.07462; 692.193
0.07488; 692.192
0.07514; 692.197
0.0754; 692.198
0.07566; 692.195
0.07592; 692.198
0.07618; 692.201
0.07644; 692.202
0.0767; 692.201
0.07696; 692.2
0.07722; 692.205
0.07748; 692.206
0.07774; 692.203
0.078; 692.205
