0.00667; 0
0.01334; 0
0.02001; 0
0.02668; 0
0.03335; 0
0.04002; 0
0.04669; 0
0.05336; 0
0.06003; 0
0.0667; 0
0.07337; 0
0.08004; 0
0.08671; 0
0.09338; 0
0.10005; 0
0.10672; 0
0.11339; 0
0.12006; 0
0.12673; 0
0.1334; 0
0.14007; 0
0.14674; 0
0.15341; 0
0.16008; 0
0.16675; 0
0.17342; 0
0.18009; 0
0.18676; 0
0.19343; 0
0.2001; 0
0.20677; 0
0.21344; 0
0.22011; 0
0.22678; 0
0.23345; 0
0.24012; 0
0.24679; 0
0.25346; 0
0.26013; 0
0.2668; 0
0.27347; 0
0.28014; 0
0.28681; 0
0.29348; 0
0.30015; 0
0.30682; 0
0.31349; 0
0.32016; 0
0.32683; 0
0.3335; 0
0.34017; 0
0.34684; 0
0.35351; 0
0.36018; 0
0.36685; 0
0.37352; 0
0.38019; 0
0.38686; 0
0.39353; 0
0.4002; 0
0.40687; 0
0.41354; 0
0.42021; 0
0.42688; 0
0.43355; 0
0.44022; 0
0.44689; 0
0.45356; 0
0.46023; 0
0.4669; 0
0.47357; 655.103
0.48024; 655.035
0.48691; 654.9
0.49358; 654.697
0.50025; 654.427
0.50692; 654.089
0.51359; 653.685
0.52026; 653.213
0.52693; 652.676
0.5336; 652.072
0.54027; 651.403
0.54694; 650.669
0.55361; 649.87
0.56028; 649.008
0.56695; 648.081
0.57362; 647.092
0.58029; 646.041
0.58696; 644.927
0.59363; 643.753
0.6003; 642.518
0.60697; 641.223
0.61364; 639.868
0.62031; 638.455
0.62698; 636.983
0.63365; 635.454
0.64032; 633.867
0.64699; 632.223
0.65366; 630.522
0.66033; 628.765
0.667; 626.952
0.67367; 625.083
0.68034; 623.157
0.68701; 621.175
0.69368; 619.137
0.70035; 617.041
0.70702; 614.888
0.71369; 612.677
0.72036; 610.407
0.72703; 608.077
0.7337; 605.685
0.74037; 603.23
0.74704; 600.71
0.75371; 598.123
0.76038; 595.466
0.76705; 592.737
0.77372; 589.931
0.78039; 587.046
0.78706; 584.078
0.79373; 581.02
0.8004; 577.868
0.80707; 574.615
0.81374; 571.255
0.82041; 567.779
0.82708; 564.178
0.83375; 560.442
0.84042; 556.558
0.84709; 552.515
0.85376; 548.296
0.86043; 543.885
0.8671; 539.261
0.87377; 534.403
0.88044; 529.286
0.88711; 523.882
0.89378; 518.159
0.90045; 512.085
0.90712; 505.624
0.91379; 498.744
0.92046; 491.422
0.92713; 483.656
0.9338; 475.487
0.94047; 467.045
0.94714; 458.615
0.95381; 450.735
0.96048; 444.298
0.96715; 440.525
0.97382; 440.525
0.98049; 444.298
0.98716; 450.735
0.99383; 458.615
1.0005; 467.045
1.00717; 475.487
1.01384; 483.656
1.02051; 491.422
1.02718; 498.744
1.03385; 505.624
1.04052; 512.085
1.04719; 518.159
1.05386; 523.882
1.06053; 529.286
1.0672; 534.403
1.07387; 539.261
1.08054; 543.885
1.08721; 548.296
1.09388; 552.515
1.10055; 556.558
1.10722; 560.442
1.11389; 564.178
1.12056; 567.779
1.12723; 571.255
1.1339; 574.615
1.14057; 577.868
1.14724; 581.02
1.15391; 584.078
1.16058; 587.046
1.16725; 589.931
1.17392; 592.737
1.18059; 595.466
1.18726; 598.123
1.19393; 600.71
1.2006; 603.23
1.20727; 605.685
1.21394; 608.077
1.22061; 610.407
1.22728; 612.677
1.23395; 614.888
1.24062; 617.041
1.24729; 619.137
1.25396; 621.175
1.26063; 623.157
1.2673; 625.083
1.27397; 626.952
1.28064; 628.765
1.28731; 630.522
1.29398; 632.223
1.30065; 633.867
1.30732; 635.454
1.31399; 636.983
1.32066; 638.455
1.32733; 639.868
1.334; 641.223
1.34067; 642.518
1.34734; 643.753
1.35401; 644.927
1.36068; 646.041
1.36735; 647.092
1.37402; 648.081
1.38069; 649.008
1.38736; 649.87
1.39403; 650.669
1.4007; 651.403
1.40737; 652.072
1.41404; 652.676
1.42071; 653.213
1.42738; 653.685
1.43405; 654.089
1.44072; 654.427
1.44739; 654.697
1.45406; 654.9
1.46073; 655.035
1.4674; 655.103
1.47407; 0
1.48074; 0
1.48741; 0
1.49408; 0
1.50075; 0
1.50742; 0
1.51409; 0
1.52076; 0
1.52743; 0
1.5341; 0
1.54077; 0
1.54744; 0
1.55411; 0
1.56078; 0
1.56745; 0
1.57412; 0
1.58079; 0
1.58746; 0
1.59413; 0
1.6008; 0
1.60747; 0
1.61414; 0
1.62081; 0
1.62748; 0
1.63415; 0
1.64082; 0
1.64749; 0
1.65416; 0
1.66083; 0
1.6675; 0
1.67417; 0
1.68084; 0
1.68751; 0
1.69418; 0
1.70085; 0
1.70752; 0
1.71419; 0
1.72086; 0
1.72753; 0
1.7342; 0
1.74087; 0
1.74754; 0
1.75421; 0
1.76088; 0
1.76755; 0
1.77422; 0
1.78089; 0
1.78756; 0
1.79423; 0
1.8009; 0
1.80757; 0
1.81424; 0
1.82091; 0
1.82758; 0
1.83425; 0
1.84092; 0
1.84759; 0
1.85426; 0
1.86093; 0
1.8676; 0
1.87427; 0
1.88094; 0
1.88761; 0
1.89428; 0
1.90095; 0
1.90762; 0
1.91429; 0
1.92096; 0
1.92763; 0
1.9343; 0
1.94097; 0
1.94764; 0
1.95431; 0
1.96098; 0
1.96765; 0
1.97432; 0
1.98099; 0
1.98766; 0
1.99433; 0
2.001; 0
