0.0026; 745.396
0.0052; 745.403
0.0078; 745.409
0.0104; 745.421
0.013; 745.439
0.0156; 745.462
0.0182; 745.491
0.0208; 745.524
0.0234; 745.562
0.026; 745.603
0.0286; 745.648
0.0312; 745.697
0.0338; 745.748
0.0364; 745.802
0.039; 745.858
0.0416; 745.917
0.0442; 745.977
0.0468; 746.038
0.0494; 746.101
0.052; 746.165
0.0546; 746.23
0.0572; 746.295
0.0598; 746.361
0.0624; 746.427
0.065; 746.494
0.0676; 746.561
0.0702; 746.628
0.0728; 746.694
0.0754; 746.76
0.078; 746.823
0.0806; 746.884
0.0832; 746.941
0.0858; 746.995
0.0884; 747.044
0.091; 747.089
0.0936; 747.127
0.0962; 747.157
0.0988; 747.176
0.1014; 747.186
0.104; 747.187
0.1066; 747.18
0.1092; 747.166
0.1118; 747.147
0.1144; 747.122
0.117; 747.093
0.1196; 747.058
0.1222; 747.018
0.1248; 746.974
0.1274; 746.924
0.13; 746.869
0.1326; 746.808
0.1352; 746.74
0.1378; 746.666
0.1404; 746.583
0.143; 746.49
0.1456; 746.386
0.1482; 746.269
0.1508; 746.135
0.1534; 745.984
0.156; 745.812
0.1586; 745.621
0.1612; 745.412
0.1638; 745.189
0.1664; 744.949
0.169; 744.694
0.1716; 744.421
0.1742; 744.132
0.1768; 743.826
0.1794; 743.505
0.182; 743.169
0.1846; 742.817
0.1872; 742.449
0.1898; 742.065
0.1924; 741.665
0.195; 741.248
0.1976; 740.816
0.2002; 740.367
0.2028; 739.903
0.2054; 739.424
0.208; 738.929
0.2106; 738.42
0.2132; 737.896
0.2158; 737.359
0.2184; 736.808
0.221; 736.245
0.2236; 735.671
0.2262; 735.086
0.2288; 734.491
0.2314; 733.885
0.234; 733.269
0.2366; 732.641
0.2392; 732.003
0.2418; 731.354
0.2444; 730.693
0.247; 730.021
0.2496; 729.336
0.2522; 728.638
0.2548; 727.928
0.2574; 727.204
0.26; 726.468
0.2626; 725.719
0.2652; 724.956
0.2678; 724.18
0.2704; 723.391
0.273; 722.588
0.2756; 721.771
0.2782; 720.941
0.2808; 720.097
0.2834; 719.239
0.286; 718.368
0.2886; 717.482
0.2912; 716.582
0.2938; 715.668
0.2964; 714.739
0.299; 713.797
0.3016; 712.841
0.3042; 711.87
0.3068; 710.885
0.3094; 709.886
0.312; 708.868
0.3146; 707.898
0.3172; 706.951
0.3198; 706.021
0.3224; 705.093
0.325; 704.161
0.3276; 703.213
0.3302; 702.222
0.3328; 701.214
0.3354; 700.196
0.338; 699.17
0.3406; 698.142
0.3432; 697.122
0.3458; 696.059
0.3484; 694.924
0.351; 693.796
0.3536; 692.667
0.3562; 691.529
0.3588; 690.38
0.3614; 689.221
0.364; 688.046
0.3666; 686.867
0.3692; 685.686
0.3718; 684.503
0.3744; 683.318
0.377; 682.129
0.3796; 680.936
0.3822; 679.737
0.3848; 678.53
0.3874; 677.316
0.39; 676.093
0.3926; 674.859
0.3952; 673.613
0.3978; 672.354
0.4004; 671.081
0.403; 669.793
0.4056; 668.488
0.4082; 667.165
0.4108; 665.823
0.4134; 664.462
0.416; 663.078
0.4186; 661.673
0.4212; 660.244
0.4238; 658.791
0.4264; 657.312
0.429; 655.807
0.4316; 654.275
0.4342; 652.715
0.4368; 651.127
0.4394; 649.51
0.442; 647.862
0.4446; 646.185
0.4472; 644.476
0.4498; 642.737
0.4524; 640.965
0.455; 639.159
0.4576; 637.318
0.4602; 635.437
0.4628; 633.515
0.4654; 631.548
0.468; 629.536
0.4706; 627.476
0.4732; 625.368
0.4758; 623.209
0.4784; 621
0.481; 618.74
0.4836; 616.432
0.4862; 614.079
0.4888; 611.685
0.4914; 609.256
0.494; 606.789
0.4966; 604.273
0.4992; 601.705
0.5018; 599.084
0.5044; 596.41
0.507; 593.682
0.5096; 590.901
0.5122; 588.063
0.5148; 585.167
0.5174; 582.214
0.52; 579.241
0.5226; 576.194
0.5252; 573.17
0.5278; 570.221
0.5304; 567.26
0.533; 564.285
0.5356; 561.322
0.5382; 558.375
0.5408; 555.441
0.5434; 552.519
0.546; 549.609
0.5486; 546.711
0.5512; 543.825
0.5538; 540.952
0.5564; 538.093
0.559; 535.247
0.5616; 532.416
0.5642; 529.6
0.5668; 526.8
0.5694; 524.018
0.572; 521.253
0.5746; 518.508
0.5772; 515.783
0.5798; 513.079
0.5824; 510.398
0.585; 507.741
0.5876; 505.109
0.5902; 502.503
0.5928; 499.925
0.5954; 497.375
0.598; 494.855
0.6006; 492.365
0.6032; 489.908
0.6058; 487.483
0.6084; 485.091
0.611; 482.735
0.6136; 480.413
0.6162; 478.128
0.6188; 475.879
0.6214; 473.668
0.624; 471.494
0.6266; 469.359
0.6292; 467.262
0.6318; 465.205
0.6344; 463.187
0.637; 461.208
0.6396; 459.269
0.6422; 457.37
0.6448; 455.512
0.6474; 453.693
0.65; 451.915
0.6526; 450.176
0.6552; 448.479
0.6578; 446.821
0.6604; 445.204
0.663; 443.626
0.6656; 442.089
0.6682; 440.592
0.6708; 439.135
0.6734; 437.718
0.676; 436.34
0.6786; 435.002
0.6812; 433.702
0.6838; 432.442
0.6864; 431.221
0.689; 430.038
0.6916; 428.893
0.6942; 427.787
0.6968; 426.718
0.6994; 425.686
0.702; 424.691
0.7046; 423.733
0.7072; 422.812
0.7098; 421.926
0.7124; 421.076
0.715; 420.262
0.7176; 419.482
0.7202; 418.737
0.7228; 418.026
0.7254; 417.349
0.728; 416.706
0.7306; 416.096
0.7332; 415.518
0.7358; 414.974
0.7384; 414.461
0.741; 413.98
0.7436; 413.531
0.7462; 413.114
0.7488; 412.727
0.7514; 412.371
0.754; 412.045
0.7566; 411.75
0.7592; 411.485
0.7618; 411.25
0.7644; 411.045
0.767; 410.869
0.7696; 410.723
0.7722; 410.606
0.7748; 410.519
0.7774; 410.46
0.78; 410.431
