0.00026; 426.761
0.00052; 426.75
0.00078; 426.735
0.00104; 426.737
0.0013; 426.736
0.00156; 426.721
0.00182; 426.713
0.00208; 426.713
0.00234; 426.696
0.0026; 426.705
0.00286; 426.702
0.00312; 426.693
0.00338; 426.683
0.00364; 426.671
0.0039; 426.674
0.00416; 426.673
0.00442; 426.659
0.00468; 426.652
0.00494; 426.653
0.0052; 426.636
0.00546; 426.645
0.00572; 426.642
0.00598; 426.634
0.00624; 426.625
0.0065; 426.613
0.00676; 426.616
0.00702; 426.616
0.00728; 426.602
0.00754; 426.595
0.0078; 426.597
0.00806; 426.58
0.00832; 426.59
0.00858; 426.588
0.00884; 426.58
0.0091; 426.571
0.00936; 426.559
0.00962; 426.563
0.00988; 426.564
0.01014; 426.55
0.0104; 426.544
0.01066; 426.546
0.01092; 426.53
0.01118; 426.54
0.01144; 426.538
0.0117; 426.531
0.01196; 426.523
0.01222; 426.512
0.01248; 426.516
0.01274; 426.517
0.013; 426.504
0.01326; 426.498
0.01352; 426.5
0.01378; 426.485
0.01404; 426.495
0.0143; 426.494
0.01456; 426.487
0.01482; 426.48
0.01508; 426.469
0.01534; 426.474
0.0156; 426.475
0.01586; 426.463
0.01612; 426.457
0.01638; 426.46
0.01664; 426.445
0.0169; 426.456
0.01716; 426.455
0.01742; 426.449
0.01768; 426.442
0.01794; 426.431
0.0182; 426.437
0.01846; 426.439
0.01872; 426.427
0.01898; 426.422
0.01924; 426.425
0.0195; 426.411
0.01976; 426.422
0.02002; 426.422
0.02028; 426.416
0.02054; 426.409
0.0208; 426.399
0.02106; 426.405
0.02132; 426.408
0.02158; 426.396
0.02184; 426.392
0.0221; 426.395
0.02236; 426.381
0.02262; 426.393
0.02288; 426.393
0.02314; 426.388
0.0234; 426.382
0.02366; 426.372
0.02392; 426.379
0.02418; 426.382
0.02444; 426.37
0.0247; 426.366
0.02496; 426.371
0.02522; 426.357
0.02548; 426.369
0.02574; 426.37
0.026; 426.365
0.02626; 426.359
0.02652; 426.35
0.02678; 426.357
0.02704; 426.36
0.0273; 426.349
0.02756; 426.346
0.02782; 426.35
0.02808; 426.337
0.02834; 426.35
0.0286; 426.351
0.02886; 426.346
0.02912; 426.341
0.02938; 426.333
0.02964; 426.34
0.0299; 426.344
0.03016; 426.333
0.03042; 426.33
0.03068; 426.335
0.03094; 426.322
0.0312; 426.336
0.03146; 426.337
0.03172; 426.333
0.03198; 426.328
0.03224; 426.32
0.0325; 426.327
0.03276; 426.332
0.03302; 426.322
0.03328; 426.319
0.03354; 426.324
0.0338; 426.312
0.03406; 426.326
0.03432; 426.327
0.03458; 426.324
0.03484; 426.319
0.0351; 426.311
0.03536; 426.319
0.03562; 426.324
0.03588; 426.314
0.03614; 426.312
0.0364; 426.318
0.03666; 426.306
0.03692; 426.32
0.03718; 426.322
0.03744; 426.319
0.0377; 426.315
0.03796; 426.307
0.03822; 426.316
0.03848; 426.321
0.03874; 426.312
0.039; 426.31
0.03926; 426.316
0.03952; 426.304
0.03978; 426.319
0.04004; 426.322
0.0403; 426.318
0.04056; 426.315
0.04082; 426.308
0.04108; 426.317
0.04134; 426.322
0.0416; 426.313
0.04186; 426.312
0.04212; 426.318
0.04238; 426.307
0.04264; 426.322
0.0429; 426.325
0.04316; 426.322
0.04342; 426.319
0.04368; 426.313
0.04394; 426.322
0.0442; 426.328
0.04446; 426.319
0.04472; 426.318
0.04498; 426.325
0.04524; 426.314
0.0455; 426.33
0.04576; 426.333
0.04602; 426.331
0.04628; 426.328
0.04654; 426.322
0.0468; 426.331
0.04706; 426.338
0.04732; 426.33
0.04758; 426.329
0.04784; 426.337
0.0481; 426.326
0.04836; 426.342
0.04862; 426.346
0.04888; 426.344
0.04914; 426.341
0.0494; 426.336
0.04966; 426.346
0.04992; 426.352
0.05018; 426.345
0.05044; 426.344
0.0507; 426.352
0.05096; 426.342
0.05122; 426.358
0.05148; 426.363
0.05174; 426.361
0.052; 426.359
0.05226; 426.354
0.05252; 426.364
0.05278; 426.372
0.05304; 426.364
0.0533; 426.364
0.05356; 426.373
0.05382; 426.363
0.05408; 426.38
0.05434; 426.385
0.0546; 426.384
0.05486; 426.382
0.05512; 426.377
0.05538; 426.388
0.05564; 426.396
0.0559; 426.389
0.05616; 426.389
0.05642; 426.398
0.05668; 426.389
0.05694; 426.406
0.0572; 426.411
0.05746; 426.411
0.05772; 426.41
0.05798; 426.406
0.05824; 426.417
0.0585; 426.425
0.05876; 426.419
0.05902; 426.42
0.05928; 426.429
0.05954; 426.42
0.0598; 426.438
0.06006; 426.443
0.06032; 426.443
0.06058; 426.443
0.06084; 426.439
0.0611; 426.451
0.06136; 426.459
0.06162; 426.453
0.06188; 426.455
0.06214; 426.465
0.0624; 426.456
0.06266; 426.474
0.06292; 426.481
0.06318; 426.481
0.06344; 426.481
0.0637; 426.477
0.06396; 426.49
0.06422; 426.499
0.06448; 426.493
0.06474; 426.495
0.065; 426.506
0.06526; 426.498
0.06552; 426.516
0.06578; 426.523
0.06604; 426.524
0.0663; 426.524
0.06656; 426.521
0.06682; 426.534
0.06708; 426.543
0.06734; 426.538
0.0676; 426.541
0.06786; 426.552
0.06812; 426.545
0.06838; 426.564
0.06864; 426.571
0.0689; 426.572
0.06916; 426.573
0.06942; 426.571
0.06968; 426.584
0.06994; 426.594
0.0702; 426.589
0.07046; 426.592
0.07072; 426.604
0.07098; 426.597
0.07124; 426.617
0.0715; 426.624
0.07176; 426.626
0.07202; 426.628
0.07228; 426.626
0.07254; 426.64
0.0728; 426.65
0.07306; 426.647
0.07332; 426.65
0.07358; 426.662
0.07384; 426.656
0.0741; 426.676
0.07436; 426.684
0.07462; 426.687
0.07488; 426.689
0.07514; 426.688
0.0754; 426.702
0.07566; 426.713
0.07592; 426.71
0.07618; 426.715
0.07644; 426.727
0.0767; 426.722
0.07696; 426.742
0.07722; 426.751
0.07748; 426.754
0.07774; 426.755
0.078; 426.753
