0.00667; 0
0.01334; 0
0.02001; 0
0.02668; 0
0.03335; 0
0.04002; 0
0.04669; 0
0.05336; 0
0.06003; 0
0.0667; 0
0.07337; 0
0.08004; 0
0.08671; 0
0.09338; 0
0.10005; 0
0.10672; 0
0.11339; 0
0.12006; 0
0.12673; 0
0.1334; 0
0.14007; 0
0.14674; 0
0.15341; 0
0.16008; 0
0.16675; 0
0.17342; 0
0.18009; 0
0.18676; 0
0.19343; 0
0.2001; 0
0.20677; 0
0.21344; 0
0.22011; 0
0.22678; 0
0.23345; 0
0.24012; 0
0.24679; 0
0.25346; 0
0.26013; 0
0.2668; 0
0.27347; 0
0.28014; 0
0.28681; 0
0.29348; 0
0.30015; 0
0.30682; 0
0.31349; 0
0.32016; 0
0.32683; 0
0.3335; 0
0.34017; 0
0.34684; 0
0.35351; 0
0.36018; 0
0.36685; 0
0.37352; 0
0.38019; 0
0.38686; 0
0.39353; 0
0.4002; 0
0.40687; 0
0.41354; 0
0.42021; 0
0.42688; 0
0.43355; 0
0.44022; 0
0.44689; 0
0.45356; 0
0.46023; 0
0.4669; 0
0.47357; 384.348
0.48024; 384.295
0.48691; 384.189
0.49358; 384.031
0.50025; 383.82
0.50692; 383.557
0.51359; 383.244
0.52026; 382.879
0.52693; 382.466
0.5336; 382.003
0.54027; 381.493
0.54694; 380.936
0.55361; 380.334
0.56028; 379.688
0.56695; 378.999
0.57362; 378.27
0.58029; 377.5
0.58696; 376.693
0.59363; 375.85
0.6003; 374.973
0.60697; 374.063
0.61364; 373.122
0.62031; 372.152
0.62698; 371.155
0.63365; 370.134
0.64032; 369.089
0.64699; 368.023
0.65366; 366.939
0.66033; 365.837
0.667; 364.72
0.67367; 363.59
0.68034; 362.448
0.68701; 361.298
0.69368; 360.14
0.70035; 358.976
0.70702; 357.808
0.71369; 356.638
0.72036; 355.468
0.72703; 354.298
0.7337; 353.131
0.74037; 351.969
0.74704; 350.811
0.75371; 349.661
0.76038; 348.518
0.76705; 347.384
0.77372; 346.26
0.78039; 345.146
0.78706; 344.044
0.79373; 342.954
0.8004; 341.877
0.80707; 340.812
0.81374; 339.76
0.82041; 338.72
0.82708; 337.693
0.83375; 336.678
0.84042; 335.674
0.84709; 334.68
0.85376; 333.695
0.86043; 332.717
0.8671; 331.744
0.87377; 330.773
0.88044; 329.802
0.88711; 328.827
0.89378; 327.845
0.90045; 326.85
0.90712; 325.839
0.91379; 324.806
0.92046; 323.749
0.92713; 322.666
0.9338; 321.561
0.94047; 320.447
0.94714; 319.358
0.95381; 318.356
0.96048; 317.546
0.96715; 317.076
0.97382; 317.076
0.98049; 317.546
0.98716; 318.356
0.99383; 319.358
1.0005; 320.447
1.00717; 321.561
1.01384; 322.666
1.02051; 323.749
1.02718; 324.806
1.03385; 325.839
1.04052; 326.85
1.04719; 327.845
1.05386; 328.827
1.06053; 329.802
1.0672; 330.773
1.07387; 331.744
1.08054; 332.717
1.08721; 333.695
1.09388; 334.68
1.10055; 335.674
1.10722; 336.678
1.11389; 337.693
1.12056; 338.72
1.12723; 339.76
1.1339; 340.812
1.14057; 341.877
1.14724; 342.954
1.15391; 344.044
1.16058; 345.146
1.16725; 346.26
1.17392; 347.384
1.18059; 348.518
1.18726; 349.661
1.19393; 350.811
1.2006; 351.969
1.20727; 353.131
1.21394; 354.298
1.22061; 355.468
1.22728; 356.638
1.23395; 357.808
1.24062; 358.976
1.24729; 360.14
1.25396; 361.298
1.26063; 362.448
1.2673; 363.59
1.27397; 364.72
1.28064; 365.837
1.28731; 366.939
1.29398; 368.023
1.30065; 369.089
1.30732; 370.134
1.31399; 371.155
1.32066; 372.152
1.32733; 373.122
1.334; 374.063
1.34067; 374.973
1.34734; 375.85
1.35401; 376.693
1.36068; 377.5
1.36735; 378.27
1.37402; 378.999
1.38069; 379.688
1.38736; 380.334
1.39403; 380.936
1.4007; 381.493
1.40737; 382.003
1.41404; 382.466
1.42071; 382.879
1.42738; 383.244
1.43405; 383.557
1.44072; 383.82
1.44739; 384.031
1.45406; 384.189
1.46073; 384.295
1.4674; 384.348
1.47407; 0
1.48074; 0
1.48741; 0
1.49408; 0
1.50075; 0
1.50742; 0
1.51409; 0
1.52076; 0
1.52743; 0
1.5341; 0
1.54077; 0
1.54744; 0
1.55411; 0
1.56078; 0
1.56745; 0
1.57412; 0
1.58079; 0
1.58746; 0
1.59413; 0
1.6008; 0
1.60747; 0
1.61414; 0
1.62081; 0
1.62748; 0
1.63415; 0
1.64082; 0
1.64749; 0
1.65416; 0
1.66083; 0
1.6675; 0
1.67417; 0
1.68084; 0
1.68751; 0
1.69418; 0
1.70085; 0
1.70752; 0
1.71419; 0
1.72086; 0
1.72753; 0
1.7342; 0
1.74087; 0
1.74754; 0
1.75421; 0
1.76088; 0
1.76755; 0
1.77422; 0
1.78089; 0
1.78756; 0
1.79423; 0
1.8009; 0
1.80757; 0
1.81424; 0
1.82091; 0
1.82758; 0
1.83425; 0
1.84092; 0
1.84759; 0
1.85426; 0
1.86093; 0
1.8676; 0
1.87427; 0
1.88094; 0
1.88761; 0
1.89428; 0
1.90095; 0
1.90762; 0
1.91429; 0
1.92096; 0
1.92763; 0
1.9343; 0
1.94097; 0
1.94764; 0
1.95431; 0
1.96098; 0
1.96765; 0
1.97432; 0
1.98099; 0
1.98766; 0
1.99433; 0
2.001; 0
