0.00667; 0
0.01334; 0
0.02001; 0
0.02668; 0
0.03335; 0
0.04002; 0
0.04669; 0
0.05336; 0
0.06003; 0
0.0667; 0
0.07337; 0
0.08004; 0
0.08671; 0
0.09338; 0
0.10005; 0
0.10672; 0
0.11339; 0
0.12006; 0
0.12673; 0
0.1334; 0
0.14007; 0
0.14674; 0
0.15341; 0
0.16008; 0
0.16675; 0
0.17342; 0
0.18009; 0
0.18676; 0
0.19343; 0
0.2001; 0
0.20677; 0
0.21344; 0
0.22011; 0
0.22678; 0
0.23345; 0
0.24012; 0
0.24679; 0
0.25346; 0
0.26013; 0
0.2668; 0
0.27347; 0
0.28014; 0
0.28681; 0
0.29348; 0
0.30015; 0
0.30682; 0
0.31349; 0
0.32016; 0
0.32683; 0
0.3335; 0
0.34017; 0
0.34684; 0
0.35351; 0
0.36018; 0
0.36685; 0
0.37352; 0
0.38019; 0
0.38686; 0
0.39353; 0
0.4002; 0
0.40687; 0
0.41354; 0
0.42021; 0
0.42688; 0
0.43355; 0
0.44022; 0
0.44689; 0
0.45356; 0
0.46023; 0
0.4669; 0
0.47357; 701.603
0.48024; 701.535
0.48691; 701.399
0.49358; 701.194
0.50025; 700.922
0.50692; 700.582
0.51359; 700.174
0.52026; 699.699
0.52693; 699.157
0.5336; 698.547
0.54027; 697.871
0.54694; 697.129
0.55361; 696.32
0.56028; 695.446
0.56695; 694.506
0.57362; 693.501
0.58029; 692.432
0.58696; 691.298
0.59363; 690.1
0.6003; 688.838
0.60697; 687.513
0.61364; 686.125
0.62031; 684.673
0.62698; 683.159
0.63365; 681.583
0.64032; 679.943
0.64699; 678.241
0.65366; 676.477
0.66033; 674.65
0.667; 672.76
0.67367; 670.806
0.68034; 668.789
0.68701; 666.707
0.69368; 664.56
0.70035; 662.348
0.70702; 660.068
0.71369; 657.72
0.72036; 655.302
0.72703; 652.813
0.7337; 650.25
0.74037; 647.611
0.74704; 644.895
0.75371; 642.097
0.76038; 639.215
0.76705; 636.245
0.77372; 633.182
0.78039; 630.023
0.78706; 626.761
0.79373; 623.391
0.8004; 619.907
0.80707; 616.3
0.81374; 612.562
0.82041; 608.683
0.82708; 604.654
0.83375; 600.461
0.84042; 596.091
0.84709; 591.529
0.85376; 586.756
0.86043; 581.752
0.8671; 576.496
0.87377; 570.961
0.88044; 565.118
0.88711; 558.934
0.89378; 552.375
0.90045; 545.4
0.90712; 537.971
0.91379; 530.05
0.92046; 521.609
0.92713; 512.647
0.9338; 503.212
0.94047; 493.454
0.94714; 483.705
0.95381; 474.588
0.96048; 467.139
0.96715; 462.771
0.97382; 462.771
0.98049; 467.139
0.98716; 474.588
0.99383; 483.705
1.0005; 493.454
1.00717; 503.212
1.01384; 512.647
1.02051; 521.609
1.02718; 530.05
1.03385; 537.971
1.04052; 545.4
1.04719; 552.375
1.05386; 558.934
1.06053; 565.118
1.0672; 570.961
1.07387; 576.496
1.08054; 581.752
1.08721; 586.756
1.09388; 591.529
1.10055; 596.091
1.10722; 600.461
1.11389; 604.654
1.12056; 608.683
1.12723; 612.562
1.1339; 616.3
1.14057; 619.907
1.14724; 623.391
1.15391; 626.761
1.16058; 630.023
1.16725; 633.182
1.17392; 636.245
1.18059; 639.215
1.18726; 642.097
1.19393; 644.895
1.2006; 647.611
1.20727; 650.25
1.21394; 652.813
1.22061; 655.302
1.22728; 657.72
1.23395; 660.068
1.24062; 662.348
1.24729; 664.56
1.25396; 666.707
1.26063; 668.789
1.2673; 670.806
1.27397; 672.76
1.28064; 674.65
1.28731; 676.477
1.29398; 678.241
1.30065; 679.943
1.30732; 681.583
1.31399; 683.159
1.32066; 684.673
1.32733; 686.125
1.334; 687.513
1.34067; 688.838
1.34734; 690.1
1.35401; 691.298
1.36068; 692.432
1.36735; 693.501
1.37402; 694.506
1.38069; 695.446
1.38736; 696.32
1.39403; 697.129
1.4007; 697.871
1.40737; 698.547
1.41404; 699.157
1.42071; 699.699
1.42738; 700.174
1.43405; 700.582
1.44072; 700.922
1.44739; 701.194
1.45406; 701.399
1.46073; 701.535
1.4674; 701.603
1.47407; 0
1.48074; 0
1.48741; 0
1.49408; 0
1.50075; 0
1.50742; 0
1.51409; 0
1.52076; 0
1.52743; 0
1.5341; 0
1.54077; 0
1.54744; 0
1.55411; 0
1.56078; 0
1.56745; 0
1.57412; 0
1.58079; 0
1.58746; 0
1.59413; 0
1.6008; 0
1.60747; 0
1.61414; 0
1.62081; 0
1.62748; 0
1.63415; 0
1.64082; 0
1.64749; 0
1.65416; 0
1.66083; 0
1.6675; 0
1.67417; 0
1.68084; 0
1.68751; 0
1.69418; 0
1.70085; 0
1.70752; 0
1.71419; 0
1.72086; 0
1.72753; 0
1.7342; 0
1.74087; 0
1.74754; 0
1.75421; 0
1.76088; 0
1.76755; 0
1.77422; 0
1.78089; 0
1.78756; 0
1.79423; 0
1.8009; 0
1.80757; 0
1.81424; 0
1.82091; 0
1.82758; 0
1.83425; 0
1.84092; 0
1.84759; 0
1.85426; 0
1.86093; 0
1.8676; 0
1.87427; 0
1.88094; 0
1.88761; 0
1.89428; 0
1.90095; 0
1.90762; 0
1.91429; 0
1.92096; 0
1.92763; 0
1.9343; 0
1.94097; 0
1.94764; 0
1.95431; 0
1.96098; 0
1.96765; 0
1.97432; 0
1.98099; 0
1.98766; 0
1.99433; 0
2.001; 0
