0.00667; 0
0.01334; 0
0.02001; 0
0.02668; 0
0.03335; 0
0.04002; 0
0.04669; 0
0.05336; 0
0.06003; 0
0.0667; 0
0.07337; 0
0.08004; 0
0.08671; 0
0.09338; 0
0.10005; 0
0.10672; 0
0.11339; 0
0.12006; 0
0.12673; 0
0.1334; 0
0.14007; 0
0.14674; 0
0.15341; 0
0.16008; 0
0.16675; 0
0.17342; 0
0.18009; 0
0.18676; 0
0.19343; 0
0.2001; 0
0.20677; 0
0.21344; 0
0.22011; 0
0.22678; 0
0.23345; 0
0.24012; 0
0.24679; 0
0.25346; 0
0.26013; 0
0.2668; 0
0.27347; 0
0.28014; 0
0.28681; 0
0.29348; 0
0.30015; 0
0.30682; 0
0.31349; 0
0.32016; 0
0.32683; 0
0.3335; 0
0.34017; 0
0.34684; 0
0.35351; 0
0.36018; 0
0.36685; 0
0.37352; 0
0.38019; 0
0.38686; 0
0.39353; 0
0.4002; 0
0.40687; 0
0.41354; 0
0.42021; 0
0.42688; 0
0.43355; 0
0.44022; 0
0.44689; 0
0.45356; 0
0.46023; 0
0.4669; 0
0.47357; 549.4
0.48024; 549.333
0.48691; 549.2
0.49358; 549
0.50025; 548.734
0.50692; 548.403
0.51359; 548.006
0.52026; 547.544
0.52693; 547.018
0.5336; 546.428
0.54027; 545.776
0.54694; 545.061
0.55361; 544.286
0.56028; 543.45
0.56695; 542.556
0.57362; 541.603
0.58029; 540.593
0.58696; 539.528
0.59363; 538.408
0.6003; 537.235
0.60697; 536.01
0.61364; 534.734
0.62031; 533.409
0.62698; 532.035
0.63365; 530.615
0.64032; 529.148
0.64699; 527.638
0.65366; 526.084
0.66033; 524.488
0.667; 522.851
0.67367; 521.174
0.68034; 519.458
0.68701; 517.705
0.69368; 515.914
0.70035; 514.087
0.70702; 512.224
0.71369; 510.326
0.72036; 508.394
0.72703; 506.426
0.7337; 504.424
0.74037; 502.388
0.74704; 500.316
0.75371; 498.209
0.76038; 496.065
0.76705; 493.884
0.77372; 491.665
0.78039; 489.405
0.78706; 487.102
0.79373; 484.755
0.8004; 482.36
0.80707; 479.914
0.81374; 477.412
0.82041; 474.851
0.82708; 472.224
0.83375; 469.526
0.84042; 466.749
0.84709; 463.886
0.85376; 460.927
0.86043; 457.861
0.8671; 454.676
0.87377; 451.357
0.88044; 447.89
0.88711; 444.255
0.89378; 440.434
0.90045; 436.404
0.90712; 432.143
0.91379; 427.63
0.92046; 422.85
0.92713; 417.801
0.9338; 412.508
0.94047; 407.054
0.94714; 401.62
0.95381; 396.55
0.96048; 392.413
0.96715; 389.99
0.97382; 389.99
0.98049; 392.413
0.98716; 396.55
0.99383; 401.62
1.0005; 407.054
1.00717; 412.508
1.01384; 417.801
1.02051; 422.85
1.02718; 427.63
1.03385; 432.143
1.04052; 436.404
1.04719; 440.434
1.05386; 444.255
1.06053; 447.89
1.0672; 451.357
1.07387; 454.676
1.08054; 457.861
1.08721; 460.927
1.09388; 463.886
1.10055; 466.749
1.10722; 469.526
1.11389; 472.224
1.12056; 474.851
1.12723; 477.412
1.1339; 479.914
1.14057; 482.36
1.14724; 484.755
1.15391; 487.102
1.16058; 489.405
1.16725; 491.665
1.17392; 493.884
1.18059; 496.065
1.18726; 498.209
1.19393; 500.316
1.2006; 502.388
1.20727; 504.424
1.21394; 506.426
1.22061; 508.394
1.22728; 510.326
1.23395; 512.224
1.24062; 514.087
1.24729; 515.914
1.25396; 517.705
1.26063; 519.458
1.2673; 521.174
1.27397; 522.851
1.28064; 524.488
1.28731; 526.084
1.29398; 527.638
1.30065; 529.148
1.30732; 530.615
1.31399; 532.035
1.32066; 533.409
1.32733; 534.734
1.334; 536.01
1.34067; 537.235
1.34734; 538.408
1.35401; 539.528
1.36068; 540.593
1.36735; 541.603
1.37402; 542.556
1.38069; 543.45
1.38736; 544.286
1.39403; 545.061
1.4007; 545.776
1.40737; 546.428
1.41404; 547.018
1.42071; 547.544
1.42738; 548.006
1.43405; 548.403
1.44072; 548.734
1.44739; 549
1.45406; 549.2
1.46073; 549.333
1.4674; 549.4
1.47407; 0
1.48074; 0
1.48741; 0
1.49408; 0
1.50075; 0
1.50742; 0
1.51409; 0
1.52076; 0
1.52743; 0
1.5341; 0
1.54077; 0
1.54744; 0
1.55411; 0
1.56078; 0
1.56745; 0
1.57412; 0
1.58079; 0
1.58746; 0
1.59413; 0
1.6008; 0
1.60747; 0
1.61414; 0
1.62081; 0
1.62748; 0
1.63415; 0
1.64082; 0
1.64749; 0
1.65416; 0
1.66083; 0
1.6675; 0
1.67417; 0
1.68084; 0
1.68751; 0
1.69418; 0
1.70085; 0
1.70752; 0
1.71419; 0
1.72086; 0
1.72753; 0
1.7342; 0
1.74087; 0
1.74754; 0
1.75421; 0
1.76088; 0
1.76755; 0
1.77422; 0
1.78089; 0
1.78756; 0
1.79423; 0
1.8009; 0
1.80757; 0
1.81424; 0
1.82091; 0
1.82758; 0
1.83425; 0
1.84092; 0
1.84759; 0
1.85426; 0
1.86093; 0
1.8676; 0
1.87427; 0
1.88094; 0
1.88761; 0
1.89428; 0
1.90095; 0
1.90762; 0
1.91429; 0
1.92096; 0
1.92763; 0
1.9343; 0
1.94097; 0
1.94764; 0
1.95431; 0
1.96098; 0
1.96765; 0
1.97432; 0
1.98099; 0
1.98766; 0
1.99433; 0
2.001; 0
