0.0026; 745.456
0.0052; 745.464
0.0078; 745.471
0.0104; 745.485
0.013; 745.506
0.0156; 745.533
0.0182; 745.566
0.0208; 745.604
0.0234; 745.648
0.026; 745.697
0.0286; 745.75
0.0312; 745.807
0.0338; 745.868
0.0364; 745.932
0.039; 745.999
0.0416; 746.068
0.0442; 746.139
0.0468; 746.211
0.0494; 746.286
0.052; 746.361
0.0546; 746.437
0.0572; 746.513
0.0598; 746.59
0.0624; 746.667
0.065; 746.744
0.0676; 746.821
0.0702; 746.897
0.0728; 746.972
0.0754; 747.046
0.078; 747.117
0.0806; 747.185
0.0832; 747.25
0.0858; 747.31
0.0884; 747.365
0.091; 747.416
0.0936; 747.46
0.0962; 747.495
0.0988; 747.521
0.1014; 747.537
0.104; 747.545
0.1066; 747.546
0.1092; 747.54
0.1118; 747.529
0.1144; 747.511
0.117; 747.489
0.1196; 747.462
0.1222; 747.429
0.1248; 747.392
0.1274; 747.349
0.13; 747.301
0.1326; 747.247
0.1352; 747.187
0.1378; 747.119
0.1404; 747.043
0.143; 746.958
0.1456; 746.863
0.1482; 746.754
0.1508; 746.631
0.1534; 746.49
0.156; 746.331
0.1586; 746.154
0.1612; 745.96
0.1638; 745.752
0.1664; 745.528
0.169; 745.289
0.1716; 745.033
0.1742; 744.761
0.1768; 744.474
0.1794; 744.171
0.182; 743.854
0.1846; 743.521
0.1872; 743.173
0.1898; 742.809
0.1924; 742.43
0.195; 742.035
0.1976; 741.625
0.2002; 741.2
0.2028; 740.76
0.2054; 740.305
0.208; 739.837
0.2106; 739.355
0.2132; 738.86
0.2158; 738.352
0.2184; 737.833
0.221; 737.302
0.2236; 736.762
0.2262; 736.212
0.2288; 735.653
0.2314; 735.084
0.234; 734.507
0.2366; 733.92
0.2392; 733.324
0.2418; 732.718
0.2444; 732.101
0.247; 731.474
0.2496; 730.836
0.2522; 730.187
0.2548; 729.526
0.2574; 728.854
0.26; 728.17
0.2626; 727.473
0.2652; 726.764
0.2678; 726.043
0.2704; 725.309
0.273; 724.563
0.2756; 723.803
0.2782; 723.031
0.2808; 722.244
0.2834; 721.445
0.286; 720.631
0.2886; 719.804
0.2912; 718.963
0.2938; 718.107
0.2964; 717.237
0.299; 716.353
0.3016; 715.454
0.3042; 714.541
0.3068; 713.613
0.3094; 712.669
0.312; 711.707
0.3146; 710.789
0.3172; 709.891
0.3198; 709.011
0.3224; 708.134
0.325; 707.252
0.3276; 706.357
0.3302; 705.421
0.3328; 704.468
0.3354; 703.507
0.338; 702.539
0.3406; 701.57
0.3432; 700.608
0.3458; 699.609
0.3484; 698.543
0.351; 697.484
0.3536; 696.423
0.3562; 695.357
0.3588; 694.281
0.3614; 693.196
0.364; 692.099
0.3666; 690.998
0.3692; 689.897
0.3718; 688.797
0.3744; 687.696
0.377; 686.595
0.3796; 685.492
0.3822; 684.387
0.3848; 683.279
0.3874; 682.167
0.39; 681.05
0.3926; 679.927
0.3952; 678.798
0.3978; 677.66
0.4004; 676.514
0.403; 675.357
0.4056; 674.189
0.4082; 673.008
0.4108; 671.812
0.4134; 670.602
0.416; 669.375
0.4186; 668.129
0.4212; 666.864
0.4238; 665.578
0.4264; 664.269
0.429; 662.935
0.4316; 661.576
0.4342; 660.189
0.4368; 658.773
0.4394; 657.326
0.442; 655.847
0.4446; 654.335
0.4472; 652.787
0.4498; 651.203
0.4524; 649.581
0.455; 647.918
0.4576; 646.212
0.4602; 644.458
0.4628; 642.653
0.4654; 640.794
0.468; 638.877
0.4706; 636.899
0.4732; 634.859
0.4758; 632.754
0.4784; 630.581
0.481; 628.34
0.4836; 626.032
0.4862; 623.66
0.4888; 621.227
0.4914; 618.74
0.494; 616.197
0.4966; 613.587
0.4992; 610.907
0.5018; 608.154
0.5044; 605.327
0.507; 602.427
0.5096; 599.451
0.5122; 596.398
0.5148; 593.266
0.5174; 590.054
0.52; 586.799
0.5226; 583.455
0.5252; 580.123
0.5278; 576.87
0.5304; 573.592
0.533; 570.291
0.5356; 566.995
0.5382; 563.708
0.5408; 560.428
0.5434; 557.156
0.546; 553.891
0.5486; 550.634
0.5512; 547.387
0.5538; 544.15
0.5564; 540.926
0.559; 537.714
0.5616; 534.516
0.5642; 531.334
0.5668; 528.17
0.5694; 525.025
0.572; 521.9
0.5746; 518.798
0.5772; 515.72
0.5798; 512.667
0.5824; 509.643
0.585; 506.647
0.5876; 503.684
0.5902; 500.753
0.5928; 497.856
0.5954; 494.996
0.598; 492.174
0.6006; 489.392
0.6032; 486.65
0.6058; 483.951
0.6084; 481.295
0.611; 478.684
0.6136; 476.119
0.6162; 473.601
0.6188; 471.13
0.6214; 468.709
0.624; 466.336
0.6266; 464.013
0.6292; 461.74
0.6318; 459.518
0.6344; 457.347
0.637; 455.227
0.6396; 453.158
0.6422; 451.141
0.6448; 449.175
0.6474; 447.26
0.65; 445.396
0.6526; 443.583
0.6552; 441.821
0.6578; 440.109
0.6604; 438.447
0.663; 436.835
0.6656; 435.272
0.6682; 433.759
0.6708; 432.293
0.6734; 430.876
0.676; 429.506
0.6786; 428.182
0.6812; 426.905
0.6838; 425.673
0.6864; 424.486
0.689; 423.344
0.6916; 422.244
0.6942; 421.188
0.6968; 420.173
0.6994; 419.2
0.702; 418.267
0.7046; 417.373
0.7072; 416.519
0.7098; 415.703
0.7124; 414.924
0.715; 414.182
0.7176; 413.476
0.7202; 412.804
0.7228; 412.168
0.7254; 411.564
0.728; 410.994
0.7306; 410.455
0.7332; 409.949
0.7358; 409.473
0.7384; 409.027
0.741; 408.611
0.7436; 408.224
0.7462; 407.865
0.7488; 407.534
0.7514; 407.231
0.754; 406.954
0.7566; 406.704
0.7592; 406.48
0.7618; 406.282
0.7644; 406.11
0.767; 405.962
0.7696; 405.84
0.7722; 405.742
0.7748; 405.669
0.7774; 405.62
0.78; 405.596
