0.0026; 744.857
0.0052; 744.873
0.0078; 744.889
0.0104; 744.921
0.013; 744.968
0.0156; 745.029
0.0182; 745.104
0.0208; 745.191
0.0234; 745.289
0.026; 745.397
0.0286; 745.513
0.0312; 745.635
0.0338; 745.764
0.0364; 745.895
0.039; 746.03
0.0416; 746.166
0.0442; 746.302
0.0468; 746.437
0.0494; 746.571
0.052; 746.702
0.0546; 746.83
0.0572; 746.954
0.0598; 747.075
0.0624; 747.193
0.065; 747.306
0.0676; 747.415
0.0702; 747.521
0.0728; 747.623
0.0754; 747.722
0.078; 747.816
0.0806; 747.906
0.0832; 747.991
0.0858; 748.072
0.0884; 748.149
0.091; 748.221
0.0936; 748.289
0.0962; 748.35
0.0988; 748.404
0.1014; 748.451
0.104; 748.493
0.1066; 748.529
0.1092; 748.56
0.1118; 748.587
0.1144; 748.609
0.117; 748.626
0.1196; 748.639
0.1222; 748.646
0.1248; 748.648
0.1274; 748.645
0.13; 748.635
0.1326; 748.619
0.1352; 748.596
0.1378; 748.564
0.1404; 748.524
0.143; 748.475
0.1456; 748.414
0.1482; 748.342
0.1508; 748.255
0.1534; 748.153
0.156; 748.034
0.1586; 747.898
0.1612; 747.744
0.1638; 747.574
0.1664; 747.385
0.169; 747.178
0.1716; 746.951
0.1742; 746.705
0.1768; 746.438
0.1794; 746.152
0.182; 745.846
0.1846; 745.521
0.1872; 745.178
0.1898; 744.815
0.1924; 744.436
0.195; 744.04
0.1976; 743.629
0.2002; 743.204
0.2028; 742.769
0.2054; 742.323
0.208; 741.87
0.2106; 741.411
0.2132; 740.948
0.2158; 740.483
0.2184; 740.018
0.221; 739.555
0.2236; 739.095
0.2262; 738.64
0.2288; 738.189
0.2314; 737.744
0.234; 737.302
0.2366; 736.863
0.2392; 736.426
0.2418; 735.988
0.2444; 735.548
0.247; 735.102
0.2496; 734.649
0.2522; 734.185
0.2548; 733.707
0.2574; 733.213
0.26; 732.698
0.2626; 732.161
0.2652; 731.599
0.2678; 731.009
0.2704; 730.389
0.273; 729.738
0.2756; 729.055
0.2782; 728.338
0.2808; 727.588
0.2834; 726.804
0.286; 725.99
0.2886; 725.144
0.2912; 724.271
0.2938; 723.372
0.2964; 722.451
0.299; 721.511
0.3016; 720.555
0.3042; 719.588
0.3068; 718.612
0.3094; 717.632
0.312; 716.647
0.3146; 715.723
0.3172; 714.842
0.3198; 713.981
0.3224; 713.131
0.325; 712.285
0.3276; 711.44
0.3302; 710.583
0.3328; 709.737
0.3354; 708.908
0.338; 708.103
0.3406; 707.324
0.3432; 706.579
0.3458; 705.832
0.3484; 705.072
0.351; 704.359
0.3536; 703.684
0.3562; 703.038
0.3588; 702.418
0.3614; 701.82
0.364; 701.237
0.3666; 700.67
0.3692; 700.115
0.3718; 699.564
0.3744; 699.01
0.377; 698.445
0.3796; 697.864
0.3822; 697.259
0.3848; 696.625
0.3874; 695.956
0.39; 695.249
0.3926; 694.499
0.3952; 693.704
0.3978; 692.861
0.4004; 691.971
0.403; 691.032
0.4056; 690.046
0.4082; 689.014
0.4108; 687.939
0.4134; 686.824
0.416; 685.671
0.4186; 684.486
0.4212; 683.272
0.4238; 682.033
0.4264; 680.773
0.429; 679.497
0.4316; 678.208
0.4342; 676.909
0.4368; 675.602
0.4394; 674.289
0.442; 672.972
0.4446; 671.65
0.4472; 670.322
0.4498; 668.988
0.4524; 667.644
0.455; 666.287
0.4576; 664.912
0.4602; 663.512
0.4628; 662.078
0.4654; 660.601
0.468; 659.072
0.4706; 657.481
0.4732; 655.817
0.4758; 654.071
0.4784; 652.232
0.481; 650.289
0.4836; 648.235
0.4862; 646.063
0.4888; 643.771
0.4914; 641.358
0.494; 638.829
0.4966; 636.167
0.4992; 633.36
0.5018; 630.401
0.5044; 627.285
0.507; 624.009
0.5096; 620.571
0.5122; 616.967
0.5148; 613.194
0.5174; 609.253
0.52; 605.179
0.5226; 600.959
0.5252; 596.721
0.5278; 592.555
0.5304; 588.307
0.533; 583.995
0.5356; 579.656
0.5382; 575.297
0.5408; 570.921
0.5434; 566.53
0.546; 562.129
0.5486; 557.724
0.5512; 553.32
0.5538; 548.921
0.5564; 544.534
0.559; 540.164
0.5616; 535.815
0.5642; 531.494
0.5668; 527.204
0.5694; 522.952
0.572; 518.741
0.5746; 514.578
0.5772; 510.465
0.5798; 506.407
0.5824; 502.409
0.585; 498.474
0.5876; 494.606
0.5902; 490.809
0.5928; 487.084
0.5954; 483.436
0.598; 479.866
0.6006; 476.378
0.6032; 472.973
0.6058; 469.653
0.6084; 466.42
0.611; 463.276
0.6136; 460.221
0.6162; 457.257
0.6188; 454.385
0.6214; 451.604
0.624; 448.915
0.6266; 446.318
0.6292; 443.814
0.6318; 441.401
0.6344; 439.079
0.637; 436.847
0.6396; 434.705
0.6422; 432.651
0.6448; 430.684
0.6474; 428.802
0.65; 427.005
0.6526; 425.29
0.6552; 423.656
0.6578; 422.101
0.6604; 420.623
0.663; 419.22
0.6656; 417.89
0.6682; 416.631
0.6708; 415.441
0.6734; 414.317
0.676; 413.258
0.6786; 412.261
0.6812; 411.323
0.6838; 410.443
0.6864; 409.619
0.689; 408.847
0.6916; 408.125
0.6942; 407.452
0.6968; 406.825
0.6994; 406.242
0.702; 405.7
0.7046; 405.198
0.7072; 404.733
0.7098; 404.304
0.7124; 403.908
0.715; 403.543
0.7176; 403.207
0.7202; 402.899
0.7228; 402.617
0.7254; 402.36
0.728; 402.124
0.7306; 401.91
0.7332; 401.715
0.7358; 401.538
0.7384; 401.379
0.741; 401.235
0.7436; 401.105
0.7462; 400.989
0.7488; 400.885
0.7514; 400.792
0.754; 400.71
0.7566; 400.638
0.7592; 400.575
0.7618; 400.521
0.7644; 400.475
0.767; 400.436
0.7696; 400.404
0.7722; 400.379
0.7748; 400.36
0.7774; 400.348
0.78; 400.342
