0.00667; 0
0.01334; 0
0.02001; 0
0.02668; 0
0.03335; 0
0.04002; 0
0.04669; 0
0.05336; 0
0.06003; 0
0.0667; 0
0.07337; 0
0.08004; 0
0.08671; 0
0.09338; 0
0.10005; 0
0.10672; 0
0.11339; 0
0.12006; 0
0.12673; 0
0.1334; 0
0.14007; 0
0.14674; 0
0.15341; 0
0.16008; 0
0.16675; 0
0.17342; 0
0.18009; 0
0.18676; 0
0.19343; 0
0.2001; 0
0.20677; 0
0.21344; 0
0.22011; 0
0.22678; 0
0.23345; 0
0.24012; 0
0.24679; 0
0.25346; 0
0.26013; 0
0.2668; 0
0.27347; 0
0.28014; 0
0.28681; 0
0.29348; 0
0.30015; 0
0.30682; 0
0.31349; 0
0.32016; 0
0.32683; 0
0.3335; 0
0.34017; 0
0.34684; 0
0.35351; 0
0.36018; 0
0.36685; 0
0.37352; 0
0.38019; 0
0.38686; 0
0.39353; 0
0.4002; 0
0.40687; 0
0.41354; 0
0.42021; 0
0.42688; 0
0.43355; 0
0.44022; 0
0.44689; 0
0.45356; 0
0.46023; 0
0.4669; 0
0.47357; 358.826
0.48024; 358.782
0.48691; 358.693
0.49358; 358.561
0.50025; 358.385
0.50692; 358.166
0.51359; 357.904
0.52026; 357.6
0.52693; 357.256
0.5336; 356.87
0.54027; 356.446
0.54694; 355.983
0.55361; 355.483
0.56028; 354.947
0.56695; 354.376
0.57362; 353.772
0.58029; 353.136
0.58696; 352.47
0.59363; 351.775
0.6003; 351.052
0.60697; 350.304
0.61364; 349.532
0.62031; 348.738
0.62698; 347.924
0.63365; 347.09
0.64032; 346.24
0.64699; 345.374
0.65366; 344.495
0.66033; 343.605
0.667; 342.704
0.67367; 341.795
0.68034; 340.88
0.68701; 339.96
0.69368; 339.037
0.70035; 338.112
0.70702; 337.187
0.71369; 336.264
0.72036; 335.344
0.72703; 334.428
0.7337; 333.517
0.74037; 332.614
0.74704; 331.719
0.75371; 330.833
0.76038; 329.958
0.76705; 329.093
0.77372; 328.241
0.78039; 327.403
0.78706; 326.577
0.79373; 325.767
0.8004; 324.971
0.80707; 324.19
0.81374; 323.425
0.82041; 322.675
0.82708; 321.942
0.83375; 321.223
0.84042; 320.521
0.84709; 319.833
0.85376; 319.159
0.86043; 318.499
0.8671; 317.851
0.87377; 317.213
0.88044; 316.586
0.88711; 315.966
0.89378; 315.351
0.90045; 314.739
0.90712; 314.128
0.91379; 313.514
0.92046; 312.895
0.92713; 312.272
0.9338; 311.644
0.94047; 311.019
0.94714; 310.415
0.95381; 309.863
0.96048; 309.421
0.96715; 309.164
0.97382; 309.164
0.98049; 309.421
0.98716; 309.863
0.99383; 310.415
1.0005; 311.019
1.00717; 311.644
1.01384; 312.272
1.02051; 312.895
1.02718; 313.514
1.03385; 314.128
1.04052; 314.739
1.04719; 315.351
1.05386; 315.966
1.06053; 316.586
1.0672; 317.213
1.07387; 317.851
1.08054; 318.499
1.08721; 319.159
1.09388; 319.833
1.10055; 320.521
1.10722; 321.223
1.11389; 321.942
1.12056; 322.675
1.12723; 323.425
1.1339; 324.19
1.14057; 324.971
1.14724; 325.767
1.15391; 326.577
1.16058; 327.403
1.16725; 328.241
1.17392; 329.093
1.18059; 329.958
1.18726; 330.833
1.19393; 331.719
1.2006; 332.614
1.20727; 333.517
1.21394; 334.428
1.22061; 335.344
1.22728; 336.264
1.23395; 337.187
1.24062; 338.112
1.24729; 339.037
1.25396; 339.96
1.26063; 340.88
1.2673; 341.795
1.27397; 342.704
1.28064; 343.605
1.28731; 344.495
1.29398; 345.374
1.30065; 346.24
1.30732; 347.09
1.31399; 347.924
1.32066; 348.738
1.32733; 349.532
1.334; 350.304
1.34067; 351.052
1.34734; 351.775
1.35401; 352.47
1.36068; 353.136
1.36735; 353.772
1.37402; 354.376
1.38069; 354.947
1.38736; 355.483
1.39403; 355.983
1.4007; 356.446
1.40737; 356.87
1.41404; 357.256
1.42071; 357.6
1.42738; 357.904
1.43405; 358.166
1.44072; 358.385
1.44739; 358.561
1.45406; 358.693
1.46073; 358.782
1.4674; 358.826
1.47407; 0
1.48074; 0
1.48741; 0
1.49408; 0
1.50075; 0
1.50742; 0
1.51409; 0
1.52076; 0
1.52743; 0
1.5341; 0
1.54077; 0
1.54744; 0
1.55411; 0
1.56078; 0
1.56745; 0
1.57412; 0
1.58079; 0
1.58746; 0
1.59413; 0
1.6008; 0
1.60747; 0
1.61414; 0
1.62081; 0
1.62748; 0
1.63415; 0
1.64082; 0
1.64749; 0
1.65416; 0
1.66083; 0
1.6675; 0
1.67417; 0
1.68084; 0
1.68751; 0
1.69418; 0
1.70085; 0
1.70752; 0
1.71419; 0
1.72086; 0
1.72753; 0
1.7342; 0
1.74087; 0
1.74754; 0
1.75421; 0
1.76088; 0
1.76755; 0
1.77422; 0
1.78089; 0
1.78756; 0
1.79423; 0
1.8009; 0
1.80757; 0
1.81424; 0
1.82091; 0
1.82758; 0
1.83425; 0
1.84092; 0
1.84759; 0
1.85426; 0
1.86093; 0
1.8676; 0
1.87427; 0
1.88094; 0
1.88761; 0
1.89428; 0
1.90095; 0
1.90762; 0
1.91429; 0
1.92096; 0
1.92763; 0
1.9343; 0
1.94097; 0
1.94764; 0
1.95431; 0
1.96098; 0
1.96765; 0
1.97432; 0
1.98099; 0
1.98766; 0
1.99433; 0
2.001; 0
