0.00667; 0
0.01334; 0
0.02001; 0
0.02668; 0
0.03335; 0
0.04002; 0
0.04669; 0
0.05336; 0
0.06003; 0
0.0667; 0
0.07337; 0
0.08004; 0
0.08671; 0
0.09338; 0
0.10005; 0
0.10672; 0
0.11339; 0
0.12006; 0
0.12673; 0
0.1334; 0
0.14007; 0
0.14674; 0
0.15341; 0
0.16008; 0
0.16675; 0
0.17342; 0
0.18009; 0
0.18676; 0
0.19343; 0
0.2001; 0
0.20677; 0
0.21344; 0
0.22011; 0
0.22678; 0
0.23345; 0
0.24012; 0
0.24679; 0
0.25346; 0
0.26013; 0
0.2668; 0
0.27347; 0
0.28014; 0
0.28681; 0
0.29348; 0
0.30015; 0
0.30682; 0
0.31349; 0
0.32016; 0
0.32683; 0
0.3335; 0
0.34017; 0
0.34684; 0
0.35351; 0
0.36018; 0
0.36685; 0
0.37352; 0
0.38019; 0
0.38686; 0
0.39353; 0
0.4002; 0
0.40687; 0
0.41354; 0
0.42021; 0
0.42688; 0
0.43355; 0
0.44022; 0
0.44689; 0
0.45356; 0
0.46023; 0
0.4669; 0
0.47357; 659.576
0.48024; 659.508
0.48691; 659.373
0.49358; 659.17
0.50025; 658.899
0.50692; 658.561
0.51359; 658.156
0.52026; 657.685
0.52693; 657.147
0.5336; 656.543
0.54027; 655.873
0.54694; 655.138
0.55361; 654.338
0.56028; 653.474
0.56695; 652.547
0.57362; 651.556
0.58029; 650.503
0.58696; 649.388
0.59363; 648.211
0.6003; 646.973
0.60697; 645.675
0.61364; 644.318
0.62031; 642.901
0.62698; 641.425
0.63365; 639.891
0.64032; 638.299
0.64699; 636.649
0.65366; 634.943
0.66033; 633.179
0.667; 631.358
0.67367; 629.481
0.68034; 627.546
0.68701; 625.555
0.69368; 623.506
0.70035; 621.399
0.70702; 619.234
0.71369; 617.01
0.72036; 614.725
0.72703; 612.38
0.7337; 609.971
0.74037; 607.499
0.74704; 604.96
0.75371; 602.352
0.76038; 599.674
0.76705; 596.921
0.77372; 594.091
0.78039; 591.18
0.78706; 588.183
0.79373; 585.095
0.8004; 581.911
0.80707; 578.625
0.81374; 575.228
0.82041; 571.713
0.82708; 568.071
0.83375; 564.291
0.84042; 560.361
0.84709; 556.268
0.85376; 551.995
0.86043; 547.527
0.8671; 542.843
0.87377; 537.92
0.88044; 532.733
0.88711; 527.253
0.89378; 521.45
0.90045; 515.289
0.90712; 508.735
0.91379; 501.755
0.92046; 494.326
0.92713; 486.444
0.9338; 478.154
0.94047; 469.585
0.94714; 461.028
0.95381; 453.029
0.96048; 446.495
0.96715; 442.665
0.97382; 442.665
0.98049; 446.495
0.98716; 453.029
0.99383; 461.028
1.0005; 469.585
1.00717; 478.154
1.01384; 486.444
1.02051; 494.326
1.02718; 501.755
1.03385; 508.735
1.04052; 515.289
1.04719; 521.45
1.05386; 527.253
1.06053; 532.733
1.0672; 537.92
1.07387; 542.843
1.08054; 547.527
1.08721; 551.995
1.09388; 556.268
1.10055; 560.361
1.10722; 564.291
1.11389; 568.071
1.12056; 571.713
1.12723; 575.228
1.1339; 578.625
1.14057; 581.911
1.14724; 585.095
1.15391; 588.183
1.16058; 591.18
1.16725; 594.091
1.17392; 596.921
1.18059; 599.674
1.18726; 602.352
1.19393; 604.96
1.2006; 607.499
1.20727; 609.971
1.21394; 612.38
1.22061; 614.725
1.22728; 617.01
1.23395; 619.234
1.24062; 621.399
1.24729; 623.506
1.25396; 625.555
1.26063; 627.546
1.2673; 629.481
1.27397; 631.358
1.28064; 633.179
1.28731; 634.943
1.29398; 636.649
1.30065; 638.299
1.30732; 639.891
1.31399; 641.425
1.32066; 642.901
1.32733; 644.318
1.334; 645.675
1.34067; 646.973
1.34734; 648.211
1.35401; 649.388
1.36068; 650.503
1.36735; 651.556
1.37402; 652.547
1.38069; 653.474
1.38736; 654.338
1.39403; 655.138
1.4007; 655.873
1.40737; 656.543
1.41404; 657.147
1.42071; 657.685
1.42738; 658.156
1.43405; 658.561
1.44072; 658.899
1.44739; 659.17
1.45406; 659.373
1.46073; 659.508
1.4674; 659.576
1.47407; 0
1.48074; 0
1.48741; 0
1.49408; 0
1.50075; 0
1.50742; 0
1.51409; 0
1.52076; 0
1.52743; 0
1.5341; 0
1.54077; 0
1.54744; 0
1.55411; 0
1.56078; 0
1.56745; 0
1.57412; 0
1.58079; 0
1.58746; 0
1.59413; 0
1.6008; 0
1.60747; 0
1.61414; 0
1.62081; 0
1.62748; 0
1.63415; 0
1.64082; 0
1.64749; 0
1.65416; 0
1.66083; 0
1.6675; 0
1.67417; 0
1.68084; 0
1.68751; 0
1.69418; 0
1.70085; 0
1.70752; 0
1.71419; 0
1.72086; 0
1.72753; 0
1.7342; 0
1.74087; 0
1.74754; 0
1.75421; 0
1.76088; 0
1.76755; 0
1.77422; 0
1.78089; 0
1.78756; 0
1.79423; 0
1.8009; 0
1.80757; 0
1.81424; 0
1.82091; 0
1.82758; 0
1.83425; 0
1.84092; 0
1.84759; 0
1.85426; 0
1.86093; 0
1.8676; 0
1.87427; 0
1.88094; 0
1.88761; 0
1.89428; 0
1.90095; 0
1.90762; 0
1.91429; 0
1.92096; 0
1.92763; 0
1.9343; 0
1.94097; 0
1.94764; 0
1.95431; 0
1.96098; 0
1.96765; 0
1.97432; 0
1.98099; 0
1.98766; 0
1.99433; 0
2.001; 0
