0.00667; 0
0.01334; 0
0.02001; 0
0.02668; 0
0.03335; 0
0.04002; 0
0.04669; 0
0.05336; 0
0.06003; 0
0.0667; 0
0.07337; 0
0.08004; 0
0.08671; 0
0.09338; 0
0.10005; 0
0.10672; 0
0.11339; 0
0.12006; 0
0.12673; 0
0.1334; 0
0.14007; 0
0.14674; 0
0.15341; 0
0.16008; 0
0.16675; 0
0.17342; 0
0.18009; 0
0.18676; 0
0.19343; 0
0.2001; 0
0.20677; 0
0.21344; 0
0.22011; 0
0.22678; 0
0.23345; 0
0.24012; 0
0.24679; 0
0.25346; 0
0.26013; 0
0.2668; 0
0.27347; 0
0.28014; 0
0.28681; 0
0.29348; 0
0.30015; 0
0.30682; 0
0.31349; 0
0.32016; 0
0.32683; 0
0.3335; 0
0.34017; 0
0.34684; 0
0.35351; 0
0.36018; 0
0.36685; 0
0.37352; 0
0.38019; 0
0.38686; 0
0.39353; 0
0.4002; 0
0.40687; 0
0.41354; 0
0.42021; 0
0.42688; 0
0.43355; 0
0.44022; 0
0.44689; 0
0.45356; 0
0.46023; 0
0.4669; 0
0.47357; 701.526
0.48024; 701.458
0.48691; 701.322
0.49358; 701.118
0.50025; 700.846
0.50692; 700.506
0.51359; 700.098
0.52026; 699.623
0.52693; 699.08
0.5336; 698.471
0.54027; 697.795
0.54694; 697.052
0.55361; 696.244
0.56028; 695.37
0.56695; 694.43
0.57362; 693.425
0.58029; 692.356
0.58696; 691.222
0.59363; 690.024
0.6003; 688.762
0.60697; 687.437
0.61364; 686.049
0.62031; 684.598
0.62698; 683.083
0.63365; 681.507
0.64032; 679.868
0.64699; 678.166
0.65366; 676.401
0.66033; 674.574
0.667; 672.684
0.67367; 670.731
0.68034; 668.714
0.68701; 666.632
0.69368; 664.486
0.70035; 662.273
0.70702; 659.994
0.71369; 657.646
0.72036; 655.228
0.72703; 652.739
0.7337; 650.177
0.74037; 647.538
0.74704; 644.822
0.75371; 642.025
0.76038; 639.143
0.76705; 636.173
0.77372; 633.111
0.78039; 629.952
0.78706; 626.691
0.79373; 623.322
0.8004; 619.838
0.80707; 616.231
0.81374; 612.494
0.82041; 608.616
0.82708; 604.588
0.83375; 600.395
0.84042; 596.026
0.84709; 591.465
0.85376; 586.692
0.86043; 581.69
0.8671; 576.435
0.87377; 570.901
0.88044; 565.059
0.88711; 558.877
0.89378; 552.319
0.90045; 545.346
0.90712; 537.918
0.91379; 529.998
0.92046; 521.56
0.92713; 512.599
0.9338; 503.166
0.94047; 493.411
0.94714; 483.664
0.95381; 474.549
0.96048; 467.101
0.96715; 462.735
0.97382; 462.735
0.98049; 467.101
0.98716; 474.549
0.99383; 483.664
1.0005; 493.411
1.00717; 503.166
1.01384; 512.599
1.02051; 521.56
1.02718; 529.998
1.03385; 537.918
1.04052; 545.346
1.04719; 552.319
1.05386; 558.877
1.06053; 565.059
1.0672; 570.901
1.07387; 576.435
1.08054; 581.69
1.08721; 586.692
1.09388; 591.465
1.10055; 596.026
1.10722; 600.395
1.11389; 604.588
1.12056; 608.616
1.12723; 612.494
1.1339; 616.231
1.14057; 619.838
1.14724; 623.322
1.15391; 626.691
1.16058; 629.952
1.16725; 633.111
1.17392; 636.173
1.18059; 639.143
1.18726; 642.025
1.19393; 644.822
1.2006; 647.538
1.20727; 650.177
1.21394; 652.739
1.22061; 655.228
1.22728; 657.646
1.23395; 659.994
1.24062; 662.273
1.24729; 664.486
1.25396; 666.632
1.26063; 668.714
1.2673; 670.731
1.27397; 672.684
1.28064; 674.574
1.28731; 676.401
1.29398; 678.166
1.30065; 679.868
1.30732; 681.507
1.31399; 683.083
1.32066; 684.598
1.32733; 686.049
1.334; 687.437
1.34067; 688.762
1.34734; 690.024
1.35401; 691.222
1.36068; 692.356
1.36735; 693.425
1.37402; 694.43
1.38069; 695.37
1.38736; 696.244
1.39403; 697.052
1.4007; 697.795
1.40737; 698.471
1.41404; 699.08
1.42071; 699.623
1.42738; 700.098
1.43405; 700.506
1.44072; 700.846
1.44739; 701.118
1.45406; 701.322
1.46073; 701.458
1.4674; 701.526
1.47407; 0
1.48074; 0
1.48741; 0
1.49408; 0
1.50075; 0
1.50742; 0
1.51409; 0
1.52076; 0
1.52743; 0
1.5341; 0
1.54077; 0
1.54744; 0
1.55411; 0
1.56078; 0
1.56745; 0
1.57412; 0
1.58079; 0
1.58746; 0
1.59413; 0
1.6008; 0
1.60747; 0
1.61414; 0
1.62081; 0
1.62748; 0
1.63415; 0
1.64082; 0
1.64749; 0
1.65416; 0
1.66083; 0
1.6675; 0
1.67417; 0
1.68084; 0
1.68751; 0
1.69418; 0
1.70085; 0
1.70752; 0
1.71419; 0
1.72086; 0
1.72753; 0
1.7342; 0
1.74087; 0
1.74754; 0
1.75421; 0
1.76088; 0
1.76755; 0
1.77422; 0
1.78089; 0
1.78756; 0
1.79423; 0
1.8009; 0
1.80757; 0
1.81424; 0
1.82091; 0
1.82758; 0
1.83425; 0
1.84092; 0
1.84759; 0
1.85426; 0
1.86093; 0
1.8676; 0
1.87427; 0
1.88094; 0
1.88761; 0
1.89428; 0
1.90095; 0
1.90762; 0
1.91429; 0
1.92096; 0
1.92763; 0
1.9343; 0
1.94097; 0
1.94764; 0
1.95431; 0
1.96098; 0
1.96765; 0
1.97432; 0
1.98099; 0
1.98766; 0
1.99433; 0
2.001; 0
