0.00667; 0
0.01334; 0
0.02001; 0
0.02668; 0
0.03335; 0
0.04002; 0
0.04669; 0
0.05336; 0
0.06003; 0
0.0667; 0
0.07337; 0
0.08004; 0
0.08671; 0
0.09338; 0
0.10005; 0
0.10672; 0
0.11339; 0
0.12006; 0
0.12673; 0
0.1334; 0
0.14007; 0
0.14674; 0
0.15341; 0
0.16008; 0
0.16675; 0
0.17342; 0
0.18009; 0
0.18676; 0
0.19343; 0
0.2001; 0
0.20677; 0
0.21344; 0
0.22011; 0
0.22678; 0
0.23345; 0
0.24012; 0
0.24679; 0
0.25346; 0
0.26013; 0
0.2668; 0
0.27347; 0
0.28014; 0
0.28681; 0
0.29348; 0
0.30015; 0
0.30682; 0
0.31349; 0
0.32016; 0
0.32683; 0
0.3335; 0
0.34017; 0
0.34684; 0
0.35351; 0
0.36018; 0
0.36685; 0
0.37352; 0
0.38019; 0
0.38686; 0
0.39353; 0
0.4002; 0
0.40687; 0
0.41354; 0
0.42021; 0
0.42688; 0
0.43355; 0
0.44022; 0
0.44689; 0
0.45356; 0
0.46023; 0
0.4669; 0
0.47357; 707.232
0.48024; 707.164
0.48691; 707.027
0.49358; 706.823
0.50025; 706.55
0.50692; 706.21
0.51359; 705.802
0.52026; 705.326
0.52693; 704.783
0.5336; 704.173
0.54027; 703.496
0.54694; 702.753
0.55361; 701.943
0.56028; 701.067
0.56695; 700.126
0.57362; 699.119
0.58029; 698.048
0.58696; 696.911
0.59363; 695.711
0.6003; 694.446
0.60697; 693.117
0.61364; 691.724
0.62031; 690.268
0.62698; 688.749
0.63365; 687.167
0.64032; 685.521
0.64699; 683.812
0.65366; 682.04
0.66033; 680.204
0.667; 678.305
0.67367; 676.341
0.68034; 674.313
0.68701; 672.219
0.69368; 670.059
0.70035; 667.832
0.70702; 665.537
0.71369; 663.172
0.72036; 660.737
0.72703; 658.228
0.7337; 655.645
0.74037; 652.984
0.74704; 650.244
0.75371; 647.42
0.76038; 644.511
0.76705; 641.511
0.77372; 638.418
0.78039; 635.225
0.78706; 631.928
0.79373; 628.521
0.8004; 624.996
0.80707; 621.346
0.81374; 617.562
0.82041; 613.635
0.82708; 609.554
0.83375; 605.306
0.84042; 600.877
0.84709; 596.251
0.85376; 591.411
0.86043; 586.336
0.8671; 581.003
0.87377; 575.386
0.88044; 569.455
0.88711; 563.178
0.89378; 556.517
0.90045; 549.433
0.90712; 541.887
0.91379; 533.84
0.92046; 525.263
0.92713; 516.156
0.9338; 506.568
0.94047; 496.651
0.94714; 486.742
0.95381; 477.476
0.96048; 469.904
0.96715; 465.464
0.97382; 465.464
0.98049; 469.904
0.98716; 477.476
0.99383; 486.742
1.0005; 496.651
1.00717; 506.568
1.01384; 516.156
1.02051; 525.263
1.02718; 533.84
1.03385; 541.887
1.04052; 549.433
1.04719; 556.517
1.05386; 563.178
1.06053; 569.455
1.0672; 575.386
1.07387; 581.003
1.08054; 586.336
1.08721; 591.411
1.09388; 596.251
1.10055; 600.877
1.10722; 605.306
1.11389; 609.554
1.12056; 613.635
1.12723; 617.562
1.1339; 621.346
1.14057; 624.996
1.14724; 628.521
1.15391; 631.928
1.16058; 635.225
1.16725; 638.418
1.17392; 641.511
1.18059; 644.511
1.18726; 647.42
1.19393; 650.244
1.2006; 652.984
1.20727; 655.645
1.21394; 658.228
1.22061; 660.737
1.22728; 663.172
1.23395; 665.537
1.24062; 667.832
1.24729; 670.059
1.25396; 672.219
1.26063; 674.313
1.2673; 676.341
1.27397; 678.305
1.28064; 680.204
1.28731; 682.04
1.29398; 683.812
1.30065; 685.521
1.30732; 687.167
1.31399; 688.749
1.32066; 690.268
1.32733; 691.724
1.334; 693.117
1.34067; 694.446
1.34734; 695.711
1.35401; 696.911
1.36068; 698.048
1.36735; 699.119
1.37402; 700.126
1.38069; 701.067
1.38736; 701.943
1.39403; 702.753
1.4007; 703.496
1.40737; 704.173
1.41404; 704.783
1.42071; 705.326
1.42738; 705.802
1.43405; 706.21
1.44072; 706.55
1.44739; 706.823
1.45406; 707.027
1.46073; 707.164
1.4674; 707.232
1.47407; 0
1.48074; 0
1.48741; 0
1.49408; 0
1.50075; 0
1.50742; 0
1.51409; 0
1.52076; 0
1.52743; 0
1.5341; 0
1.54077; 0
1.54744; 0
1.55411; 0
1.56078; 0
1.56745; 0
1.57412; 0
1.58079; 0
1.58746; 0
1.59413; 0
1.6008; 0
1.60747; 0
1.61414; 0
1.62081; 0
1.62748; 0
1.63415; 0
1.64082; 0
1.64749; 0
1.65416; 0
1.66083; 0
1.6675; 0
1.67417; 0
1.68084; 0
1.68751; 0
1.69418; 0
1.70085; 0
1.70752; 0
1.71419; 0
1.72086; 0
1.72753; 0
1.7342; 0
1.74087; 0
1.74754; 0
1.75421; 0
1.76088; 0
1.76755; 0
1.77422; 0
1.78089; 0
1.78756; 0
1.79423; 0
1.8009; 0
1.80757; 0
1.81424; 0
1.82091; 0
1.82758; 0
1.83425; 0
1.84092; 0
1.84759; 0
1.85426; 0
1.86093; 0
1.8676; 0
1.87427; 0
1.88094; 0
1.88761; 0
1.89428; 0
1.90095; 0
1.90762; 0
1.91429; 0
1.92096; 0
1.92763; 0
1.9343; 0
1.94097; 0
1.94764; 0
1.95431; 0
1.96098; 0
1.96765; 0
1.97432; 0
1.98099; 0
1.98766; 0
1.99433; 0
2.001; 0
