0.00026; 0
0.00052; 0
0.00078; 0
0.00104; 0
0.0013; 0
0.00156; 0
0.00182; 0
0.00208; 0
0.00234; 0
0.0026; 0
0.00286; 0
0.00312; 0
0.00338; 0
0.00364; 0
0.0039; 0
0.00416; 0
0.00442; 0
0.00468; 0
0.00494; 0
0.0052; 0
0.00546; 0
0.00572; 0
0.00598; 0
0.00624; 0
0.0065; 0
0.00676; 0
0.00702; 0
0.00728; 0
0.00754; 0
0.0078; 0
0.00806; 0
0.00832; 0
0.00858; 0
0.00884; 0
0.0091; 0
0.00936; 0
0.00962; 0
0.00988; 0
0.01014; 0
0.0104; 0
0.01066; 0
0.01092; 0
0.01118; 0
0.01144; 0
0.0117; 0
0.01196; 0
0.01222; 0
0.01248; 0
0.01274; 0
0.013; 0
0.01326; 0
0.01352; 0
0.01378; 0
0.01404; 0
0.0143; 0
0.01456; 0
0.01482; 0
0.01508; 0
0.01534; 0
0.0156; 0
0.01586; 0
0.01612; 0
0.01638; 0
0.01664; 0
0.0169; 0
0.01716; 0
0.01742; 0
0.01768; 0
0.01794; 0
0.0182; 0
0.01846; 0
0.01872; 0
0.01898; 0
0.01924; 0
0.0195; 0
0.01976; 0
0.02002; 0
0.02028; 0
0.02054; 0
0.0208; 0
0.02106; 0
0.02132; 0
0.02158; 0
0.02184; 0
0.0221; 0
0.02236; 0
0.02262; 0
0.02288; 609.086
0.02314; 608.942
0.0234; 608.782
0.02366; 608.626
0.02392; 608.472
0.02418; 608.343
0.02444; 608.209
0.0247; 608.07
0.02496; 607.953
0.02522; 607.839
0.02548; 607.726
0.02574; 607.618
0.026; 607.511
0.02626; 607.427
0.02652; 607.336
0.02678; 607.24
0.02704; 607.165
0.0273; 607.092
0.02756; 607.02
0.02782; 606.951
0.02808; 606.882
0.02834; 606.837
0.0286; 606.784
0.02886; 606.724
0.02912; 606.686
0.02938; 606.648
0.02964; 606.611
0.0299; 606.576
0.03016; 606.541
0.03042; 606.528
0.03068; 606.507
0.03094; 606.478
0.0312; 606.47
0.03146; 606.462
0.03172; 606.454
0.03198; 606.447
0.03224; 606.439
0.0325; 606.453
0.03276; 606.458
0.03302; 606.454
0.03328; 606.47
0.03354; 606.486
0.0338; 606.501
0.03406; 606.517
0.03432; 606.53
0.03458; 606.565
0.03484; 606.589
0.0351; 606.605
0.03536; 606.64
0.03562; 606.674
0.03588; 606.706
0.03614; 606.739
0.0364; 606.769
0.03666; 606.819
0.03692; 606.859
0.03718; 606.889
0.03744; 606.938
0.0377; 606.985
0.03796; 607.03
0.03822; 607.075
0.03848; 607.117
0.03874; 607.179
0.039; 607.229
0.03926; 607.27
0.03952; 607.329
0.03978; 607.386
0.04004; 607.44
0.0403; 607.494
0.04056; 607.544
0.04082; 607.614
0.04108; 607.673
0.04134; 607.722
0.0416; 607.788
0.04186; 607.853
0.04212; 607.914
0.04238; 607.975
0.04264; 608.032
0.0429; 608.109
0.04316; 608.174
0.04342; 608.229
0.04368; 608.302
0.04394; 608.373
0.0442; 608.441
0.04446; 608.509
0.04472; 608.572
0.04498; 608.656
0.04524; 608.728
0.0455; 608.79
0.04576; 608.87
0.04602; 608.948
0.04628; 609.023
0.04654; 609.098
0.0468; 609.17
0.04706; 609.261
0.04732; 609.341
0.04758; 609.412
0.04784; 609.501
0.0481; 609.588
0.04836; 609.673
0.04862; 609.758
0.04888; 609.84
0.04914; 609.942
0.0494; 610.034
0.04966; 610.117
0.04992; 610.218
0.05018; 610.318
0.05044; 610.416
0.0507; 610.515
0.05096; 610.611
0.05122; 610.728
0.05148; 610.835
0.05174; 610.934
0.052; 611.052
0.05226; 611.169
0.05252; 611.285
0.05278; 611.402
0.05304; 611.518
0.0533; 611.654
0.05356; 611.781
0.05382; 611.901
0.05408; 612.041
0.05434; 612.18
0.0546; 612.319
0.05486; 612.46
0.05512; 612.599
0.05538; 612.76
0.05564; 612.913
0.0559; 613.059
0.05616; 613.225
0.05642; 613.391
0.05668; 613.558
0.05694; 613.729
0.0572; 613.899
0.05746; 614.092
0.05772; 614.279
0.05798; 614.459
0.05824; 614.635
0.0585; 0
0.05876; 0
0.05902; 0
0.05928; 0
0.05954; 0
0.0598; 0
0.06006; 0
0.06032; 0
0.06058; 0
0.06084; 0
0.0611; 0
0.06136; 0
0.06162; 0
0.06188; 0
0.06214; 0
0.0624; 0
0.06266; 0
0.06292; 0
0.06318; 0
0.06344; 0
0.0637; 0
0.06396; 0
0.06422; 0
0.06448; 0
0.06474; 0
0.065; 0
0.06526; 0
0.06552; 0
0.06578; 0
0.06604; 0
0.0663; 0
0.06656; 0
0.06682; 0
0.06708; 0
0.06734; 0
0.0676; 0
0.06786; 0
0.06812; 0
0.06838; 0
0.06864; 0
0.0689; 0
0.06916; 0
0.06942; 0
0.06968; 0
0.06994; 0
0.0702; 0
0.07046; 0
0.07072; 0
0.07098; 0
0.07124; 0
0.0715; 0
0.07176; 0
0.07202; 0
0.07228; 0
0.07254; 0
0.0728; 0
0.07306; 0
0.07332; 0
0.07358; 0
0.07384; 0
0.0741; 0
0.07436; 0
0.07462; 0
0.07488; 0
0.07514; 0
0.0754; 0
0.07566; 0
0.07592; 0
0.07618; 0
0.07644; 0
0.0767; 0
0.07696; 0
0.07722; 0
0.07748; 0
0.07774; 0
0.078; 0
