0.00026; 320.32
0.00052; 320.32
0.00078; 320.32
0.00104; 320.32
0.0013; 320.32
0.00156; 320.32
0.00182; 320.32
0.00208; 320.32
0.00234; 320.32
0.0026; 320.32
0.00286; 320.32
0.00312; 320.32
0.00338; 320.32
0.00364; 320.32
0.0039; 320.32
0.00416; 320.32
0.00442; 320.32
0.00468; 320.32
0.00494; 320.32
0.0052; 320.32
0.00546; 320.32
0.00572; 320.32
0.00598; 320.32
0.00624; 320.32
0.0065; 320.32
0.00676; 320.32
0.00702; 320.32
0.00728; 320.32
0.00754; 320.32
0.0078; 320.32
0.00806; 320.32
0.00832; 320.32
0.00858; 320.32
0.00884; 320.32
0.0091; 320.32
0.00936; 320.32
0.00962; 320.32
0.00988; 320.32
0.01014; 320.319
0.0104; 320.319
0.01066; 320.319
0.01092; 320.319
0.01118; 320.319
0.01144; 320.319
0.0117; 320.319
0.01196; 320.319
0.01222; 320.319
0.01248; 320.319
0.01274; 320.319
0.013; 320.319
0.01326; 320.319
0.01352; 320.319
0.01378; 320.319
0.01404; 320.319
0.0143; 320.319
0.01456; 320.319
0.01482; 320.319
0.01508; 320.319
0.01534; 320.319
0.0156; 320.319
0.01586; 320.319
0.01612; 320.319
0.01638; 320.319
0.01664; 320.319
0.0169; 320.319
0.01716; 320.319
0.01742; 320.319
0.01768; 320.319
0.01794; 320.319
0.0182; 320.319
0.01846; 320.319
0.01872; 320.319
0.01898; 320.319
0.01924; 320.319
0.0195; 320.319
0.01976; 320.319
0.02002; 320.319
0.02028; 320.319
0.02054; 320.319
0.0208; 320.319
0.02106; 320.319
0.02132; 320.319
0.02158; 320.319
0.02184; 320.319
0.0221; 320.319
0.02236; 320.319
0.02262; 320.319
0.02288; 320.319
0.02314; 320.319
0.0234; 320.319
0.02366; 320.319
0.02392; 320.319
0.02418; 320.319
0.02444; 320.319
0.0247; 320.319
0.02496; 320.319
0.02522; 320.319
0.02548; 320.319
0.02574; 320.319
0.026; 320.319
0.02626; 320.319
0.02652; 320.319
0.02678; 320.319
0.02704; 320.319
0.0273; 320.319
0.02756; 320.319
0.02782; 320.319
0.02808; 320.319
0.02834; 320.319
0.0286; 320.319
0.02886; 320.319
0.02912; 320.319
0.02938; 320.319
0.02964; 320.319
0.0299; 320.319
0.03016; 320.319
0.03042; 320.319
0.03068; 320.319
0.03094; 320.319
0.0312; 320.319
0.03146; 320.319
0.03172; 320.319
0.03198; 320.319
0.03224; 320.319
0.0325; 320.319
0.03276; 320.319
0.03302; 320.319
0.03328; 320.319
0.03354; 320.319
0.0338; 320.319
0.03406; 320.319
0.03432; 320.319
0.03458; 320.319
0.03484; 320.319
0.0351; 320.319
0.03536; 320.319
0.03562; 320.319
0.03588; 320.319
0.03614; 320.319
0.0364; 320.319
0.03666; 320.319
0.03692; 320.319
0.03718; 320.319
0.03744; 320.319
0.0377; 320.319
0.03796; 320.319
0.03822; 320.319
0.03848; 320.319
0.03874; 320.319
0.039; 320.319
0.03926; 320.319
0.03952; 320.319
0.03978; 320.319
0.04004; 320.319
0.0403; 320.319
0.04056; 320.319
0.04082; 320.319
0.04108; 320.319
0.04134; 320.319
0.0416; 320.319
0.04186; 320.319
0.04212; 320.319
0.04238; 320.319
0.04264; 320.319
0.0429; 320.319
0.04316; 320.319
0.04342; 320.319
0.04368; 320.319
0.04394; 320.319
0.0442; 320.319
0.04446; 320.319
0.04472; 320.319
0.04498; 320.319
0.04524; 320.319
0.0455; 320.319
0.04576; 320.319
0.04602; 320.319
0.04628; 320.319
0.04654; 320.319
0.0468; 320.319
0.04706; 320.319
0.04732; 320.319
0.04758; 320.319
0.04784; 320.319
0.0481; 320.319
0.04836; 320.319
0.04862; 320.319
0.04888; 320.319
0.04914; 320.319
0.0494; 320.319
0.04966; 320.319
0.04992; 320.319
0.05018; 320.319
0.05044; 320.319
0.0507; 320.319
0.05096; 320.319
0.05122; 320.319
0.05148; 320.319
0.05174; 320.319
0.052; 320.319
0.05226; 320.319
0.05252; 320.319
0.05278; 320.319
0.05304; 320.319
0.0533; 320.319
0.05356; 320.319
0.05382; 320.319
0.05408; 320.319
0.05434; 320.319
0.0546; 320.319
0.05486; 320.319
0.05512; 320.319
0.05538; 320.319
0.05564; 320.319
0.0559; 320.319
0.05616; 320.319
0.05642; 320.319
0.05668; 320.319
0.05694; 320.319
0.0572; 320.319
0.05746; 320.319
0.05772; 320.319
0.05798; 320.319
0.05824; 320.319
0.0585; 320.319
0.05876; 320.319
0.05902; 320.319
0.05928; 320.319
0.05954; 320.319
0.0598; 320.319
0.06006; 320.319
0.06032; 320.319
0.06058; 320.319
0.06084; 320.319
0.0611; 320.319
0.06136; 320.319
0.06162; 320.319
0.06188; 320.319
0.06214; 320.319
0.0624; 320.319
0.06266; 320.319
0.06292; 320.319
0.06318; 320.319
0.06344; 320.319
0.0637; 320.319
0.06396; 320.319
0.06422; 320.319
0.06448; 320.319
0.06474; 320.319
0.065; 320.319
0.06526; 320.319
0.06552; 320.319
0.06578; 320.319
0.06604; 320.319
0.0663; 320.319
0.06656; 320.319
0.06682; 320.319
0.06708; 320.319
0.06734; 320.319
0.0676; 320.319
0.06786; 320.319
0.06812; 320.319
0.06838; 320.319
0.06864; 320.319
0.0689; 320.32
0.06916; 320.32
0.06942; 320.32
0.06968; 320.32
0.06994; 320.32
0.0702; 320.32
0.07046; 320.32
0.07072; 320.32
0.07098; 320.32
0.07124; 320.32
0.0715; 320.32
0.07176; 320.32
0.07202; 320.32
0.07228; 320.32
0.07254; 320.32
0.0728; 320.32
0.07306; 320.32
0.07332; 320.32
0.07358; 320.32
0.07384; 320.32
0.0741; 320.32
0.07436; 320.32
0.07462; 320.32
0.07488; 320.32
0.07514; 320.32
0.0754; 320.32
0.07566; 320.32
0.07592; 320.32
0.07618; 320.32
0.07644; 320.32
0.0767; 320.32
0.07696; 320.32
0.07722; 320.32
0.07748; 320.32
0.07774; 320.32
0.078; 320.32
