0.00026; 543.547
0.00052; 543.543
0.00078; 543.55
0.00104; 543.548
0.0013; 543.536
0.00156; 543.538
0.00182; 543.542
0.00208; 543.54
0.00234; 543.532
0.0026; 543.526
0.00286; 543.533
0.00312; 543.53
0.00338; 543.519
0.00364; 543.521
0.0039; 543.525
0.00416; 543.523
0.00442; 543.516
0.00468; 543.51
0.00494; 543.517
0.0052; 543.515
0.00546; 543.504
0.00572; 543.506
0.00598; 543.51
0.00624; 543.508
0.0065; 543.5
0.00676; 543.494
0.00702; 543.501
0.00728; 543.5
0.00754; 543.489
0.0078; 543.491
0.00806; 543.495
0.00832; 543.493
0.00858; 543.485
0.00884; 543.48
0.0091; 543.487
0.00936; 543.485
0.00962; 543.474
0.00988; 543.477
0.01014; 543.481
0.0104; 543.479
0.01066; 543.472
0.01092; 543.466
0.01118; 543.473
0.01144; 543.472
0.0117; 543.461
0.01196; 543.463
0.01222; 543.468
0.01248; 543.466
0.01274; 543.459
0.013; 543.453
0.01326; 543.46
0.01352; 543.459
0.01378; 543.448
0.01404; 543.451
0.0143; 543.455
0.01456; 543.454
0.01482; 543.446
0.01508; 543.441
0.01534; 543.448
0.0156; 543.447
0.01586; 543.436
0.01612; 543.439
0.01638; 543.444
0.01664; 543.442
0.0169; 543.435
0.01716; 543.43
0.01742; 543.437
0.01768; 543.436
0.01794; 543.426
0.0182; 543.429
0.01846; 543.433
0.01872; 543.432
0.01898; 543.425
0.01924; 543.42
0.0195; 543.427
0.01976; 543.426
0.02002; 543.416
0.02028; 543.419
0.02054; 543.424
0.0208; 543.423
0.02106; 543.416
0.02132; 543.411
0.02158; 543.418
0.02184; 543.417
0.0221; 543.407
0.02236; 543.41
0.02262; 543.415
0.02288; 543.414
0.02314; 543.407
0.0234; 543.402
0.02366; 543.41
0.02392; 543.409
0.02418; 543.399
0.02444; 543.402
0.0247; 543.407
0.02496; 543.406
0.02522; 543.399
0.02548; 543.395
0.02574; 543.403
0.026; 543.402
0.02626; 543.392
0.02652; 543.395
0.02678; 543.4
0.02704; 543.4
0.0273; 543.393
0.02756; 543.388
0.02782; 543.396
0.02808; 543.396
0.02834; 543.386
0.0286; 543.389
0.02886; 543.394
0.02912; 543.394
0.02938; 543.387
0.02964; 543.383
0.0299; 543.391
0.03016; 543.391
0.03042; 543.381
0.03068; 543.384
0.03094; 543.39
0.0312; 543.389
0.03146; 543.383
0.03172; 543.378
0.03198; 543.387
0.03224; 543.386
0.0325; 543.377
0.03276; 543.38
0.03302; 543.386
0.03328; 543.385
0.03354; 543.379
0.0338; 543.375
0.03406; 543.383
0.03432; 543.383
0.03458; 543.373
0.03484; 543.377
0.0351; 543.383
0.03536; 543.383
0.03562; 543.376
0.03588; 543.372
0.03614; 543.381
0.0364; 543.381
0.03666; 543.371
0.03692; 543.375
0.03718; 543.381
0.03744; 543.381
0.0377; 543.375
0.03796; 543.371
0.03822; 543.38
0.03848; 543.379
0.03874; 543.37
0.039; 543.374
0.03926; 543.38
0.03952; 543.38
0.03978; 543.374
0.04004; 543.37
0.0403; 543.379
0.04056; 543.379
0.04082; 543.37
0.04108; 543.374
0.04134; 543.38
0.0416; 543.38
0.04186; 543.375
0.04212; 543.371
0.04238; 543.38
0.04264; 543.38
0.0429; 543.371
0.04316; 543.375
0.04342; 543.381
0.04368; 543.381
0.04394; 543.375
0.0442; 543.372
0.04446; 543.381
0.04472; 543.381
0.04498; 543.373
0.04524; 543.377
0.0455; 543.383
0.04576; 543.383
0.04602; 543.378
0.04628; 543.374
0.04654; 543.383
0.0468; 543.384
0.04706; 543.375
0.04732; 543.38
0.04758; 543.386
0.04784; 543.386
0.0481; 543.381
0.04836; 543.377
0.04862; 543.387
0.04888; 543.387
0.04914; 543.379
0.0494; 543.383
0.04966; 543.39
0.04992; 543.39
0.05018; 543.385
0.05044; 543.382
0.0507; 543.391
0.05096; 543.392
0.05122; 543.383
0.05148; 543.388
0.05174; 543.394
0.052; 543.395
0.05226; 543.39
0.05252; 543.387
0.05278; 543.396
0.05304; 543.397
0.0533; 543.389
0.05356; 543.394
0.05382; 543.4
0.05408; 543.401
0.05434; 543.396
0.0546; 543.393
0.05486; 543.403
0.05512; 543.404
0.05538; 543.395
0.05564; 543.401
0.0559; 543.407
0.05616; 543.408
0.05642; 543.403
0.05668; 543.4
0.05694; 543.41
0.0572; 543.411
0.05746; 543.403
0.05772; 543.408
0.05798; 543.415
0.05824; 543.416
0.0585; 543.411
0.05876; 543.408
0.05902; 543.418
0.05928; 543.419
0.05954; 543.411
0.0598; 543.416
0.06006; 543.423
0.06032; 543.424
0.06058; 543.42
0.06084; 543.417
0.0611; 543.427
0.06136; 543.428
0.06162; 543.42
0.06188; 543.426
0.06214; 543.433
0.0624; 543.434
0.06266; 543.429
0.06292; 543.427
0.06318; 543.437
0.06344; 543.438
0.0637; 543.43
0.06396; 543.436
0.06422; 543.443
0.06448; 543.444
0.06474; 543.44
0.065; 543.437
0.06526; 543.448
0.06552; 543.449
0.06578; 543.441
0.06604; 543.447
0.0663; 543.454
0.06656; 543.456
0.06682; 543.451
0.06708; 543.449
0.06734; 543.459
0.0676; 543.461
0.06786; 543.453
0.06812; 543.459
0.06838; 543.466
0.06864; 543.468
0.0689; 543.463
0.06916; 543.461
0.06942; 543.471
0.06968; 543.473
0.06994; 543.466
0.0702; 543.471
0.07046; 543.479
0.07072; 543.48
0.07098; 543.476
0.07124; 543.474
0.0715; 543.484
0.07176; 543.486
0.07202; 543.479
0.07228; 543.484
0.07254; 543.492
0.0728; 543.494
0.07306; 543.49
0.07332; 543.488
0.07358; 543.498
0.07384; 543.5
0.0741; 543.493
0.07436; 543.499
0.07462; 543.506
0.07488; 543.508
0.07514; 543.504
0.0754; 543.502
0.07566; 543.513
0.07592; 543.515
0.07618; 543.508
0.07644; 543.514
0.0767; 543.522
0.07696; 543.523
0.07722; 543.519
0.07748; 543.517
0.07774; 543.532
0.078; 543.539
