0.00667; 0
0.01334; 0
0.02001; 0
0.02668; 0
0.03335; 0
0.04002; 0
0.04669; 0
0.05336; 0
0.06003; 0
0.0667; 0
0.07337; 0
0.08004; 0
0.08671; 0
0.09338; 0
0.10005; 0
0.10672; 0
0.11339; 0
0.12006; 0
0.12673; 0
0.1334; 0
0.14007; 0
0.14674; 0
0.15341; 0
0.16008; 0
0.16675; 0
0.17342; 0
0.18009; 0
0.18676; 0
0.19343; 0
0.2001; 0
0.20677; 0
0.21344; 0
0.22011; 0
0.22678; 0
0.23345; 0
0.24012; 0
0.24679; 0
0.25346; 0
0.26013; 0
0.2668; 0
0.27347; 0
0.28014; 0
0.28681; 0
0.29348; 0
0.30015; 0
0.30682; 0
0.31349; 0
0.32016; 0
0.32683; 0
0.3335; 0
0.34017; 0
0.34684; 0
0.35351; 0
0.36018; 0
0.36685; 0
0.37352; 0
0.38019; 0
0.38686; 0
0.39353; 0
0.4002; 0
0.40687; 0
0.41354; 0
0.42021; 0
0.42688; 0
0.43355; 0
0.44022; 0
0.44689; 0
0.45356; 0
0.46023; 0
0.4669; 0
0.47357; 587.077
0.48024; 587.01
0.48691; 586.876
0.49358; 586.675
0.50025; 586.407
0.50692; 586.073
0.51359; 585.673
0.52026; 585.208
0.52693; 584.677
0.5336; 584.083
0.54027; 583.424
0.54694; 582.702
0.55361; 581.918
0.56028; 581.072
0.56695; 580.166
0.57362; 579.2
0.58029; 578.175
0.58696; 577.092
0.59363; 575.952
0.6003; 574.756
0.60697; 573.506
0.61364; 572.201
0.62031; 570.844
0.62698; 569.435
0.63365; 567.975
0.64032; 566.465
0.64699; 564.906
0.65366; 563.299
0.66033; 561.645
0.667; 559.944
0.67367; 558.198
0.68034; 556.407
0.68701; 554.571
0.69368; 552.691
0.70035; 550.768
0.70702; 548.801
0.71369; 546.791
0.72036; 544.737
0.72703; 542.64
0.7337; 540.498
0.74037; 538.312
0.74704; 536.08
0.75371; 533.801
0.76038; 531.474
0.76705; 529.097
0.77372; 526.668
0.78039; 524.185
0.78706; 521.645
0.79373; 519.044
0.8004; 516.378
0.80707; 513.644
0.81374; 510.837
0.82041; 507.949
0.82708; 504.975
0.83375; 501.907
0.84042; 498.736
0.84709; 495.452
0.85376; 492.043
0.86043; 488.498
0.8671; 484.8
0.87377; 480.933
0.88044; 476.878
0.88711; 472.613
0.89378; 468.114
0.90045; 463.356
0.90712; 458.311
0.91379; 452.956
0.92046; 447.27
0.92713; 441.253
0.9338; 434.936
0.94047; 428.418
0.94714; 421.917
0.95381; 415.846
0.96048; 410.89
0.96715; 407.986
0.97382; 407.986
0.98049; 410.89
0.98716; 415.846
0.99383; 421.917
1.0005; 428.418
1.00717; 434.936
1.01384; 441.253
1.02051; 447.27
1.02718; 452.956
1.03385; 458.311
1.04052; 463.356
1.04719; 468.114
1.05386; 472.613
1.06053; 476.878
1.0672; 480.933
1.07387; 484.8
1.08054; 488.498
1.08721; 492.043
1.09388; 495.452
1.10055; 498.736
1.10722; 501.907
1.11389; 504.975
1.12056; 507.949
1.12723; 510.837
1.1339; 513.644
1.14057; 516.378
1.14724; 519.044
1.15391; 521.645
1.16058; 524.185
1.16725; 526.668
1.17392; 529.097
1.18059; 531.474
1.18726; 533.801
1.19393; 536.08
1.2006; 538.312
1.20727; 540.498
1.21394; 542.64
1.22061; 544.737
1.22728; 546.791
1.23395; 548.801
1.24062; 550.768
1.24729; 552.691
1.25396; 554.571
1.26063; 556.407
1.2673; 558.198
1.27397; 559.944
1.28064; 561.645
1.28731; 563.299
1.29398; 564.906
1.30065; 566.465
1.30732; 567.975
1.31399; 569.435
1.32066; 570.844
1.32733; 572.201
1.334; 573.506
1.34067; 574.756
1.34734; 575.952
1.35401; 577.092
1.36068; 578.175
1.36735; 579.2
1.37402; 580.166
1.38069; 581.072
1.38736; 581.918
1.39403; 582.702
1.4007; 583.424
1.40737; 584.083
1.41404; 584.677
1.42071; 585.208
1.42738; 585.673
1.43405; 586.073
1.44072; 586.407
1.44739; 586.675
1.45406; 586.876
1.46073; 587.01
1.4674; 587.077
1.47407; 0
1.48074; 0
1.48741; 0
1.49408; 0
1.50075; 0
1.50742; 0
1.51409; 0
1.52076; 0
1.52743; 0
1.5341; 0
1.54077; 0
1.54744; 0
1.55411; 0
1.56078; 0
1.56745; 0
1.57412; 0
1.58079; 0
1.58746; 0
1.59413; 0
1.6008; 0
1.60747; 0
1.61414; 0
1.62081; 0
1.62748; 0
1.63415; 0
1.64082; 0
1.64749; 0
1.65416; 0
1.66083; 0
1.6675; 0
1.67417; 0
1.68084; 0
1.68751; 0
1.69418; 0
1.70085; 0
1.70752; 0
1.71419; 0
1.72086; 0
1.72753; 0
1.7342; 0
1.74087; 0
1.74754; 0
1.75421; 0
1.76088; 0
1.76755; 0
1.77422; 0
1.78089; 0
1.78756; 0
1.79423; 0
1.8009; 0
1.80757; 0
1.81424; 0
1.82091; 0
1.82758; 0
1.83425; 0
1.84092; 0
1.84759; 0
1.85426; 0
1.86093; 0
1.8676; 0
1.87427; 0
1.88094; 0
1.88761; 0
1.89428; 0
1.90095; 0
1.90762; 0
1.91429; 0
1.92096; 0
1.92763; 0
1.9343; 0
1.94097; 0
1.94764; 0
1.95431; 0
1.96098; 0
1.96765; 0
1.97432; 0
1.98099; 0
1.98766; 0
1.99433; 0
2.001; 0
