0.00026; 599.425
0.00052; 599.421
0.00078; 599.418
0.00104; 599.42
0.0013; 599.42
0.00156; 599.416
0.00182; 599.406
0.00208; 599.413
0.00234; 599.414
0.0026; 599.411
0.00286; 599.406
0.00312; 599.408
0.00338; 599.408
0.00364; 599.403
0.0039; 599.394
0.00416; 599.401
0.00442; 599.402
0.00468; 599.398
0.00494; 599.393
0.0052; 599.395
0.00546; 599.395
0.00572; 599.39
0.00598; 599.381
0.00624; 599.388
0.0065; 599.389
0.00676; 599.386
0.00702; 599.381
0.00728; 599.383
0.00754; 599.383
0.0078; 599.379
0.00806; 599.37
0.00832; 599.377
0.00858; 599.378
0.00884; 599.375
0.0091; 599.37
0.00936; 599.372
0.00962; 599.372
0.00988; 599.368
0.01014; 599.359
0.0104; 599.366
0.01066; 599.367
0.01092; 599.364
0.01118; 599.36
0.01144; 599.362
0.0117; 599.362
0.01196; 599.358
0.01222; 599.349
0.01248; 599.356
0.01274; 599.357
0.013; 599.354
0.01326; 599.35
0.01352; 599.352
0.01378; 599.353
0.01404; 599.348
0.0143; 599.34
0.01456; 599.347
0.01482; 599.349
0.01508; 599.346
0.01534; 599.341
0.0156; 599.343
0.01586; 599.344
0.01612; 599.34
0.01638; 599.331
0.01664; 599.339
0.0169; 599.34
0.01716; 599.337
0.01742; 599.333
0.01768; 599.335
0.01794; 599.336
0.0182; 599.332
0.01846; 599.323
0.01872; 599.331
0.01898; 599.333
0.01924; 599.33
0.0195; 599.326
0.01976; 599.328
0.02002; 599.329
0.02028; 599.325
0.02054; 599.317
0.0208; 599.324
0.02106; 599.326
0.02132; 599.323
0.02158; 599.319
0.02184; 599.322
0.0221; 599.323
0.02236; 599.319
0.02262; 599.31
0.02288; 599.318
0.02314; 599.32
0.0234; 599.317
0.02366; 599.313
0.02392; 599.316
0.02418; 599.317
0.02444; 599.313
0.0247; 599.305
0.02496; 599.312
0.02522; 599.314
0.02548; 599.312
0.02574; 599.308
0.026; 599.311
0.02626; 599.312
0.02652; 599.308
0.02678; 599.3
0.02704; 599.308
0.0273; 599.31
0.02756; 599.308
0.02782; 599.304
0.02808; 599.306
0.02834; 599.308
0.0286; 599.304
0.02886; 599.296
0.02912; 599.304
0.02938; 599.306
0.02964; 599.304
0.0299; 599.3
0.03016; 599.303
0.03042; 599.304
0.03068; 599.301
0.03094; 599.293
0.0312; 599.3
0.03146; 599.303
0.03172; 599.3
0.03198; 599.296
0.03224; 599.299
0.0325; 599.301
0.03276; 599.298
0.03302; 599.29
0.03328; 599.298
0.03354; 599.3
0.0338; 599.298
0.03406; 599.294
0.03432; 599.297
0.03458; 599.299
0.03484; 599.296
0.0351; 599.288
0.03536; 599.296
0.03562; 599.298
0.03588; 599.296
0.03614; 599.292
0.0364; 599.296
0.03666; 599.297
0.03692; 599.294
0.03718; 599.286
0.03744; 599.295
0.0377; 599.297
0.03796; 599.295
0.03822; 599.291
0.03848; 599.295
0.03874; 599.297
0.039; 599.294
0.03926; 599.286
0.03952; 599.294
0.03978; 599.297
0.04004; 599.295
0.0403; 599.291
0.04056; 599.295
0.04082; 599.296
0.04108; 599.293
0.04134; 599.286
0.0416; 599.294
0.04186; 599.297
0.04212; 599.295
0.04238; 599.292
0.04264; 599.295
0.0429; 599.297
0.04316; 599.294
0.04342; 599.286
0.04368; 599.295
0.04394; 599.297
0.0442; 599.296
0.04446; 599.292
0.04472; 599.296
0.04498; 599.298
0.04524; 599.295
0.0455; 599.287
0.04576; 599.296
0.04602; 599.299
0.04628; 599.297
0.04654; 599.294
0.0468; 599.298
0.04706; 599.3
0.04732; 599.297
0.04758; 599.29
0.04784; 599.298
0.0481; 599.301
0.04836; 599.3
0.04862; 599.296
0.04888; 599.3
0.04914; 599.302
0.0494; 599.3
0.04966; 599.292
0.04992; 599.301
0.05018; 599.304
0.05044; 599.303
0.0507; 599.3
0.05096; 599.304
0.05122; 599.306
0.05148; 599.303
0.05174; 599.296
0.052; 599.305
0.05226; 599.308
0.05252; 599.307
0.05278; 599.304
0.05304; 599.307
0.0533; 599.31
0.05356; 599.307
0.05382; 599.3
0.05408; 599.309
0.05434; 599.312
0.0546; 599.311
0.05486; 599.308
0.05512; 599.312
0.05538; 599.314
0.05564; 599.312
0.0559; 599.305
0.05616; 599.314
0.05642; 599.317
0.05668; 599.316
0.05694; 599.313
0.0572; 599.317
0.05746; 599.319
0.05772; 599.317
0.05798; 599.31
0.05824; 599.319
0.0585; 599.322
0.05876; 599.321
0.05902; 599.319
0.05928; 599.323
0.05954; 599.326
0.0598; 599.323
0.06006; 599.316
0.06032; 599.326
0.06058; 599.329
0.06084; 599.328
0.0611; 599.325
0.06136; 599.33
0.06162; 599.332
0.06188; 599.33
0.06214; 599.324
0.0624; 599.333
0.06266; 599.336
0.06292; 599.335
0.06318; 599.333
0.06344; 599.337
0.0637; 599.34
0.06396; 599.338
0.06422; 599.331
0.06448; 599.34
0.06474; 599.344
0.065; 599.343
0.06526; 599.341
0.06552; 599.345
0.06578; 599.348
0.06604; 599.346
0.0663; 599.339
0.06656; 599.349
0.06682; 599.352
0.06708; 599.351
0.06734; 599.349
0.0676; 599.354
0.06786; 599.357
0.06812; 599.355
0.06838; 599.348
0.06864; 599.358
0.0689; 599.361
0.06916; 599.361
0.06942; 599.359
0.06968; 599.363
0.06994; 599.366
0.0702; 599.364
0.07046; 599.358
0.07072; 599.367
0.07098; 599.371
0.07124; 599.371
0.0715; 599.369
0.07176; 599.373
0.07202; 599.376
0.07228; 599.375
0.07254; 599.368
0.0728; 599.378
0.07306; 599.382
0.07332; 599.382
0.07358; 599.379
0.07384; 599.384
0.0741; 599.387
0.07436; 599.386
0.07462; 599.38
0.07488; 599.389
0.07514; 599.393
0.0754; 599.393
0.07566; 599.391
0.07592; 599.396
0.07618; 599.399
0.07644; 599.398
0.0767; 599.391
0.07696; 599.401
0.07722; 599.405
0.07748; 599.404
0.07774; 599.402
0.078; 599.404
