0.00667; 0
0.01334; 0
0.02001; 0
0.02668; 0
0.03335; 0
0.04002; 0
0.04669; 0
0.05336; 0
0.06003; 0
0.0667; 0
0.07337; 0
0.08004; 0
0.08671; 0
0.09338; 0
0.10005; 0
0.10672; 0
0.11339; 0
0.12006; 0
0.12673; 0
0.1334; 0
0.14007; 0
0.14674; 0
0.15341; 0
0.16008; 0
0.16675; 0
0.17342; 0
0.18009; 0
0.18676; 0
0.19343; 0
0.2001; 0
0.20677; 0
0.21344; 0
0.22011; 0
0.22678; 0
0.23345; 0
0.24012; 0
0.24679; 0
0.25346; 0
0.26013; 0
0.2668; 0
0.27347; 0
0.28014; 0
0.28681; 0
0.29348; 0
0.30015; 0
0.30682; 0
0.31349; 0
0.32016; 0
0.32683; 0
0.3335; 0
0.34017; 0
0.34684; 0
0.35351; 0
0.36018; 0
0.36685; 0
0.37352; 0
0.38019; 0
0.38686; 0
0.39353; 0
0.4002; 0
0.40687; 0
0.41354; 0
0.42021; 0
0.42688; 0
0.43355; 0
0.44022; 0
0.44689; 0
0.45356; 0
0.46023; 0
0.4669; 0
0.47357; 547.006
0.48024; 546.94
0.48691; 546.807
0.49358; 546.607
0.50025; 546.341
0.50692; 546.01
0.51359; 545.613
0.52026; 545.151
0.52693; 544.626
0.5336; 544.036
0.54027; 543.384
0.54694; 542.671
0.55361; 541.896
0.56028; 541.061
0.56695; 540.167
0.57362; 539.215
0.58029; 538.207
0.58696; 537.143
0.59363; 536.024
0.6003; 534.853
0.60697; 533.629
0.61364; 532.355
0.62031; 531.032
0.62698; 529.661
0.63365; 528.243
0.64032; 526.779
0.64699; 525.272
0.65366; 523.721
0.66033; 522.129
0.667; 520.496
0.67367; 518.824
0.68034; 517.113
0.68701; 515.365
0.69368; 513.58
0.70035; 511.759
0.70702; 509.903
0.71369; 508.012
0.72036; 506.087
0.72703; 504.128
0.7337; 502.135
0.74037; 500.108
0.74704; 498.046
0.75371; 495.95
0.76038; 493.818
0.76705; 491.65
0.77372; 489.444
0.78039; 487.198
0.78706; 484.911
0.79373; 482.58
0.8004; 480.202
0.80707; 477.774
0.81374; 475.292
0.82041; 472.751
0.82708; 470.146
0.83375; 467.472
0.84042; 464.721
0.84709; 461.884
0.85376; 458.953
0.86043; 455.918
0.8671; 452.765
0.87377; 449.482
0.88044; 446.051
0.88711; 442.457
0.89378; 438.678
0.90045; 434.695
0.90712; 430.484
0.91379; 426.024
0.92046; 421.302
0.92713; 416.313
0.9338; 411.086
0.94047; 405.699
0.94714; 400.333
0.95381; 395.326
0.96048; 391.241
0.96715; 388.849
0.97382; 388.849
0.98049; 391.241
0.98716; 395.326
0.99383; 400.333
1.0005; 405.699
1.00717; 411.086
1.01384; 416.313
1.02051; 421.302
1.02718; 426.024
1.03385; 430.484
1.04052; 434.695
1.04719; 438.678
1.05386; 442.457
1.06053; 446.051
1.0672; 449.482
1.07387; 452.765
1.08054; 455.918
1.08721; 458.953
1.09388; 461.884
1.10055; 464.721
1.10722; 467.472
1.11389; 470.146
1.12056; 472.751
1.12723; 475.292
1.1339; 477.774
1.14057; 480.202
1.14724; 482.58
1.15391; 484.911
1.16058; 487.198
1.16725; 489.444
1.17392; 491.65
1.18059; 493.818
1.18726; 495.95
1.19393; 498.046
1.2006; 500.108
1.20727; 502.135
1.21394; 504.128
1.22061; 506.087
1.22728; 508.012
1.23395; 509.903
1.24062; 511.759
1.24729; 513.58
1.25396; 515.365
1.26063; 517.113
1.2673; 518.824
1.27397; 520.496
1.28064; 522.129
1.28731; 523.721
1.29398; 525.272
1.30065; 526.779
1.30732; 528.243
1.31399; 529.661
1.32066; 531.032
1.32733; 532.355
1.334; 533.629
1.34067; 534.853
1.34734; 536.024
1.35401; 537.143
1.36068; 538.207
1.36735; 539.215
1.37402; 540.167
1.38069; 541.061
1.38736; 541.896
1.39403; 542.671
1.4007; 543.384
1.40737; 544.036
1.41404; 544.626
1.42071; 545.151
1.42738; 545.613
1.43405; 546.01
1.44072; 546.341
1.44739; 546.607
1.45406; 546.807
1.46073; 546.94
1.4674; 547.006
1.47407; 0
1.48074; 0
1.48741; 0
1.49408; 0
1.50075; 0
1.50742; 0
1.51409; 0
1.52076; 0
1.52743; 0
1.5341; 0
1.54077; 0
1.54744; 0
1.55411; 0
1.56078; 0
1.56745; 0
1.57412; 0
1.58079; 0
1.58746; 0
1.59413; 0
1.6008; 0
1.60747; 0
1.61414; 0
1.62081; 0
1.62748; 0
1.63415; 0
1.64082; 0
1.64749; 0
1.65416; 0
1.66083; 0
1.6675; 0
1.67417; 0
1.68084; 0
1.68751; 0
1.69418; 0
1.70085; 0
1.70752; 0
1.71419; 0
1.72086; 0
1.72753; 0
1.7342; 0
1.74087; 0
1.74754; 0
1.75421; 0
1.76088; 0
1.76755; 0
1.77422; 0
1.78089; 0
1.78756; 0
1.79423; 0
1.8009; 0
1.80757; 0
1.81424; 0
1.82091; 0
1.82758; 0
1.83425; 0
1.84092; 0
1.84759; 0
1.85426; 0
1.86093; 0
1.8676; 0
1.87427; 0
1.88094; 0
1.88761; 0
1.89428; 0
1.90095; 0
1.90762; 0
1.91429; 0
1.92096; 0
1.92763; 0
1.9343; 0
1.94097; 0
1.94764; 0
1.95431; 0
1.96098; 0
1.96765; 0
1.97432; 0
1.98099; 0
1.98766; 0
1.99433; 0
2.001; 0
