0.00667; 0
0.01334; 0
0.02001; 0
0.02668; 0
0.03335; 0
0.04002; 0
0.04669; 0
0.05336; 0
0.06003; 0
0.0667; 0
0.07337; 0
0.08004; 0
0.08671; 0
0.09338; 0
0.10005; 0
0.10672; 0
0.11339; 0
0.12006; 0
0.12673; 0
0.1334; 0
0.14007; 0
0.14674; 0
0.15341; 0
0.16008; 0
0.16675; 0
0.17342; 0
0.18009; 0
0.18676; 0
0.19343; 0
0.2001; 0
0.20677; 0
0.21344; 0
0.22011; 0
0.22678; 0
0.23345; 0
0.24012; 0
0.24679; 0
0.25346; 0
0.26013; 0
0.2668; 0
0.27347; 0
0.28014; 0
0.28681; 0
0.29348; 0
0.30015; 0
0.30682; 0
0.31349; 0
0.32016; 0
0.32683; 0
0.3335; 0
0.34017; 0
0.34684; 0
0.35351; 0
0.36018; 0
0.36685; 0
0.37352; 0
0.38019; 0
0.38686; 0
0.39353; 0
0.4002; 0
0.40687; 0
0.41354; 0
0.42021; 0
0.42688; 0
0.43355; 0
0.44022; 0
0.44689; 0
0.45356; 0
0.46023; 0
0.4669; 0
0.47357; 0
0.48024; 0
0.48691; 1000
0.49358; 910.15
0.50025; 822.637
0.50692; 739.617
0.51359; 662.899
0.52026; 593.836
0.52693; 533.261
0.5336; 481.486
0.54027; 438.354
0.54694; 403.324
0.55361; 375.582
0.56028; 354.151
0.56695; 337.999
0.57362; 326.117
0.58029; 317.583
0.58696; 311.597
0.59363; 307.494
0.6003; 304.746
0.60697; 302.946
0.61364; 301.793
0.62031; 301.071
0.62698; 300.627
0.63365; 300.361
0.64032; 300.204
0.64699; 300.113
0.65366; 300.062
0.66033; 300.034
0.667; 300.018
0.67367; 300.01
0.68034; 300.005
0.68701; 300.003
0.69368; 300.002
0.70035; 300.001
0.70702; 300.001
0.71369; 300.001
0.72036; 300.001
0.72703; 300
0.7337; 300
0.74037; 300
0.74704; 300
0.75371; 300
0.76038; 300
0.76705; 300.001
0.77372; 300.001
0.78039; 300.001
0.78706; 300.001
0.79373; 300.002
0.8004; 300.004
0.80707; 300.006
0.81374; 300.012
0.82041; 300.021
0.82708; 300.037
0.83375; 300.067
0.84042; 300.118
0.84709; 300.204
0.85376; 300.347
0.86043; 300.581
0.8671; 300.956
0.87377; 301.543
0.88044; 302.445
0.88711; 303.8
0.89378; 305.793
0.90045; 308.663
0.90712; 312.706
0.91379; 318.276
0.92046; 325.773
0.92713; 335.627
0.9338; 348.251
0.94047; 363.974
0.94714; 382.923
0.95381; 404.835
0.96048; 428.77
0.96715; 452.726
0.97382; 473.269
0.98049; 485.681
0.98716; 485.681
0.99383; 473.269
1.0005; 452.726
1.00717; 428.77
1.01384; 404.835
1.02051; 382.923
1.02718; 363.974
1.03385; 348.251
1.04052; 335.627
1.04719; 325.773
1.05386; 318.276
1.06053; 312.706
1.0672; 308.663
1.07387; 305.793
1.08054; 303.8
1.08721; 302.445
1.09388; 301.543
1.10055; 300.956
1.10722; 300.581
1.11389; 300.347
1.12056; 300.204
1.12723; 300.118
1.1339; 300.067
1.14057; 300.037
1.14724; 300.021
1.15391; 300.012
1.16058; 300.006
1.16725; 300.004
1.17392; 300.002
1.18059; 300.001
1.18726; 300.001
1.19393; 300.001
1.2006; 300.001
1.20727; 300
1.21394; 300
1.22061; 300
1.22728; 300
1.23395; 300
1.24062; 300
1.24729; 300.001
1.25396; 300.001
1.26063; 300.001
1.2673; 300.001
1.27397; 300.002
1.28064; 300.003
1.28731; 300.005
1.29398; 300.01
1.30065; 300.018
1.30732; 300.034
1.31399; 300.062
1.32066; 300.113
1.32733; 300.204
1.334; 300.361
1.34067; 300.627
1.34734; 301.071
1.35401; 301.793
1.36068; 302.946
1.36735; 304.746
1.37402; 307.494
1.38069; 311.597
1.38736; 317.583
1.39403; 326.117
1.4007; 337.999
1.40737; 354.151
1.41404; 375.582
1.42071; 403.324
1.42738; 438.354
1.43405; 481.486
1.44072; 533.261
1.44739; 593.836
1.45406; 662.899
1.46073; 739.617
1.4674; 822.637
1.47407; 910.15
1.48074; 1000
1.48741; 0
1.49408; 0
1.50075; 0
1.50742; 0
1.51409; 0
1.52076; 0
1.52743; 0
1.5341; 0
1.54077; 0
1.54744; 0
1.55411; 0
1.56078; 0
1.56745; 0
1.57412; 0
1.58079; 0
1.58746; 0
1.59413; 0
1.6008; 0
1.60747; 0
1.61414; 0
1.62081; 0
1.62748; 0
1.63415; 0
1.64082; 0
1.64749; 0
1.65416; 0
1.66083; 0
1.6675; 0
1.67417; 0
1.68084; 0
1.68751; 0
1.69418; 0
1.70085; 0
1.70752; 0
1.71419; 0
1.72086; 0
1.72753; 0
1.7342; 0
1.74087; 0
1.74754; 0
1.75421; 0
1.76088; 0
1.76755; 0
1.77422; 0
1.78089; 0
1.78756; 0
1.79423; 0
1.8009; 0
1.80757; 0
1.81424; 0
1.82091; 0
1.82758; 0
1.83425; 0
1.84092; 0
1.84759; 0
1.85426; 0
1.86093; 0
1.8676; 0
1.87427; 0
1.88094; 0
1.88761; 0
1.89428; 0
1.90095; 0
1.90762; 0
1.91429; 0
1.92096; 0
1.92763; 0
1.9343; 0
1.94097; 0
1.94764; 0
1.95431; 0
1.96098; 0
1.96765; 0
1.97432; 0
1.98099; 0
1.98766; 0
1.99433; 0
2.001; 0
