0.00667; 0
0.01334; 0
0.02001; 0
0.02668; 0
0.03335; 0
0.04002; 0
0.04669; 0
0.05336; 0
0.06003; 0
0.0667; 0
0.07337; 0
0.08004; 0
0.08671; 0
0.09338; 0
0.10005; 0
0.10672; 0
0.11339; 0
0.12006; 0
0.12673; 0
0.1334; 0
0.14007; 0
0.14674; 0
0.15341; 0
0.16008; 0
0.16675; 0
0.17342; 0
0.18009; 0
0.18676; 0
0.19343; 0
0.2001; 0
0.20677; 0
0.21344; 0
0.22011; 0
0.22678; 0
0.23345; 0
0.24012; 0
0.24679; 0
0.25346; 0
0.26013; 0
0.2668; 0
0.27347; 0
0.28014; 0
0.28681; 0
0.29348; 0
0.30015; 0
0.30682; 0
0.31349; 0
0.32016; 0
0.32683; 0
0.3335; 0
0.34017; 0
0.34684; 0
0.35351; 0
0.36018; 0
0.36685; 0
0.37352; 0
0.38019; 0
0.38686; 0
0.39353; 0
0.4002; 0
0.40687; 0
0.41354; 0
0.42021; 0
0.42688; 0
0.43355; 0
0.44022; 0
0.44689; 0
0.45356; 0
0.46023; 0
0.4669; 0
0.47357; 538.445
0.48024; 538.378
0.48691; 538.245
0.49358; 538.046
0.50025; 537.781
0.50692; 537.45
0.51359; 537.054
0.52026; 536.593
0.52693; 536.069
0.5336; 535.481
0.54027; 534.83
0.54694; 534.118
0.55361; 533.346
0.56028; 532.513
0.56695; 531.622
0.57362; 530.674
0.58029; 529.669
0.58696; 528.61
0.59363; 527.496
0.6003; 526.33
0.60697; 525.113
0.61364; 523.846
0.62031; 522.53
0.62698; 521.167
0.63365; 519.758
0.64032; 518.305
0.64699; 516.809
0.65366; 515.271
0.66033; 513.692
0.667; 512.074
0.67367; 510.418
0.68034; 508.725
0.68701; 506.996
0.69368; 505.232
0.70035; 503.433
0.70702; 501.601
0.71369; 499.736
0.72036; 497.839
0.72703; 495.91
0.7337; 493.949
0.74037; 491.956
0.74704; 489.931
0.75371; 487.875
0.76038; 485.785
0.76705; 483.661
0.77372; 481.503
0.78039; 479.308
0.78706; 477.075
0.79373; 474.802
0.8004; 472.486
0.80707; 470.123
0.81374; 467.711
0.82041; 465.244
0.82708; 462.719
0.83375; 460.129
0.84042; 457.467
0.84709; 454.726
0.85376; 451.898
0.86043; 448.971
0.8671; 445.935
0.87377; 442.776
0.88044; 439.479
0.88711; 436.028
0.89378; 432.403
0.90045; 428.584
0.90712; 424.551
0.91379; 420.283
0.92046; 415.766
0.92713; 410.997
0.9338; 406.001
0.94047; 400.856
0.94714; 395.732
0.95381; 390.952
0.96048; 387.053
0.96715; 384.769
0.97382; 384.769
0.98049; 387.053
0.98716; 390.952
0.99383; 395.732
1.0005; 400.856
1.00717; 406.001
1.01384; 410.997
1.02051; 415.766
1.02718; 420.283
1.03385; 424.551
1.04052; 428.584
1.04719; 432.403
1.05386; 436.028
1.06053; 439.479
1.0672; 442.776
1.07387; 445.935
1.08054; 448.971
1.08721; 451.898
1.09388; 454.726
1.10055; 457.467
1.10722; 460.129
1.11389; 462.719
1.12056; 465.244
1.12723; 467.711
1.1339; 470.123
1.14057; 472.486
1.14724; 474.802
1.15391; 477.075
1.16058; 479.308
1.16725; 481.503
1.17392; 483.661
1.18059; 485.785
1.18726; 487.875
1.19393; 489.931
1.2006; 491.956
1.20727; 493.949
1.21394; 495.91
1.22061; 497.839
1.22728; 499.736
1.23395; 501.601
1.24062; 503.433
1.24729; 505.232
1.25396; 506.996
1.26063; 508.725
1.2673; 510.418
1.27397; 512.074
1.28064; 513.692
1.28731; 515.271
1.29398; 516.809
1.30065; 518.305
1.30732; 519.758
1.31399; 521.167
1.32066; 522.53
1.32733; 523.846
1.334; 525.113
1.34067; 526.33
1.34734; 527.496
1.35401; 528.61
1.36068; 529.669
1.36735; 530.674
1.37402; 531.622
1.38069; 532.513
1.38736; 533.346
1.39403; 534.118
1.4007; 534.83
1.40737; 535.481
1.41404; 536.069
1.42071; 536.593
1.42738; 537.054
1.43405; 537.45
1.44072; 537.781
1.44739; 538.046
1.45406; 538.245
1.46073; 538.378
1.4674; 538.445
1.47407; 0
1.48074; 0
1.48741; 0
1.49408; 0
1.50075; 0
1.50742; 0
1.51409; 0
1.52076; 0
1.52743; 0
1.5341; 0
1.54077; 0
1.54744; 0
1.55411; 0
1.56078; 0
1.56745; 0
1.57412; 0
1.58079; 0
1.58746; 0
1.59413; 0
1.6008; 0
1.60747; 0
1.61414; 0
1.62081; 0
1.62748; 0
1.63415; 0
1.64082; 0
1.64749; 0
1.65416; 0
1.66083; 0
1.6675; 0
1.67417; 0
1.68084; 0
1.68751; 0
1.69418; 0
1.70085; 0
1.70752; 0
1.71419; 0
1.72086; 0
1.72753; 0
1.7342; 0
1.74087; 0
1.74754; 0
1.75421; 0
1.76088; 0
1.76755; 0
1.77422; 0
1.78089; 0
1.78756; 0
1.79423; 0
1.8009; 0
1.80757; 0
1.81424; 0
1.82091; 0
1.82758; 0
1.83425; 0
1.84092; 0
1.84759; 0
1.85426; 0
1.86093; 0
1.8676; 0
1.87427; 0
1.88094; 0
1.88761; 0
1.89428; 0
1.90095; 0
1.90762; 0
1.91429; 0
1.92096; 0
1.92763; 0
1.9343; 0
1.94097; 0
1.94764; 0
1.95431; 0
1.96098; 0
1.96765; 0
1.97432; 0
1.98099; 0
1.98766; 0
1.99433; 0
2.001; 0
