0.00667; 0
0.01334; 0
0.02001; 0
0.02668; 0
0.03335; 0
0.04002; 0
0.04669; 0
0.05336; 0
0.06003; 0
0.0667; 0
0.07337; 0
0.08004; 0
0.08671; 0
0.09338; 0
0.10005; 0
0.10672; 0
0.11339; 0
0.12006; 0
0.12673; 0
0.1334; 0
0.14007; 0
0.14674; 0
0.15341; 0
0.16008; 0
0.16675; 0
0.17342; 0
0.18009; 0
0.18676; 0
0.19343; 0
0.2001; 0
0.20677; 0
0.21344; 0
0.22011; 0
0.22678; 0
0.23345; 0
0.24012; 0
0.24679; 0
0.25346; 0
0.26013; 0
0.2668; 0
0.27347; 0
0.28014; 0
0.28681; 0
0.29348; 0
0.30015; 0
0.30682; 0
0.31349; 0
0.32016; 0
0.32683; 0
0.3335; 0
0.34017; 0
0.34684; 0
0.35351; 0
0.36018; 0
0.36685; 0
0.37352; 0
0.38019; 0
0.38686; 0
0.39353; 0
0.4002; 0
0.40687; 0
0.41354; 0
0.42021; 0
0.42688; 0
0.43355; 0
0.44022; 0
0.44689; 0
0.45356; 0
0.46023; 0
0.4669; 0
0.47357; 608.443
0.48024; 608.376
0.48691; 608.241
0.49358; 608.039
0.50025; 607.771
0.50692; 607.436
0.51359; 607.034
0.52026; 606.567
0.52693; 606.034
0.5336; 605.437
0.54027; 604.775
0.54694; 604.049
0.55361; 603.26
0.56028; 602.409
0.56695; 601.497
0.57362; 600.523
0.58029; 599.49
0.58696; 598.397
0.59363; 597.246
0.6003; 596.038
0.60697; 594.774
0.61364; 593.453
0.62031; 592.078
0.62698; 590.649
0.63365; 589.167
0.64032; 587.633
0.64699; 586.047
0.65366; 584.411
0.66033; 582.724
0.667; 580.988
0.67367; 579.204
0.68034; 577.37
0.68701; 575.488
0.69368; 573.559
0.70035; 571.581
0.70702; 569.556
0.71369; 567.482
0.72036; 565.361
0.72703; 563.19
0.7337; 560.97
0.74037; 558.699
0.74704; 556.376
0.75371; 554.001
0.76038; 551.57
0.76705; 549.082
0.77372; 546.535
0.78039; 543.926
0.78706; 541.251
0.79373; 538.506
0.8004; 535.688
0.80707; 532.791
0.81374; 529.81
0.82041; 526.737
0.82708; 523.566
0.83375; 520.288
0.84042; 516.893
0.84709; 513.371
0.85376; 509.708
0.86043; 505.891
0.8671; 501.902
0.87377; 497.724
0.88044; 493.335
0.88711; 488.712
0.89378; 483.829
0.90045; 478.658
0.90712; 473.168
0.91379; 467.334
0.92046; 461.135
0.92713; 454.568
0.9338; 447.67
0.94047; 440.547
0.94714; 433.44
0.95381; 426.801
0.96048; 421.381
0.96715; 418.204
0.97382; 418.204
0.98049; 421.381
0.98716; 426.801
0.99383; 433.44
1.0005; 440.547
1.00717; 447.67
1.01384; 454.568
1.02051; 461.135
1.02718; 467.334
1.03385; 473.168
1.04052; 478.658
1.04719; 483.829
1.05386; 488.712
1.06053; 493.335
1.0672; 497.724
1.07387; 501.902
1.08054; 505.891
1.08721; 509.708
1.09388; 513.371
1.10055; 516.893
1.10722; 520.288
1.11389; 523.566
1.12056; 526.737
1.12723; 529.81
1.1339; 532.791
1.14057; 535.688
1.14724; 538.506
1.15391; 541.251
1.16058; 543.926
1.16725; 546.535
1.17392; 549.082
1.18059; 551.57
1.18726; 554.001
1.19393; 556.376
1.2006; 558.699
1.20727; 560.97
1.21394; 563.19
1.22061; 565.361
1.22728; 567.482
1.23395; 569.556
1.24062; 571.581
1.24729; 573.559
1.25396; 575.488
1.26063; 577.37
1.2673; 579.204
1.27397; 580.988
1.28064; 582.724
1.28731; 584.411
1.29398; 586.047
1.30065; 587.633
1.30732; 589.167
1.31399; 590.649
1.32066; 592.078
1.32733; 593.453
1.334; 594.774
1.34067; 596.038
1.34734; 597.246
1.35401; 598.397
1.36068; 599.49
1.36735; 600.523
1.37402; 601.497
1.38069; 602.409
1.38736; 603.26
1.39403; 604.049
1.4007; 604.775
1.40737; 605.437
1.41404; 606.034
1.42071; 606.567
1.42738; 607.034
1.43405; 607.436
1.44072; 607.771
1.44739; 608.039
1.45406; 608.241
1.46073; 608.376
1.4674; 608.443
1.47407; 0
1.48074; 0
1.48741; 0
1.49408; 0
1.50075; 0
1.50742; 0
1.51409; 0
1.52076; 0
1.52743; 0
1.5341; 0
1.54077; 0
1.54744; 0
1.55411; 0
1.56078; 0
1.56745; 0
1.57412; 0
1.58079; 0
1.58746; 0
1.59413; 0
1.6008; 0
1.60747; 0
1.61414; 0
1.62081; 0
1.62748; 0
1.63415; 0
1.64082; 0
1.64749; 0
1.65416; 0
1.66083; 0
1.6675; 0
1.67417; 0
1.68084; 0
1.68751; 0
1.69418; 0
1.70085; 0
1.70752; 0
1.71419; 0
1.72086; 0
1.72753; 0
1.7342; 0
1.74087; 0
1.74754; 0
1.75421; 0
1.76088; 0
1.76755; 0
1.77422; 0
1.78089; 0
1.78756; 0
1.79423; 0
1.8009; 0
1.80757; 0
1.81424; 0
1.82091; 0
1.82758; 0
1.83425; 0
1.84092; 0
1.84759; 0
1.85426; 0
1.86093; 0
1.8676; 0
1.87427; 0
1.88094; 0
1.88761; 0
1.89428; 0
1.90095; 0
1.90762; 0
1.91429; 0
1.92096; 0
1.92763; 0
1.9343; 0
1.94097; 0
1.94764; 0
1.95431; 0
1.96098; 0
1.96765; 0
1.97432; 0
1.98099; 0
1.98766; 0
1.99433; 0
2.001; 0
