0.00026; 726.938
0.00052; 726.934
0.00078; 726.93
0.00104; 726.934
0.0013; 726.935
0.00156; 726.933
0.00182; 726.929
0.00208; 726.931
0.00234; 726.931
0.0026; 726.929
0.00286; 726.922
0.00312; 726.927
0.00338; 726.928
0.00364; 726.925
0.0039; 726.922
0.00416; 726.924
0.00442; 726.924
0.00468; 726.921
0.00494; 726.915
0.0052; 726.92
0.00546; 726.921
0.00572; 726.918
0.00598; 726.915
0.00624; 726.917
0.0065; 726.917
0.00676; 726.915
0.00702; 726.908
0.00728; 726.913
0.00754; 726.914
0.0078; 726.912
0.00806; 726.909
0.00832; 726.911
0.00858; 726.911
0.00884; 726.909
0.0091; 726.902
0.00936; 726.907
0.00962; 726.909
0.00988; 726.906
0.01014; 726.903
0.0104; 726.905
0.01066; 726.906
0.01092; 726.904
0.01118; 726.897
0.01144; 726.902
0.0117; 726.903
0.01196; 726.901
0.01222; 726.898
0.01248; 726.9
0.01274; 726.901
0.013; 726.898
0.01326; 726.892
0.01352; 726.897
0.01378; 726.898
0.01404; 726.896
0.0143; 726.893
0.01456; 726.895
0.01482; 726.896
0.01508; 726.894
0.01534; 726.887
0.0156; 726.892
0.01586; 726.894
0.01612; 726.892
0.01638; 726.888
0.01664; 726.891
0.0169; 726.891
0.01716; 726.889
0.01742; 726.883
0.01768; 726.888
0.01794; 726.889
0.0182; 726.887
0.01846; 726.884
0.01872; 726.886
0.01898; 726.887
0.01924; 726.885
0.0195; 726.879
0.01976; 726.884
0.02002; 726.885
0.02028; 726.883
0.02054; 726.88
0.0208; 726.883
0.02106; 726.883
0.02132; 726.881
0.02158; 726.875
0.02184; 726.88
0.0221; 726.882
0.02236; 726.88
0.02262; 726.877
0.02288; 726.879
0.02314; 726.88
0.0234; 726.878
0.02366; 726.872
0.02392; 726.877
0.02418; 726.879
0.02444; 726.877
0.0247; 726.874
0.02496; 726.876
0.02522; 726.877
0.02548; 726.875
0.02574; 726.869
0.026; 726.874
0.02626; 726.876
0.02652; 726.874
0.02678; 726.871
0.02704; 726.874
0.0273; 726.875
0.02756; 726.872
0.02782; 726.866
0.02808; 726.872
0.02834; 726.873
0.0286; 726.872
0.02886; 726.869
0.02912; 726.871
0.02938; 726.872
0.02964; 726.87
0.0299; 726.864
0.03016; 726.87
0.03042; 726.871
0.03068; 726.87
0.03094; 726.867
0.0312; 726.869
0.03146; 726.87
0.03172; 726.868
0.03198; 726.862
0.03224; 726.868
0.0325; 726.87
0.03276; 726.868
0.03302; 726.865
0.03328; 726.868
0.03354; 726.869
0.0338; 726.867
0.03406; 726.861
0.03432; 726.867
0.03458; 726.868
0.03484; 726.867
0.0351; 726.864
0.03536; 726.867
0.03562; 726.868
0.03588; 726.866
0.03614; 726.86
0.0364; 726.866
0.03666; 726.867
0.03692; 726.866
0.03718; 726.863
0.03744; 726.866
0.0377; 726.867
0.03796; 726.865
0.03822; 726.859
0.03848; 726.865
0.03874; 726.867
0.039; 726.865
0.03926; 726.863
0.03952; 726.866
0.03978; 726.867
0.04004; 726.865
0.0403; 726.859
0.04056; 726.865
0.04082; 726.867
0.04108; 726.866
0.04134; 726.863
0.0416; 726.866
0.04186; 726.867
0.04212; 726.865
0.04238; 726.859
0.04264; 726.865
0.0429; 726.867
0.04316; 726.866
0.04342; 726.863
0.04368; 726.866
0.04394; 726.868
0.0442; 726.866
0.04446; 726.86
0.04472; 726.866
0.04498; 726.868
0.04524; 726.867
0.0455; 726.864
0.04576; 726.867
0.04602; 726.868
0.04628; 726.867
0.04654; 726.861
0.0468; 726.867
0.04706; 726.869
0.04732; 726.868
0.04758; 726.865
0.04784; 726.868
0.0481; 726.87
0.04836; 726.868
0.04862; 726.862
0.04888; 726.868
0.04914; 726.87
0.0494; 726.869
0.04966; 726.867
0.04992; 726.87
0.05018; 726.871
0.05044; 726.869
0.0507; 726.864
0.05096; 726.87
0.05122; 726.872
0.05148; 726.871
0.05174; 726.868
0.052; 726.872
0.05226; 726.873
0.05252; 726.872
0.05278; 726.866
0.05304; 726.872
0.0533; 726.874
0.05356; 726.873
0.05382; 726.871
0.05408; 726.874
0.05434; 726.875
0.0546; 726.874
0.05486; 726.869
0.05512; 726.875
0.05538; 726.877
0.05564; 726.876
0.0559; 726.873
0.05616; 726.876
0.05642; 726.878
0.05668; 726.877
0.05694; 726.871
0.0572; 726.877
0.05746; 726.88
0.05772; 726.878
0.05798; 726.876
0.05824; 726.879
0.0585; 726.881
0.05876; 726.88
0.05902; 726.874
0.05928; 726.88
0.05954; 726.883
0.0598; 726.882
0.06006; 726.879
0.06032; 726.883
0.06058; 726.885
0.06084; 726.883
0.0611; 726.878
0.06136; 726.884
0.06162; 726.886
0.06188; 726.885
0.06214; 726.883
0.0624; 726.886
0.06266; 726.888
0.06292; 726.887
0.06318; 726.882
0.06344; 726.888
0.0637; 726.89
0.06396; 726.889
0.06422; 726.887
0.06448; 726.89
0.06474; 726.892
0.065; 726.891
0.06526; 726.886
0.06552; 726.892
0.06578; 726.894
0.06604; 726.893
0.0663; 726.891
0.06656; 726.895
0.06682; 726.897
0.06708; 726.895
0.06734; 726.89
0.0676; 726.897
0.06786; 726.899
0.06812; 726.898
0.06838; 726.896
0.06864; 726.9
0.0689; 726.902
0.06916; 726.9
0.06942; 726.895
0.06968; 726.902
0.06994; 726.904
0.0702; 726.903
0.07046; 726.901
0.07072; 726.905
0.07098; 726.907
0.07124; 726.906
0.0715; 726.901
0.07176; 726.907
0.07202; 726.91
0.07228; 726.909
0.07254; 726.907
0.0728; 726.91
0.07306; 726.912
0.07332; 726.911
0.07358; 726.906
0.07384; 726.913
0.0741; 726.915
0.07436; 726.915
0.07462; 726.913
0.07488; 726.916
0.07514; 726.919
0.0754; 726.918
0.07566; 726.913
0.07592; 726.919
0.07618; 726.922
0.07644; 726.921
0.0767; 726.92
0.07696; 726.923
0.07722; 726.926
0.07748; 726.925
0.07774; 726.92
0.078; 726.925
