0.00667; 0
0.01334; 0
0.02001; 0
0.02668; 0
0.03335; 0
0.04002; 0
0.04669; 0
0.05336; 0
0.06003; 0
0.0667; 0
0.07337; 0
0.08004; 0
0.08671; 0
0.09338; 0
0.10005; 0
0.10672; 0
0.11339; 0
0.12006; 0
0.12673; 0
0.1334; 0
0.14007; 0
0.14674; 0
0.15341; 0
0.16008; 0
0.16675; 0
0.17342; 0
0.18009; 0
0.18676; 0
0.19343; 0
0.2001; 0
0.20677; 0
0.21344; 0
0.22011; 0
0.22678; 0
0.23345; 0
0.24012; 0
0.24679; 0
0.25346; 0
0.26013; 0
0.2668; 0
0.27347; 0
0.28014; 0
0.28681; 0
0.29348; 0
0.30015; 0
0.30682; 0
0.31349; 0
0.32016; 0
0.32683; 0
0.3335; 0
0.34017; 0
0.34684; 0
0.35351; 0
0.36018; 0
0.36685; 0
0.37352; 0
0.38019; 0
0.38686; 0
0.39353; 0
0.4002; 0
0.40687; 0
0.41354; 0
0.42021; 0
0.42688; 0
0.43355; 0
0.44022; 0
0.44689; 0
0.45356; 0
0.46023; 0
0.4669; 0
0.47357; 509.787
0.48024; 509.721
0.48691; 509.589
0.49358; 509.391
0.50025; 509.128
0.50692; 508.8
0.51359; 508.407
0.52026; 507.951
0.52693; 507.431
0.5336; 506.849
0.54027; 506.205
0.54694; 505.5
0.55361; 504.736
0.56028; 503.914
0.56695; 503.034
0.57362; 502.099
0.58029; 501.109
0.58696; 500.065
0.59363; 498.97
0.6003; 497.824
0.60697; 496.629
0.61364; 495.387
0.62031; 494.099
0.62698; 492.766
0.63365; 491.391
0.64032; 489.974
0.64699; 488.518
0.65366; 487.024
0.66033; 485.493
0.667; 483.927
0.67367; 482.328
0.68034; 480.696
0.68701; 479.032
0.69368; 477.339
0.70035; 475.618
0.70702; 473.868
0.71369; 472.092
0.72036; 470.29
0.72703; 468.464
0.7337; 466.612
0.74037; 464.736
0.74704; 462.837
0.75371; 460.914
0.76038; 458.966
0.76705; 456.995
0.77372; 454.998
0.78039; 452.976
0.78706; 450.926
0.79373; 448.848
0.8004; 446.739
0.80707; 444.597
0.81374; 442.42
0.82041; 440.203
0.82708; 437.943
0.83375; 435.635
0.84042; 433.274
0.84709; 430.854
0.85376; 428.367
0.86043; 425.804
0.8671; 423.157
0.87377; 420.415
0.88044; 417.564
0.88711; 414.591
0.89378; 411.479
0.90045; 408.212
0.90712; 404.772
0.91379; 401.142
0.92046; 397.31
0.92713; 393.273
0.9338; 389.052
0.94047; 384.711
0.94714; 380.394
0.95381; 376.37
0.96048; 373.09
0.96715; 371.17
0.97382; 371.17
0.98049; 373.09
0.98716; 376.37
0.99383; 380.394
1.0005; 384.711
1.00717; 389.052
1.01384; 393.273
1.02051; 397.31
1.02718; 401.142
1.03385; 404.772
1.04052; 408.212
1.04719; 411.479
1.05386; 414.591
1.06053; 417.564
1.0672; 420.415
1.07387; 423.157
1.08054; 425.804
1.08721; 428.367
1.09388; 430.854
1.10055; 433.274
1.10722; 435.635
1.11389; 437.943
1.12056; 440.203
1.12723; 442.42
1.1339; 444.597
1.14057; 446.739
1.14724; 448.848
1.15391; 450.926
1.16058; 452.976
1.16725; 454.998
1.17392; 456.995
1.18059; 458.966
1.18726; 460.914
1.19393; 462.837
1.2006; 464.736
1.20727; 466.612
1.21394; 468.464
1.22061; 470.29
1.22728; 472.092
1.23395; 473.868
1.24062; 475.618
1.24729; 477.339
1.25396; 479.032
1.26063; 480.696
1.2673; 482.328
1.27397; 483.927
1.28064; 485.493
1.28731; 487.024
1.29398; 488.518
1.30065; 489.974
1.30732; 491.391
1.31399; 492.766
1.32066; 494.099
1.32733; 495.387
1.334; 496.629
1.34067; 497.824
1.34734; 498.97
1.35401; 500.065
1.36068; 501.109
1.36735; 502.099
1.37402; 503.034
1.38069; 503.914
1.38736; 504.736
1.39403; 505.5
1.4007; 506.205
1.40737; 506.849
1.41404; 507.431
1.42071; 507.951
1.42738; 508.407
1.43405; 508.8
1.44072; 509.128
1.44739; 509.391
1.45406; 509.589
1.46073; 509.721
1.4674; 509.787
1.47407; 0
1.48074; 0
1.48741; 0
1.49408; 0
1.50075; 0
1.50742; 0
1.51409; 0
1.52076; 0
1.52743; 0
1.5341; 0
1.54077; 0
1.54744; 0
1.55411; 0
1.56078; 0
1.56745; 0
1.57412; 0
1.58079; 0
1.58746; 0
1.59413; 0
1.6008; 0
1.60747; 0
1.61414; 0
1.62081; 0
1.62748; 0
1.63415; 0
1.64082; 0
1.64749; 0
1.65416; 0
1.66083; 0
1.6675; 0
1.67417; 0
1.68084; 0
1.68751; 0
1.69418; 0
1.70085; 0
1.70752; 0
1.71419; 0
1.72086; 0
1.72753; 0
1.7342; 0
1.74087; 0
1.74754; 0
1.75421; 0
1.76088; 0
1.76755; 0
1.77422; 0
1.78089; 0
1.78756; 0
1.79423; 0
1.8009; 0
1.80757; 0
1.81424; 0
1.82091; 0
1.82758; 0
1.83425; 0
1.84092; 0
1.84759; 0
1.85426; 0
1.86093; 0
1.8676; 0
1.87427; 0
1.88094; 0
1.88761; 0
1.89428; 0
1.90095; 0
1.90762; 0
1.91429; 0
1.92096; 0
1.92763; 0
1.9343; 0
1.94097; 0
1.94764; 0
1.95431; 0
1.96098; 0
1.96765; 0
1.97432; 0
1.98099; 0
1.98766; 0
1.99433; 0
2.001; 0
