0.00667; 0
0.01334; 0
0.02001; 0
0.02668; 0
0.03335; 0
0.04002; 0
0.04669; 0
0.05336; 0
0.06003; 0
0.0667; 0
0.07337; 0
0.08004; 0
0.08671; 0
0.09338; 0
0.10005; 0
0.10672; 0
0.11339; 0
0.12006; 0
0.12673; 0
0.1334; 0
0.14007; 0
0.14674; 0
0.15341; 0
0.16008; 0
0.16675; 0
0.17342; 0
0.18009; 0
0.18676; 0
0.19343; 0
0.2001; 0
0.20677; 0
0.21344; 0
0.22011; 0
0.22678; 0
0.23345; 0
0.24012; 0
0.24679; 0
0.25346; 0
0.26013; 0
0.2668; 0
0.27347; 0
0.28014; 0
0.28681; 0
0.29348; 0
0.30015; 0
0.30682; 0
0.31349; 0
0.32016; 0
0.32683; 0
0.3335; 0
0.34017; 0
0.34684; 0
0.35351; 0
0.36018; 0
0.36685; 0
0.37352; 0
0.38019; 0
0.38686; 0
0.39353; 0
0.4002; 0
0.40687; 0
0.41354; 0
0.42021; 0
0.42688; 0
0.43355; 0
0.44022; 0
0.44689; 0
0.45356; 0
0.46023; 0
0.4669; 0
0.47357; 583.857
0.48024; 583.79
0.48691; 583.656
0.49358; 583.455
0.50025; 583.188
0.50692; 582.854
0.51359; 582.454
0.52026; 581.989
0.52693; 581.459
0.5336; 580.864
0.54027; 580.206
0.54694; 579.485
0.55361; 578.702
0.56028; 577.857
0.56695; 576.952
0.57362; 575.987
0.58029; 574.963
0.58696; 573.881
0.59363; 572.743
0.6003; 571.549
0.60697; 570.301
0.61364; 568.999
0.62031; 567.644
0.62698; 566.238
0.63365; 564.781
0.64032; 563.275
0.64699; 561.72
0.65366; 560.118
0.66033; 558.468
0.667; 556.773
0.67367; 555.033
0.68034; 553.248
0.68701; 551.419
0.69368; 549.547
0.70035; 547.632
0.70702; 545.674
0.71369; 543.673
0.72036; 541.63
0.72703; 539.543
0.7337; 537.414
0.74037; 535.24
0.74704; 533.022
0.75371; 530.757
0.76038; 528.446
0.76705; 526.086
0.77372; 523.675
0.78039; 521.211
0.78706; 518.691
0.79373; 516.111
0.8004; 513.469
0.80707; 510.76
0.81374; 507.978
0.82041; 505.118
0.82708; 502.174
0.83375; 499.137
0.84042; 496
0.84709; 492.752
0.85376; 489.382
0.86043; 485.878
0.8671; 482.224
0.87377; 478.404
0.88044; 474.399
0.88711; 470.188
0.89378; 465.747
0.90045; 461.051
0.90712; 456.073
0.91379; 450.789
0.92046; 445.181
0.92713; 439.247
0.9338; 433.018
0.94047; 426.591
0.94714; 420.181
0.95381; 414.195
0.96048; 409.31
0.96715; 406.447
0.97382; 406.447
0.98049; 409.31
0.98716; 414.195
0.99383; 420.181
1.0005; 426.591
1.00717; 433.018
1.01384; 439.247
1.02051; 445.181
1.02718; 450.789
1.03385; 456.073
1.04052; 461.051
1.04719; 465.747
1.05386; 470.188
1.06053; 474.399
1.0672; 478.404
1.07387; 482.224
1.08054; 485.878
1.08721; 489.382
1.09388; 492.752
1.10055; 496
1.10722; 499.137
1.11389; 502.174
1.12056; 505.118
1.12723; 507.978
1.1339; 510.76
1.14057; 513.469
1.14724; 516.111
1.15391; 518.691
1.16058; 521.211
1.16725; 523.675
1.17392; 526.086
1.18059; 528.446
1.18726; 530.757
1.19393; 533.022
1.2006; 535.24
1.20727; 537.414
1.21394; 539.543
1.22061; 541.63
1.22728; 543.673
1.23395; 545.674
1.24062; 547.632
1.24729; 549.547
1.25396; 551.419
1.26063; 553.248
1.2673; 555.033
1.27397; 556.773
1.28064; 558.468
1.28731; 560.118
1.29398; 561.72
1.30065; 563.275
1.30732; 564.781
1.31399; 566.238
1.32066; 567.644
1.32733; 568.999
1.334; 570.301
1.34067; 571.549
1.34734; 572.743
1.35401; 573.881
1.36068; 574.963
1.36735; 575.987
1.37402; 576.952
1.38069; 577.857
1.38736; 578.702
1.39403; 579.485
1.4007; 580.206
1.40737; 580.864
1.41404; 581.459
1.42071; 581.989
1.42738; 582.454
1.43405; 582.854
1.44072; 583.188
1.44739; 583.455
1.45406; 583.656
1.46073; 583.79
1.4674; 583.857
1.47407; 0
1.48074; 0
1.48741; 0
1.49408; 0
1.50075; 0
1.50742; 0
1.51409; 0
1.52076; 0
1.52743; 0
1.5341; 0
1.54077; 0
1.54744; 0
1.55411; 0
1.56078; 0
1.56745; 0
1.57412; 0
1.58079; 0
1.58746; 0
1.59413; 0
1.6008; 0
1.60747; 0
1.61414; 0
1.62081; 0
1.62748; 0
1.63415; 0
1.64082; 0
1.64749; 0
1.65416; 0
1.66083; 0
1.6675; 0
1.67417; 0
1.68084; 0
1.68751; 0
1.69418; 0
1.70085; 0
1.70752; 0
1.71419; 0
1.72086; 0
1.72753; 0
1.7342; 0
1.74087; 0
1.74754; 0
1.75421; 0
1.76088; 0
1.76755; 0
1.77422; 0
1.78089; 0
1.78756; 0
1.79423; 0
1.8009; 0
1.80757; 0
1.81424; 0
1.82091; 0
1.82758; 0
1.83425; 0
1.84092; 0
1.84759; 0
1.85426; 0
1.86093; 0
1.8676; 0
1.87427; 0
1.88094; 0
1.88761; 0
1.89428; 0
1.90095; 0
1.90762; 0
1.91429; 0
1.92096; 0
1.92763; 0
1.9343; 0
1.94097; 0
1.94764; 0
1.95431; 0
1.96098; 0
1.96765; 0
1.97432; 0
1.98099; 0
1.98766; 0
1.99433; 0
2.001; 0
