0.00026; 410.171
0.00052; 410.171
0.00078; 410.171
0.00104; 410.171
0.0013; 410.171
0.00156; 410.171
0.00182; 410.171
0.00208; 410.171
0.00234; 410.171
0.0026; 410.171
0.00286; 410.171
0.00312; 410.171
0.00338; 410.171
0.00364; 410.171
0.0039; 410.171
0.00416; 410.171
0.00442; 410.171
0.00468; 410.171
0.00494; 410.171
0.0052; 410.171
0.00546; 410.171
0.00572; 410.171
0.00598; 410.171
0.00624; 410.171
0.0065; 410.171
0.00676; 410.171
0.00702; 410.171
0.00728; 410.171
0.00754; 410.171
0.0078; 410.171
0.00806; 410.171
0.00832; 410.171
0.00858; 410.171
0.00884; 410.171
0.0091; 410.171
0.00936; 410.171
0.00962; 410.171
0.00988; 410.171
0.01014; 410.171
0.0104; 410.171
0.01066; 410.171
0.01092; 410.171
0.01118; 410.171
0.01144; 410.171
0.0117; 410.171
0.01196; 410.171
0.01222; 410.171
0.01248; 410.171
0.01274; 410.171
0.013; 410.171
0.01326; 410.171
0.01352; 410.171
0.01378; 410.171
0.01404; 410.171
0.0143; 410.171
0.01456; 410.171
0.01482; 410.171
0.01508; 410.171
0.01534; 410.171
0.0156; 410.171
0.01586; 410.171
0.01612; 410.171
0.01638; 410.17
0.01664; 410.17
0.0169; 410.17
0.01716; 410.17
0.01742; 410.17
0.01768; 410.17
0.01794; 410.17
0.0182; 410.17
0.01846; 410.17
0.01872; 410.17
0.01898; 410.17
0.01924; 410.17
0.0195; 410.17
0.01976; 410.17
0.02002; 410.17
0.02028; 410.17
0.02054; 410.17
0.0208; 410.17
0.02106; 410.17
0.02132; 410.17
0.02158; 410.17
0.02184; 410.17
0.0221; 410.17
0.02236; 410.17
0.02262; 410.17
0.02288; 410.17
0.02314; 410.17
0.0234; 410.17
0.02366; 410.17
0.02392; 410.17
0.02418; 410.17
0.02444; 410.17
0.0247; 410.17
0.02496; 410.17
0.02522; 410.17
0.02548; 410.17
0.02574; 410.17
0.026; 410.17
0.02626; 410.17
0.02652; 410.17
0.02678; 410.17
0.02704; 410.17
0.0273; 410.17
0.02756; 410.17
0.02782; 410.17
0.02808; 410.17
0.02834; 410.17
0.0286; 410.17
0.02886; 410.17
0.02912; 410.17
0.02938; 410.17
0.02964; 410.17
0.0299; 410.17
0.03016; 410.17
0.03042; 410.17
0.03068; 410.17
0.03094; 410.17
0.0312; 410.17
0.03146; 410.17
0.03172; 410.17
0.03198; 410.17
0.03224; 410.17
0.0325; 410.17
0.03276; 410.17
0.03302; 410.169
0.03328; 410.169
0.03354; 410.169
0.0338; 410.169
0.03406; 410.169
0.03432; 410.169
0.03458; 410.169
0.03484; 410.169
0.0351; 410.169
0.03536; 410.169
0.03562; 410.169
0.03588; 410.169
0.03614; 410.169
0.0364; 410.169
0.03666; 410.169
0.03692; 410.169
0.03718; 410.169
0.03744; 410.169
0.0377; 410.169
0.03796; 410.169
0.03822; 410.169
0.03848; 410.169
0.03874; 410.169
0.039; 410.169
0.03926; 410.169
0.03952; 410.169
0.03978; 410.169
0.04004; 410.169
0.0403; 410.169
0.04056; 410.169
0.04082; 410.169
0.04108; 410.169
0.04134; 410.169
0.0416; 410.169
0.04186; 410.169
0.04212; 410.169
0.04238; 410.169
0.04264; 410.169
0.0429; 410.169
0.04316; 410.169
0.04342; 410.169
0.04368; 410.169
0.04394; 410.169
0.0442; 410.169
0.04446; 410.169
0.04472; 410.17
0.04498; 410.17
0.04524; 410.17
0.0455; 410.17
0.04576; 410.17
0.04602; 410.17
0.04628; 410.17
0.04654; 410.17
0.0468; 410.17
0.04706; 410.17
0.04732; 410.17
0.04758; 410.17
0.04784; 410.17
0.0481; 410.17
0.04836; 410.17
0.04862; 410.17
0.04888; 410.17
0.04914; 410.17
0.0494; 410.17
0.04966; 410.17
0.04992; 410.17
0.05018; 410.17
0.05044; 410.17
0.0507; 410.17
0.05096; 410.17
0.05122; 410.17
0.05148; 410.17
0.05174; 410.17
0.052; 410.17
0.05226; 410.17
0.05252; 410.17
0.05278; 410.17
0.05304; 410.17
0.0533; 410.17
0.05356; 410.17
0.05382; 410.17
0.05408; 410.17
0.05434; 410.17
0.0546; 410.17
0.05486; 410.17
0.05512; 410.17
0.05538; 410.17
0.05564; 410.17
0.0559; 410.17
0.05616; 410.17
0.05642; 410.17
0.05668; 410.17
0.05694; 410.17
0.0572; 410.17
0.05746; 410.17
0.05772; 410.17
0.05798; 410.17
0.05824; 410.17
0.0585; 410.17
0.05876; 410.17
0.05902; 410.17
0.05928; 410.17
0.05954; 410.17
0.0598; 410.17
0.06006; 410.17
0.06032; 410.17
0.06058; 410.17
0.06084; 410.17
0.0611; 410.17
0.06136; 410.171
0.06162; 410.171
0.06188; 410.171
0.06214; 410.171
0.0624; 410.171
0.06266; 410.171
0.06292; 410.171
0.06318; 410.171
0.06344; 410.171
0.0637; 410.171
0.06396; 410.171
0.06422; 410.171
0.06448; 410.171
0.06474; 410.171
0.065; 410.171
0.06526; 410.171
0.06552; 410.171
0.06578; 410.171
0.06604; 410.171
0.0663; 410.171
0.06656; 410.171
0.06682; 410.171
0.06708; 410.171
0.06734; 410.171
0.0676; 410.171
0.06786; 410.171
0.06812; 410.171
0.06838; 410.171
0.06864; 410.171
0.0689; 410.171
0.06916; 410.171
0.06942; 410.171
0.06968; 410.171
0.06994; 410.171
0.0702; 410.171
0.07046; 410.171
0.07072; 410.171
0.07098; 410.171
0.07124; 410.171
0.0715; 410.171
0.07176; 410.171
0.07202; 410.171
0.07228; 410.171
0.07254; 410.171
0.0728; 410.171
0.07306; 410.171
0.07332; 410.171
0.07358; 410.171
0.07384; 410.171
0.0741; 410.171
0.07436; 410.171
0.07462; 410.171
0.07488; 410.171
0.07514; 410.171
0.0754; 410.171
0.07566; 410.171
0.07592; 410.171
0.07618; 410.171
0.07644; 410.171
0.0767; 410.171
0.07696; 410.171
0.07722; 410.171
0.07748; 410.171
0.07774; 410.171
0.078; 410.171
