0.00026; 0
0.00052; 0
0.00078; 0
0.00104; 0
0.0013; 0
0.00156; 0
0.00182; 0
0.00208; 0
0.00234; 0
0.0026; 0
0.00286; 0
0.00312; 0
0.00338; 0
0.00364; 0
0.0039; 0
0.00416; 0
0.00442; 0
0.00468; 0
0.00494; 0
0.0052; 0
0.00546; 394.414
0.00572; 394.369
0.00598; 394.315
0.00624; 394.271
0.0065; 394.243
0.00676; 394.228
0.00702; 394.22
0.00728; 394.226
0.00754; 394.259
0.0078; 394.296
0.00806; 394.34
0.00832; 394.408
0.00858; 394.491
0.00884; 394.581
0.0091; 394.685
0.00936; 394.804
0.00962; 394.937
0.00988; 395.077
0.01014; 395.23
0.0104; 395.412
0.01066; 395.597
0.01092; 395.791
0.01118; 396.009
0.01144; 396.241
0.0117; 396.481
0.01196; 396.735
0.01222; 397.005
0.01248; 397.288
0.01274; 397.578
0.013; 397.882
0.01326; 398.213
0.01352; 398.548
0.01378; 398.891
0.01404; 399.257
0.0143; 399.637
0.01456; 400.025
0.01482; 400.426
0.01508; 400.842
0.01534; 401.271
0.0156; 401.705
0.01586; 402.153
0.01612; 402.626
0.01638; 403.102
0.01664; 403.586
0.0169; 404.091
0.01716; 404.608
0.01742; 405.132
0.01768; 405.668
0.01794; 406.217
0.0182; 406.778
0.01846; 407.342
0.01872; 407.919
0.01898; 408.518
0.01924; 409.119
0.0195; 409.726
0.01976; 410.352
0.02002; 410.989
0.02028; 411.63
0.02054; 412.282
0.0208; 412.945
0.02106; 413.616
0.02132; 414.291
0.02158; 414.976
0.02184; 415.68
0.0221; 416.386
0.02236; 417.095
0.02262; 417.821
0.02288; 418.555
0.02314; 419.293
0.0234; 420.039
0.02366; 420.794
0.02392; 421.556
0.02418; 422.32
0.02444; 423.092
0.0247; 423.88
0.02496; 424.668
0.02522; 425.46
0.02548; 426.264
0.02574; 427.076
0.026; 427.89
0.02626; 428.71
0.02652; 429.537
0.02678; 430.37
0.02704; 431.204
0.0273; 432.044
0.02756; 432.898
0.02782; 433.751
0.02808; 434.606
0.02834; 435.472
0.0286; 436.344
0.02886; 437.217
0.02912; 438.095
0.02938; 438.979
0.02964; 439.867
0.0299; 440.755
0.03016; 441.648
0.03042; 442.553
0.03068; 443.457
0.03094; 444.362
0.0312; 445.276
0.03146; 446.195
0.03172; 447.114
0.03198; 448.038
0.03224; 448.966
0.0325; 449.898
0.03276; 450.829
0.03302; 451.764
0.03328; 452.71
0.03354; 453.655
0.0338; 454.6
0.03406; 455.554
0.03432; 456.511
0.03458; 457.468
0.03484; 458.429
0.0351; 459.394
0.03536; 460.362
0.03562; 461.33
0.03588; 462.301
0.03614; 463.281
0.0364; 464.261
0.03666; 465.24
0.03692; 466.228
0.03718; 467.218
0.03744; 468.209
0.0377; 469.203
0.03796; 470.201
0.03822; 471.202
0.03848; 472.203
0.03874; 473.206
0.039; 474.219
0.03926; 475.231
0.03952; 476.243
0.03978; 477.263
0.04004; 478.285
0.0403; 479.309
0.04056; 480.335
0.04082; 481.366
0.04108; 482.399
0.04134; 483.433
0.0416; 484.47
0.04186; 485.516
0.04212; 486.561
0.04238; 487.607
0.04264; 488.66
0.0429; 489.718
0.04316; 490.776
0.04342; 491.838
0.04368; 492.904
0.04394; 493.973
0.0442; 495.043
0.04446; 496.118
0.04472; 497.201
0.04498; 498.284
0.04524; 499.37
0.0455; 500.462
0.04576; 501.56
0.04602; 502.659
0.04628; 503.763
0.04654; 504.871
0.0468; 505.984
0.04706; 507.099
0.04732; 508.219
0.04758; 509.348
0.04784; 510.479
0.0481; 511.612
0.04836; 512.755
0.04862; 513.902
0.04888; 515.053
0.04914; 516.21
0.0494; 517.373
0.04966; 518.541
0.04992; 519.713
0.05018; 520.891
0.05044; 522.079
0.0507; 523.27
0.05096; 524.466
0.05122; 525.671
0.05148; 526.882
0.05174; 528.098
0.052; 529.32
0.05226; 530.549
0.05252; 531.784
0.05278; 533.023
0.05304; 534.268
0.0533; 535.521
0.05356; 536.776
0.05382; 538.034
0.05408; 539.297
0.05434; 540.562
0.0546; 541.826
0.05486; 543.088
0.05512; 544.347
0.05538; 545.598
0.05564; 546.838
0.0559; 548.063
0.05616; 549.269
0.05642; 550.447
0.05668; 551.589
0.05694; 552.687
0.0572; 553.73
0.05746; 554.703
0.05772; 555.593
0.05798; 556.386
0.05824; 557.066
0.0585; 557.619
0.05876; 558.038
0.05902; 558.318
0.05928; 558.458
0.05954; 0
0.0598; 0
0.06006; 0
0.06032; 0
0.06058; 0
0.06084; 0
0.0611; 0
0.06136; 0
0.06162; 0
0.06188; 0
0.06214; 0
0.0624; 0
0.06266; 0
0.06292; 0
0.06318; 0
0.06344; 0
0.0637; 0
0.06396; 0
0.06422; 0
0.06448; 0
0.06474; 0
0.065; 713.978
0.06526; 714.91
0.06552; 716.16
0.06578; 717.539
0.06604; 718.974
0.0663; 720.427
0.06656; 721.875
0.06682; 723.307
0.06708; 724.726
0.06734; 726.117
0.0676; 727.465
0.06786; 728.787
0.06812; 730.076
0.06838; 731.313
0.06864; 732.506
0.0689; 733.654
0.06916; 734.749
0.06942; 735.775
0.06968; 736.714
0.06994; 737.535
0.0702; 738.115
0.07046; 0
0.07072; 0
0.07098; 0
0.07124; 0
0.0715; 0
0.07176; 0
0.07202; 0
0.07228; 0
0.07254; 0
0.0728; 0
0.07306; 0
0.07332; 0
0.07358; 0
0.07384; 0
0.0741; 0
0.07436; 0
0.07462; 0
0.07488; 0
0.07514; 0
0.0754; 0
0.07566; 0
0.07592; 0
0.07618; 0
0.07644; 0
0.0767; 0
0.07696; 0
0.07722; 0
0.07748; 0
0.07774; 0
0.078; 0
