0.00026; 0
0.00052; 0
0.00078; 0
0.00104; 0
0.0013; 0
0.00156; 0
0.00182; 0
0.00208; 0
0.00234; 0
0.0026; 0
0.00286; 0
0.00312; 0
0.00338; 0
0.00364; 0
0.0039; 0
0.00416; 0
0.00442; 0
0.00468; 0
0.00494; 0
0.0052; 0
0.00546; 0
0.00572; 0
0.00598; 0
0.00624; 0
0.0065; 0
0.00676; 0
0.00702; 0
0.00728; 0
0.00754; 0
0.0078; 0
0.00806; 0
0.00832; 0
0.00858; 0
0.00884; 0
0.0091; 0
0.00936; 0
0.00962; 0
0.00988; 0
0.01014; 0
0.0104; 0
0.01066; 0
0.01092; 0
0.01118; 0
0.01144; 0
0.0117; 0
0.01196; 0
0.01222; 0
0.01248; 0
0.01274; 0
0.013; 0
0.01326; 0
0.01352; 0
0.01378; 0
0.01404; 0
0.0143; 0
0.01456; 0
0.01482; 393.429
0.01508; 395.452
0.01534; 398.632
0.0156; 402.609
0.01586; 407.239
0.01612; 412.431
0.01638; 418.103
0.01664; 424.175
0.0169; 430.564
0.01716; 437.19
0.01742; 443.975
0.01768; 450.842
0.01794; 457.714
0.0182; 464.52
0.01846; 471.189
0.01872; 477.652
0.01898; 483.846
0.01924; 489.711
0.0195; 495.19
0.01976; 500.234
0.02002; 504.798
0.02028; 508.841
0.02054; 512.33
0.0208; 515.239
0.02106; 517.544
0.02132; 519.232
0.02158; 520.291
0.02184; 520.718
0.0221; 520.516
0.02236; 519.691
0.02262; 518.259
0.02288; 516.238
0.02314; 513.656
0.0234; 510.543
0.02366; 506.938
0.02392; 502.885
0.02418; 498.434
0.02444; 493.641
0.0247; 488.564
0.02496; 483.268
0.02522; 477.819
0.02548; 472.286
0.02574; 466.738
0.026; 461.241
0.02626; 455.862
0.02652; 450.66
0.02678; 445.69
0.02704; 441.001
0.0273; 436.633
0.02756; 432.616
0.02782; 428.973
0.02808; 425.715
0.02834; 422.845
0.0286; 420.355
0.02886; 418.23
0.02912; 416.448
0.02938; 414.979
0.02964; 413.788
0.0299; 412.837
0.03016; 412.085
0.03042; 411.491
0.03068; 411.011
0.03094; 410.605
0.0312; 410.231
0.03146; 409.854
0.03172; 409.437
0.03198; 408.95
0.03224; 408.364
0.0325; 407.655
0.03276; 406.803
0.03302; 405.789
0.03328; 404.603
0.03354; 403.234
0.0338; 401.678
0.03406; 399.932
0.03432; 398
0.03458; 395.888
0.03484; 393.605
0.0351; 391.165
0.03536; 388.584
0.03562; 385.884
0.03588; 383.086
0.03614; 380.218
0.0364; 377.31
0.03666; 374.396
0.03692; 371.511
0.03718; 368.697
0.03744; 366.002
0.0377; 363.476
0.03796; 361.179
0.03822; 359.178
0.03848; 357.552
0.03874; 356.388
0.039; 355.774
0.03926; 0
0.03952; 0
0.03978; 0
0.04004; 0
0.0403; 0
0.04056; 0
0.04082; 0
0.04108; 0
0.04134; 0
0.0416; 0
0.04186; 0
0.04212; 0
0.04238; 0
0.04264; 0
0.0429; 0
0.04316; 0
0.04342; 0
0.04368; 0
0.04394; 0
0.0442; 0
0.04446; 0
0.04472; 0
0.04498; 0
0.04524; 0
0.0455; 0
0.04576; 0
0.04602; 0
0.04628; 0
0.04654; 0
0.0468; 0
0.04706; 0
0.04732; 0
0.04758; 0
0.04784; 0
0.0481; 0
0.04836; 0
0.04862; 0
0.04888; 0
0.04914; 0
0.0494; 0
0.04966; 0
0.04992; 0
0.05018; 0
0.05044; 0
0.0507; 0
0.05096; 0
0.05122; 0
0.05148; 0
0.05174; 0
0.052; 0
0.05226; 0
0.05252; 0
0.05278; 0
0.05304; 0
0.0533; 0
0.05356; 0
0.05382; 0
0.05408; 0
0.05434; 0
0.0546; 0
0.05486; 0
0.05512; 0
0.05538; 0
0.05564; 0
0.0559; 0
0.05616; 0
0.05642; 0
0.05668; 0
0.05694; 0
0.0572; 0
0.05746; 0
0.05772; 0
0.05798; 0
0.05824; 0
0.0585; 0
0.05876; 0
0.05902; 0
0.05928; 0
0.05954; 0
0.0598; 0
0.06006; 0
0.06032; 0
0.06058; 0
0.06084; 0
0.0611; 0
0.06136; 0
0.06162; 0
0.06188; 0
0.06214; 0
0.0624; 0
0.06266; 0
0.06292; 0
0.06318; 0
0.06344; 0
0.0637; 0
0.06396; 0
0.06422; 0
0.06448; 0
0.06474; 0
0.065; 0
0.06526; 0
0.06552; 0
0.06578; 0
0.06604; 0
0.0663; 0
0.06656; 0
0.06682; 0
0.06708; 0
0.06734; 0
0.0676; 0
0.06786; 0
0.06812; 0
0.06838; 0
0.06864; 0
0.0689; 0
0.06916; 0
0.06942; 0
0.06968; 0
0.06994; 0
0.0702; 0
0.07046; 0
0.07072; 0
0.07098; 0
0.07124; 0
0.0715; 0
0.07176; 0
0.07202; 0
0.07228; 0
0.07254; 0
0.0728; 0
0.07306; 0
0.07332; 0
0.07358; 0
0.07384; 0
0.0741; 0
0.07436; 0
0.07462; 0
0.07488; 0
0.07514; 0
0.0754; 0
0.07566; 0
0.07592; 0
0.07618; 0
0.07644; 0
0.0767; 0
0.07696; 0
0.07722; 0
0.07748; 0
0.07774; 0
0.078; 0
