0.00667; 0
0.01334; 0
0.02001; 0
0.02668; 0
0.03335; 0
0.04002; 0
0.04669; 0
0.05336; 0
0.06003; 0
0.0667; 0
0.07337; 0
0.08004; 0
0.08671; 0
0.09338; 0
0.10005; 0
0.10672; 0
0.11339; 0
0.12006; 0
0.12673; 0
0.1334; 0
0.14007; 0
0.14674; 0
0.15341; 0
0.16008; 0
0.16675; 0
0.17342; 0
0.18009; 0
0.18676; 0
0.19343; 0
0.2001; 0
0.20677; 0
0.21344; 0
0.22011; 0
0.22678; 0
0.23345; 0
0.24012; 0
0.24679; 0
0.25346; 0
0.26013; 0
0.2668; 0
0.27347; 0
0.28014; 0
0.28681; 0
0.29348; 0
0.30015; 0
0.30682; 0
0.31349; 0
0.32016; 0
0.32683; 0
0.3335; 0
0.34017; 0
0.34684; 0
0.35351; 0
0.36018; 0
0.36685; 0
0.37352; 0
0.38019; 0
0.38686; 0
0.39353; 0
0.4002; 0
0.40687; 0
0.41354; 0
0.42021; 0
0.42688; 0
0.43355; 0
0.44022; 0
0.44689; 0
0.45356; 0
0.46023; 0
0.4669; 0
0.47357; 691.65
0.48024; 691.582
0.48691; 691.446
0.49358; 691.242
0.50025; 690.97
0.50692; 690.63
0.51359; 690.223
0.52026; 689.749
0.52693; 689.208
0.5336; 688.599
0.54027; 687.925
0.54694; 687.184
0.55361; 686.378
0.56028; 685.506
0.56695; 684.569
0.57362; 683.568
0.58029; 682.502
0.58696; 681.372
0.59363; 680.179
0.6003; 678.923
0.60697; 677.605
0.61364; 676.224
0.62031; 674.78
0.62698; 673.275
0.63365; 671.709
0.64032; 670.081
0.64699; 668.391
0.65366; 666.64
0.66033; 664.828
0.667; 662.954
0.67367; 661.019
0.68034; 659.021
0.68701; 656.961
0.69368; 654.837
0.70035; 652.65
0.70702; 650.397
0.71369; 648.079
0.72036; 645.692
0.72703; 643.237
0.7337; 640.711
0.74037; 638.111
0.74704; 635.437
0.75371; 632.684
0.76038; 629.85
0.76705; 626.932
0.77372; 623.924
0.78039; 620.824
0.78706; 617.625
0.79373; 614.322
0.8004; 610.908
0.80707; 607.377
0.81374; 603.72
0.82041; 599.928
0.82708; 595.99
0.83375; 591.895
0.84042; 587.629
0.84709; 583.178
0.85376; 578.523
0.86043; 573.647
0.8671; 568.526
0.87377; 563.135
0.88044; 557.448
0.88711; 551.431
0.89378; 545.051
0.90045; 538.269
0.90712; 531.047
0.91379; 523.349
0.92046; 515.148
0.92713; 506.441
0.9338; 497.277
0.94047; 487.801
0.94714; 478.334
0.95381; 469.482
0.96048; 462.25
0.96715; 458.009
0.97382; 458.009
0.98049; 462.25
0.98716; 469.482
0.99383; 478.334
1.0005; 487.801
1.00717; 497.277
1.01384; 506.441
1.02051; 515.148
1.02718; 523.349
1.03385; 531.047
1.04052; 538.269
1.04719; 545.051
1.05386; 551.431
1.06053; 557.448
1.0672; 563.135
1.07387; 568.526
1.08054; 573.647
1.08721; 578.523
1.09388; 583.178
1.10055; 587.629
1.10722; 591.895
1.11389; 595.99
1.12056; 599.928
1.12723; 603.72
1.1339; 607.377
1.14057; 610.908
1.14724; 614.322
1.15391; 617.625
1.16058; 620.824
1.16725; 623.924
1.17392; 626.932
1.18059; 629.85
1.18726; 632.684
1.19393; 635.437
1.2006; 638.111
1.20727; 640.711
1.21394; 643.237
1.22061; 645.692
1.22728; 648.079
1.23395; 650.397
1.24062; 652.65
1.24729; 654.837
1.25396; 656.961
1.26063; 659.021
1.2673; 661.019
1.27397; 662.954
1.28064; 664.828
1.28731; 666.64
1.29398; 668.391
1.30065; 670.081
1.30732; 671.709
1.31399; 673.275
1.32066; 674.78
1.32733; 676.224
1.334; 677.605
1.34067; 678.923
1.34734; 680.179
1.35401; 681.372
1.36068; 682.502
1.36735; 683.568
1.37402; 684.569
1.38069; 685.506
1.38736; 686.378
1.39403; 687.184
1.4007; 687.925
1.40737; 688.599
1.41404; 689.208
1.42071; 689.749
1.42738; 690.223
1.43405; 690.63
1.44072; 690.97
1.44739; 691.242
1.45406; 691.446
1.46073; 691.582
1.4674; 691.65
1.47407; 0
1.48074; 0
1.48741; 0
1.49408; 0
1.50075; 0
1.50742; 0
1.51409; 0
1.52076; 0
1.52743; 0
1.5341; 0
1.54077; 0
1.54744; 0
1.55411; 0
1.56078; 0
1.56745; 0
1.57412; 0
1.58079; 0
1.58746; 0
1.59413; 0
1.6008; 0
1.60747; 0
1.61414; 0
1.62081; 0
1.62748; 0
1.63415; 0
1.64082; 0
1.64749; 0
1.65416; 0
1.66083; 0
1.6675; 0
1.67417; 0
1.68084; 0
1.68751; 0
1.69418; 0
1.70085; 0
1.70752; 0
1.71419; 0
1.72086; 0
1.72753; 0
1.7342; 0
1.74087; 0
1.74754; 0
1.75421; 0
1.76088; 0
1.76755; 0
1.77422; 0
1.78089; 0
1.78756; 0
1.79423; 0
1.8009; 0
1.80757; 0
1.81424; 0
1.82091; 0
1.82758; 0
1.83425; 0
1.84092; 0
1.84759; 0
1.85426; 0
1.86093; 0
1.8676; 0
1.87427; 0
1.88094; 0
1.88761; 0
1.89428; 0
1.90095; 0
1.90762; 0
1.91429; 0
1.92096; 0
1.92763; 0
1.9343; 0
1.94097; 0
1.94764; 0
1.95431; 0
1.96098; 0
1.96765; 0
1.97432; 0
1.98099; 0
1.98766; 0
1.99433; 0
2.001; 0
