0.00667; 0
0.01334; 0
0.02001; 0
0.02668; 0
0.03335; 0
0.04002; 0
0.04669; 0
0.05336; 0
0.06003; 0
0.0667; 0
0.07337; 0
0.08004; 0
0.08671; 0
0.09338; 0
0.10005; 0
0.10672; 0
0.11339; 0
0.12006; 0
0.12673; 0
0.1334; 0
0.14007; 0
0.14674; 0
0.15341; 0
0.16008; 0
0.16675; 0
0.17342; 0
0.18009; 0
0.18676; 0
0.19343; 0
0.2001; 0
0.20677; 0
0.21344; 0
0.22011; 0
0.22678; 0
0.23345; 0
0.24012; 0
0.24679; 0
0.25346; 0
0.26013; 0
0.2668; 0
0.27347; 0
0.28014; 0
0.28681; 0
0.29348; 0
0.30015; 0
0.30682; 0
0.31349; 0
0.32016; 0
0.32683; 0
0.3335; 0
0.34017; 0
0.34684; 0
0.35351; 0
0.36018; 0
0.36685; 0
0.37352; 0
0.38019; 0
0.38686; 0
0.39353; 0
0.4002; 0
0.40687; 0
0.41354; 0
0.42021; 0
0.42688; 0
0.43355; 0
0.44022; 0
0.44689; 0
0.45356; 0
0.46023; 0
0.4669; 0
0.47357; 640.666
0.48024; 640.599
0.48691; 640.464
0.49358; 640.261
0.50025; 639.991
0.50692; 639.655
0.51359; 639.251
0.52026; 638.781
0.52693; 638.245
0.5336; 637.643
0.54027; 636.976
0.54694; 636.244
0.55361; 635.449
0.56028; 634.59
0.56695; 633.668
0.57362; 632.683
0.58029; 631.638
0.58696; 630.531
0.59363; 629.364
0.6003; 628.137
0.60697; 626.851
0.61364; 625.507
0.62031; 624.106
0.62698; 622.647
0.63365; 621.132
0.64032; 619.562
0.64699; 617.936
0.65366; 616.255
0.66033; 614.52
0.667; 612.731
0.67367; 610.887
0.68034; 608.99
0.68701; 607.039
0.69368; 605.034
0.70035; 602.975
0.70702; 600.862
0.71369; 598.693
0.72036; 596.469
0.72703; 594.188
0.7337; 591.849
0.74037; 589.451
0.74704; 586.992
0.75371; 584.471
0.76038; 581.884
0.76705; 579.229
0.77372; 576.504
0.78039; 573.704
0.78706; 570.826
0.79373; 567.865
0.8004; 564.817
0.80707; 561.674
0.81374; 558.431
0.82041; 555.08
0.82708; 551.612
0.83375; 548.017
0.84042; 544.285
0.84709; 540.403
0.85376; 536.356
0.86043; 532.129
0.8671; 527.702
0.87377; 523.054
0.88044; 518.162
0.88711; 513
0.89378; 507.537
0.90045; 501.742
0.90712; 495.582
0.91379; 489.025
0.92046; 482.051
0.92713; 474.656
0.9338; 466.88
0.94047; 458.846
0.94714; 450.825
0.95381; 443.329
0.96048; 437.207
0.96715; 433.618
0.97382; 433.618
0.98049; 437.207
0.98716; 443.329
0.99383; 450.825
1.0005; 458.846
1.00717; 466.88
1.01384; 474.656
1.02051; 482.051
1.02718; 489.025
1.03385; 495.582
1.04052; 501.742
1.04719; 507.537
1.05386; 513
1.06053; 518.162
1.0672; 523.054
1.07387; 527.702
1.08054; 532.129
1.08721; 536.356
1.09388; 540.403
1.10055; 544.285
1.10722; 548.017
1.11389; 551.612
1.12056; 555.08
1.12723; 558.431
1.1339; 561.674
1.14057; 564.817
1.14724; 567.865
1.15391; 570.826
1.16058; 573.704
1.16725; 576.504
1.17392; 579.229
1.18059; 581.884
1.18726; 584.471
1.19393; 586.992
1.2006; 589.451
1.20727; 591.849
1.21394; 594.188
1.22061; 596.469
1.22728; 598.693
1.23395; 600.862
1.24062; 602.975
1.24729; 605.034
1.25396; 607.039
1.26063; 608.99
1.2673; 610.887
1.27397; 612.731
1.28064; 614.52
1.28731; 616.255
1.29398; 617.936
1.30065; 619.562
1.30732; 621.132
1.31399; 622.647
1.32066; 624.106
1.32733; 625.507
1.334; 626.851
1.34067; 628.137
1.34734; 629.364
1.35401; 630.531
1.36068; 631.638
1.36735; 632.683
1.37402; 633.668
1.38069; 634.59
1.38736; 635.449
1.39403; 636.244
1.4007; 636.976
1.40737; 637.643
1.41404; 638.245
1.42071; 638.781
1.42738; 639.251
1.43405; 639.655
1.44072; 639.991
1.44739; 640.261
1.45406; 640.464
1.46073; 640.599
1.4674; 640.666
1.47407; 0
1.48074; 0
1.48741; 0
1.49408; 0
1.50075; 0
1.50742; 0
1.51409; 0
1.52076; 0
1.52743; 0
1.5341; 0
1.54077; 0
1.54744; 0
1.55411; 0
1.56078; 0
1.56745; 0
1.57412; 0
1.58079; 0
1.58746; 0
1.59413; 0
1.6008; 0
1.60747; 0
1.61414; 0
1.62081; 0
1.62748; 0
1.63415; 0
1.64082; 0
1.64749; 0
1.65416; 0
1.66083; 0
1.6675; 0
1.67417; 0
1.68084; 0
1.68751; 0
1.69418; 0
1.70085; 0
1.70752; 0
1.71419; 0
1.72086; 0
1.72753; 0
1.7342; 0
1.74087; 0
1.74754; 0
1.75421; 0
1.76088; 0
1.76755; 0
1.77422; 0
1.78089; 0
1.78756; 0
1.79423; 0
1.8009; 0
1.80757; 0
1.81424; 0
1.82091; 0
1.82758; 0
1.83425; 0
1.84092; 0
1.84759; 0
1.85426; 0
1.86093; 0
1.8676; 0
1.87427; 0
1.88094; 0
1.88761; 0
1.89428; 0
1.90095; 0
1.90762; 0
1.91429; 0
1.92096; 0
1.92763; 0
1.9343; 0
1.94097; 0
1.94764; 0
1.95431; 0
1.96098; 0
1.96765; 0
1.97432; 0
1.98099; 0
1.98766; 0
1.99433; 0
2.001; 0
