0.0026; 744.933
0.0052; 744.947
0.0078; 744.961
0.0104; 744.988
0.013; 745.029
0.0156; 745.082
0.0182; 745.146
0.0208; 745.221
0.0234; 745.307
0.026; 745.401
0.0286; 745.502
0.0312; 745.611
0.0338; 745.724
0.0364; 745.842
0.039; 745.963
0.0416; 746.087
0.0442; 746.212
0.0468; 746.337
0.0494; 746.462
0.052; 746.586
0.0546; 746.708
0.0572; 746.828
0.0598; 746.946
0.0624; 747.062
0.065; 747.174
0.0676; 747.284
0.0702; 747.391
0.0728; 747.495
0.0754; 747.595
0.078; 747.691
0.0806; 747.783
0.0832; 747.87
0.0858; 747.952
0.0884; 748.029
0.091; 748.101
0.0936; 748.168
0.0962; 748.227
0.0988; 748.278
0.1014; 748.322
0.104; 748.359
0.1066; 748.39
0.1092; 748.415
0.1118; 748.435
0.1144; 748.451
0.117; 748.461
0.1196; 748.466
0.1222; 748.466
0.1248; 748.46
0.1274; 748.449
0.13; 748.432
0.1326; 748.408
0.1352; 748.378
0.1378; 748.339
0.1404; 748.292
0.143; 748.235
0.1456; 748.168
0.1482; 748.088
0.1508; 747.995
0.1534; 747.886
0.156; 747.759
0.1586; 747.616
0.1612; 747.456
0.1638; 747.28
0.1664; 747.087
0.169; 746.876
0.1716; 746.647
0.1742; 746.4
0.1768; 746.134
0.1794; 745.85
0.182; 745.548
0.1846; 745.229
0.1872; 744.892
0.1898; 744.538
0.1924; 744.168
0.195; 743.782
0.1976; 743.382
0.2002; 742.969
0.2028; 742.544
0.2054; 742.108
0.208; 741.663
0.2106; 741.21
0.2132; 740.751
0.2158; 740.287
0.2184; 739.82
0.221; 739.351
0.2236; 738.881
0.2262; 738.412
0.2288; 737.943
0.2314; 737.474
0.234; 737.006
0.2366; 736.536
0.2392; 736.065
0.2418; 735.591
0.2444; 735.111
0.247; 734.625
0.2496; 734.131
0.2522; 733.626
0.2548; 733.108
0.2574; 732.576
0.26; 732.028
0.2626; 731.461
0.2652; 730.874
0.2678; 730.266
0.2704; 729.635
0.273; 728.98
0.2756; 728.3
0.2782; 727.595
0.2808; 726.865
0.2834; 726.109
0.286; 725.329
0.2886; 724.526
0.2912; 723.7
0.2938; 722.853
0.2964; 721.987
0.299; 721.104
0.3016; 720.206
0.3042; 719.295
0.3068; 718.374
0.3094; 717.443
0.312; 716.503
0.3146; 715.614
0.3172; 714.76
0.3198; 713.926
0.3224; 713.098
0.325; 712.274
0.3276; 711.446
0.3302; 710.596
0.3328; 709.748
0.3354; 708.909
0.338; 708.082
0.3406; 707.273
0.3432; 706.488
0.3458; 705.691
0.3484; 704.863
0.351; 704.068
0.3536; 703.295
0.3562; 702.54
0.3588; 701.797
0.3614; 701.064
0.364; 700.336
0.3666; 699.616
0.3692; 698.902
0.3718; 698.189
0.3744; 697.474
0.377; 696.751
0.3796; 696.015
0.3822; 695.264
0.3848; 694.493
0.3874; 693.7
0.39; 692.88
0.3926; 692.033
0.3952; 691.156
0.3978; 690.248
0.4004; 689.309
0.403; 688.338
0.4056; 687.337
0.4082; 686.306
0.4108; 685.247
0.4134; 684.162
0.416; 683.053
0.4186; 681.922
0.4212; 680.772
0.4238; 679.605
0.4264; 678.422
0.429; 677.226
0.4316; 676.018
0.4342; 674.8
0.4368; 673.571
0.4394; 672.331
0.442; 671.081
0.4446; 669.819
0.4472; 668.542
0.4498; 667.249
0.4524; 665.935
0.455; 664.599
0.4576; 663.233
0.4602; 661.831
0.4628; 660.385
0.4654; 658.887
0.468; 657.328
0.4706; 655.7
0.4732; 653.993
0.4758; 652.2
0.4784; 650.311
0.481; 648.319
0.4836; 646.217
0.4862; 644.002
0.4888; 641.672
0.4914; 639.229
0.494; 636.679
0.4966; 634.005
0.4992; 631.197
0.5018; 628.251
0.5044; 625.162
0.507; 621.928
0.5096; 618.546
0.5122; 615.014
0.5148; 611.329
0.5174; 607.492
0.52; 603.536
0.5226; 599.444
0.5252; 595.337
0.5278; 591.305
0.5304; 587.201
0.533; 583.04
0.5356; 578.857
0.5382; 574.659
0.5408; 570.447
0.5434; 566.223
0.546; 561.992
0.5486; 557.756
0.5512; 553.522
0.5538; 549.292
0.5564; 545.071
0.559; 540.864
0.5616; 536.675
0.5642; 532.508
0.5668; 528.369
0.5694; 524.261
0.572; 520.188
0.5746; 516.156
0.5772; 512.167
0.5798; 508.226
0.5824; 504.337
0.585; 500.503
0.5876; 496.729
0.5902; 493.016
0.5928; 489.369
0.5954; 485.791
0.598; 482.284
0.6006; 478.851
0.6032; 475.493
0.6058; 472.214
0.6084; 469.015
0.611; 465.898
0.6136; 462.864
0.6162; 459.915
0.6188; 457.051
0.6214; 454.273
0.624; 451.582
0.6266; 448.978
0.6292; 446.461
0.6318; 444.031
0.6344; 441.687
0.637; 439.43
0.6396; 437.257
0.6422; 435.17
0.6448; 433.166
0.6474; 431.244
0.65; 429.403
0.6526; 427.641
0.6552; 425.958
0.6578; 424.352
0.6604; 422.82
0.663; 421.361
0.6656; 419.973
0.6682; 418.655
0.6708; 417.404
0.6734; 416.219
0.676; 415.097
0.6786; 414.036
0.6812; 413.035
0.6838; 412.09
0.6864; 411.201
0.689; 410.365
0.6916; 409.579
0.6942; 408.842
0.6968; 408.152
0.6994; 407.507
0.702; 406.903
0.7046; 406.341
0.7072; 405.817
0.7098; 405.33
0.7124; 404.877
0.715; 404.458
0.7176; 404.07
0.7202; 403.711
0.7228; 403.379
0.7254; 403.074
0.728; 402.794
0.7306; 402.536
0.7332; 402.3
0.7358; 402.085
0.7384; 401.888
0.741; 401.71
0.7436; 401.548
0.7462; 401.401
0.7488; 401.269
0.7514; 401.151
0.754; 401.046
0.7566; 400.953
0.7592; 400.871
0.7618; 400.8
0.7644; 400.739
0.767; 400.687
0.7696; 400.645
0.7722; 400.612
0.7748; 400.587
0.7774; 400.57
0.78; 400.562
