0.00667; 0
0.01334; 0
0.02001; 0
0.02668; 0
0.03335; 0
0.04002; 0
0.04669; 0
0.05336; 0
0.06003; 0
0.0667; 0
0.07337; 0
0.08004; 0
0.08671; 0
0.09338; 0
0.10005; 0
0.10672; 0
0.11339; 0
0.12006; 0
0.12673; 0
0.1334; 0
0.14007; 0
0.14674; 0
0.15341; 0
0.16008; 0
0.16675; 0
0.17342; 0
0.18009; 0
0.18676; 0
0.19343; 0
0.2001; 0
0.20677; 0
0.21344; 0
0.22011; 0
0.22678; 0
0.23345; 0
0.24012; 0
0.24679; 0
0.25346; 0
0.26013; 0
0.2668; 0
0.27347; 0
0.28014; 0
0.28681; 0
0.29348; 0
0.30015; 0
0.30682; 0
0.31349; 0
0.32016; 0
0.32683; 0
0.3335; 0
0.34017; 0
0.34684; 0
0.35351; 0
0.36018; 0
0.36685; 0
0.37352; 0
0.38019; 0
0.38686; 0
0.39353; 0
0.4002; 0
0.40687; 0
0.41354; 0
0.42021; 0
0.42688; 0
0.43355; 0
0.44022; 0
0.44689; 0
0.45356; 0
0.46023; 0
0.4669; 0
0.47357; 639.913
0.48024; 639.846
0.48691; 639.711
0.49358; 639.508
0.50025; 639.238
0.50692; 638.902
0.51359; 638.498
0.52026; 638.028
0.52693; 637.492
0.5336; 636.89
0.54027; 636.224
0.54694; 635.492
0.55361; 634.697
0.56028; 633.838
0.56695; 632.916
0.57362; 631.932
0.58029; 630.886
0.58696; 629.78
0.59363; 628.613
0.6003; 627.387
0.60697; 626.102
0.61364; 624.758
0.62031; 623.357
0.62698; 621.9
0.63365; 620.386
0.64032; 618.816
0.64699; 617.191
0.65366; 615.511
0.66033; 613.777
0.667; 611.989
0.67367; 610.147
0.68034; 608.251
0.68701; 606.302
0.69368; 604.299
0.70035; 602.242
0.70702; 600.13
0.71369; 597.964
0.72036; 595.742
0.72703; 593.464
0.7337; 591.128
0.74037; 588.733
0.74704; 586.277
0.75371; 583.759
0.76038; 581.176
0.76705; 578.525
0.77372; 575.804
0.78039; 573.008
0.78706; 570.135
0.79373; 567.18
0.8004; 564.136
0.80707; 560.999
0.81374; 557.762
0.82041; 554.418
0.82708; 550.957
0.83375; 547.369
0.84042; 543.645
0.84709; 539.771
0.85376; 535.734
0.86043; 531.516
0.8671; 527.099
0.87377; 522.462
0.88044; 517.582
0.88711; 512.432
0.89378; 506.983
0.90045; 501.202
0.90712; 495.058
0.91379; 488.518
0.92046; 481.562
0.92713; 474.186
0.9338; 466.431
0.94047; 458.419
0.94714; 450.419
0.95381; 442.943
0.96048; 436.837
0.96715; 433.258
0.97382; 433.258
0.98049; 436.837
0.98716; 442.943
0.99383; 450.419
1.0005; 458.419
1.00717; 466.431
1.01384; 474.186
1.02051; 481.562
1.02718; 488.518
1.03385; 495.058
1.04052; 501.202
1.04719; 506.983
1.05386; 512.432
1.06053; 517.582
1.0672; 522.462
1.07387; 527.099
1.08054; 531.516
1.08721; 535.734
1.09388; 539.771
1.10055; 543.645
1.10722; 547.369
1.11389; 550.957
1.12056; 554.418
1.12723; 557.762
1.1339; 560.999
1.14057; 564.136
1.14724; 567.18
1.15391; 570.135
1.16058; 573.008
1.16725; 575.804
1.17392; 578.525
1.18059; 581.176
1.18726; 583.759
1.19393; 586.277
1.2006; 588.733
1.20727; 591.128
1.21394; 593.464
1.22061; 595.742
1.22728; 597.964
1.23395; 600.13
1.24062; 602.242
1.24729; 604.299
1.25396; 606.302
1.26063; 608.251
1.2673; 610.147
1.27397; 611.989
1.28064; 613.777
1.28731; 615.511
1.29398; 617.191
1.30065; 618.816
1.30732; 620.386
1.31399; 621.9
1.32066; 623.357
1.32733; 624.758
1.334; 626.102
1.34067; 627.387
1.34734; 628.613
1.35401; 629.78
1.36068; 630.886
1.36735; 631.932
1.37402; 632.916
1.38069; 633.838
1.38736; 634.697
1.39403; 635.492
1.4007; 636.224
1.40737; 636.89
1.41404; 637.492
1.42071; 638.028
1.42738; 638.498
1.43405; 638.902
1.44072; 639.238
1.44739; 639.508
1.45406; 639.711
1.46073; 639.846
1.4674; 639.913
1.47407; 0
1.48074; 0
1.48741; 0
1.49408; 0
1.50075; 0
1.50742; 0
1.51409; 0
1.52076; 0
1.52743; 0
1.5341; 0
1.54077; 0
1.54744; 0
1.55411; 0
1.56078; 0
1.56745; 0
1.57412; 0
1.58079; 0
1.58746; 0
1.59413; 0
1.6008; 0
1.60747; 0
1.61414; 0
1.62081; 0
1.62748; 0
1.63415; 0
1.64082; 0
1.64749; 0
1.65416; 0
1.66083; 0
1.6675; 0
1.67417; 0
1.68084; 0
1.68751; 0
1.69418; 0
1.70085; 0
1.70752; 0
1.71419; 0
1.72086; 0
1.72753; 0
1.7342; 0
1.74087; 0
1.74754; 0
1.75421; 0
1.76088; 0
1.76755; 0
1.77422; 0
1.78089; 0
1.78756; 0
1.79423; 0
1.8009; 0
1.80757; 0
1.81424; 0
1.82091; 0
1.82758; 0
1.83425; 0
1.84092; 0
1.84759; 0
1.85426; 0
1.86093; 0
1.8676; 0
1.87427; 0
1.88094; 0
1.88761; 0
1.89428; 0
1.90095; 0
1.90762; 0
1.91429; 0
1.92096; 0
1.92763; 0
1.9343; 0
1.94097; 0
1.94764; 0
1.95431; 0
1.96098; 0
1.96765; 0
1.97432; 0
1.98099; 0
1.98766; 0
1.99433; 0
2.001; 0
