0.00026; 698.004
0.00052; 698
0.00078; 697.996
0.00104; 698
0.0013; 698
0.00156; 697.996
0.00182; 697.995
0.00208; 697.996
0.00234; 697.996
0.0026; 697.992
0.00286; 697.987
0.00312; 697.991
0.00338; 697.991
0.00364; 697.987
0.0039; 697.986
0.00416; 697.987
0.00442; 697.987
0.00468; 697.984
0.00494; 697.978
0.0052; 697.982
0.00546; 697.982
0.00572; 697.978
0.00598; 697.977
0.00624; 697.979
0.0065; 697.978
0.00676; 697.975
0.00702; 697.97
0.00728; 697.974
0.00754; 697.974
0.0078; 697.97
0.00806; 697.969
0.00832; 697.971
0.00858; 697.971
0.00884; 697.967
0.0091; 697.962
0.00936; 697.966
0.00962; 697.966
0.00988; 697.963
0.01014; 697.961
0.0104; 697.963
0.01066; 697.963
0.01092; 697.96
0.01118; 697.955
0.01144; 697.959
0.0117; 697.96
0.01196; 697.956
0.01222; 697.955
0.01248; 697.957
0.01274; 697.957
0.013; 697.954
0.01326; 697.948
0.01352; 697.953
0.01378; 697.953
0.01404; 697.95
0.0143; 697.949
0.01456; 697.951
0.01482; 697.951
0.01508; 697.948
0.01534; 697.942
0.0156; 697.947
0.01586; 697.947
0.01612; 697.944
0.01638; 697.943
0.01664; 697.945
0.0169; 697.945
0.01716; 697.942
0.01742; 697.937
0.01768; 697.942
0.01794; 697.942
0.0182; 697.939
0.01846; 697.938
0.01872; 697.94
0.01898; 697.94
0.01924; 697.937
0.0195; 697.932
0.01976; 697.937
0.02002; 697.938
0.02028; 697.934
0.02054; 697.933
0.0208; 697.935
0.02106; 697.936
0.02132; 697.933
0.02158; 697.928
0.02184; 697.933
0.0221; 697.933
0.02236; 697.93
0.02262; 697.929
0.02288; 697.931
0.02314; 697.932
0.0234; 697.929
0.02366; 697.924
0.02392; 697.929
0.02418; 697.93
0.02444; 697.926
0.0247; 697.926
0.02496; 697.928
0.02522; 697.928
0.02548; 697.926
0.02574; 697.921
0.026; 697.926
0.02626; 697.926
0.02652; 697.923
0.02678; 697.922
0.02704; 697.925
0.0273; 697.925
0.02756; 697.923
0.02782; 697.918
0.02808; 697.923
0.02834; 697.924
0.0286; 697.92
0.02886; 697.92
0.02912; 697.922
0.02938; 697.923
0.02964; 697.92
0.0299; 697.915
0.03016; 697.92
0.03042; 697.921
0.03068; 697.918
0.03094; 697.918
0.0312; 697.92
0.03146; 697.921
0.03172; 697.918
0.03198; 697.913
0.03224; 697.918
0.0325; 697.919
0.03276; 697.916
0.03302; 697.916
0.03328; 697.918
0.03354; 697.919
0.0338; 697.916
0.03406; 697.912
0.03432; 697.917
0.03458; 697.918
0.03484; 697.915
0.0351; 697.914
0.03536; 697.917
0.03562; 697.918
0.03588; 697.915
0.03614; 697.911
0.0364; 697.916
0.03666; 697.917
0.03692; 697.914
0.03718; 697.914
0.03744; 697.916
0.0377; 697.917
0.03796; 697.915
0.03822; 697.91
0.03848; 697.915
0.03874; 697.916
0.039; 697.914
0.03926; 697.913
0.03952; 697.916
0.03978; 697.917
0.04004; 697.914
0.0403; 697.91
0.04056; 697.915
0.04082; 697.916
0.04108; 697.914
0.04134; 697.913
0.0416; 697.916
0.04186; 697.917
0.04212; 697.915
0.04238; 697.91
0.04264; 697.916
0.0429; 697.917
0.04316; 697.914
0.04342; 697.914
0.04368; 697.917
0.04394; 697.918
0.0442; 697.915
0.04446; 697.911
0.04472; 697.916
0.04498; 697.918
0.04524; 697.915
0.0455; 697.915
0.04576; 697.918
0.04602; 697.919
0.04628; 697.916
0.04654; 697.912
0.0468; 697.917
0.04706; 697.919
0.04732; 697.916
0.04758; 697.916
0.04784; 697.919
0.0481; 697.92
0.04836; 697.918
0.04862; 697.914
0.04888; 697.919
0.04914; 697.92
0.0494; 697.918
0.04966; 697.918
0.04992; 697.921
0.05018; 697.922
0.05044; 697.92
0.0507; 697.916
0.05096; 697.921
0.05122; 697.923
0.05148; 697.92
0.05174; 697.92
0.052; 697.923
0.05226; 697.924
0.05252; 697.922
0.05278; 697.918
0.05304; 697.924
0.0533; 697.925
0.05356; 697.923
0.05382; 697.923
0.05408; 697.926
0.05434; 697.927
0.0546; 697.925
0.05486; 697.921
0.05512; 697.927
0.05538; 697.928
0.05564; 697.926
0.0559; 697.926
0.05616; 697.929
0.05642; 697.93
0.05668; 697.929
0.05694; 697.924
0.0572; 697.93
0.05746; 697.932
0.05772; 697.929
0.05798; 697.93
0.05824; 697.933
0.0585; 697.934
0.05876; 697.932
0.05902; 697.928
0.05928; 697.934
0.05954; 697.936
0.0598; 697.934
0.06006; 697.934
0.06032; 697.937
0.06058; 697.938
0.06084; 697.937
0.0611; 697.933
0.06136; 697.938
0.06162; 697.94
0.06188; 697.938
0.06214; 697.938
0.0624; 697.941
0.06266; 697.943
0.06292; 697.941
0.06318; 697.937
0.06344; 697.943
0.0637; 697.945
0.06396; 697.943
0.06422; 697.943
0.06448; 697.947
0.06474; 697.948
0.065; 697.946
0.06526; 697.943
0.06552; 697.948
0.06578; 697.95
0.06604; 697.948
0.0663; 697.949
0.06656; 697.952
0.06682; 697.954
0.06708; 697.952
0.06734; 697.948
0.0676; 697.954
0.06786; 697.956
0.06812; 697.954
0.06838; 697.955
0.06864; 697.958
0.0689; 697.96
0.06916; 697.958
0.06942; 697.955
0.06968; 697.961
0.06994; 697.963
0.0702; 697.961
0.07046; 697.961
0.07072; 697.965
0.07098; 697.967
0.07124; 697.965
0.0715; 697.962
0.07176; 697.968
0.07202; 697.97
0.07228; 697.968
0.07254; 697.969
0.0728; 697.972
0.07306; 697.974
0.07332; 697.972
0.07358; 697.969
0.07384; 697.975
0.0741; 697.977
0.07436; 697.975
0.07462; 697.976
0.07488; 697.98
0.07514; 697.982
0.0754; 697.98
0.07566; 697.977
0.07592; 697.983
0.07618; 697.985
0.07644; 697.983
0.0767; 697.984
0.07696; 697.988
0.07722; 697.989
0.07748; 697.988
0.07774; 697.985
0.078; 697.99
