0.00026; 339.225
0.00052; 339.224
0.00078; 339.224
0.00104; 339.224
0.0013; 339.224
0.00156; 339.224
0.00182; 339.224
0.00208; 339.224
0.00234; 339.224
0.0026; 339.224
0.00286; 339.224
0.00312; 339.224
0.00338; 339.224
0.00364; 339.224
0.0039; 339.224
0.00416; 339.224
0.00442; 339.224
0.00468; 339.224
0.00494; 339.224
0.0052; 339.224
0.00546; 339.224
0.00572; 339.224
0.00598; 339.224
0.00624; 339.224
0.0065; 339.224
0.00676; 339.224
0.00702; 339.224
0.00728; 339.224
0.00754; 339.224
0.0078; 339.224
0.00806; 339.224
0.00832; 339.224
0.00858; 339.224
0.00884; 339.224
0.0091; 339.224
0.00936; 339.224
0.00962; 339.224
0.00988; 339.224
0.01014; 339.224
0.0104; 339.224
0.01066; 339.224
0.01092; 339.224
0.01118; 339.224
0.01144; 339.224
0.0117; 339.224
0.01196; 339.224
0.01222; 339.224
0.01248; 339.224
0.01274; 339.224
0.013; 339.224
0.01326; 339.224
0.01352; 339.224
0.01378; 339.224
0.01404; 339.224
0.0143; 339.224
0.01456; 339.224
0.01482; 339.224
0.01508; 339.224
0.01534; 339.224
0.0156; 339.224
0.01586; 339.224
0.01612; 339.224
0.01638; 339.224
0.01664; 339.224
0.0169; 339.224
0.01716; 339.224
0.01742; 339.224
0.01768; 339.224
0.01794; 339.224
0.0182; 339.224
0.01846; 339.224
0.01872; 339.224
0.01898; 339.224
0.01924; 339.224
0.0195; 339.224
0.01976; 339.224
0.02002; 339.224
0.02028; 339.224
0.02054; 339.224
0.0208; 339.224
0.02106; 339.224
0.02132; 339.224
0.02158; 339.224
0.02184; 339.224
0.0221; 339.224
0.02236; 339.224
0.02262; 339.224
0.02288; 339.224
0.02314; 339.224
0.0234; 339.224
0.02366; 339.224
0.02392; 339.224
0.02418; 339.224
0.02444; 339.224
0.0247; 339.224
0.02496; 339.224
0.02522; 339.224
0.02548; 339.224
0.02574; 339.224
0.026; 339.224
0.02626; 339.224
0.02652; 339.224
0.02678; 339.224
0.02704; 339.224
0.0273; 339.224
0.02756; 339.224
0.02782; 339.224
0.02808; 339.224
0.02834; 339.224
0.0286; 339.224
0.02886; 339.224
0.02912; 339.224
0.02938; 339.224
0.02964; 339.224
0.0299; 339.224
0.03016; 339.224
0.03042; 339.224
0.03068; 339.224
0.03094; 339.224
0.0312; 339.224
0.03146; 339.224
0.03172; 339.224
0.03198; 339.224
0.03224; 339.224
0.0325; 339.224
0.03276; 339.224
0.03302; 339.224
0.03328; 339.224
0.03354; 339.224
0.0338; 339.224
0.03406; 339.224
0.03432; 339.224
0.03458; 339.224
0.03484; 339.224
0.0351; 339.223
0.03536; 339.223
0.03562; 339.223
0.03588; 339.223
0.03614; 339.223
0.0364; 339.223
0.03666; 339.223
0.03692; 339.223
0.03718; 339.223
0.03744; 339.223
0.0377; 339.223
0.03796; 339.223
0.03822; 339.223
0.03848; 339.223
0.03874; 339.223
0.039; 339.223
0.03926; 339.223
0.03952; 339.223
0.03978; 339.223
0.04004; 339.223
0.0403; 339.223
0.04056; 339.223
0.04082; 339.223
0.04108; 339.223
0.04134; 339.223
0.0416; 339.223
0.04186; 339.223
0.04212; 339.223
0.04238; 339.223
0.04264; 339.223
0.0429; 339.223
0.04316; 339.223
0.04342; 339.223
0.04368; 339.223
0.04394; 339.223
0.0442; 339.224
0.04446; 339.224
0.04472; 339.224
0.04498; 339.224
0.04524; 339.224
0.0455; 339.224
0.04576; 339.224
0.04602; 339.224
0.04628; 339.224
0.04654; 339.224
0.0468; 339.224
0.04706; 339.224
0.04732; 339.224
0.04758; 339.224
0.04784; 339.224
0.0481; 339.224
0.04836; 339.224
0.04862; 339.224
0.04888; 339.224
0.04914; 339.224
0.0494; 339.224
0.04966; 339.224
0.04992; 339.224
0.05018; 339.224
0.05044; 339.224
0.0507; 339.224
0.05096; 339.224
0.05122; 339.224
0.05148; 339.224
0.05174; 339.224
0.052; 339.224
0.05226; 339.224
0.05252; 339.224
0.05278; 339.224
0.05304; 339.224
0.0533; 339.224
0.05356; 339.224
0.05382; 339.224
0.05408; 339.224
0.05434; 339.224
0.0546; 339.224
0.05486; 339.224
0.05512; 339.224
0.05538; 339.224
0.05564; 339.224
0.0559; 339.224
0.05616; 339.224
0.05642; 339.224
0.05668; 339.224
0.05694; 339.224
0.0572; 339.224
0.05746; 339.224
0.05772; 339.224
0.05798; 339.224
0.05824; 339.224
0.0585; 339.224
0.05876; 339.224
0.05902; 339.224
0.05928; 339.224
0.05954; 339.224
0.0598; 339.224
0.06006; 339.224
0.06032; 339.224
0.06058; 339.224
0.06084; 339.224
0.0611; 339.224
0.06136; 339.224
0.06162; 339.224
0.06188; 339.224
0.06214; 339.224
0.0624; 339.224
0.06266; 339.224
0.06292; 339.224
0.06318; 339.224
0.06344; 339.224
0.0637; 339.224
0.06396; 339.224
0.06422; 339.224
0.06448; 339.224
0.06474; 339.224
0.065; 339.224
0.06526; 339.224
0.06552; 339.224
0.06578; 339.224
0.06604; 339.224
0.0663; 339.224
0.06656; 339.224
0.06682; 339.224
0.06708; 339.224
0.06734; 339.224
0.0676; 339.224
0.06786; 339.224
0.06812; 339.224
0.06838; 339.224
0.06864; 339.224
0.0689; 339.224
0.06916; 339.224
0.06942; 339.224
0.06968; 339.224
0.06994; 339.224
0.0702; 339.224
0.07046; 339.224
0.07072; 339.224
0.07098; 339.224
0.07124; 339.224
0.0715; 339.224
0.07176; 339.224
0.07202; 339.224
0.07228; 339.224
0.07254; 339.224
0.0728; 339.224
0.07306; 339.224
0.07332; 339.224
0.07358; 339.224
0.07384; 339.224
0.0741; 339.224
0.07436; 339.224
0.07462; 339.224
0.07488; 339.224
0.07514; 339.224
0.0754; 339.224
0.07566; 339.224
0.07592; 339.224
0.07618; 339.224
0.07644; 339.224
0.0767; 339.224
0.07696; 339.224
0.07722; 339.224
0.07748; 339.224
0.07774; 339.224
0.078; 339.224
