0.00667; 0
0.01334; 0
0.02001; 0
0.02668; 0
0.03335; 0
0.04002; 0
0.04669; 0
0.05336; 0
0.06003; 0
0.0667; 0
0.07337; 0
0.08004; 0
0.08671; 0
0.09338; 0
0.10005; 0
0.10672; 0
0.11339; 0
0.12006; 0
0.12673; 0
0.1334; 0
0.14007; 0
0.14674; 0
0.15341; 0
0.16008; 0
0.16675; 0
0.17342; 0
0.18009; 0
0.18676; 0
0.19343; 0
0.2001; 0
0.20677; 0
0.21344; 0
0.22011; 0
0.22678; 0
0.23345; 0
0.24012; 0
0.24679; 0
0.25346; 0
0.26013; 0
0.2668; 0
0.27347; 0
0.28014; 0
0.28681; 0
0.29348; 0
0.30015; 0
0.30682; 0
0.31349; 0
0.32016; 0
0.32683; 0
0.3335; 0
0.34017; 0
0.34684; 0
0.35351; 0
0.36018; 0
0.36685; 0
0.37352; 0
0.38019; 0
0.38686; 0
0.39353; 0
0.4002; 0
0.40687; 0
0.41354; 0
0.42021; 0
0.42688; 0
0.43355; 0
0.44022; 0
0.44689; 0
0.45356; 0
0.46023; 0
0.4669; 0
0.47357; 682.229
0.48024; 682.161
0.48691; 682.025
0.49358; 681.821
0.50025; 681.55
0.50692; 681.211
0.51359; 680.804
0.52026; 680.331
0.52693; 679.79
0.5336; 679.184
0.54027; 678.51
0.54694; 677.771
0.55361; 676.967
0.56028; 676.097
0.56695; 675.163
0.57362; 674.165
0.58029; 673.103
0.58696; 671.978
0.59363; 670.79
0.6003; 669.539
0.60697; 668.226
0.61364; 666.852
0.62031; 665.417
0.62698; 663.92
0.63365; 662.363
0.64032; 660.746
0.64699; 659.068
0.65366; 657.33
0.66033; 655.532
0.667; 653.674
0.67367; 651.755
0.68034; 649.776
0.68701; 647.736
0.69368; 645.635
0.70035; 643.471
0.70702; 641.244
0.71369; 638.953
0.72036; 636.596
0.72703; 634.173
0.7337; 631.682
0.74037; 629.12
0.74704; 626.485
0.75371; 623.775
0.76038; 620.987
0.76705; 618.117
0.77372; 615.162
0.78039; 612.117
0.78706; 608.977
0.79373; 605.737
0.8004; 602.391
0.80707; 598.932
0.81374; 595.351
0.82041; 591.641
0.82708; 587.79
0.83375; 583.787
0.84042; 579.62
0.84709; 575.274
0.85376; 570.732
0.86043; 565.975
0.8671; 560.982
0.87377; 555.729
0.88044; 550.189
0.88711; 544.33
0.89378; 538.119
0.90045; 531.52
0.90712; 524.494
0.91379; 517.006
0.92046; 509.032
0.92713; 500.568
0.9338; 491.66
0.94047; 482.451
0.94714; 473.251
0.95381; 464.649
0.96048; 457.622
0.96715; 453.502
0.97382; 453.502
0.98049; 457.622
0.98716; 464.649
0.99383; 473.251
1.0005; 482.451
1.00717; 491.66
1.01384; 500.568
1.02051; 509.032
1.02718; 517.006
1.03385; 524.494
1.04052; 531.52
1.04719; 538.119
1.05386; 544.33
1.06053; 550.189
1.0672; 555.729
1.07387; 560.982
1.08054; 565.975
1.08721; 570.732
1.09388; 575.274
1.10055; 579.62
1.10722; 583.787
1.11389; 587.79
1.12056; 591.641
1.12723; 595.351
1.1339; 598.932
1.14057; 602.391
1.14724; 605.737
1.15391; 608.977
1.16058; 612.117
1.16725; 615.162
1.17392; 618.117
1.18059; 620.987
1.18726; 623.775
1.19393; 626.485
1.2006; 629.12
1.20727; 631.682
1.21394; 634.173
1.22061; 636.596
1.22728; 638.953
1.23395; 641.244
1.24062; 643.471
1.24729; 645.635
1.25396; 647.736
1.26063; 649.776
1.2673; 651.755
1.27397; 653.674
1.28064; 655.532
1.28731; 657.33
1.29398; 659.068
1.30065; 660.746
1.30732; 662.363
1.31399; 663.92
1.32066; 665.417
1.32733; 666.852
1.334; 668.226
1.34067; 669.539
1.34734; 670.79
1.35401; 671.978
1.36068; 673.103
1.36735; 674.165
1.37402; 675.163
1.38069; 676.097
1.38736; 676.967
1.39403; 677.771
1.4007; 678.51
1.40737; 679.184
1.41404; 679.79
1.42071; 680.331
1.42738; 680.804
1.43405; 681.211
1.44072; 681.55
1.44739; 681.821
1.45406; 682.025
1.46073; 682.161
1.4674; 682.229
1.47407; 0
1.48074; 0
1.48741; 0
1.49408; 0
1.50075; 0
1.50742; 0
1.51409; 0
1.52076; 0
1.52743; 0
1.5341; 0
1.54077; 0
1.54744; 0
1.55411; 0
1.56078; 0
1.56745; 0
1.57412; 0
1.58079; 0
1.58746; 0
1.59413; 0
1.6008; 0
1.60747; 0
1.61414; 0
1.62081; 0
1.62748; 0
1.63415; 0
1.64082; 0
1.64749; 0
1.65416; 0
1.66083; 0
1.6675; 0
1.67417; 0
1.68084; 0
1.68751; 0
1.69418; 0
1.70085; 0
1.70752; 0
1.71419; 0
1.72086; 0
1.72753; 0
1.7342; 0
1.74087; 0
1.74754; 0
1.75421; 0
1.76088; 0
1.76755; 0
1.77422; 0
1.78089; 0
1.78756; 0
1.79423; 0
1.8009; 0
1.80757; 0
1.81424; 0
1.82091; 0
1.82758; 0
1.83425; 0
1.84092; 0
1.84759; 0
1.85426; 0
1.86093; 0
1.8676; 0
1.87427; 0
1.88094; 0
1.88761; 0
1.89428; 0
1.90095; 0
1.90762; 0
1.91429; 0
1.92096; 0
1.92763; 0
1.9343; 0
1.94097; 0
1.94764; 0
1.95431; 0
1.96098; 0
1.96765; 0
1.97432; 0
1.98099; 0
1.98766; 0
1.99433; 0
2.001; 0
