0.00026; 428.319
0.00052; 428.319
0.00078; 428.319
0.00104; 428.319
0.0013; 428.319
0.00156; 428.319
0.00182; 428.319
0.00208; 428.319
0.00234; 428.319
0.0026; 428.319
0.00286; 428.319
0.00312; 428.319
0.00338; 428.319
0.00364; 428.319
0.0039; 428.319
0.00416; 428.319
0.00442; 428.319
0.00468; 428.319
0.00494; 428.319
0.0052; 428.319
0.00546; 428.319
0.00572; 428.319
0.00598; 428.319
0.00624; 428.319
0.0065; 428.319
0.00676; 428.319
0.00702; 428.319
0.00728; 428.319
0.00754; 428.319
0.0078; 428.319
0.00806; 428.319
0.00832; 428.319
0.00858; 428.319
0.00884; 428.319
0.0091; 428.319
0.00936; 428.319
0.00962; 428.319
0.00988; 428.319
0.01014; 428.319
0.0104; 428.319
0.01066; 428.319
0.01092; 428.319
0.01118; 428.319
0.01144; 428.319
0.0117; 428.319
0.01196; 428.319
0.01222; 428.319
0.01248; 428.319
0.01274; 428.319
0.013; 428.319
0.01326; 428.319
0.01352; 428.319
0.01378; 428.319
0.01404; 428.319
0.0143; 428.319
0.01456; 428.319
0.01482; 428.319
0.01508; 428.319
0.01534; 428.319
0.0156; 428.319
0.01586; 428.319
0.01612; 428.319
0.01638; 428.319
0.01664; 428.319
0.0169; 428.319
0.01716; 428.319
0.01742; 428.319
0.01768; 428.319
0.01794; 428.319
0.0182; 428.319
0.01846; 428.319
0.01872; 428.319
0.01898; 428.319
0.01924; 428.319
0.0195; 428.319
0.01976; 428.319
0.02002; 428.319
0.02028; 428.319
0.02054; 428.318
0.0208; 428.318
0.02106; 428.318
0.02132; 428.318
0.02158; 428.318
0.02184; 428.318
0.0221; 428.318
0.02236; 428.318
0.02262; 428.318
0.02288; 428.318
0.02314; 428.318
0.0234; 428.318
0.02366; 428.318
0.02392; 428.318
0.02418; 428.318
0.02444; 428.318
0.0247; 428.318
0.02496; 428.318
0.02522; 428.318
0.02548; 428.318
0.02574; 428.318
0.026; 428.318
0.02626; 428.318
0.02652; 428.318
0.02678; 428.318
0.02704; 428.318
0.0273; 428.318
0.02756; 428.318
0.02782; 428.318
0.02808; 428.318
0.02834; 428.318
0.0286; 428.318
0.02886; 428.318
0.02912; 428.318
0.02938; 428.318
0.02964; 428.318
0.0299; 428.318
0.03016; 428.318
0.03042; 428.318
0.03068; 428.318
0.03094; 428.318
0.0312; 428.318
0.03146; 428.318
0.03172; 428.318
0.03198; 428.318
0.03224; 428.318
0.0325; 428.318
0.03276; 428.318
0.03302; 428.318
0.03328; 428.318
0.03354; 428.318
0.0338; 428.318
0.03406; 428.318
0.03432; 428.318
0.03458; 428.318
0.03484; 428.318
0.0351; 428.318
0.03536; 428.318
0.03562; 428.318
0.03588; 428.317
0.03614; 428.317
0.0364; 428.317
0.03666; 428.317
0.03692; 428.317
0.03718; 428.317
0.03744; 428.317
0.0377; 428.317
0.03796; 428.317
0.03822; 428.317
0.03848; 428.317
0.03874; 428.317
0.039; 428.317
0.03926; 428.317
0.03952; 428.317
0.03978; 428.317
0.04004; 428.317
0.0403; 428.317
0.04056; 428.317
0.04082; 428.317
0.04108; 428.317
0.04134; 428.317
0.0416; 428.317
0.04186; 428.317
0.04212; 428.318
0.04238; 428.318
0.04264; 428.318
0.0429; 428.318
0.04316; 428.318
0.04342; 428.318
0.04368; 428.318
0.04394; 428.318
0.0442; 428.318
0.04446; 428.318
0.04472; 428.318
0.04498; 428.318
0.04524; 428.318
0.0455; 428.318
0.04576; 428.318
0.04602; 428.318
0.04628; 428.318
0.04654; 428.318
0.0468; 428.318
0.04706; 428.318
0.04732; 428.318
0.04758; 428.318
0.04784; 428.318
0.0481; 428.318
0.04836; 428.318
0.04862; 428.318
0.04888; 428.318
0.04914; 428.318
0.0494; 428.318
0.04966; 428.318
0.04992; 428.318
0.05018; 428.318
0.05044; 428.318
0.0507; 428.318
0.05096; 428.318
0.05122; 428.318
0.05148; 428.318
0.05174; 428.318
0.052; 428.318
0.05226; 428.318
0.05252; 428.318
0.05278; 428.318
0.05304; 428.318
0.0533; 428.318
0.05356; 428.318
0.05382; 428.318
0.05408; 428.318
0.05434; 428.318
0.0546; 428.318
0.05486; 428.318
0.05512; 428.318
0.05538; 428.318
0.05564; 428.318
0.0559; 428.318
0.05616; 428.318
0.05642; 428.318
0.05668; 428.318
0.05694; 428.318
0.0572; 428.318
0.05746; 428.318
0.05772; 428.318
0.05798; 428.318
0.05824; 428.319
0.0585; 428.319
0.05876; 428.319
0.05902; 428.319
0.05928; 428.319
0.05954; 428.319
0.0598; 428.319
0.06006; 428.319
0.06032; 428.319
0.06058; 428.319
0.06084; 428.319
0.0611; 428.319
0.06136; 428.319
0.06162; 428.319
0.06188; 428.319
0.06214; 428.319
0.0624; 428.319
0.06266; 428.319
0.06292; 428.319
0.06318; 428.319
0.06344; 428.319
0.0637; 428.319
0.06396; 428.319
0.06422; 428.319
0.06448; 428.319
0.06474; 428.319
0.065; 428.319
0.06526; 428.319
0.06552; 428.319
0.06578; 428.319
0.06604; 428.319
0.0663; 428.319
0.06656; 428.319
0.06682; 428.319
0.06708; 428.319
0.06734; 428.319
0.0676; 428.319
0.06786; 428.319
0.06812; 428.319
0.06838; 428.319
0.06864; 428.319
0.0689; 428.319
0.06916; 428.319
0.06942; 428.319
0.06968; 428.319
0.06994; 428.319
0.0702; 428.319
0.07046; 428.319
0.07072; 428.319
0.07098; 428.319
0.07124; 428.319
0.0715; 428.319
0.07176; 428.319
0.07202; 428.319
0.07228; 428.319
0.07254; 428.319
0.0728; 428.319
0.07306; 428.319
0.07332; 428.319
0.07358; 428.319
0.07384; 428.319
0.0741; 428.319
0.07436; 428.319
0.07462; 428.319
0.07488; 428.319
0.07514; 428.319
0.0754; 428.319
0.07566; 428.319
0.07592; 428.319
0.07618; 428.319
0.07644; 428.319
0.0767; 428.319
0.07696; 428.319
0.07722; 428.319
0.07748; 428.319
0.07774; 428.319
0.078; 428.319
