0.00026; 603.943
0.00052; 603.938
0.00078; 603.932
0.00104; 603.938
0.0013; 603.938
0.00156; 603.934
0.00182; 603.931
0.00208; 603.933
0.00234; 603.932
0.0026; 603.928
0.00286; 603.92
0.00312; 603.926
0.00338; 603.926
0.00364; 603.922
0.0039; 603.918
0.00416; 603.921
0.00442; 603.92
0.00468; 603.916
0.00494; 603.908
0.0052; 603.914
0.00546; 603.914
0.00572; 603.91
0.00598; 603.907
0.00624; 603.909
0.0065; 603.908
0.00676; 603.904
0.00702; 603.896
0.00728; 603.902
0.00754; 603.902
0.0078; 603.899
0.00806; 603.895
0.00832; 603.898
0.00858; 603.898
0.00884; 603.893
0.0091; 603.886
0.00936; 603.892
0.00962; 603.892
0.00988; 603.888
0.01014; 603.885
0.0104; 603.887
0.01066; 603.887
0.01092; 603.883
0.01118; 603.876
0.01144; 603.882
0.0117; 603.882
0.01196; 603.878
0.01222; 603.875
0.01248; 603.878
0.01274; 603.878
0.013; 603.874
0.01326; 603.866
0.01352; 603.872
0.01378; 603.873
0.01404; 603.869
0.0143; 603.866
0.01456; 603.869
0.01482; 603.869
0.01508; 603.865
0.01534; 603.857
0.0156; 603.863
0.01586; 603.864
0.01612; 603.861
0.01638; 603.858
0.01664; 603.86
0.0169; 603.86
0.01716; 603.857
0.01742; 603.849
0.01768; 603.855
0.01794; 603.856
0.0182; 603.853
0.01846; 603.85
0.01872; 603.853
0.01898; 603.853
0.01924; 603.849
0.0195; 603.842
0.01976; 603.848
0.02002; 603.849
0.02028; 603.846
0.02054; 603.843
0.0208; 603.846
0.02106; 603.846
0.02132; 603.843
0.02158; 603.835
0.02184; 603.842
0.0221; 603.843
0.02236; 603.84
0.02262; 603.837
0.02288; 603.84
0.02314; 603.84
0.0234; 603.837
0.02366; 603.829
0.02392; 603.836
0.02418; 603.837
0.02444; 603.834
0.0247; 603.831
0.02496; 603.835
0.02522; 603.835
0.02548; 603.831
0.02574; 603.824
0.026; 603.831
0.02626; 603.832
0.02652; 603.829
0.02678; 603.827
0.02704; 603.83
0.0273; 603.83
0.02756; 603.827
0.02782; 603.82
0.02808; 603.827
0.02834; 603.828
0.0286; 603.825
0.02886; 603.823
0.02912; 603.826
0.02938; 603.827
0.02964; 603.823
0.0299; 603.816
0.03016; 603.823
0.03042; 603.824
0.03068; 603.822
0.03094; 603.819
0.0312; 603.823
0.03146; 603.823
0.03172; 603.82
0.03198; 603.813
0.03224; 603.82
0.0325; 603.821
0.03276; 603.819
0.03302; 603.816
0.03328; 603.82
0.03354; 603.821
0.0338; 603.818
0.03406; 603.811
0.03432; 603.818
0.03458; 603.819
0.03484; 603.816
0.0351; 603.814
0.03536; 603.818
0.03562; 603.819
0.03588; 603.816
0.03614; 603.809
0.0364; 603.816
0.03666; 603.818
0.03692; 603.815
0.03718; 603.813
0.03744; 603.817
0.0377; 603.818
0.03796; 603.815
0.03822; 603.808
0.03848; 603.815
0.03874; 603.817
0.039; 603.814
0.03926; 603.812
0.03952; 603.816
0.03978; 603.817
0.04004; 603.814
0.0403; 603.808
0.04056; 603.815
0.04082; 603.817
0.04108; 603.814
0.04134; 603.812
0.0416; 603.816
0.04186; 603.817
0.04212; 603.814
0.04238; 603.808
0.04264; 603.815
0.0429; 603.817
0.04316; 603.815
0.04342; 603.813
0.04368; 603.817
0.04394; 603.818
0.0442; 603.815
0.04446; 603.809
0.04472; 603.816
0.04498; 603.818
0.04524; 603.816
0.0455; 603.814
0.04576; 603.818
0.04602; 603.82
0.04628; 603.817
0.04654; 603.811
0.0468; 603.818
0.04706; 603.82
0.04732; 603.818
0.04758; 603.817
0.04784; 603.821
0.0481; 603.822
0.04836; 603.82
0.04862; 603.813
0.04888; 603.821
0.04914; 603.823
0.0494; 603.821
0.04966; 603.819
0.04992; 603.823
0.05018; 603.825
0.05044; 603.823
0.0507; 603.816
0.05096; 603.824
0.05122; 603.826
0.05148; 603.824
0.05174; 603.823
0.052; 603.827
0.05226; 603.829
0.05252; 603.826
0.05278; 603.82
0.05304; 603.828
0.0533; 603.83
0.05356; 603.828
0.05382; 603.827
0.05408; 603.831
0.05434; 603.833
0.0546; 603.83
0.05486; 603.824
0.05512; 603.832
0.05538; 603.835
0.05564; 603.833
0.0559; 603.832
0.05616; 603.836
0.05642; 603.837
0.05668; 603.835
0.05694; 603.829
0.0572; 603.837
0.05746; 603.84
0.05772; 603.838
0.05798; 603.837
0.05824; 603.841
0.0585; 603.843
0.05876; 603.841
0.05902; 603.835
0.05928; 603.843
0.05954; 603.846
0.0598; 603.844
0.06006; 603.843
0.06032; 603.847
0.06058; 603.849
0.06084; 603.847
0.0611; 603.842
0.06136; 603.85
0.06162; 603.852
0.06188; 603.851
0.06214; 603.85
0.0624; 603.854
0.06266; 603.856
0.06292; 603.854
0.06318; 603.849
0.06344; 603.857
0.0637; 603.859
0.06396; 603.858
0.06422; 603.857
0.06448; 603.862
0.06474; 603.864
0.065; 603.862
0.06526; 603.856
0.06552; 603.865
0.06578; 603.867
0.06604; 603.866
0.0663; 603.865
0.06656; 603.87
0.06682; 603.872
0.06708; 603.87
0.06734; 603.865
0.0676; 603.873
0.06786; 603.876
0.06812; 603.875
0.06838; 603.874
0.06864; 603.879
0.0689; 603.881
0.06916; 603.879
0.06942; 603.874
0.06968; 603.882
0.06994; 603.885
0.0702; 603.884
0.07046; 603.883
0.07072; 603.888
0.07098; 603.89
0.07124; 603.889
0.0715; 603.884
0.07176; 603.892
0.07202; 603.895
0.07228; 603.894
0.07254; 603.894
0.0728; 603.899
0.07306; 603.901
0.07332; 603.9
0.07358; 603.894
0.07384; 603.903
0.0741; 603.906
0.07436; 603.905
0.07462; 603.905
0.07488; 603.91
0.07514; 603.912
0.0754; 603.911
0.07566; 603.905
0.07592; 603.914
0.07618; 603.917
0.07644; 603.916
0.0767; 603.915
0.07696; 603.92
0.07722; 603.923
0.07748; 603.921
0.07774; 603.916
0.078; 603.922
