0.00026; 0
0.00052; 0
0.00078; 0
0.00104; 0
0.0013; 0
0.00156; 0
0.00182; 0
0.00208; 0
0.00234; 0
0.0026; 0
0.00286; 0
0.00312; 0
0.00338; 0
0.00364; 0
0.0039; 0
0.00416; 0
0.00442; 0
0.00468; 0
0.00494; 0
0.0052; 0
0.00546; 0
0.00572; 0
0.00598; 0
0.00624; 0
0.0065; 0
0.00676; 0
0.00702; 0
0.00728; 0
0.00754; 0
0.0078; 0
0.00806; 0
0.00832; 0
0.00858; 0
0.00884; 0
0.0091; 0
0.00936; 0
0.00962; 0
0.00988; 0
0.01014; 0
0.0104; 0
0.01066; 0
0.01092; 0
0.01118; 0
0.01144; 0
0.0117; 0
0.01196; 0
0.01222; 0
0.01248; 0
0.01274; 0
0.013; 0
0.01326; 0
0.01352; 0
0.01378; 0
0.01404; 0
0.0143; 0
0.01456; 0
0.01482; 0
0.01508; 0
0.01534; 0
0.0156; 0
0.01586; 0
0.01612; 0
0.01638; 0
0.01664; 0
0.0169; 0
0.01716; 0
0.01742; 0
0.01768; 0
0.01794; 0
0.0182; 0
0.01846; 0
0.01872; 0
0.01898; 0
0.01924; 0
0.0195; 0
0.01976; 0
0.02002; 0
0.02028; 0
0.02054; 0
0.0208; 0
0.02106; 0
0.02132; 0
0.02158; 0
0.02184; 0
0.0221; 0
0.02236; 0
0.02262; 0
0.02288; 569.922
0.02314; 569.724
0.0234; 569.517
0.02366; 569.303
0.02392; 569.112
0.02418; 568.905
0.02444; 568.747
0.0247; 568.576
0.02496; 568.409
0.02522; 568.249
0.02548; 568.106
0.02574; 567.956
0.026; 567.827
0.02626; 567.68
0.02652; 567.581
0.02678; 567.467
0.02704; 567.356
0.0273; 567.251
0.02756; 567.161
0.02782; 567.064
0.02808; 566.987
0.02834; 566.892
0.0286; 566.842
0.02886; 566.778
0.02912; 566.715
0.02938; 566.658
0.02964; 566.615
0.0299; 566.563
0.03016; 566.531
0.03042; 566.479
0.03068; 566.473
0.03094; 566.45
0.0312; 566.429
0.03146; 566.411
0.03172; 566.406
0.03198; 566.393
0.03224; 566.397
0.0325; 566.381
0.03276; 566.409
0.03302; 566.42
0.03328; 566.431
0.03354; 566.445
0.0338; 566.471
0.03406; 566.487
0.03432; 566.521
0.03458; 566.532
0.03484; 566.588
0.0351; 566.625
0.03536; 566.661
0.03562; 566.699
0.03588; 566.748
0.03614; 566.787
0.0364; 566.842
0.03666; 566.875
0.03692; 566.95
0.03718; 567.006
0.03744; 567.061
0.0377; 567.117
0.03796; 567.183
0.03822; 567.238
0.03848; 567.309
0.03874; 567.357
0.039; 567.447
0.03926; 567.517
0.03952; 567.585
0.03978; 567.654
0.04004; 567.733
0.0403; 567.8
0.04056; 567.883
0.04082; 567.942
0.04108; 568.042
0.04134; 568.123
0.0416; 568.201
0.04186; 568.279
0.04212; 568.368
0.04238; 568.444
0.04264; 568.535
0.0429; 568.603
0.04316; 568.712
0.04342; 568.802
0.04368; 568.888
0.04394; 568.976
0.0442; 569.073
0.04446; 569.158
0.04472; 569.258
0.04498; 569.334
0.04524; 569.452
0.0455; 569.55
0.04576; 569.646
0.04602; 569.743
0.04628; 569.85
0.04654; 569.945
0.0468; 570.055
0.04706; 570.142
0.04732; 570.271
0.04758; 570.381
0.04784; 570.489
0.0481; 570.598
0.04836; 570.717
0.04862; 570.825
0.04888; 570.949
0.04914; 571.051
0.0494; 571.195
0.04966; 571.32
0.04992; 571.444
0.05018; 571.57
0.05044; 571.707
0.0507; 571.833
0.05096; 571.976
0.05122; 572.098
0.05148; 572.262
0.05174; 572.408
0.052; 572.555
0.05226; 572.703
0.05252; 572.864
0.05278; 573.015
0.05304; 573.183
0.0533; 573.332
0.05356; 573.522
0.05382; 573.697
0.05408; 573.871
0.05434; 574.05
0.0546; 574.241
0.05486; 574.423
0.05512; 574.623
0.05538; 574.805
0.05564; 575.029
0.0559; 575.238
0.05616; 575.448
0.05642; 575.663
0.05668; 575.892
0.05694; 576.113
0.0572; 576.354
0.05746; 576.579
0.05772; 576.849
0.05798; 577.103
0.05824; 577.331
0.0585; 0
0.05876; 0
0.05902; 0
0.05928; 0
0.05954; 0
0.0598; 0
0.06006; 0
0.06032; 0
0.06058; 0
0.06084; 0
0.0611; 0
0.06136; 0
0.06162; 0
0.06188; 0
0.06214; 0
0.0624; 0
0.06266; 0
0.06292; 0
0.06318; 0
0.06344; 0
0.0637; 0
0.06396; 0
0.06422; 0
0.06448; 0
0.06474; 0
0.065; 0
0.06526; 0
0.06552; 0
0.06578; 0
0.06604; 0
0.0663; 0
0.06656; 0
0.06682; 0
0.06708; 0
0.06734; 0
0.0676; 0
0.06786; 0
0.06812; 0
0.06838; 0
0.06864; 0
0.0689; 0
0.06916; 0
0.06942; 0
0.06968; 0
0.06994; 0
0.0702; 0
0.07046; 0
0.07072; 0
0.07098; 0
0.07124; 0
0.0715; 0
0.07176; 0
0.07202; 0
0.07228; 0
0.07254; 0
0.0728; 0
0.07306; 0
0.07332; 0
0.07358; 0
0.07384; 0
0.0741; 0
0.07436; 0
0.07462; 0
0.07488; 0
0.07514; 0
0.0754; 0
0.07566; 0
0.07592; 0
0.07618; 0
0.07644; 0
0.0767; 0
0.07696; 0
0.07722; 0
0.07748; 0
0.07774; 0
0.078; 0
