0.00026; 0
0.00052; 0
0.00078; 0
0.00104; 0
0.0013; 0
0.00156; 0
0.00182; 0
0.00208; 0
0.00234; 0
0.0026; 0
0.00286; 0
0.00312; 0
0.00338; 0
0.00364; 0
0.0039; 0
0.00416; 0
0.00442; 0
0.00468; 0
0.00494; 0
0.0052; 0
0.00546; 0
0.00572; 0
0.00598; 0
0.00624; 0
0.0065; 0
0.00676; 0
0.00702; 0
0.00728; 0
0.00754; 0
0.0078; 0
0.00806; 0
0.00832; 0
0.00858; 0
0.00884; 0
0.0091; 0
0.00936; 0
0.00962; 0
0.00988; 0
0.01014; 0
0.0104; 0
0.01066; 0
0.01092; 0
0.01118; 0
0.01144; 0
0.0117; 0
0.01196; 0
0.01222; 0
0.01248; 0
0.01274; 0
0.013; 0
0.01326; 0
0.01352; 0
0.01378; 0
0.01404; 0
0.0143; 0
0.01456; 0
0.01482; 0
0.01508; 0
0.01534; 0
0.0156; 0
0.01586; 0
0.01612; 0
0.01638; 0
0.01664; 0
0.0169; 0
0.01716; 0
0.01742; 0
0.01768; 0
0.01794; 0
0.0182; 0
0.01846; 0
0.01872; 0
0.01898; 0
0.01924; 0
0.0195; 555.254
0.01976; 555.318
0.02002; 555.445
0.02028; 555.637
0.02054; 555.892
0.0208; 556.211
0.02106; 556.59
0.02132; 557.028
0.02158; 557.518
0.02184; 558.05
0.0221; 558.607
0.02236; 559.17
0.02262; 559.719
0.02288; 560.239
0.02314; 560.722
0.0234; 561.165
0.02366; 561.572
0.02392; 561.946
0.02418; 562.285
0.02444; 562.597
0.0247; 562.885
0.02496; 563.15
0.02522; 563.395
0.02548; 563.619
0.02574; 563.828
0.026; 564.022
0.02626; 564.198
0.02652; 564.36
0.02678; 564.511
0.02704; 564.649
0.0273; 564.775
0.02756; 564.887
0.02782; 564.989
0.02808; 565.082
0.02834; 565.161
0.0286; 565.23
0.02886; 565.289
0.02912; 565.339
0.02938; 565.379
0.02964; 565.406
0.0299; 565.426
0.03016; 565.437
0.03042; 565.436
0.03068; 565.426
0.03094; 565.408
0.0312; 565.383
0.03146; 565.348
0.03172; 565.304
0.03198; 565.253
0.03224; 565.198
0.0325; 565.132
0.03276; 565.061
0.03302; 564.986
0.03328; 564.907
0.03354; 564.824
0.0338; 564.736
0.03406; 564.649
0.03432; 564.562
0.03458; 564.473
0.03484; 564.386
0.0351; 564.303
0.03536; 564.225
0.03562; 564.151
0.03588; 564.083
0.03614; 564.024
0.0364; 563.976
0.03666; 563.936
0.03692; 563.909
0.03718; 563.895
0.03744; 563.895
0.0377; 563.91
0.03796; 563.939
0.03822; 563.986
0.03848; 564.051
0.03874; 564.131
0.039; 564.229
0.03926; 564.345
0.03952; 564.479
0.03978; 564.63
0.04004; 564.797
0.0403; 564.983
0.04056; 565.188
0.04082; 565.408
0.04108; 565.647
0.04134; 565.905
0.0416; 566.183
0.04186; 566.479
0.04212; 566.792
0.04238; 567.125
0.04264; 567.477
0.0429; 567.841
0.04316; 568.219
0.04342; 568.611
0.04368; 569.014
0.04394; 569.427
0.0442; 569.846
0.04446; 570.275
0.04472; 570.713
0.04498; 571.153
0.04524; 571.596
0.0455; 572.045
0.04576; 572.496
0.04602; 572.946
0.04628; 573.393
0.04654; 573.841
0.0468; 574.289
0.04706; 574.727
0.04732; 575.161
0.04758; 575.591
0.04784; 576.016
0.0481; 576.433
0.04836; 576.838
0.04862; 577.238
0.04888; 577.633
0.04914; 578.012
0.0494; 578.382
0.04966; 578.744
0.04992; 579.098
0.05018; 579.439
0.05044; 579.767
0.0507; 580.087
0.05096; 580.4
0.05122; 580.695
0.05148; 580.98
0.05174; 581.256
0.052; 581.523
0.05226; 581.778
0.05252; 582.017
0.05278; 582.25
0.05304; 582.475
0.0533; 582.681
0.05356; 582.877
0.05382; 583.066
0.05408; 583.244
0.05434; 583.411
0.0546; 583.562
0.05486; 583.706
0.05512; 583.843
0.05538; 583.961
0.05564; 584.069
0.0559; 584.169
0.05616; 584.259
0.05642; 584.337
0.05668; 584.399
0.05694; 584.455
0.0572; 584.503
0.05746; 584.532
0.05772; 584.55
0.05798; 584.56
0.05824; 0
0.0585; 0
0.05876; 0
0.05902; 0
0.05928; 0
0.05954; 0
0.0598; 0
0.06006; 0
0.06032; 0
0.06058; 0
0.06084; 0
0.0611; 0
0.06136; 0
0.06162; 0
0.06188; 0
0.06214; 0
0.0624; 0
0.06266; 0
0.06292; 0
0.06318; 0
0.06344; 0
0.0637; 0
0.06396; 0
0.06422; 0
0.06448; 0
0.06474; 0
0.065; 0
0.06526; 0
0.06552; 0
0.06578; 0
0.06604; 0
0.0663; 0
0.06656; 0
0.06682; 0
0.06708; 0
0.06734; 0
0.0676; 0
0.06786; 0
0.06812; 0
0.06838; 0
0.06864; 0
0.0689; 0
0.06916; 0
0.06942; 0
0.06968; 0
0.06994; 0
0.0702; 0
0.07046; 0
0.07072; 0
0.07098; 0
0.07124; 0
0.0715; 0
0.07176; 0
0.07202; 0
0.07228; 0
0.07254; 0
0.0728; 0
0.07306; 0
0.07332; 0
0.07358; 0
0.07384; 0
0.0741; 0
0.07436; 0
0.07462; 0
0.07488; 0
0.07514; 0
0.0754; 0
0.07566; 0
0.07592; 0
0.07618; 0
0.07644; 0
0.0767; 0
0.07696; 0
0.07722; 0
0.07748; 0
0.07774; 0
0.078; 0
