0.00026; 0
0.00052; 0
0.00078; 0
0.00104; 0
0.0013; 0
0.00156; 0
0.00182; 0
0.00208; 0
0.00234; 0
0.0026; 0
0.00286; 0
0.00312; 0
0.00338; 0
0.00364; 0
0.0039; 0
0.00416; 0
0.00442; 0
0.00468; 0
0.00494; 0
0.0052; 0
0.00546; 0
0.00572; 0
0.00598; 0
0.00624; 0
0.0065; 0
0.00676; 0
0.00702; 0
0.00728; 0
0.00754; 0
0.0078; 0
0.00806; 0
0.00832; 0
0.00858; 0
0.00884; 0
0.0091; 0
0.00936; 0
0.00962; 0
0.00988; 0
0.01014; 0
0.0104; 0
0.01066; 0
0.01092; 0
0.01118; 0
0.01144; 0
0.0117; 0
0.01196; 0
0.01222; 0
0.01248; 0
0.01274; 0
0.013; 0
0.01326; 0
0.01352; 0
0.01378; 0
0.01404; 0
0.0143; 0
0.01456; 0
0.01482; 0
0.01508; 0
0.01534; 0
0.0156; 0
0.01586; 0
0.01612; 0
0.01638; 0
0.01664; 0
0.0169; 0
0.01716; 0
0.01742; 0
0.01768; 0
0.01794; 0
0.0182; 0
0.01846; 0
0.01872; 0
0.01898; 0
0.01924; 0
0.0195; 0
0.01976; 0
0.02002; 0
0.02028; 0
0.02054; 0
0.0208; 0
0.02106; 0
0.02132; 0
0.02158; 0
0.02184; 0
0.0221; 0
0.02236; 0
0.02262; 0
0.02288; 597.722
0.02314; 597.554
0.0234; 597.38
0.02366; 597.215
0.02392; 597.055
0.02418; 596.893
0.02444; 596.739
0.0247; 596.605
0.02496; 596.481
0.02522; 596.348
0.02548; 596.226
0.02574; 596.113
0.026; 596.003
0.02626; 595.891
0.02652; 595.784
0.02678; 595.696
0.02704; 595.618
0.0273; 595.529
0.02756; 595.451
0.02782; 595.381
0.02808; 595.314
0.02834; 595.244
0.0286; 595.179
0.02886; 595.131
0.02912; 595.093
0.02938; 595.043
0.02964; 595.003
0.0299; 594.97
0.03016; 594.94
0.03042; 594.905
0.03068; 594.875
0.03094; 594.861
0.0312; 594.856
0.03146; 594.838
0.03172; 594.83
0.03198; 594.829
0.03224; 594.828
0.0325; 594.822
0.03276; 594.82
0.03302; 594.834
0.03328; 594.856
0.03354; 594.864
0.0338; 594.881
0.03406; 594.904
0.03432; 594.927
0.03458; 594.944
0.03484; 594.964
0.0351; 594.999
0.03536; 595.041
0.03562; 595.069
0.03588; 595.105
0.03614; 595.146
0.0364; 595.187
0.03666; 595.221
0.03692; 595.258
0.03718; 595.309
0.03744; 595.366
0.0377; 595.409
0.03796; 595.459
0.03822; 595.514
0.03848; 595.568
0.03874; 595.614
0.039; 595.663
0.03926; 595.725
0.03952; 595.794
0.03978; 595.847
0.04004; 595.908
0.0403; 595.972
0.04056; 596.035
0.04082; 596.091
0.04108; 596.148
0.04134; 596.219
0.0416; 596.296
0.04186; 596.357
0.04212; 596.426
0.04238; 596.498
0.04264; 596.569
0.0429; 596.632
0.04316; 596.696
0.04342; 596.775
0.04368; 596.858
0.04394; 596.927
0.0442; 597.002
0.04446; 597.081
0.04472; 597.159
0.04498; 597.23
0.04524; 597.302
0.0455; 597.387
0.04576; 597.478
0.04602; 597.555
0.04628; 597.638
0.04654; 597.726
0.0468; 597.812
0.04706; 597.892
0.04732; 597.973
0.04758; 598.067
0.04784; 598.168
0.0481; 598.255
0.04836; 598.349
0.04862; 598.447
0.04888; 598.545
0.04914; 598.636
0.0494; 598.73
0.04966; 598.838
0.04992; 598.952
0.05018; 599.053
0.05044; 599.161
0.0507; 599.274
0.05096; 599.388
0.05122; 599.496
0.05148; 599.606
0.05174; 599.731
0.052; 599.863
0.05226; 599.983
0.05252; 600.111
0.05278; 600.244
0.05304; 600.379
0.0533; 600.508
0.05356; 600.641
0.05382; 600.789
0.05408; 600.945
0.05434; 601.088
0.0546; 601.241
0.05486; 601.401
0.05512; 601.561
0.05538; 601.718
0.05564; 601.878
0.0559; 602.055
0.05616; 602.24
0.05642; 602.414
0.05668; 602.598
0.05694; 602.789
0.0572; 602.984
0.05746; 603.176
0.05772; 603.374
0.05798; 603.588
0.05824; 603.787
0.0585; 0
0.05876; 0
0.05902; 0
0.05928; 0
0.05954; 0
0.0598; 0
0.06006; 0
0.06032; 0
0.06058; 0
0.06084; 0
0.0611; 0
0.06136; 0
0.06162; 0
0.06188; 0
0.06214; 0
0.0624; 0
0.06266; 0
0.06292; 0
0.06318; 0
0.06344; 0
0.0637; 0
0.06396; 0
0.06422; 0
0.06448; 0
0.06474; 0
0.065; 0
0.06526; 0
0.06552; 0
0.06578; 0
0.06604; 0
0.0663; 0
0.06656; 0
0.06682; 0
0.06708; 0
0.06734; 0
0.0676; 0
0.06786; 0
0.06812; 0
0.06838; 0
0.06864; 0
0.0689; 0
0.06916; 0
0.06942; 0
0.06968; 0
0.06994; 0
0.0702; 0
0.07046; 0
0.07072; 0
0.07098; 0
0.07124; 0
0.0715; 0
0.07176; 0
0.07202; 0
0.07228; 0
0.07254; 0
0.0728; 0
0.07306; 0
0.07332; 0
0.07358; 0
0.07384; 0
0.0741; 0
0.07436; 0
0.07462; 0
0.07488; 0
0.07514; 0
0.0754; 0
0.07566; 0
0.07592; 0
0.07618; 0
0.07644; 0
0.0767; 0
0.07696; 0
0.07722; 0
0.07748; 0
0.07774; 0
0.078; 0
