0.00667; 0
0.01334; 0
0.02001; 0
0.02668; 0
0.03335; 0
0.04002; 0
0.04669; 0
0.05336; 0
0.06003; 0
0.0667; 0
0.07337; 0
0.08004; 0
0.08671; 0
0.09338; 0
0.10005; 0
0.10672; 0
0.11339; 0
0.12006; 0
0.12673; 0
0.1334; 0
0.14007; 0
0.14674; 0
0.15341; 0
0.16008; 0
0.16675; 0
0.17342; 0
0.18009; 0
0.18676; 0
0.19343; 0
0.2001; 0
0.20677; 0
0.21344; 0
0.22011; 0
0.22678; 0
0.23345; 0
0.24012; 0
0.24679; 0
0.25346; 0
0.26013; 0
0.2668; 0
0.27347; 0
0.28014; 0
0.28681; 0
0.29348; 0
0.30015; 0
0.30682; 0
0.31349; 0
0.32016; 0
0.32683; 0
0.3335; 0
0.34017; 0
0.34684; 0
0.35351; 0
0.36018; 0
0.36685; 0
0.37352; 0
0.38019; 0
0.38686; 0
0.39353; 0
0.4002; 0
0.40687; 0
0.41354; 0
0.42021; 0
0.42688; 0
0.43355; 0
0.44022; 0
0.44689; 0
0.45356; 0
0.46023; 0
0.4669; 0
0.47357; 588.752
0.48024; 588.685
0.48691; 588.551
0.49358; 588.35
0.50025; 588.082
0.50692; 587.748
0.51359; 587.348
0.52026; 586.882
0.52693; 586.352
0.5336; 585.757
0.54027; 585.098
0.54694; 584.376
0.55361; 583.591
0.56028; 582.745
0.56695; 581.838
0.57362; 580.871
0.58029; 579.846
0.58696; 578.762
0.59363; 577.621
0.6003; 576.425
0.60697; 575.173
0.61364; 573.867
0.62031; 572.508
0.62698; 571.098
0.63365; 569.636
0.64032; 568.124
0.64699; 566.563
0.65366; 564.954
0.66033; 563.297
0.667; 561.594
0.67367; 559.845
0.68034; 558.05
0.68701; 556.211
0.69368; 554.327
0.70035; 552.4
0.70702; 550.428
0.71369; 548.413
0.72036; 546.354
0.72703; 544.251
0.7337; 542.103
0.74037; 539.91
0.74704; 537.671
0.75371; 535.384
0.76038; 533.049
0.76705; 530.664
0.77372; 528.225
0.78039; 525.732
0.78706; 523.181
0.79373; 520.569
0.8004; 517.892
0.80707; 515.145
0.81374; 512.324
0.82041; 509.422
0.82708; 506.432
0.83375; 503.347
0.84042; 500.159
0.84709; 496.856
0.85376; 493.428
0.86043; 489.861
0.8671; 486.141
0.87377; 482.249
0.88044; 478.168
0.88711; 473.875
0.89378; 469.346
0.90045; 464.555
0.90712; 459.476
0.91379; 454.083
0.92046; 448.357
0.92713; 442.297
0.9338; 435.934
0.94047; 429.369
0.94714; 422.82
0.95381; 416.704
0.96048; 411.712
0.96715; 408.787
0.97382; 408.787
0.98049; 411.712
0.98716; 416.704
0.99383; 422.82
1.0005; 429.369
1.00717; 435.934
1.01384; 442.297
1.02051; 448.357
1.02718; 454.083
1.03385; 459.476
1.04052; 464.555
1.04719; 469.346
1.05386; 473.875
1.06053; 478.168
1.0672; 482.249
1.07387; 486.141
1.08054; 489.861
1.08721; 493.428
1.09388; 496.856
1.10055; 500.159
1.10722; 503.347
1.11389; 506.432
1.12056; 509.422
1.12723; 512.324
1.1339; 515.145
1.14057; 517.892
1.14724; 520.569
1.15391; 523.181
1.16058; 525.732
1.16725; 528.225
1.17392; 530.664
1.18059; 533.049
1.18726; 535.384
1.19393; 537.671
1.2006; 539.91
1.20727; 542.103
1.21394; 544.251
1.22061; 546.354
1.22728; 548.413
1.23395; 550.428
1.24062; 552.4
1.24729; 554.327
1.25396; 556.211
1.26063; 558.05
1.2673; 559.845
1.27397; 561.594
1.28064; 563.297
1.28731; 564.954
1.29398; 566.563
1.30065; 568.124
1.30732; 569.636
1.31399; 571.098
1.32066; 572.508
1.32733; 573.867
1.334; 575.173
1.34067; 576.425
1.34734; 577.621
1.35401; 578.762
1.36068; 579.846
1.36735; 580.871
1.37402; 581.838
1.38069; 582.745
1.38736; 583.591
1.39403; 584.376
1.4007; 585.098
1.40737; 585.757
1.41404; 586.352
1.42071; 586.882
1.42738; 587.348
1.43405; 587.748
1.44072; 588.082
1.44739; 588.35
1.45406; 588.551
1.46073; 588.685
1.4674; 588.752
1.47407; 0
1.48074; 0
1.48741; 0
1.49408; 0
1.50075; 0
1.50742; 0
1.51409; 0
1.52076; 0
1.52743; 0
1.5341; 0
1.54077; 0
1.54744; 0
1.55411; 0
1.56078; 0
1.56745; 0
1.57412; 0
1.58079; 0
1.58746; 0
1.59413; 0
1.6008; 0
1.60747; 0
1.61414; 0
1.62081; 0
1.62748; 0
1.63415; 0
1.64082; 0
1.64749; 0
1.65416; 0
1.66083; 0
1.6675; 0
1.67417; 0
1.68084; 0
1.68751; 0
1.69418; 0
1.70085; 0
1.70752; 0
1.71419; 0
1.72086; 0
1.72753; 0
1.7342; 0
1.74087; 0
1.74754; 0
1.75421; 0
1.76088; 0
1.76755; 0
1.77422; 0
1.78089; 0
1.78756; 0
1.79423; 0
1.8009; 0
1.80757; 0
1.81424; 0
1.82091; 0
1.82758; 0
1.83425; 0
1.84092; 0
1.84759; 0
1.85426; 0
1.86093; 0
1.8676; 0
1.87427; 0
1.88094; 0
1.88761; 0
1.89428; 0
1.90095; 0
1.90762; 0
1.91429; 0
1.92096; 0
1.92763; 0
1.9343; 0
1.94097; 0
1.94764; 0
1.95431; 0
1.96098; 0
1.96765; 0
1.97432; 0
1.98099; 0
1.98766; 0
1.99433; 0
2.001; 0
