0.00026; 755.398
0.00052; 755.404
0.00078; 755.401
0.00104; 755.397
0.0013; 755.391
0.00156; 755.395
0.00182; 755.395
0.00208; 755.392
0.00234; 755.391
0.0026; 755.392
0.00286; 755.392
0.00312; 755.389
0.00338; 755.384
0.00364; 755.388
0.0039; 755.389
0.00416; 755.386
0.00442; 755.384
0.00468; 755.386
0.00494; 755.386
0.0052; 755.383
0.00546; 755.378
0.00572; 755.382
0.00598; 755.383
0.00624; 755.379
0.0065; 755.378
0.00676; 755.38
0.00702; 755.38
0.00728; 755.377
0.00754; 755.372
0.0078; 755.376
0.00806; 755.377
0.00832; 755.374
0.00858; 755.372
0.00884; 755.374
0.0091; 755.374
0.00936; 755.371
0.00962; 755.366
0.00988; 755.371
0.01014; 755.371
0.0104; 755.368
0.01066; 755.367
0.01092; 755.369
0.01118; 755.369
0.01144; 755.366
0.0117; 755.361
0.01196; 755.365
0.01222; 755.366
0.01248; 755.363
0.01274; 755.362
0.013; 755.363
0.01326; 755.364
0.01352; 755.361
0.01378; 755.356
0.01404; 755.36
0.0143; 755.361
0.01456; 755.358
0.01482; 755.357
0.01508; 755.359
0.01534; 755.359
0.0156; 755.356
0.01586; 755.351
0.01612; 755.356
0.01638; 755.356
0.01664; 755.353
0.0169; 755.352
0.01716; 755.354
0.01742; 755.354
0.01768; 755.352
0.01794; 755.347
0.0182; 755.352
0.01846; 755.352
0.01872; 755.349
0.01898; 755.348
0.01924; 755.35
0.0195; 755.35
0.01976; 755.348
0.02002; 755.343
0.02028; 755.348
0.02054; 755.348
0.0208; 755.346
0.02106; 755.345
0.02132; 755.347
0.02158; 755.347
0.02184; 755.344
0.0221; 755.339
0.02236; 755.344
0.02262; 755.345
0.02288; 755.342
0.02314; 755.341
0.0234; 755.343
0.02366; 755.344
0.02392; 755.341
0.02418; 755.337
0.02444; 755.341
0.0247; 755.342
0.02496; 755.34
0.02522; 755.338
0.02548; 755.341
0.02574; 755.341
0.026; 755.339
0.02626; 755.334
0.02652; 755.339
0.02678; 755.34
0.02704; 755.337
0.0273; 755.336
0.02756; 755.338
0.02782; 755.339
0.02808; 755.337
0.02834; 755.332
0.0286; 755.337
0.02886; 755.338
0.02912; 755.335
0.02938; 755.334
0.02964; 755.337
0.0299; 755.337
0.03016; 755.335
0.03042; 755.33
0.03068; 755.335
0.03094; 755.336
0.0312; 755.334
0.03146; 755.332
0.03172; 755.335
0.03198; 755.335
0.03224; 755.333
0.0325; 755.328
0.03276; 755.334
0.03302; 755.335
0.03328; 755.332
0.03354; 755.331
0.0338; 755.334
0.03406; 755.334
0.03432; 755.332
0.03458; 755.327
0.03484; 755.333
0.0351; 755.334
0.03536; 755.331
0.03562; 755.33
0.03588; 755.333
0.03614; 755.333
0.0364; 755.331
0.03666; 755.327
0.03692; 755.332
0.03718; 755.333
0.03744; 755.331
0.0377; 755.33
0.03796; 755.332
0.03822; 755.333
0.03848; 755.331
0.03874; 755.326
0.039; 755.332
0.03926; 755.333
0.03952; 755.33
0.03978; 755.33
0.04004; 755.332
0.0403; 755.333
0.04056; 755.331
0.04082; 755.326
0.04108; 755.332
0.04134; 755.333
0.0416; 755.331
0.04186; 755.33
0.04212; 755.332
0.04238; 755.333
0.04264; 755.331
0.0429; 755.326
0.04316; 755.332
0.04342; 755.333
0.04368; 755.331
0.04394; 755.33
0.0442; 755.333
0.04446; 755.334
0.04472; 755.332
0.04498; 755.327
0.04524; 755.333
0.0455; 755.334
0.04576; 755.332
0.04602; 755.331
0.04628; 755.334
0.04654; 755.335
0.0468; 755.333
0.04706; 755.328
0.04732; 755.334
0.04758; 755.335
0.04784; 755.333
0.0481; 755.332
0.04836; 755.335
0.04862; 755.336
0.04888; 755.334
0.04914; 755.33
0.0494; 755.335
0.04966; 755.337
0.04992; 755.334
0.05018; 755.334
0.05044; 755.337
0.0507; 755.338
0.05096; 755.336
0.05122; 755.331
0.05148; 755.337
0.05174; 755.338
0.052; 755.336
0.05226; 755.336
0.05252; 755.339
0.05278; 755.339
0.05304; 755.338
0.0533; 755.333
0.05356; 755.339
0.05382; 755.34
0.05408; 755.338
0.05434; 755.338
0.0546; 755.341
0.05486; 755.342
0.05512; 755.34
0.05538; 755.336
0.05564; 755.341
0.0559; 755.343
0.05616; 755.341
0.05642; 755.34
0.05668; 755.343
0.05694; 755.344
0.0572; 755.343
0.05746; 755.338
0.05772; 755.344
0.05798; 755.346
0.05824; 755.344
0.0585; 755.343
0.05876; 755.346
0.05902; 755.347
0.05928; 755.346
0.05954; 755.342
0.0598; 755.347
0.06006; 755.349
0.06032; 755.347
0.06058; 755.347
0.06084; 755.35
0.0611; 755.351
0.06136; 755.349
0.06162; 755.345
0.06188; 755.351
0.06214; 755.352
0.0624; 755.351
0.06266; 755.35
0.06292; 755.353
0.06318; 755.354
0.06344; 755.353
0.0637; 755.349
0.06396; 755.355
0.06422; 755.356
0.06448; 755.355
0.06474; 755.354
0.065; 755.357
0.06526; 755.359
0.06552; 755.357
0.06578; 755.353
0.06604; 755.359
0.0663; 755.361
0.06656; 755.359
0.06682; 755.359
0.06708; 755.362
0.06734; 755.363
0.0676; 755.362
0.06786; 755.358
0.06812; 755.364
0.06838; 755.365
0.06864; 755.364
0.0689; 755.363
0.06916; 755.367
0.06942; 755.368
0.06968; 755.367
0.06994; 755.363
0.0702; 755.369
0.07046; 755.37
0.07072; 755.369
0.07098; 755.369
0.07124; 755.372
0.0715; 755.373
0.07176; 755.372
0.07202; 755.368
0.07228; 755.374
0.07254; 755.376
0.0728; 755.374
0.07306; 755.374
0.07332; 755.377
0.07358; 755.378
0.07384; 755.377
0.0741; 755.373
0.07436; 755.379
0.07462; 755.381
0.07488; 755.38
0.07514; 755.379
0.0754; 755.383
0.07566; 755.384
0.07592; 755.383
0.07618; 755.379
0.07644; 755.385
0.0767; 755.387
0.07696; 755.385
0.07722; 755.385
0.07748; 755.389
0.07774; 755.391
0.078; 755.391
