0.00026; 396.194
0.00052; 396.194
0.00078; 396.194
0.00104; 396.194
0.0013; 396.194
0.00156; 396.194
0.00182; 396.194
0.00208; 396.194
0.00234; 396.194
0.0026; 396.194
0.00286; 396.194
0.00312; 396.194
0.00338; 396.194
0.00364; 396.194
0.0039; 396.194
0.00416; 396.194
0.00442; 396.194
0.00468; 396.194
0.00494; 396.194
0.0052; 396.194
0.00546; 396.194
0.00572; 396.194
0.00598; 396.194
0.00624; 396.194
0.0065; 396.194
0.00676; 396.194
0.00702; 396.194
0.00728; 396.194
0.00754; 396.194
0.0078; 396.194
0.00806; 396.194
0.00832; 396.194
0.00858; 396.194
0.00884; 396.194
0.0091; 396.194
0.00936; 396.194
0.00962; 396.194
0.00988; 396.194
0.01014; 396.194
0.0104; 396.194
0.01066; 396.194
0.01092; 396.194
0.01118; 396.194
0.01144; 396.194
0.0117; 396.194
0.01196; 396.194
0.01222; 396.194
0.01248; 396.194
0.01274; 396.194
0.013; 396.194
0.01326; 396.194
0.01352; 396.194
0.01378; 396.194
0.01404; 396.194
0.0143; 396.194
0.01456; 396.194
0.01482; 396.194
0.01508; 396.194
0.01534; 396.194
0.0156; 396.194
0.01586; 396.194
0.01612; 396.194
0.01638; 396.194
0.01664; 396.194
0.0169; 396.194
0.01716; 396.194
0.01742; 396.193
0.01768; 396.193
0.01794; 396.193
0.0182; 396.193
0.01846; 396.193
0.01872; 396.193
0.01898; 396.193
0.01924; 396.193
0.0195; 396.193
0.01976; 396.193
0.02002; 396.193
0.02028; 396.193
0.02054; 396.193
0.0208; 396.193
0.02106; 396.193
0.02132; 396.193
0.02158; 396.193
0.02184; 396.193
0.0221; 396.193
0.02236; 396.193
0.02262; 396.193
0.02288; 396.193
0.02314; 396.193
0.0234; 396.193
0.02366; 396.193
0.02392; 396.193
0.02418; 396.193
0.02444; 396.193
0.0247; 396.193
0.02496; 396.193
0.02522; 396.193
0.02548; 396.193
0.02574; 396.193
0.026; 396.193
0.02626; 396.193
0.02652; 396.193
0.02678; 396.193
0.02704; 396.193
0.0273; 396.193
0.02756; 396.193
0.02782; 396.193
0.02808; 396.193
0.02834; 396.193
0.0286; 396.193
0.02886; 396.193
0.02912; 396.193
0.02938; 396.193
0.02964; 396.193
0.0299; 396.193
0.03016; 396.193
0.03042; 396.193
0.03068; 396.193
0.03094; 396.193
0.0312; 396.193
0.03146; 396.193
0.03172; 396.193
0.03198; 396.193
0.03224; 396.193
0.0325; 396.193
0.03276; 396.193
0.03302; 396.193
0.03328; 396.193
0.03354; 396.193
0.0338; 396.193
0.03406; 396.193
0.03432; 396.193
0.03458; 396.193
0.03484; 396.193
0.0351; 396.193
0.03536; 396.193
0.03562; 396.193
0.03588; 396.193
0.03614; 396.193
0.0364; 396.193
0.03666; 396.193
0.03692; 396.193
0.03718; 396.193
0.03744; 396.193
0.0377; 396.193
0.03796; 396.193
0.03822; 396.193
0.03848; 396.193
0.03874; 396.193
0.039; 396.193
0.03926; 396.193
0.03952; 396.193
0.03978; 396.193
0.04004; 396.193
0.0403; 396.193
0.04056; 396.193
0.04082; 396.193
0.04108; 396.193
0.04134; 396.193
0.0416; 396.193
0.04186; 396.193
0.04212; 396.193
0.04238; 396.193
0.04264; 396.193
0.0429; 396.193
0.04316; 396.193
0.04342; 396.193
0.04368; 396.193
0.04394; 396.193
0.0442; 396.193
0.04446; 396.193
0.04472; 396.193
0.04498; 396.193
0.04524; 396.193
0.0455; 396.193
0.04576; 396.193
0.04602; 396.193
0.04628; 396.193
0.04654; 396.193
0.0468; 396.193
0.04706; 396.193
0.04732; 396.193
0.04758; 396.193
0.04784; 396.193
0.0481; 396.193
0.04836; 396.193
0.04862; 396.193
0.04888; 396.193
0.04914; 396.193
0.0494; 396.193
0.04966; 396.193
0.04992; 396.193
0.05018; 396.193
0.05044; 396.193
0.0507; 396.193
0.05096; 396.193
0.05122; 396.193
0.05148; 396.193
0.05174; 396.193
0.052; 396.193
0.05226; 396.193
0.05252; 396.193
0.05278; 396.193
0.05304; 396.193
0.0533; 396.193
0.05356; 396.193
0.05382; 396.193
0.05408; 396.193
0.05434; 396.193
0.0546; 396.193
0.05486; 396.193
0.05512; 396.193
0.05538; 396.193
0.05564; 396.193
0.0559; 396.193
0.05616; 396.193
0.05642; 396.193
0.05668; 396.193
0.05694; 396.193
0.0572; 396.193
0.05746; 396.193
0.05772; 396.193
0.05798; 396.193
0.05824; 396.193
0.0585; 396.193
0.05876; 396.193
0.05902; 396.193
0.05928; 396.193
0.05954; 396.193
0.0598; 396.193
0.06006; 396.193
0.06032; 396.193
0.06058; 396.193
0.06084; 396.194
0.0611; 396.194
0.06136; 396.194
0.06162; 396.194
0.06188; 396.194
0.06214; 396.194
0.0624; 396.194
0.06266; 396.194
0.06292; 396.194
0.06318; 396.194
0.06344; 396.194
0.0637; 396.194
0.06396; 396.194
0.06422; 396.194
0.06448; 396.194
0.06474; 396.194
0.065; 396.194
0.06526; 396.194
0.06552; 396.194
0.06578; 396.194
0.06604; 396.194
0.0663; 396.194
0.06656; 396.194
0.06682; 396.194
0.06708; 396.194
0.06734; 396.194
0.0676; 396.194
0.06786; 396.194
0.06812; 396.194
0.06838; 396.194
0.06864; 396.194
0.0689; 396.194
0.06916; 396.194
0.06942; 396.194
0.06968; 396.194
0.06994; 396.194
0.0702; 396.194
0.07046; 396.194
0.07072; 396.194
0.07098; 396.194
0.07124; 396.194
0.0715; 396.194
0.07176; 396.194
0.07202; 396.194
0.07228; 396.194
0.07254; 396.194
0.0728; 396.194
0.07306; 396.194
0.07332; 396.194
0.07358; 396.194
0.07384; 396.194
0.0741; 396.194
0.07436; 396.194
0.07462; 396.194
0.07488; 396.194
0.07514; 396.194
0.0754; 396.194
0.07566; 396.194
0.07592; 396.194
0.07618; 396.194
0.07644; 396.194
0.0767; 396.194
0.07696; 396.194
0.07722; 396.194
0.07748; 396.194
0.07774; 396.194
0.078; 396.194
