0.00667; 0
0.01334; 0
0.02001; 0
0.02668; 0
0.03335; 0
0.04002; 0
0.04669; 0
0.05336; 0
0.06003; 0
0.0667; 0
0.07337; 0
0.08004; 0
0.08671; 0
0.09338; 0
0.10005; 0
0.10672; 0
0.11339; 0
0.12006; 0
0.12673; 0
0.1334; 0
0.14007; 0
0.14674; 0
0.15341; 0
0.16008; 0
0.16675; 0
0.17342; 0
0.18009; 0
0.18676; 0
0.19343; 0
0.2001; 0
0.20677; 0
0.21344; 0
0.22011; 0
0.22678; 0
0.23345; 0
0.24012; 0
0.24679; 0
0.25346; 0
0.26013; 0
0.2668; 0
0.27347; 0
0.28014; 0
0.28681; 0
0.29348; 0
0.30015; 0
0.30682; 0
0.31349; 0
0.32016; 0
0.32683; 0
0.3335; 0
0.34017; 0
0.34684; 0
0.35351; 0
0.36018; 0
0.36685; 0
0.37352; 0
0.38019; 0
0.38686; 0
0.39353; 0
0.4002; 0
0.40687; 0
0.41354; 0
0.42021; 0
0.42688; 0
0.43355; 0
0.44022; 0
0.44689; 0
0.45356; 0
0.46023; 0
0.4669; 0
0.47357; 603.082
0.48024; 603.014
0.48691; 602.88
0.49358; 602.679
0.50025; 602.41
0.50692; 602.076
0.51359; 601.675
0.52026; 601.208
0.52693; 600.676
0.5336; 600.079
0.54027; 599.417
0.54694; 598.693
0.55361; 597.905
0.56028; 597.055
0.56695; 596.144
0.57362; 595.173
0.58029; 594.141
0.58696; 593.051
0.59363; 591.903
0.6003; 590.698
0.60697; 589.437
0.61364; 588.121
0.62031; 586.75
0.62698; 585.326
0.63365; 583.85
0.64032; 582.322
0.64699; 580.742
0.65366; 579.113
0.66033; 577.435
0.667; 575.708
0.67367; 573.933
0.68034; 572.11
0.68701; 570.24
0.69368; 568.323
0.70035; 566.359
0.70702; 564.348
0.71369; 562.29
0.72036; 560.186
0.72703; 558.033
0.7337; 555.833
0.74037; 553.583
0.74704; 551.283
0.75371; 548.932
0.76038; 546.527
0.76705; 544.067
0.77372; 541.55
0.78039; 538.972
0.78706; 536.331
0.79373; 533.622
0.8004; 530.843
0.80707; 527.986
0.81374; 525.048
0.82041; 522.022
0.82708; 518.901
0.83375; 515.675
0.84042; 512.337
0.84709; 508.874
0.85376; 505.275
0.86043; 501.526
0.8671; 497.611
0.87377; 493.51
0.88044; 489.205
0.88711; 484.672
0.89378; 479.886
0.90045; 474.818
0.90712; 469.44
0.91379; 463.726
0.92046; 457.656
0.92713; 451.227
0.9338; 444.474
0.94047; 437.504
0.94714; 430.549
0.95381; 424.052
0.96048; 418.748
0.96715; 415.64
0.97382; 415.64
0.98049; 418.748
0.98716; 424.052
0.99383; 430.549
1.0005; 437.504
1.00717; 444.474
1.01384; 451.227
1.02051; 457.656
1.02718; 463.726
1.03385; 469.44
1.04052; 474.818
1.04719; 479.886
1.05386; 484.672
1.06053; 489.205
1.0672; 493.51
1.07387; 497.611
1.08054; 501.526
1.08721; 505.275
1.09388; 508.874
1.10055; 512.337
1.10722; 515.675
1.11389; 518.901
1.12056; 522.022
1.12723; 525.048
1.1339; 527.986
1.14057; 530.843
1.14724; 533.622
1.15391; 536.331
1.16058; 538.972
1.16725; 541.55
1.17392; 544.067
1.18059; 546.527
1.18726; 548.932
1.19393; 551.283
1.2006; 553.583
1.20727; 555.833
1.21394; 558.033
1.22061; 560.186
1.22728; 562.29
1.23395; 564.348
1.24062; 566.359
1.24729; 568.323
1.25396; 570.24
1.26063; 572.11
1.2673; 573.933
1.27397; 575.708
1.28064; 577.435
1.28731; 579.113
1.29398; 580.742
1.30065; 582.322
1.30732; 583.85
1.31399; 585.326
1.32066; 586.75
1.32733; 588.121
1.334; 589.437
1.34067; 590.698
1.34734; 591.903
1.35401; 593.051
1.36068; 594.141
1.36735; 595.173
1.37402; 596.144
1.38069; 597.055
1.38736; 597.905
1.39403; 598.693
1.4007; 599.417
1.40737; 600.079
1.41404; 600.676
1.42071; 601.208
1.42738; 601.675
1.43405; 602.076
1.44072; 602.41
1.44739; 602.679
1.45406; 602.88
1.46073; 603.014
1.4674; 603.082
1.47407; 0
1.48074; 0
1.48741; 0
1.49408; 0
1.50075; 0
1.50742; 0
1.51409; 0
1.52076; 0
1.52743; 0
1.5341; 0
1.54077; 0
1.54744; 0
1.55411; 0
1.56078; 0
1.56745; 0
1.57412; 0
1.58079; 0
1.58746; 0
1.59413; 0
1.6008; 0
1.60747; 0
1.61414; 0
1.62081; 0
1.62748; 0
1.63415; 0
1.64082; 0
1.64749; 0
1.65416; 0
1.66083; 0
1.6675; 0
1.67417; 0
1.68084; 0
1.68751; 0
1.69418; 0
1.70085; 0
1.70752; 0
1.71419; 0
1.72086; 0
1.72753; 0
1.7342; 0
1.74087; 0
1.74754; 0
1.75421; 0
1.76088; 0
1.76755; 0
1.77422; 0
1.78089; 0
1.78756; 0
1.79423; 0
1.8009; 0
1.80757; 0
1.81424; 0
1.82091; 0
1.82758; 0
1.83425; 0
1.84092; 0
1.84759; 0
1.85426; 0
1.86093; 0
1.8676; 0
1.87427; 0
1.88094; 0
1.88761; 0
1.89428; 0
1.90095; 0
1.90762; 0
1.91429; 0
1.92096; 0
1.92763; 0
1.9343; 0
1.94097; 0
1.94764; 0
1.95431; 0
1.96098; 0
1.96765; 0
1.97432; 0
1.98099; 0
1.98766; 0
1.99433; 0
2.001; 0
