0.00026; 0
0.00052; 0
0.00078; 0
0.00104; 0
0.0013; 0
0.00156; 0
0.00182; 0
0.00208; 0
0.00234; 0
0.0026; 0
0.00286; 0
0.00312; 0
0.00338; 0
0.00364; 0
0.0039; 0
0.00416; 0
0.00442; 0
0.00468; 0
0.00494; 0
0.0052; 0
0.00546; 0
0.00572; 0
0.00598; 0
0.00624; 0
0.0065; 0
0.00676; 0
0.00702; 0
0.00728; 0
0.00754; 0
0.0078; 0
0.00806; 0
0.00832; 0
0.00858; 0
0.00884; 0
0.0091; 0
0.00936; 0
0.00962; 0
0.00988; 0
0.01014; 0
0.0104; 0
0.01066; 0
0.01092; 0
0.01118; 0
0.01144; 0
0.0117; 0
0.01196; 0
0.01222; 0
0.01248; 0
0.01274; 0
0.013; 0
0.01326; 0
0.01352; 0
0.01378; 0
0.01404; 0
0.0143; 0
0.01456; 0
0.01482; 0
0.01508; 0
0.01534; 0
0.0156; 0
0.01586; 0
0.01612; 0
0.01638; 0
0.01664; 0
0.0169; 0
0.01716; 0
0.01742; 0
0.01768; 0
0.01794; 0
0.0182; 0
0.01846; 0
0.01872; 0
0.01898; 0
0.01924; 0
0.0195; 0
0.01976; 0
0.02002; 0
0.02028; 0
0.02054; 0
0.0208; 0
0.02106; 0
0.02132; 0
0.02158; 0
0.02184; 0
0.0221; 0
0.02236; 0
0.02262; 0
0.02288; 609.671
0.02314; 609.539
0.0234; 609.377
0.02366; 609.217
0.02392; 609.077
0.02418; 608.942
0.02444; 608.797
0.0247; 608.673
0.02496; 608.547
0.02522; 608.443
0.02548; 608.328
0.02574; 608.215
0.026; 608.122
0.02626; 608.031
0.02652; 607.93
0.02678; 607.848
0.02704; 607.763
0.0273; 607.7
0.02756; 607.625
0.02782; 607.552
0.02808; 607.497
0.02834; 607.445
0.0286; 607.38
0.02886; 607.335
0.02912; 607.287
0.02938; 607.259
0.02964; 607.218
0.0299; 607.179
0.03016; 607.157
0.03042; 607.138
0.03068; 607.105
0.03094; 607.091
0.0312; 607.072
0.03146; 607.074
0.03172; 607.062
0.03198; 607.051
0.03224; 607.056
0.0325; 607.063
0.03276; 607.056
0.03302; 607.067
0.03328; 607.073
0.03354; 607.098
0.0338; 607.109
0.03406; 607.12
0.03432; 607.147
0.03458; 607.174
0.03484; 607.187
0.0351; 607.217
0.03536; 607.242
0.03562; 607.285
0.03588; 607.314
0.03614; 607.341
0.0364; 607.384
0.03666; 607.427
0.03692; 607.455
0.03718; 607.5
0.03744; 607.538
0.0377; 607.594
0.03796; 607.636
0.03822; 607.675
0.03848; 607.73
0.03874; 607.784
0.039; 607.824
0.03926; 607.879
0.03952; 607.927
0.03978; 607.993
0.04004; 608.044
0.0403; 608.092
0.04056; 608.156
0.04082; 608.218
0.04108; 608.265
0.04134; 608.328
0.0416; 608.385
0.04186; 608.458
0.04212; 608.515
0.04238; 608.571
0.04264; 608.641
0.0429; 608.71
0.04316; 608.764
0.04342; 608.833
0.04368; 608.896
0.04394; 608.975
0.0442; 609.04
0.04446; 609.102
0.04472; 609.178
0.04498; 609.254
0.04524; 609.315
0.0455; 609.391
0.04576; 609.461
0.04602; 609.548
0.04628; 609.619
0.04654; 609.689
0.0468; 609.773
0.04706; 609.857
0.04732; 609.926
0.04758; 610.01
0.04784; 610.089
0.0481; 610.185
0.04836; 610.266
0.04862; 610.345
0.04888; 610.44
0.04914; 610.535
0.0494; 610.615
0.04966; 610.711
0.04992; 610.802
0.05018; 610.911
0.05044; 611.005
0.0507; 611.098
0.05096; 611.207
0.05122; 611.317
0.05148; 611.412
0.05174; 611.525
0.052; 611.632
0.05226; 611.757
0.05252; 611.869
0.05278; 611.981
0.05304; 612.109
0.0533; 612.238
0.05356; 612.354
0.05382; 612.487
0.05408; 612.616
0.05434; 612.763
0.0546; 612.898
0.05486; 613.033
0.05512; 613.185
0.05538; 613.338
0.05564; 613.479
0.0559; 613.638
0.05616; 613.794
0.05642; 613.968
0.05668; 614.131
0.05694; 614.295
0.0572; 614.478
0.05746; 614.664
0.05772; 614.839
0.05798; 615.033
0.05824; 615.202
0.0585; 0
0.05876; 0
0.05902; 0
0.05928; 0
0.05954; 0
0.0598; 0
0.06006; 0
0.06032; 0
0.06058; 0
0.06084; 0
0.0611; 0
0.06136; 0
0.06162; 0
0.06188; 0
0.06214; 0
0.0624; 0
0.06266; 0
0.06292; 0
0.06318; 0
0.06344; 0
0.0637; 0
0.06396; 0
0.06422; 0
0.06448; 0
0.06474; 0
0.065; 0
0.06526; 0
0.06552; 0
0.06578; 0
0.06604; 0
0.0663; 0
0.06656; 0
0.06682; 0
0.06708; 0
0.06734; 0
0.0676; 0
0.06786; 0
0.06812; 0
0.06838; 0
0.06864; 0
0.0689; 0
0.06916; 0
0.06942; 0
0.06968; 0
0.06994; 0
0.0702; 0
0.07046; 0
0.07072; 0
0.07098; 0
0.07124; 0
0.0715; 0
0.07176; 0
0.07202; 0
0.07228; 0
0.07254; 0
0.0728; 0
0.07306; 0
0.07332; 0
0.07358; 0
0.07384; 0
0.0741; 0
0.07436; 0
0.07462; 0
0.07488; 0
0.07514; 0
0.0754; 0
0.07566; 0
0.07592; 0
0.07618; 0
0.07644; 0
0.0767; 0
0.07696; 0
0.07722; 0
0.07748; 0
0.07774; 0
0.078; 0
