0.00667; 0
0.01334; 0
0.02001; 0
0.02668; 0
0.03335; 0
0.04002; 0
0.04669; 0
0.05336; 0
0.06003; 0
0.0667; 0
0.07337; 0
0.08004; 0
0.08671; 0
0.09338; 0
0.10005; 0
0.10672; 0
0.11339; 0
0.12006; 0
0.12673; 0
0.1334; 0
0.14007; 0
0.14674; 0
0.15341; 0
0.16008; 0
0.16675; 0
0.17342; 0
0.18009; 0
0.18676; 0
0.19343; 0
0.2001; 0
0.20677; 0
0.21344; 0
0.22011; 0
0.22678; 0
0.23345; 0
0.24012; 0
0.24679; 0
0.25346; 0
0.26013; 0
0.2668; 0
0.27347; 0
0.28014; 0
0.28681; 0
0.29348; 0
0.30015; 0
0.30682; 0
0.31349; 0
0.32016; 0
0.32683; 0
0.3335; 0
0.34017; 0
0.34684; 0
0.35351; 0
0.36018; 0
0.36685; 0
0.37352; 0
0.38019; 0
0.38686; 0
0.39353; 0
0.4002; 0
0.40687; 0
0.41354; 0
0.42021; 0
0.42688; 0
0.43355; 0
0.44022; 0
0.44689; 0
0.45356; 0
0.46023; 0
0.4669; 0
0.47357; 326.071
0.48024; 326.045
0.48691; 325.992
0.49358; 325.913
0.50025; 325.808
0.50692; 325.677
0.51359; 325.521
0.52026; 325.34
0.52693; 325.135
0.5336; 324.906
0.54027; 324.655
0.54694; 324.381
0.55361; 324.086
0.56028; 323.771
0.56695; 323.436
0.57362; 323.083
0.58029; 322.712
0.58696; 322.325
0.59363; 321.922
0.6003; 321.506
0.60697; 321.076
0.61364; 320.635
0.62031; 320.182
0.62698; 319.721
0.63365; 319.251
0.64032; 318.774
0.64699; 318.291
0.65366; 317.803
0.66033; 317.312
0.667; 316.818
0.67367; 316.322
0.68034; 315.827
0.68701; 315.332
0.69368; 314.839
0.70035; 314.348
0.70702; 313.861
0.71369; 313.379
0.72036; 312.902
0.72703; 312.431
0.7337; 311.966
0.74037; 311.51
0.74704; 311.061
0.75371; 310.622
0.76038; 310.191
0.76705; 309.771
0.77372; 309.36
0.78039; 308.961
0.78706; 308.572
0.79373; 308.195
0.8004; 307.829
0.80707; 307.474
0.81374; 307.132
0.82041; 306.802
0.82708; 306.483
0.83375; 306.176
0.84042; 305.881
0.84709; 305.598
0.85376; 305.326
0.86043; 305.065
0.8671; 304.816
0.87377; 304.576
0.88044; 304.347
0.88711; 304.127
0.89378; 303.916
0.90045; 303.713
0.90712; 303.517
0.91379; 303.327
0.92046; 303.143
0.92713; 302.964
0.9338; 302.791
0.94047; 302.624
0.94714; 302.467
0.95381; 302.327
0.96048; 302.216
0.96715; 302.153
0.97382; 302.153
0.98049; 302.216
0.98716; 302.327
0.99383; 302.467
1.0005; 302.624
1.00717; 302.791
1.01384; 302.964
1.02051; 303.143
1.02718; 303.327
1.03385; 303.517
1.04052; 303.713
1.04719; 303.916
1.05386; 304.127
1.06053; 304.347
1.0672; 304.576
1.07387; 304.816
1.08054; 305.065
1.08721; 305.326
1.09388; 305.598
1.10055; 305.881
1.10722; 306.176
1.11389; 306.483
1.12056; 306.802
1.12723; 307.132
1.1339; 307.474
1.14057; 307.829
1.14724; 308.195
1.15391; 308.572
1.16058; 308.961
1.16725; 309.36
1.17392; 309.771
1.18059; 310.191
1.18726; 310.622
1.19393; 311.061
1.2006; 311.51
1.20727; 311.966
1.21394; 312.431
1.22061; 312.902
1.22728; 313.379
1.23395; 313.861
1.24062; 314.348
1.24729; 314.839
1.25396; 315.332
1.26063; 315.827
1.2673; 316.322
1.27397; 316.818
1.28064; 317.312
1.28731; 317.803
1.29398; 318.291
1.30065; 318.774
1.30732; 319.251
1.31399; 319.721
1.32066; 320.182
1.32733; 320.635
1.334; 321.076
1.34067; 321.506
1.34734; 321.922
1.35401; 322.325
1.36068; 322.712
1.36735; 323.083
1.37402; 323.436
1.38069; 323.771
1.38736; 324.086
1.39403; 324.381
1.4007; 324.655
1.40737; 324.906
1.41404; 325.135
1.42071; 325.34
1.42738; 325.521
1.43405; 325.677
1.44072; 325.808
1.44739; 325.913
1.45406; 325.992
1.46073; 326.045
1.4674; 326.071
1.47407; 0
1.48074; 0
1.48741; 0
1.49408; 0
1.50075; 0
1.50742; 0
1.51409; 0
1.52076; 0
1.52743; 0
1.5341; 0
1.54077; 0
1.54744; 0
1.55411; 0
1.56078; 0
1.56745; 0
1.57412; 0
1.58079; 0
1.58746; 0
1.59413; 0
1.6008; 0
1.60747; 0
1.61414; 0
1.62081; 0
1.62748; 0
1.63415; 0
1.64082; 0
1.64749; 0
1.65416; 0
1.66083; 0
1.6675; 0
1.67417; 0
1.68084; 0
1.68751; 0
1.69418; 0
1.70085; 0
1.70752; 0
1.71419; 0
1.72086; 0
1.72753; 0
1.7342; 0
1.74087; 0
1.74754; 0
1.75421; 0
1.76088; 0
1.76755; 0
1.77422; 0
1.78089; 0
1.78756; 0
1.79423; 0
1.8009; 0
1.80757; 0
1.81424; 0
1.82091; 0
1.82758; 0
1.83425; 0
1.84092; 0
1.84759; 0
1.85426; 0
1.86093; 0
1.8676; 0
1.87427; 0
1.88094; 0
1.88761; 0
1.89428; 0
1.90095; 0
1.90762; 0
1.91429; 0
1.92096; 0
1.92763; 0
1.9343; 0
1.94097; 0
1.94764; 0
1.95431; 0
1.96098; 0
1.96765; 0
1.97432; 0
1.98099; 0
1.98766; 0
1.99433; 0
2.001; 0
