0.00667; 0
0.01334; 0
0.02001; 0
0.02668; 0
0.03335; 0
0.04002; 0
0.04669; 0
0.05336; 0
0.06003; 0
0.0667; 0
0.07337; 0
0.08004; 0
0.08671; 0
0.09338; 0
0.10005; 0
0.10672; 0
0.11339; 0
0.12006; 0
0.12673; 0
0.1334; 0
0.14007; 0
0.14674; 0
0.15341; 0
0.16008; 0
0.16675; 0
0.17342; 0
0.18009; 0
0.18676; 0
0.19343; 0
0.2001; 0
0.20677; 0
0.21344; 0
0.22011; 0
0.22678; 0
0.23345; 0
0.24012; 0
0.24679; 0
0.25346; 0
0.26013; 0
0.2668; 0
0.27347; 0
0.28014; 0
0.28681; 0
0.29348; 0
0.30015; 0
0.30682; 0
0.31349; 0
0.32016; 0
0.32683; 0
0.3335; 0
0.34017; 0
0.34684; 0
0.35351; 0
0.36018; 0
0.36685; 0
0.37352; 0
0.38019; 0
0.38686; 0
0.39353; 0
0.4002; 0
0.40687; 0
0.41354; 0
0.42021; 0
0.42688; 0
0.43355; 0
0.44022; 0
0.44689; 0
0.45356; 0
0.46023; 0
0.4669; 0
0.47357; 403.492
0.48024; 403.435
0.48691; 403.32
0.49358; 403.148
0.50025; 402.919
0.50692; 402.635
0.51359; 402.294
0.52026; 401.898
0.52693; 401.449
0.5336; 400.946
0.54027; 400.392
0.54694; 399.786
0.55361; 399.131
0.56028; 398.427
0.56695; 397.677
0.57362; 396.882
0.58029; 396.042
0.58696; 395.161
0.59363; 394.24
0.6003; 393.28
0.60697; 392.283
0.61364; 391.252
0.62031; 390.188
0.62698; 389.094
0.63365; 387.97
0.64032; 386.82
0.64699; 385.645
0.65366; 384.448
0.66033; 383.23
0.667; 381.993
0.67367; 380.74
0.68034; 379.472
0.68701; 378.191
0.69368; 376.9
0.70035; 375.599
0.70702; 374.292
0.71369; 372.979
0.72036; 371.662
0.72703; 370.344
0.7337; 369.025
0.74037; 367.706
0.74704; 366.39
0.75371; 365.078
0.76038; 363.77
0.76705; 362.467
0.77372; 361.172
0.78039; 359.883
0.78706; 358.602
0.79373; 357.329
0.8004; 356.065
0.80707; 354.81
0.81374; 353.562
0.82041; 352.323
0.82708; 351.091
0.83375; 349.865
0.84042; 348.643
0.84709; 347.426
0.85376; 346.209
0.86043; 344.991
0.8671; 343.769
0.87377; 342.54
0.88044; 341.298
0.88711; 340.04
0.89378; 338.759
0.90045; 337.45
0.90712; 336.107
0.91379; 334.723
0.92046; 333.294
0.92713; 331.818
0.9338; 330.301
0.94047; 328.764
0.94714; 327.252
0.95381; 325.856
0.96048; 324.726
0.96715; 324.066
0.97382; 324.066
0.98049; 324.726
0.98716; 325.856
0.99383; 327.252
1.0005; 328.764
1.00717; 330.301
1.01384; 331.818
1.02051; 333.294
1.02718; 334.723
1.03385; 336.107
1.04052; 337.45
1.04719; 338.759
1.05386; 340.04
1.06053; 341.298
1.0672; 342.54
1.07387; 343.769
1.08054; 344.991
1.08721; 346.209
1.09388; 347.426
1.10055; 348.643
1.10722; 349.865
1.11389; 351.091
1.12056; 352.323
1.12723; 353.562
1.1339; 354.81
1.14057; 356.065
1.14724; 357.329
1.15391; 358.602
1.16058; 359.883
1.16725; 361.172
1.17392; 362.467
1.18059; 363.77
1.18726; 365.078
1.19393; 366.39
1.2006; 367.706
1.20727; 369.025
1.21394; 370.344
1.22061; 371.662
1.22728; 372.979
1.23395; 374.292
1.24062; 375.599
1.24729; 376.9
1.25396; 378.191
1.26063; 379.472
1.2673; 380.74
1.27397; 381.993
1.28064; 383.23
1.28731; 384.448
1.29398; 385.645
1.30065; 386.82
1.30732; 387.97
1.31399; 389.094
1.32066; 390.188
1.32733; 391.252
1.334; 392.283
1.34067; 393.28
1.34734; 394.24
1.35401; 395.161
1.36068; 396.042
1.36735; 396.882
1.37402; 397.677
1.38069; 398.427
1.38736; 399.131
1.39403; 399.786
1.4007; 400.392
1.40737; 400.946
1.41404; 401.449
1.42071; 401.898
1.42738; 402.294
1.43405; 402.635
1.44072; 402.919
1.44739; 403.148
1.45406; 403.32
1.46073; 403.435
1.4674; 403.492
1.47407; 0
1.48074; 0
1.48741; 0
1.49408; 0
1.50075; 0
1.50742; 0
1.51409; 0
1.52076; 0
1.52743; 0
1.5341; 0
1.54077; 0
1.54744; 0
1.55411; 0
1.56078; 0
1.56745; 0
1.57412; 0
1.58079; 0
1.58746; 0
1.59413; 0
1.6008; 0
1.60747; 0
1.61414; 0
1.62081; 0
1.62748; 0
1.63415; 0
1.64082; 0
1.64749; 0
1.65416; 0
1.66083; 0
1.6675; 0
1.67417; 0
1.68084; 0
1.68751; 0
1.69418; 0
1.70085; 0
1.70752; 0
1.71419; 0
1.72086; 0
1.72753; 0
1.7342; 0
1.74087; 0
1.74754; 0
1.75421; 0
1.76088; 0
1.76755; 0
1.77422; 0
1.78089; 0
1.78756; 0
1.79423; 0
1.8009; 0
1.80757; 0
1.81424; 0
1.82091; 0
1.82758; 0
1.83425; 0
1.84092; 0
1.84759; 0
1.85426; 0
1.86093; 0
1.8676; 0
1.87427; 0
1.88094; 0
1.88761; 0
1.89428; 0
1.90095; 0
1.90762; 0
1.91429; 0
1.92096; 0
1.92763; 0
1.9343; 0
1.94097; 0
1.94764; 0
1.95431; 0
1.96098; 0
1.96765; 0
1.97432; 0
1.98099; 0
1.98766; 0
1.99433; 0
2.001; 0
