0.00026; 767.493
0.00052; 767.491
0.00078; 767.488
0.00104; 767.487
0.0013; 767.489
0.00156; 767.488
0.00182; 767.486
0.00208; 767.485
0.00234; 767.486
0.0026; 767.485
0.00286; 767.481
0.00312; 767.48
0.00338; 767.482
0.00364; 767.482
0.0039; 767.479
0.00416; 767.479
0.00442; 767.479
0.00468; 767.478
0.00494; 767.475
0.0052; 767.474
0.00546; 767.476
0.00572; 767.475
0.00598; 767.473
0.00624; 767.473
0.0065; 767.473
0.00676; 767.472
0.00702; 767.469
0.00728; 767.468
0.00754; 767.47
0.0078; 767.469
0.00806; 767.467
0.00832; 767.467
0.00858; 767.468
0.00884; 767.466
0.0091; 767.463
0.00936; 767.462
0.00962; 767.465
0.00988; 767.464
0.01014; 767.462
0.0104; 767.461
0.01066; 767.462
0.01092; 767.461
0.01118; 767.458
0.01144; 767.457
0.0117; 767.459
0.01196; 767.459
0.01222; 767.457
0.01248; 767.456
0.01274; 767.457
0.013; 767.456
0.01326; 767.453
0.01352; 767.452
0.01378; 767.454
0.01404; 767.454
0.0143; 767.452
0.01456; 767.452
0.01482; 767.453
0.01508; 767.452
0.01534; 767.448
0.0156; 767.447
0.01586; 767.45
0.01612; 767.449
0.01638; 767.448
0.01664; 767.447
0.0169; 767.448
0.01716; 767.447
0.01742; 767.444
0.01768; 767.443
0.01794; 767.446
0.0182; 767.445
0.01846; 767.444
0.01872; 767.443
0.01898; 767.444
0.01924; 767.443
0.0195; 767.44
0.01976; 767.439
0.02002; 767.442
0.02028; 767.442
0.02054; 767.44
0.0208; 767.44
0.02106; 767.441
0.02132; 767.44
0.02158; 767.437
0.02184; 767.436
0.0221; 767.439
0.02236; 767.438
0.02262; 767.437
0.02288; 767.436
0.02314; 767.438
0.0234; 767.437
0.02366; 767.433
0.02392; 767.433
0.02418; 767.436
0.02444; 767.435
0.0247; 767.434
0.02496; 767.434
0.02522; 767.435
0.02548; 767.434
0.02574; 767.431
0.026; 767.43
0.02626; 767.433
0.02652; 767.433
0.02678; 767.431
0.02704; 767.431
0.0273; 767.432
0.02756; 767.431
0.02782; 767.428
0.02808; 767.428
0.02834; 767.431
0.0286; 767.431
0.02886; 767.429
0.02912; 767.429
0.02938; 767.43
0.02964; 767.43
0.0299; 767.426
0.03016; 767.426
0.03042; 767.429
0.03068; 767.429
0.03094; 767.427
0.0312; 767.427
0.03146; 767.429
0.03172; 767.428
0.03198; 767.425
0.03224; 767.425
0.0325; 767.428
0.03276; 767.427
0.03302; 767.426
0.03328; 767.426
0.03354; 767.427
0.0338; 767.427
0.03406; 767.424
0.03432; 767.423
0.03458; 767.426
0.03484; 767.426
0.0351; 767.425
0.03536; 767.425
0.03562; 767.426
0.03588; 767.426
0.03614; 767.423
0.0364; 767.423
0.03666; 767.426
0.03692; 767.426
0.03718; 767.424
0.03744; 767.424
0.0377; 767.426
0.03796; 767.425
0.03822; 767.422
0.03848; 767.422
0.03874; 767.425
0.039; 767.425
0.03926; 767.424
0.03952; 767.424
0.03978; 767.426
0.04004; 767.425
0.0403; 767.422
0.04056; 767.422
0.04082; 767.425
0.04108; 767.425
0.04134; 767.424
0.0416; 767.424
0.04186; 767.426
0.04212; 767.425
0.04238; 767.422
0.04264; 767.422
0.0429; 767.425
0.04316; 767.425
0.04342; 767.424
0.04368; 767.424
0.04394; 767.426
0.0442; 767.426
0.04446; 767.423
0.04472; 767.423
0.04498; 767.426
0.04524; 767.426
0.0455; 767.425
0.04576; 767.425
0.04602; 767.427
0.04628; 767.427
0.04654; 767.424
0.0468; 767.424
0.04706; 767.427
0.04732; 767.427
0.04758; 767.426
0.04784; 767.426
0.0481; 767.428
0.04836; 767.428
0.04862; 767.425
0.04888; 767.425
0.04914; 767.428
0.0494; 767.429
0.04966; 767.428
0.04992; 767.428
0.05018; 767.43
0.05044; 767.429
0.0507; 767.427
0.05096; 767.427
0.05122; 767.43
0.05148; 767.43
0.05174; 767.429
0.052; 767.43
0.05226; 767.431
0.05252; 767.431
0.05278; 767.429
0.05304; 767.429
0.0533; 767.432
0.05356; 767.432
0.05382; 767.431
0.05408; 767.432
0.05434; 767.434
0.0546; 767.434
0.05486; 767.431
0.05512; 767.431
0.05538; 767.435
0.05564; 767.435
0.0559; 767.434
0.05616; 767.434
0.05642; 767.436
0.05668; 767.436
0.05694; 767.434
0.0572; 767.434
0.05746; 767.437
0.05772; 767.438
0.05798; 767.437
0.05824; 767.437
0.0585; 767.439
0.05876; 767.439
0.05902; 767.437
0.05928; 767.437
0.05954; 767.44
0.0598; 767.441
0.06006; 767.44
0.06032; 767.441
0.06058; 767.442
0.06084; 767.442
0.0611; 767.44
0.06136; 767.44
0.06162; 767.444
0.06188; 767.444
0.06214; 767.444
0.0624; 767.444
0.06266; 767.446
0.06292; 767.446
0.06318; 767.444
0.06344; 767.444
0.0637; 767.448
0.06396; 767.448
0.06422; 767.447
0.06448; 767.448
0.06474; 767.45
0.065; 767.45
0.06526; 767.448
0.06552; 767.448
0.06578; 767.452
0.06604; 767.452
0.0663; 767.452
0.06656; 767.452
0.06682; 767.454
0.06708; 767.454
0.06734; 767.452
0.0676; 767.453
0.06786; 767.456
0.06812; 767.457
0.06838; 767.456
0.06864; 767.457
0.0689; 767.459
0.06916; 767.459
0.06942; 767.457
0.06968; 767.457
0.06994; 767.461
0.0702; 767.462
0.07046; 767.461
0.07072; 767.462
0.07098; 767.464
0.07124; 767.464
0.0715; 767.462
0.07176; 767.462
0.07202; 767.466
0.07228; 767.467
0.07254; 767.466
0.0728; 767.467
0.07306; 767.469
0.07332; 767.47
0.07358; 767.468
0.07384; 767.468
0.0741; 767.472
0.07436; 767.473
0.07462; 767.472
0.07488; 767.473
0.07514; 767.475
0.0754; 767.476
0.07566; 767.474
0.07592; 767.474
0.07618; 767.478
0.07644; 767.479
0.0767; 767.478
0.07696; 767.479
0.07722; 767.481
0.07748; 767.482
0.07774; 767.48
0.078; 767.48
