0.00026; 743.784
0.00052; 743.793
0.00078; 743.79
0.00104; 743.786
0.0013; 743.777
0.00156; 743.782
0.00182; 743.783
0.00208; 743.781
0.00234; 743.777
0.0026; 743.779
0.00286; 743.779
0.00312; 743.777
0.00338; 743.77
0.00364; 743.775
0.0039; 743.776
0.00416; 743.774
0.00442; 743.77
0.00468; 743.772
0.00494; 743.773
0.0052; 743.77
0.00546; 743.763
0.00572; 743.768
0.00598; 743.769
0.00624; 743.767
0.0065; 743.763
0.00676; 743.766
0.00702; 743.766
0.00728; 743.764
0.00754; 743.757
0.0078; 743.762
0.00806; 743.763
0.00832; 743.761
0.00858; 743.757
0.00884; 743.76
0.0091; 743.76
0.00936; 743.757
0.00962; 743.751
0.00988; 743.756
0.01014; 743.757
0.0104; 743.755
0.01066; 743.751
0.01092; 743.754
0.01118; 743.754
0.01144; 743.752
0.0117; 743.745
0.01196; 743.751
0.01222; 743.752
0.01248; 743.75
0.01274; 743.746
0.013; 743.749
0.01326; 743.749
0.01352; 743.747
0.01378; 743.74
0.01404; 743.745
0.0143; 743.746
0.01456; 743.745
0.01482; 743.741
0.01508; 743.744
0.01534; 743.744
0.0156; 743.742
0.01586; 743.735
0.01612; 743.741
0.01638; 743.742
0.01664; 743.74
0.0169; 743.736
0.01716; 743.739
0.01742; 743.74
0.01768; 743.737
0.01794; 743.731
0.0182; 743.736
0.01846; 743.738
0.01872; 743.736
0.01898; 743.732
0.01924; 743.735
0.0195; 743.736
0.01976; 743.733
0.02002; 743.727
0.02028; 743.733
0.02054; 743.734
0.0208; 743.732
0.02106; 743.729
0.02132; 743.731
0.02158; 743.732
0.02184; 743.73
0.0221; 743.724
0.02236; 743.729
0.02262; 743.731
0.02288; 743.729
0.02314; 743.725
0.0234; 743.728
0.02366; 743.729
0.02392; 743.727
0.02418; 743.72
0.02444; 743.726
0.0247; 743.728
0.02496; 743.726
0.02522; 743.723
0.02548; 743.725
0.02574; 743.726
0.026; 743.724
0.02626; 743.718
0.02652; 743.724
0.02678; 743.725
0.02704; 743.723
0.0273; 743.72
0.02756; 743.723
0.02782; 743.724
0.02808; 743.722
0.02834; 743.716
0.0286; 743.721
0.02886; 743.723
0.02912; 743.721
0.02938; 743.718
0.02964; 743.721
0.0299; 743.722
0.03016; 743.72
0.03042; 743.714
0.03068; 743.72
0.03094; 743.721
0.0312; 743.719
0.03146; 743.716
0.03172; 743.719
0.03198; 743.72
0.03224; 743.718
0.0325; 743.712
0.03276; 743.718
0.03302; 743.72
0.03328; 743.718
0.03354; 743.715
0.0338; 743.718
0.03406; 743.719
0.03432; 743.717
0.03458; 743.711
0.03484; 743.717
0.0351; 743.719
0.03536; 743.717
0.03562; 743.714
0.03588; 743.717
0.03614; 743.718
0.0364; 743.716
0.03666; 743.71
0.03692; 743.716
0.03718; 743.718
0.03744; 743.717
0.0377; 743.714
0.03796; 743.717
0.03822; 743.718
0.03848; 743.716
0.03874; 743.71
0.039; 743.716
0.03926; 743.718
0.03952; 743.716
0.03978; 743.714
0.04004; 743.717
0.0403; 743.718
0.04056; 743.716
0.04082; 743.71
0.04108; 743.716
0.04134; 743.718
0.0416; 743.717
0.04186; 743.714
0.04212; 743.717
0.04238; 743.718
0.04264; 743.716
0.0429; 743.71
0.04316; 743.717
0.04342; 743.718
0.04368; 743.717
0.04394; 743.714
0.0442; 743.717
0.04446; 743.719
0.04472; 743.717
0.04498; 743.711
0.04524; 743.717
0.0455; 743.719
0.04576; 743.718
0.04602; 743.715
0.04628; 743.718
0.04654; 743.72
0.0468; 743.718
0.04706; 743.712
0.04732; 743.718
0.04758; 743.72
0.04784; 743.719
0.0481; 743.716
0.04836; 743.72
0.04862; 743.721
0.04888; 743.719
0.04914; 743.714
0.0494; 743.72
0.04966; 743.722
0.04992; 743.721
0.05018; 743.718
0.05044; 743.721
0.0507; 743.723
0.05096; 743.721
0.05122; 743.715
0.05148; 743.722
0.05174; 743.724
0.052; 743.723
0.05226; 743.72
0.05252; 743.723
0.05278; 743.725
0.05304; 743.723
0.0533; 743.717
0.05356; 743.724
0.05382; 743.726
0.05408; 743.725
0.05434; 743.722
0.0546; 743.726
0.05486; 743.727
0.05512; 743.725
0.05538; 743.72
0.05564; 743.726
0.0559; 743.728
0.05616; 743.727
0.05642; 743.725
0.05668; 743.728
0.05694; 743.73
0.0572; 743.728
0.05746; 743.723
0.05772; 743.729
0.05798; 743.731
0.05824; 743.73
0.0585; 743.728
0.05876; 743.731
0.05902; 743.733
0.05928; 743.731
0.05954; 743.726
0.0598; 743.732
0.06006; 743.734
0.06032; 743.734
0.06058; 743.731
0.06084; 743.735
0.0611; 743.736
0.06136; 743.735
0.06162; 743.729
0.06188; 743.736
0.06214; 743.738
0.0624; 743.737
0.06266; 743.735
0.06292; 743.738
0.06318; 743.74
0.06344; 743.739
0.0637; 743.733
0.06396; 743.74
0.06422; 743.742
0.06448; 743.741
0.06474; 743.739
0.065; 743.743
0.06526; 743.744
0.06552; 743.743
0.06578; 743.738
0.06604; 743.744
0.0663; 743.747
0.06656; 743.746
0.06682; 743.743
0.06708; 743.747
0.06734; 743.749
0.0676; 743.748
0.06786; 743.742
0.06812; 743.749
0.06838; 743.751
0.06864; 743.751
0.0689; 743.748
0.06916; 743.752
0.06942; 743.754
0.06968; 743.753
0.06994; 743.747
0.0702; 743.754
0.07046; 743.756
0.07072; 743.756
0.07098; 743.754
0.07124; 743.757
0.0715; 743.759
0.07176; 743.758
0.07202; 743.753
0.07228; 743.76
0.07254; 743.762
0.0728; 743.761
0.07306; 743.759
0.07332; 743.763
0.07358; 743.765
0.07384; 743.764
0.0741; 743.759
0.07436; 743.765
0.07462; 743.768
0.07488; 743.767
0.07514; 743.765
0.0754; 743.769
0.07566; 743.771
0.07592; 743.77
0.07618; 743.765
0.07644; 743.771
0.0767; 743.774
0.07696; 743.773
0.07722; 743.771
0.07748; 743.777
0.07774; 743.781
0.078; 743.783
