0.00026; 658.31
0.00052; 658.306
0.00078; 658.302
0.00104; 658.298
0.0013; 658.3
0.00156; 658.3
0.00182; 658.296
0.00208; 658.288
0.00234; 658.295
0.0026; 658.296
0.00286; 658.293
0.00312; 658.288
0.00338; 658.291
0.00364; 658.291
0.0039; 658.287
0.00416; 658.279
0.00442; 658.286
0.00468; 658.287
0.00494; 658.284
0.0052; 658.28
0.00546; 658.282
0.00572; 658.283
0.00598; 658.279
0.00624; 658.271
0.0065; 658.278
0.00676; 658.279
0.00702; 658.276
0.00728; 658.272
0.00754; 658.274
0.0078; 658.274
0.00806; 658.271
0.00832; 658.263
0.00858; 658.27
0.00884; 658.271
0.0091; 658.268
0.00936; 658.264
0.00962; 658.267
0.00988; 658.267
0.01014; 658.263
0.0104; 658.255
0.01066; 658.262
0.01092; 658.263
0.01118; 658.261
0.01144; 658.257
0.0117; 658.26
0.01196; 658.26
0.01222; 658.256
0.01248; 658.248
0.01274; 658.256
0.013; 658.257
0.01326; 658.254
0.01352; 658.25
0.01378; 658.253
0.01404; 658.253
0.0143; 658.25
0.01456; 658.242
0.01482; 658.249
0.01508; 658.25
0.01534; 658.248
0.0156; 658.244
0.01586; 658.247
0.01612; 658.247
0.01638; 658.244
0.01664; 658.236
0.0169; 658.243
0.01716; 658.245
0.01742; 658.242
0.01768; 658.238
0.01794; 658.241
0.0182; 658.242
0.01846; 658.238
0.01872; 658.231
0.01898; 658.238
0.01924; 658.239
0.0195; 658.237
0.01976; 658.233
0.02002; 658.236
0.02028; 658.237
0.02054; 658.233
0.0208; 658.226
0.02106; 658.233
0.02132; 658.235
0.02158; 658.232
0.02184; 658.229
0.0221; 658.232
0.02236; 658.232
0.02262; 658.229
0.02288; 658.222
0.02314; 658.229
0.0234; 658.23
0.02366; 658.228
0.02392; 658.224
0.02418; 658.228
0.02444; 658.228
0.0247; 658.225
0.02496; 658.218
0.02522; 658.225
0.02548; 658.227
0.02574; 658.225
0.026; 658.221
0.02626; 658.224
0.02652; 658.225
0.02678; 658.222
0.02704; 658.214
0.0273; 658.222
0.02756; 658.224
0.02782; 658.222
0.02808; 658.218
0.02834; 658.221
0.0286; 658.222
0.02886; 658.219
0.02912; 658.212
0.02938; 658.219
0.02964; 658.221
0.0299; 658.219
0.03016; 658.215
0.03042; 658.219
0.03068; 658.22
0.03094; 658.216
0.0312; 658.209
0.03146; 658.217
0.03172; 658.218
0.03198; 658.217
0.03224; 658.213
0.0325; 658.217
0.03276; 658.218
0.03302; 658.215
0.03328; 658.207
0.03354; 658.215
0.0338; 658.217
0.03406; 658.215
0.03432; 658.212
0.03458; 658.215
0.03484; 658.216
0.0351; 658.213
0.03536; 658.206
0.03562; 658.214
0.03588; 658.216
0.03614; 658.214
0.0364; 658.211
0.03666; 658.214
0.03692; 658.215
0.03718; 658.212
0.03744; 658.205
0.0377; 658.213
0.03796; 658.215
0.03822; 658.213
0.03848; 658.21
0.03874; 658.214
0.039; 658.215
0.03926; 658.212
0.03952; 658.205
0.03978; 658.213
0.04004; 658.215
0.0403; 658.213
0.04056; 658.21
0.04082; 658.214
0.04108; 658.215
0.04134; 658.212
0.0416; 658.205
0.04186; 658.213
0.04212; 658.215
0.04238; 658.214
0.04264; 658.21
0.0429; 658.214
0.04316; 658.216
0.04342; 658.213
0.04368; 658.206
0.04394; 658.214
0.0442; 658.216
0.04446; 658.215
0.04472; 658.211
0.04498; 658.215
0.04524; 658.216
0.0455; 658.214
0.04576; 658.207
0.04602; 658.215
0.04628; 658.217
0.04654; 658.216
0.0468; 658.213
0.04706; 658.217
0.04732; 658.218
0.04758; 658.215
0.04784; 658.209
0.0481; 658.217
0.04836; 658.219
0.04862; 658.218
0.04888; 658.215
0.04914; 658.219
0.0494; 658.22
0.04966; 658.218
0.04992; 658.211
0.05018; 658.219
0.05044; 658.221
0.0507; 658.22
0.05096; 658.217
0.05122; 658.221
0.05148; 658.222
0.05174; 658.22
0.052; 658.213
0.05226; 658.221
0.05252; 658.224
0.05278; 658.223
0.05304; 658.22
0.0533; 658.224
0.05356; 658.225
0.05382; 658.223
0.05408; 658.216
0.05434; 658.224
0.0546; 658.227
0.05486; 658.226
0.05512; 658.223
0.05538; 658.227
0.05564; 658.228
0.0559; 658.226
0.05616; 658.219
0.05642; 658.228
0.05668; 658.23
0.05694; 658.229
0.0572; 658.226
0.05746; 658.23
0.05772; 658.232
0.05798; 658.23
0.05824; 658.223
0.0585; 658.232
0.05876; 658.234
0.05902; 658.233
0.05928; 658.23
0.05954; 658.234
0.0598; 658.236
0.06006; 658.234
0.06032; 658.227
0.06058; 658.236
0.06084; 658.238
0.0611; 658.237
0.06136; 658.235
0.06162; 658.239
0.06188; 658.241
0.06214; 658.239
0.0624; 658.232
0.06266; 658.241
0.06292; 658.243
0.06318; 658.242
0.06344; 658.24
0.0637; 658.244
0.06396; 658.246
0.06422; 658.244
0.06448; 658.238
0.06474; 658.246
0.065; 658.249
0.06526; 658.248
0.06552; 658.245
0.06578; 658.25
0.06604; 658.252
0.0663; 658.249
0.06656; 658.243
0.06682; 658.252
0.06708; 658.255
0.06734; 658.254
0.0676; 658.251
0.06786; 658.256
0.06812; 658.258
0.06838; 658.256
0.06864; 658.25
0.0689; 658.258
0.06916; 658.261
0.06942; 658.26
0.06968; 658.258
0.06994; 658.262
0.0702; 658.265
0.07046; 658.263
0.07072; 658.256
0.07098; 658.265
0.07124; 658.268
0.0715; 658.267
0.07176; 658.265
0.07202; 658.269
0.07228; 658.271
0.07254; 658.27
0.0728; 658.263
0.07306; 658.272
0.07332; 658.275
0.07358; 658.274
0.07384; 658.272
0.0741; 658.277
0.07436; 658.279
0.07462; 658.277
0.07488; 658.271
0.07514; 658.28
0.0754; 658.283
0.07566; 658.282
0.07592; 658.28
0.07618; 658.285
0.07644; 658.287
0.0767; 658.285
0.07696; 658.279
0.07722; 658.288
0.07748; 658.291
0.07774; 658.29
0.078; 658.287
