0.00026; 351.88
0.00052; 351.891
0.00078; 351.899
0.00104; 351.905
0.0013; 351.921
0.00156; 351.949
0.00182; 351.981
0.00208; 352.011
0.00234; 352.051
0.0026; 352.106
0.00286; 352.168
0.00312; 352.226
0.00338; 352.295
0.00364; 352.376
0.0039; 352.462
0.00416; 352.545
0.00442; 352.638
0.00468; 352.748
0.00494; 352.864
0.0052; 352.977
0.00546; 353.102
0.00572; 353.239
0.00598; 353.381
0.00624; 353.521
0.0065; 353.671
0.00676; 353.84
0.00702; 354.017
0.00728; 354.189
0.00754; 354.374
0.0078; 354.574
0.00806; 354.778
0.00832; 354.98
0.00858; 355.195
0.00884; 355.429
0.0091; 355.672
0.00936; 355.911
0.00962; 356.164
0.00988; 356.432
0.01014; 356.707
0.0104; 356.979
0.01066; 357.264
0.01092; 357.572
0.01118; 357.889
0.01144; 358.202
0.0117; 358.53
0.01196; 358.876
0.01222; 359.229
0.01248; 359.577
0.01274; 359.941
0.013; 360.331
0.01326; 360.731
0.01352; 361.125
0.01378; 361.536
0.01404; 361.968
0.0143; 362.406
0.01456; 362.84
0.01482; 363.29
0.01508; 363.769
0.01534; 364.259
0.0156; 364.741
0.01586; 365.243
0.01612; 365.767
0.01638; 366.298
0.01664; 366.823
0.0169; 367.366
0.01716; 367.941
0.01742; 368.528
0.01768; 369.105
0.01794; 369.704
0.0182; 370.326
0.01846; 370.956
0.01872; 371.578
0.01898; 372.22
0.01924; 372.896
0.0195; 373.585
0.01976; 374.263
0.02002; 374.963
0.02028; 375.689
0.02054; 376.422
0.0208; 377.146
0.02106; 377.89
0.02132; 378.672
0.02158; 379.467
0.02184; 380.249
0.0221; 381.054
0.02236; 381.887
0.02262; 382.726
0.02288; 383.555
0.02314; 384.405
0.0234; 385.295
0.02366; 386.198
0.02392; 387.085
0.02418; 387.998
0.02444; 388.938
0.0247; 389.886
0.02496; 390.819
0.02522; 391.775
0.02548; 392.773
0.02574; 393.783
0.026; 394.775
0.02626; 395.792
0.02652; 396.839
0.02678; 397.89
0.02704; 398.925
0.0273; 399.982
0.02756; 401.083
0.02782; 402.194
0.02808; 403.283
0.02834; 404.397
0.0286; 405.54
0.02886; 406.685
0.02912; 407.81
0.02938; 408.956
0.02964; 410.145
0.0299; 411.342
0.03016; 412.513
0.03042; 413.707
0.03068; 414.929
0.03094; 416.15
0.0312; 417.346
0.03146; 418.562
0.03172; 419.819
0.03198; 421.082
0.03224; 422.314
0.0325; 423.569
0.03276; 424.848
0.03302; 426.125
0.03328; 427.375
0.03354; 428.642
0.0338; 429.951
0.03406; 431.264
0.03432; 432.544
0.03458; 433.846
0.03484; 435.173
0.0351; 436.497
0.03536; 437.792
0.03562; 439.106
0.03588; 440.462
0.03614; 441.824
0.0364; 443.152
0.03666; 444.503
0.03692; 445.881
0.03718; 447.257
0.03744; 448.605
0.0377; 449.974
0.03796; 451.387
0.03822; 452.808
0.03848; 454.197
0.03874; 455.611
0.039; 457.055
0.03926; 458.499
0.03952; 459.918
0.03978; 461.36
0.04004; 462.849
0.0403; 464.347
0.04056; 465.818
0.04082; 467.317
0.04108; 468.847
0.04134; 470.381
0.0416; 471.893
0.04186; 473.431
0.04212; 475.018
0.04238; 476.618
0.04264; 478.194
0.0429; 479.8
0.04316; 481.44
0.04342; 483.087
0.04368; 484.716
0.04394; 486.374
0.0442; 488.082
0.04446; 489.806
0.04472; 491.51
0.04498; 493.247
0.04524; 495.019
0.0455; 496.801
0.04576; 498.57
0.04602; 500.369
0.04628; 502.22
0.04654; 504.088
0.0468; 505.941
0.04706; 507.828
0.04732; 509.752
0.04758; 511.689
0.04784; 513.615
0.0481; 515.574
0.04836; 517.583
0.04862; 519.613
0.04888; 521.63
0.04914; 523.682
0.0494; 525.772
0.04966; 527.875
0.04992; 529.972
0.05018; 532.101
0.05044; 534.279
0.0507; 536.478
0.05096; 538.669
0.05122; 540.893
0.05148; 543.152
0.05174; 545.427
0.052; 547.698
0.05226; 549.999
0.05252; 552.346
0.05278; 554.711
0.05304; 557.072
0.0533; 559.463
0.05356; 561.885
0.05382; 564.321
0.05408; 566.755
0.05434; 569.216
0.0546; 571.714
0.05486; 574.229
0.05512; 576.739
0.05538; 579.273
0.05564; 581.832
0.0559; 584.4
0.05616; 586.965
0.05642; 589.548
0.05668; 592.159
0.05694; 594.779
0.0572; 597.391
0.05746; 600.017
0.05772; 602.657
0.05798; 605.298
0.05824; 607.929
0.0585; 610.567
0.05876; 613.217
0.05902; 615.865
0.05928; 618.495
0.05954; 621.126
0.0598; 623.754
0.06006; 626.371
0.06032; 628.966
0.06058; 631.552
0.06084; 634.131
0.0611; 636.693
0.06136; 639.225
0.06162; 641.741
0.06188; 644.236
0.06214; 646.705
0.0624; 649.139
0.06266; 651.547
0.06292; 653.928
0.06318; 656.273
0.06344; 658.573
0.0637; 660.831
0.06396; 663.042
0.06422; 665.195
0.06448; 667.281
0.06474; 669.295
0.065; 671.232
0.06526; 673.08
0.06552; 674.829
0.06578; 676.48
0.06604; 678.031
0.0663; 679.48
0.06656; 680.827
0.06682; 682.078
0.06708; 683.24
0.06734; 684.313
0.0676; 685.301
0.06786; 686.211
0.06812; 687.048
0.06838; 687.814
0.06864; 688.512
0.0689; 689.15
0.06916; 689.731
0.06942; 690.258
0.06968; 690.734
0.06994; 691.166
0.0702; 691.559
0.07046; 691.915
0.07072; 692.238
0.07098; 692.533
0.07124; 692.804
0.0715; 693.052
0.07176; 693.279
0.07202; 693.488
0.07228; 693.682
0.07254; 693.861
0.0728; 694.026
0.07306; 694.179
0.07332; 694.322
0.07358; 694.455
0.07384; 694.578
0.0741; 694.692
0.07436; 694.799
0.07462; 694.898
0.07488; 694.989
0.07514; 695.073
0.0754; 695.151
0.07566; 695.222
0.07592; 695.286
0.07618; 695.344
0.07644; 695.395
0.0767; 695.439
0.07696; 695.476
0.07722; 695.507
0.07748; 695.53
0.07774; 695.546
0.078; 695.553
