0.00667; 0
0.01334; 0
0.02001; 0
0.02668; 0
0.03335; 0
0.04002; 0
0.04669; 0
0.05336; 0
0.06003; 0
0.0667; 0
0.07337; 0
0.08004; 0
0.08671; 0
0.09338; 0
0.10005; 0
0.10672; 0
0.11339; 0
0.12006; 0
0.12673; 0
0.1334; 0
0.14007; 0
0.14674; 0
0.15341; 0
0.16008; 0
0.16675; 0
0.17342; 0
0.18009; 0
0.18676; 0
0.19343; 0
0.2001; 0
0.20677; 0
0.21344; 0
0.22011; 0
0.22678; 0
0.23345; 0
0.24012; 0
0.24679; 0
0.25346; 0
0.26013; 0
0.2668; 0
0.27347; 0
0.28014; 0
0.28681; 0
0.29348; 0
0.30015; 0
0.30682; 0
0.31349; 0
0.32016; 0
0.32683; 0
0.3335; 0
0.34017; 0
0.34684; 0
0.35351; 0
0.36018; 0
0.36685; 0
0.37352; 0
0.38019; 0
0.38686; 0
0.39353; 0
0.4002; 0
0.40687; 0
0.41354; 0
0.42021; 0
0.42688; 0
0.43355; 0
0.44022; 0
0.44689; 0
0.45356; 0
0.46023; 0
0.4669; 0
0.47357; 658.803
0.48024; 658.736
0.48691; 658.6
0.49358; 658.397
0.50025; 658.127
0.50692; 657.789
0.51359; 657.384
0.52026; 656.912
0.52693; 656.374
0.5336; 655.77
0.54027; 655.101
0.54694; 654.366
0.55361; 653.567
0.56028; 652.703
0.56695; 651.776
0.57362; 650.785
0.58029; 649.732
0.58696; 648.617
0.59363; 647.441
0.6003; 646.204
0.60697; 644.906
0.61364; 643.549
0.62031; 642.133
0.62698; 640.658
0.63365; 639.125
0.64032; 637.534
0.64699; 635.885
0.65366; 634.179
0.66033; 632.417
0.667; 630.597
0.67367; 628.721
0.68034; 626.788
0.68701; 624.798
0.69368; 622.751
0.70035; 620.647
0.70702; 618.484
0.71369; 616.262
0.72036; 613.98
0.72703; 611.637
0.7337; 609.231
0.74037; 606.762
0.74704; 604.226
0.75371; 601.622
0.76038; 598.947
0.76705; 596.199
0.77372; 593.373
0.78039; 590.466
0.78706; 587.474
0.79373; 584.392
0.8004; 581.213
0.80707; 577.932
0.81374; 574.542
0.82041; 571.034
0.82708; 567.399
0.83375; 563.626
0.84042; 559.704
0.84709; 555.62
0.85376; 551.357
0.86043; 546.898
0.8671; 542.224
0.87377; 537.312
0.88044; 532.138
0.88711; 526.671
0.89378; 520.882
0.90045; 514.736
0.90712; 508.198
0.91379; 501.235
0.92046; 493.824
0.92713; 485.963
0.9338; 477.693
0.94047; 469.147
0.94714; 460.611
0.95381; 452.633
0.96048; 446.115
0.96715; 442.295
0.97382; 442.295
0.98049; 446.115
0.98716; 452.633
0.99383; 460.611
1.0005; 469.147
1.00717; 477.693
1.01384; 485.963
1.02051; 493.824
1.02718; 501.235
1.03385; 508.198
1.04052; 514.736
1.04719; 520.882
1.05386; 526.671
1.06053; 532.138
1.0672; 537.312
1.07387; 542.224
1.08054; 546.898
1.08721; 551.357
1.09388; 555.62
1.10055; 559.704
1.10722; 563.626
1.11389; 567.399
1.12056; 571.034
1.12723; 574.542
1.1339; 577.932
1.14057; 581.213
1.14724; 584.392
1.15391; 587.474
1.16058; 590.466
1.16725; 593.373
1.17392; 596.199
1.18059; 598.947
1.18726; 601.622
1.19393; 604.226
1.2006; 606.762
1.20727; 609.231
1.21394; 611.637
1.22061; 613.98
1.22728; 616.262
1.23395; 618.484
1.24062; 620.647
1.24729; 622.751
1.25396; 624.798
1.26063; 626.788
1.2673; 628.721
1.27397; 630.597
1.28064; 632.417
1.28731; 634.179
1.29398; 635.885
1.30065; 637.534
1.30732; 639.125
1.31399; 640.658
1.32066; 642.133
1.32733; 643.549
1.334; 644.906
1.34067; 646.204
1.34734; 647.441
1.35401; 648.617
1.36068; 649.732
1.36735; 650.785
1.37402; 651.776
1.38069; 652.703
1.38736; 653.567
1.39403; 654.366
1.4007; 655.101
1.40737; 655.77
1.41404; 656.374
1.42071; 656.912
1.42738; 657.384
1.43405; 657.789
1.44072; 658.127
1.44739; 658.397
1.45406; 658.6
1.46073; 658.736
1.4674; 658.803
1.47407; 0
1.48074; 0
1.48741; 0
1.49408; 0
1.50075; 0
1.50742; 0
1.51409; 0
1.52076; 0
1.52743; 0
1.5341; 0
1.54077; 0
1.54744; 0
1.55411; 0
1.56078; 0
1.56745; 0
1.57412; 0
1.58079; 0
1.58746; 0
1.59413; 0
1.6008; 0
1.60747; 0
1.61414; 0
1.62081; 0
1.62748; 0
1.63415; 0
1.64082; 0
1.64749; 0
1.65416; 0
1.66083; 0
1.6675; 0
1.67417; 0
1.68084; 0
1.68751; 0
1.69418; 0
1.70085; 0
1.70752; 0
1.71419; 0
1.72086; 0
1.72753; 0
1.7342; 0
1.74087; 0
1.74754; 0
1.75421; 0
1.76088; 0
1.76755; 0
1.77422; 0
1.78089; 0
1.78756; 0
1.79423; 0
1.8009; 0
1.80757; 0
1.81424; 0
1.82091; 0
1.82758; 0
1.83425; 0
1.84092; 0
1.84759; 0
1.85426; 0
1.86093; 0
1.8676; 0
1.87427; 0
1.88094; 0
1.88761; 0
1.89428; 0
1.90095; 0
1.90762; 0
1.91429; 0
1.92096; 0
1.92763; 0
1.9343; 0
1.94097; 0
1.94764; 0
1.95431; 0
1.96098; 0
1.96765; 0
1.97432; 0
1.98099; 0
1.98766; 0
1.99433; 0
2.001; 0
