0.00667; 0
0.01334; 0
0.02001; 0
0.02668; 0
0.03335; 0
0.04002; 0
0.04669; 0
0.05336; 0
0.06003; 0
0.0667; 0
0.07337; 0
0.08004; 0
0.08671; 0
0.09338; 0
0.10005; 0
0.10672; 0
0.11339; 0
0.12006; 0
0.12673; 0
0.1334; 0
0.14007; 0
0.14674; 0
0.15341; 0
0.16008; 0
0.16675; 0
0.17342; 0
0.18009; 0
0.18676; 0
0.19343; 0
0.2001; 0
0.20677; 0
0.21344; 0
0.22011; 0
0.22678; 0
0.23345; 0
0.24012; 0
0.24679; 0
0.25346; 0
0.26013; 0
0.2668; 0
0.27347; 0
0.28014; 0
0.28681; 0
0.29348; 0
0.30015; 0
0.30682; 0
0.31349; 0
0.32016; 0
0.32683; 0
0.3335; 0
0.34017; 0
0.34684; 0
0.35351; 0
0.36018; 0
0.36685; 0
0.37352; 0
0.38019; 0
0.38686; 0
0.39353; 0
0.4002; 0
0.40687; 0
0.41354; 0
0.42021; 0
0.42688; 0
0.43355; 0
0.44022; 0
0.44689; 0
0.45356; 0
0.46023; 0
0.4669; 0
0.47357; 305.415
0.48024; 305.407
0.48691; 305.391
0.49358; 305.367
0.50025; 305.335
0.50692; 305.296
0.51359; 305.249
0.52026; 305.194
0.52693; 305.132
0.5336; 305.064
0.54027; 304.989
0.54694; 304.908
0.55361; 304.821
0.56028; 304.728
0.56695; 304.63
0.57362; 304.527
0.58029; 304.42
0.58696; 304.309
0.59363; 304.195
0.6003; 304.077
0.60697; 303.957
0.61364; 303.834
0.62031; 303.71
0.62698; 303.584
0.63365; 303.457
0.64032; 303.33
0.64699; 303.203
0.65366; 303.075
0.66033; 302.949
0.667; 302.823
0.67367; 302.699
0.68034; 302.576
0.68701; 302.455
0.69368; 302.336
0.70035; 302.22
0.70702; 302.106
0.71369; 301.995
0.72036; 301.887
0.72703; 301.782
0.7337; 301.681
0.74037; 301.583
0.74704; 301.489
0.75371; 301.398
0.76038; 301.311
0.76705; 301.227
0.77372; 301.147
0.78039; 301.071
0.78706; 300.998
0.79373; 300.93
0.8004; 300.864
0.80707; 300.802
0.81374; 300.744
0.82041; 300.689
0.82708; 300.638
0.83375; 300.589
0.84042; 300.544
0.84709; 300.501
0.85376; 300.462
0.86043; 300.425
0.8671; 300.391
0.87377; 300.359
0.88044; 300.33
0.88711; 300.303
0.89378; 300.278
0.90045; 300.255
0.90712; 300.235
0.91379; 300.215
0.92046; 300.198
0.92713; 300.182
0.9338; 300.167
0.94047; 300.154
0.94714; 300.142
0.95381; 300.133
0.96048; 300.125
0.96715; 300.121
0.97382; 300.121
0.98049; 300.125
0.98716; 300.133
0.99383; 300.142
1.0005; 300.154
1.00717; 300.167
1.01384; 300.182
1.02051; 300.198
1.02718; 300.215
1.03385; 300.235
1.04052; 300.255
1.04719; 300.278
1.05386; 300.303
1.06053; 300.33
1.0672; 300.359
1.07387; 300.391
1.08054; 300.425
1.08721; 300.462
1.09388; 300.501
1.10055; 300.544
1.10722; 300.589
1.11389; 300.638
1.12056; 300.689
1.12723; 300.744
1.1339; 300.802
1.14057; 300.864
1.14724; 300.93
1.15391; 300.998
1.16058; 301.071
1.16725; 301.147
1.17392; 301.227
1.18059; 301.311
1.18726; 301.398
1.19393; 301.489
1.2006; 301.583
1.20727; 301.681
1.21394; 301.782
1.22061; 301.887
1.22728; 301.995
1.23395; 302.106
1.24062; 302.22
1.24729; 302.336
1.25396; 302.455
1.26063; 302.576
1.2673; 302.699
1.27397; 302.823
1.28064; 302.949
1.28731; 303.075
1.29398; 303.203
1.30065; 303.33
1.30732; 303.457
1.31399; 303.584
1.32066; 303.71
1.32733; 303.834
1.334; 303.957
1.34067; 304.077
1.34734; 304.195
1.35401; 304.309
1.36068; 304.42
1.36735; 304.527
1.37402; 304.63
1.38069; 304.728
1.38736; 304.821
1.39403; 304.908
1.4007; 304.989
1.40737; 305.064
1.41404; 305.132
1.42071; 305.194
1.42738; 305.249
1.43405; 305.296
1.44072; 305.335
1.44739; 305.367
1.45406; 305.391
1.46073; 305.407
1.4674; 305.415
1.47407; 0
1.48074; 0
1.48741; 0
1.49408; 0
1.50075; 0
1.50742; 0
1.51409; 0
1.52076; 0
1.52743; 0
1.5341; 0
1.54077; 0
1.54744; 0
1.55411; 0
1.56078; 0
1.56745; 0
1.57412; 0
1.58079; 0
1.58746; 0
1.59413; 0
1.6008; 0
1.60747; 0
1.61414; 0
1.62081; 0
1.62748; 0
1.63415; 0
1.64082; 0
1.64749; 0
1.65416; 0
1.66083; 0
1.6675; 0
1.67417; 0
1.68084; 0
1.68751; 0
1.69418; 0
1.70085; 0
1.70752; 0
1.71419; 0
1.72086; 0
1.72753; 0
1.7342; 0
1.74087; 0
1.74754; 0
1.75421; 0
1.76088; 0
1.76755; 0
1.77422; 0
1.78089; 0
1.78756; 0
1.79423; 0
1.8009; 0
1.80757; 0
1.81424; 0
1.82091; 0
1.82758; 0
1.83425; 0
1.84092; 0
1.84759; 0
1.85426; 0
1.86093; 0
1.8676; 0
1.87427; 0
1.88094; 0
1.88761; 0
1.89428; 0
1.90095; 0
1.90762; 0
1.91429; 0
1.92096; 0
1.92763; 0
1.9343; 0
1.94097; 0
1.94764; 0
1.95431; 0
1.96098; 0
1.96765; 0
1.97432; 0
1.98099; 0
1.98766; 0
1.99433; 0
2.001; 0
