0.00026; 414.403
0.00052; 414.403
0.00078; 414.403
0.00104; 414.403
0.0013; 414.403
0.00156; 414.403
0.00182; 414.403
0.00208; 414.403
0.00234; 414.403
0.0026; 414.403
0.00286; 414.403
0.00312; 414.403
0.00338; 414.403
0.00364; 414.403
0.0039; 414.403
0.00416; 414.403
0.00442; 414.403
0.00468; 414.403
0.00494; 414.403
0.0052; 414.403
0.00546; 414.403
0.00572; 414.403
0.00598; 414.403
0.00624; 414.403
0.0065; 414.403
0.00676; 414.403
0.00702; 414.403
0.00728; 414.403
0.00754; 414.403
0.0078; 414.403
0.00806; 414.403
0.00832; 414.403
0.00858; 414.403
0.00884; 414.403
0.0091; 414.403
0.00936; 414.403
0.00962; 414.403
0.00988; 414.403
0.01014; 414.403
0.0104; 414.403
0.01066; 414.403
0.01092; 414.403
0.01118; 414.403
0.01144; 414.403
0.0117; 414.403
0.01196; 414.403
0.01222; 414.403
0.01248; 414.403
0.01274; 414.403
0.013; 414.403
0.01326; 414.403
0.01352; 414.403
0.01378; 414.403
0.01404; 414.403
0.0143; 414.403
0.01456; 414.403
0.01482; 414.403
0.01508; 414.403
0.01534; 414.403
0.0156; 414.403
0.01586; 414.403
0.01612; 414.402
0.01638; 414.402
0.01664; 414.402
0.0169; 414.402
0.01716; 414.402
0.01742; 414.402
0.01768; 414.402
0.01794; 414.402
0.0182; 414.402
0.01846; 414.402
0.01872; 414.402
0.01898; 414.402
0.01924; 414.402
0.0195; 414.402
0.01976; 414.402
0.02002; 414.402
0.02028; 414.402
0.02054; 414.402
0.0208; 414.402
0.02106; 414.402
0.02132; 414.402
0.02158; 414.402
0.02184; 414.402
0.0221; 414.402
0.02236; 414.402
0.02262; 414.402
0.02288; 414.402
0.02314; 414.402
0.0234; 414.402
0.02366; 414.402
0.02392; 414.402
0.02418; 414.402
0.02444; 414.402
0.0247; 414.402
0.02496; 414.402
0.02522; 414.402
0.02548; 414.402
0.02574; 414.402
0.026; 414.402
0.02626; 414.402
0.02652; 414.402
0.02678; 414.402
0.02704; 414.402
0.0273; 414.402
0.02756; 414.402
0.02782; 414.402
0.02808; 414.402
0.02834; 414.402
0.0286; 414.402
0.02886; 414.402
0.02912; 414.402
0.02938; 414.402
0.02964; 414.402
0.0299; 414.402
0.03016; 414.402
0.03042; 414.402
0.03068; 414.402
0.03094; 414.402
0.0312; 414.402
0.03146; 414.402
0.03172; 414.402
0.03198; 414.402
0.03224; 414.401
0.0325; 414.401
0.03276; 414.401
0.03302; 414.401
0.03328; 414.401
0.03354; 414.401
0.0338; 414.401
0.03406; 414.401
0.03432; 414.401
0.03458; 414.401
0.03484; 414.401
0.0351; 414.401
0.03536; 414.401
0.03562; 414.401
0.03588; 414.401
0.03614; 414.401
0.0364; 414.401
0.03666; 414.401
0.03692; 414.401
0.03718; 414.401
0.03744; 414.401
0.0377; 414.401
0.03796; 414.401
0.03822; 414.401
0.03848; 414.401
0.03874; 414.401
0.039; 414.401
0.03926; 414.401
0.03952; 414.401
0.03978; 414.401
0.04004; 414.401
0.0403; 414.401
0.04056; 414.401
0.04082; 414.401
0.04108; 414.401
0.04134; 414.401
0.0416; 414.401
0.04186; 414.401
0.04212; 414.401
0.04238; 414.401
0.04264; 414.401
0.0429; 414.401
0.04316; 414.401
0.04342; 414.401
0.04368; 414.401
0.04394; 414.401
0.0442; 414.401
0.04446; 414.401
0.04472; 414.401
0.04498; 414.401
0.04524; 414.402
0.0455; 414.402
0.04576; 414.402
0.04602; 414.402
0.04628; 414.402
0.04654; 414.402
0.0468; 414.402
0.04706; 414.402
0.04732; 414.402
0.04758; 414.402
0.04784; 414.402
0.0481; 414.402
0.04836; 414.402
0.04862; 414.402
0.04888; 414.402
0.04914; 414.402
0.0494; 414.402
0.04966; 414.402
0.04992; 414.402
0.05018; 414.402
0.05044; 414.402
0.0507; 414.402
0.05096; 414.402
0.05122; 414.402
0.05148; 414.402
0.05174; 414.402
0.052; 414.402
0.05226; 414.402
0.05252; 414.402
0.05278; 414.402
0.05304; 414.402
0.0533; 414.402
0.05356; 414.402
0.05382; 414.402
0.05408; 414.402
0.05434; 414.402
0.0546; 414.402
0.05486; 414.402
0.05512; 414.402
0.05538; 414.402
0.05564; 414.402
0.0559; 414.402
0.05616; 414.402
0.05642; 414.402
0.05668; 414.402
0.05694; 414.402
0.0572; 414.402
0.05746; 414.402
0.05772; 414.402
0.05798; 414.402
0.05824; 414.402
0.0585; 414.402
0.05876; 414.402
0.05902; 414.402
0.05928; 414.402
0.05954; 414.402
0.0598; 414.402
0.06006; 414.402
0.06032; 414.402
0.06058; 414.402
0.06084; 414.402
0.0611; 414.402
0.06136; 414.402
0.06162; 414.402
0.06188; 414.402
0.06214; 414.402
0.0624; 414.403
0.06266; 414.403
0.06292; 414.403
0.06318; 414.403
0.06344; 414.403
0.0637; 414.403
0.06396; 414.403
0.06422; 414.403
0.06448; 414.403
0.06474; 414.403
0.065; 414.403
0.06526; 414.403
0.06552; 414.403
0.06578; 414.403
0.06604; 414.403
0.0663; 414.403
0.06656; 414.403
0.06682; 414.403
0.06708; 414.403
0.06734; 414.403
0.0676; 414.403
0.06786; 414.403
0.06812; 414.403
0.06838; 414.403
0.06864; 414.403
0.0689; 414.403
0.06916; 414.403
0.06942; 414.403
0.06968; 414.403
0.06994; 414.403
0.0702; 414.403
0.07046; 414.403
0.07072; 414.403
0.07098; 414.403
0.07124; 414.403
0.0715; 414.403
0.07176; 414.403
0.07202; 414.403
0.07228; 414.403
0.07254; 414.403
0.0728; 414.403
0.07306; 414.403
0.07332; 414.403
0.07358; 414.403
0.07384; 414.403
0.0741; 414.403
0.07436; 414.403
0.07462; 414.403
0.07488; 414.403
0.07514; 414.403
0.0754; 414.403
0.07566; 414.403
0.07592; 414.403
0.07618; 414.403
0.07644; 414.403
0.0767; 414.403
0.07696; 414.403
0.07722; 414.403
0.07748; 414.403
0.07774; 414.403
0.078; 414.403
