0.00026; 0
0.00052; 0
0.00078; 0
0.00104; 0
0.0013; 0
0.00156; 0
0.00182; 0
0.00208; 0
0.00234; 0
0.0026; 0
0.00286; 0
0.00312; 0
0.00338; 0
0.00364; 0
0.0039; 0
0.00416; 0
0.00442; 0
0.00468; 0
0.00494; 0
0.0052; 0
0.00546; 0
0.00572; 0
0.00598; 0
0.00624; 0
0.0065; 0
0.00676; 0
0.00702; 0
0.00728; 0
0.00754; 0
0.0078; 0
0.00806; 0
0.00832; 0
0.00858; 0
0.00884; 0
0.0091; 0
0.00936; 0
0.00962; 0
0.00988; 0
0.01014; 0
0.0104; 0
0.01066; 0
0.01092; 0
0.01118; 0
0.01144; 0
0.0117; 0
0.01196; 0
0.01222; 0
0.01248; 0
0.01274; 0
0.013; 0
0.01326; 0
0.01352; 0
0.01378; 0
0.01404; 0
0.0143; 0
0.01456; 0
0.01482; 0
0.01508; 0
0.01534; 0
0.0156; 0
0.01586; 0
0.01612; 0
0.01638; 0
0.01664; 0
0.0169; 0
0.01716; 0
0.01742; 0
0.01768; 0
0.01794; 0
0.0182; 0
0.01846; 0
0.01872; 0
0.01898; 0
0.01924; 0
0.0195; 554.864
0.01976; 554.918
0.02002; 555.024
0.02028; 555.184
0.02054; 555.398
0.0208; 555.664
0.02106; 555.982
0.02132; 556.349
0.02158; 556.758
0.02184; 557.203
0.0221; 557.67
0.02236; 558.141
0.02262; 558.601
0.02288; 559.037
0.02314; 559.442
0.0234; 559.815
0.02366; 560.156
0.02392; 560.47
0.02418; 560.756
0.02444; 561.02
0.0247; 561.262
0.02496; 561.487
0.02522; 561.694
0.02548; 561.886
0.02574; 562.063
0.026; 562.228
0.02626; 562.38
0.02652; 562.521
0.02678; 562.65
0.02704; 562.77
0.0273; 562.88
0.02756; 562.98
0.02782; 563.07
0.02808; 563.153
0.02834; 563.225
0.0286; 563.289
0.02886; 563.344
0.02912; 563.392
0.02938; 563.431
0.02964; 563.462
0.0299; 563.484
0.03016; 563.5
0.03042; 563.507
0.03068; 563.507
0.03094; 563.499
0.0312; 563.485
0.03146; 563.464
0.03172; 563.437
0.03198; 563.402
0.03224; 563.363
0.0325; 563.317
0.03276; 563.267
0.03302; 563.213
0.03328; 563.156
0.03354; 563.096
0.0338; 563.033
0.03406; 562.968
0.03432; 562.905
0.03458; 562.84
0.03484; 562.778
0.0351; 562.717
0.03536; 562.662
0.03562; 562.61
0.03588; 562.564
0.03614; 562.524
0.0364; 562.494
0.03666; 562.471
0.03692; 562.458
0.03718; 562.456
0.03744; 562.466
0.0377; 562.489
0.03796; 562.524
0.03822; 562.572
0.03848; 562.636
0.03874; 562.712
0.039; 562.804
0.03926; 562.909
0.03952; 563.03
0.03978; 563.165
0.04004; 563.314
0.0403; 563.477
0.04056; 563.656
0.04082; 563.848
0.04108; 564.055
0.04134; 564.278
0.0416; 564.517
0.04186; 564.771
0.04212; 565.041
0.04238; 565.325
0.04264; 565.624
0.0429; 565.936
0.04316; 566.258
0.04342; 566.59
0.04368; 566.932
0.04394; 567.282
0.0442; 567.639
0.04446; 568
0.04472; 568.37
0.04498; 568.742
0.04524; 569.117
0.0455; 569.495
0.04576; 569.875
0.04602; 570.254
0.04628; 570.633
0.04654; 571.009
0.0468; 571.384
0.04706; 571.754
0.04732; 572.119
0.04758; 572.48
0.04784; 572.837
0.0481; 573.187
0.04836; 573.53
0.04862; 573.864
0.04888; 574.194
0.04914; 574.513
0.0494; 574.825
0.04966; 575.128
0.04992; 575.424
0.05018; 575.711
0.05044; 575.988
0.0507; 576.254
0.05096; 576.515
0.05122; 576.764
0.05148; 577.004
0.05174; 577.234
0.052; 577.458
0.05226; 577.671
0.05252; 577.875
0.05278; 578.067
0.05304; 578.254
0.0533; 578.429
0.05356; 578.595
0.05382; 578.751
0.05408; 578.9
0.05434; 579.04
0.0546; 579.17
0.05486; 579.288
0.05512; 579.401
0.05538; 579.501
0.05564; 579.593
0.0559; 579.675
0.05616; 579.751
0.05642; 579.816
0.05668; 579.872
0.05694; 579.916
0.0572; 579.954
0.05746; 579.98
0.05772; 579.997
0.05798; 580.005
0.05824; 0
0.0585; 0
0.05876; 0
0.05902; 0
0.05928; 0
0.05954; 0
0.0598; 0
0.06006; 0
0.06032; 0
0.06058; 0
0.06084; 0
0.0611; 0
0.06136; 0
0.06162; 0
0.06188; 0
0.06214; 0
0.0624; 0
0.06266; 0
0.06292; 0
0.06318; 0
0.06344; 0
0.0637; 0
0.06396; 0
0.06422; 0
0.06448; 0
0.06474; 0
0.065; 0
0.06526; 0
0.06552; 0
0.06578; 0
0.06604; 0
0.0663; 0
0.06656; 0
0.06682; 0
0.06708; 0
0.06734; 0
0.0676; 0
0.06786; 0
0.06812; 0
0.06838; 0
0.06864; 0
0.0689; 0
0.06916; 0
0.06942; 0
0.06968; 0
0.06994; 0
0.0702; 0
0.07046; 0
0.07072; 0
0.07098; 0
0.07124; 0
0.0715; 0
0.07176; 0
0.07202; 0
0.07228; 0
0.07254; 0
0.0728; 0
0.07306; 0
0.07332; 0
0.07358; 0
0.07384; 0
0.0741; 0
0.07436; 0
0.07462; 0
0.07488; 0
0.07514; 0
0.0754; 0
0.07566; 0
0.07592; 0
0.07618; 0
0.07644; 0
0.0767; 0
0.07696; 0
0.07722; 0
0.07748; 0
0.07774; 0
0.078; 0
