0.0026; 746.081
0.0052; 746.213
0.0078; 746.331
0.0104; 746.554
0.013; 746.862
0.0156; 747.229
0.0182; 747.624
0.0208; 748.02
0.0234; 748.396
0.026; 748.735
0.0286; 749.027
0.0312; 749.27
0.0338; 749.465
0.0364; 749.616
0.039; 749.73
0.0416; 749.813
0.0442; 749.871
0.0468; 749.912
0.0494; 749.938
0.052; 749.954
0.0546; 749.963
0.0572; 749.967
0.0598; 749.968
0.0624; 749.966
0.065; 749.962
0.0676; 749.958
0.0702; 749.953
0.0728; 749.949
0.0754; 749.945
0.078; 749.942
0.0806; 749.941
0.0832; 749.941
0.0858; 749.943
0.0884; 749.946
0.091; 749.95
0.0936; 749.955
0.0962; 749.961
0.0988; 749.967
0.1014; 749.972
0.104; 749.977
0.1066; 749.982
0.1092; 749.986
0.1118; 749.989
0.1144; 749.992
0.117; 749.994
0.1196; 749.996
0.1222; 749.997
0.1248; 749.998
0.1274; 749.999
0.13; 749.999
0.1326; 749.999
0.1352; 750
0.1378; 750
0.1404; 750
0.143; 750
0.1456; 750
0.1482; 750
0.1508; 750
0.1534; 750
0.156; 749.999
0.1586; 749.999
0.1612; 749.998
0.1638; 749.997
0.1664; 749.995
0.169; 749.993
0.1716; 749.988
0.1742; 749.98
0.1768; 749.967
0.1794; 749.948
0.182; 749.917
0.1846; 749.871
0.1872; 749.803
0.1898; 749.703
0.1924; 749.562
0.195; 749.366
0.1976; 749.1
0.2002; 748.751
0.2028; 748.304
0.2054; 747.75
0.208; 747.087
0.2106; 746.32
0.2132; 745.469
0.2158; 744.563
0.2184; 743.647
0.221; 742.772
0.2236; 741.993
0.2262; 741.362
0.2288; 740.923
0.2314; 740.707
0.234; 740.725
0.2366; 740.975
0.2392; 741.436
0.2418; 742.072
0.2444; 742.838
0.247; 743.684
0.2496; 744.561
0.2522; 745.421
0.2548; 746.228
0.2574; 746.952
0.26; 747.572
0.2626; 748.077
0.2652; 748.456
0.2678; 748.704
0.2704; 748.808
0.273; 748.748
0.2756; 748.491
0.2782; 747.985
0.2808; 747.16
0.2834; 745.918
0.286; 744.141
0.2886; 741.692
0.2912; 738.423
0.2938; 734.199
0.2964; 728.913
0.299; 722.522
0.3016; 715.071
0.3042; 706.723
0.3068; 697.765
0.3094; 688.602
0.312; 679.714
0.3146; 672.149
0.3172; 666.007
0.3198; 660.478
0.3224; 655.656
0.325; 651.67
0.3276; 648.66
0.3302; 647.212
0.3328; 647.273
0.3354; 648.731
0.338; 651.436
0.3406; 655.195
0.3432; 659.747
0.3458; 665.055
0.3484; 671.61
0.351; 678.735
0.3536; 686.167
0.3562; 693.673
0.3588; 701.044
0.3614; 708.086
0.364; 714.647
0.3666; 720.561
0.3692; 725.723
0.3718; 730.107
0.3744; 733.747
0.377; 736.718
0.3796; 739.113
0.3822; 741.032
0.3848; 742.57
0.3874; 743.807
0.39; 744.807
0.3926; 745.615
0.3952; 746.261
0.3978; 746.759
0.4004; 747.111
0.403; 747.309
0.4056; 747.338
0.4082; 747.175
0.4108; 746.79
0.4134; 746.149
0.416; 745.213
0.4186; 743.94
0.4212; 742.288
0.4238; 740.217
0.4264; 737.698
0.429; 734.712
0.4316; 731.26
0.4342; 727.365
0.4368; 723.071
0.4394; 718.448
0.442; 713.584
0.4446; 708.583
0.4472; 703.556
0.4498; 698.613
0.4524; 693.854
0.455; 689.363
0.4576; 685.198
0.4602; 681.377
0.4628; 677.881
0.4654; 674.671
0.468; 671.69
0.4706; 668.874
0.4732; 666.159
0.4758; 663.485
0.4784; 660.806
0.481; 658.087
0.4836; 655.31
0.4862; 652.479
0.4888; 649.629
0.4914; 646.756
0.494; 643.999
0.4966; 641.273
0.4992; 638.466
0.5018; 635.452
0.5044; 632.09
0.507; 628.226
0.5096; 623.695
0.5122; 618.34
0.5148; 612.015
0.5174; 604.593
0.52; 595.964
0.5226; 586.564
0.5252; 576.749
0.5278; 566.807
0.5304; 556.107
0.533; 545.012
0.5356; 533.709
0.5382; 522.358
0.5408; 511.127
0.5434; 500.184
0.546; 489.683
0.5486; 479.756
0.5512; 470.507
0.5538; 462.013
0.5564; 454.319
0.559; 447.444
0.5616; 441.379
0.5642; 436.096
0.5668; 431.547
0.5694; 427.674
0.572; 424.408
0.5746; 421.676
0.5772; 419.406
0.5798; 417.525
0.5824; 415.969
0.585; 414.675
0.5876; 413.589
0.5902; 412.666
0.5928; 411.863
0.5954; 411.149
0.598; 410.497
0.6006; 409.885
0.6032; 409.297
0.6058; 408.721
0.6084; 408.15
0.611; 407.581
0.6136; 407.01
0.6162; 406.44
0.6188; 405.874
0.6214; 405.316
0.624; 404.772
0.6266; 404.245
0.6292; 403.743
0.6318; 403.27
0.6344; 402.829
0.637; 402.424
0.6396; 402.057
0.6422; 401.729
0.6448; 401.439
0.6474; 401.186
0.65; 400.968
0.6526; 400.782
0.6552; 400.627
0.6578; 400.497
0.6604; 400.391
0.663; 400.305
0.6656; 400.235
0.6682; 400.18
0.6708; 400.137
0.6734; 400.103
0.676; 400.077
0.6786; 400.057
0.6812; 400.042
0.6838; 400.031
0.6864; 400.022
0.689; 400.016
0.6916; 400.012
0.6942; 400.008
0.6968; 400.006
0.6994; 400.004
0.702; 400.003
0.7046; 400.002
0.7072; 400.001
0.7098; 400.001
0.7124; 400.001
0.715; 400
0.7176; 400
0.7202; 400
0.7228; 400
0.7254; 400
0.728; 400
0.7306; 400
0.7332; 400
0.7358; 400
0.7384; 400
0.741; 400
0.7436; 400
0.7462; 400
0.7488; 400
0.7514; 400
0.754; 400
0.7566; 400
0.7592; 400
0.7618; 400
0.7644; 400
0.767; 400
0.7696; 400
0.7722; 400
0.7748; 400
0.7774; 400
0.78; 400
