0.00667; 0
0.01334; 0
0.02001; 0
0.02668; 0
0.03335; 0
0.04002; 0
0.04669; 0
0.05336; 0
0.06003; 0
0.0667; 0
0.07337; 0
0.08004; 0
0.08671; 0
0.09338; 0
0.10005; 0
0.10672; 0
0.11339; 0
0.12006; 0
0.12673; 0
0.1334; 0
0.14007; 0
0.14674; 0
0.15341; 0
0.16008; 0
0.16675; 0
0.17342; 0
0.18009; 0
0.18676; 0
0.19343; 0
0.2001; 0
0.20677; 0
0.21344; 0
0.22011; 0
0.22678; 0
0.23345; 0
0.24012; 0
0.24679; 0
0.25346; 0
0.26013; 0
0.2668; 0
0.27347; 0
0.28014; 0
0.28681; 0
0.29348; 0
0.30015; 0
0.30682; 0
0.31349; 0
0.32016; 0
0.32683; 0
0.3335; 0
0.34017; 0
0.34684; 0
0.35351; 0
0.36018; 0
0.36685; 0
0.37352; 0
0.38019; 0
0.38686; 0
0.39353; 0
0.4002; 0
0.40687; 0
0.41354; 0
0.42021; 0
0.42688; 0
0.43355; 0
0.44022; 0
0.44689; 0
0.45356; 0
0.46023; 0
0.4669; 0
0.47357; 0
0.48024; 0
0.48691; 1000
0.49358; 924.758
0.50025; 850.887
0.50692; 779.681
0.51359; 712.294
0.52026; 649.678
0.52693; 592.547
0.5336; 541.364
0.54027; 496.332
0.54694; 457.422
0.55361; 424.4
0.56028; 396.872
0.56695; 374.328
0.57362; 356.189
0.58029; 341.847
0.58696; 330.704
0.59363; 322.193
0.6003; 315.803
0.60697; 311.086
0.61364; 307.663
0.62031; 305.219
0.62698; 303.502
0.63365; 302.316
0.64032; 301.51
0.64699; 300.97
0.65366; 300.615
0.66033; 300.384
0.667; 300.237
0.67367; 300.144
0.68034; 300.087
0.68701; 300.052
0.69368; 300.031
0.70035; 300.018
0.70702; 300.011
0.71369; 300.007
0.72036; 300.004
0.72703; 300.003
0.7337; 300.002
0.74037; 300.002
0.74704; 300.002
0.75371; 300.002
0.76038; 300.003
0.76705; 300.004
0.77372; 300.006
0.78039; 300.01
0.78706; 300.016
0.79373; 300.027
0.8004; 300.044
0.80707; 300.071
0.81374; 300.115
0.82041; 300.184
0.82708; 300.29
0.83375; 300.453
0.84042; 300.698
0.84709; 301.061
0.85376; 301.591
0.86043; 302.353
0.8671; 303.433
0.87377; 304.942
0.88044; 307.016
0.88711; 309.824
0.89378; 313.571
0.90045; 318.493
0.90712; 324.861
0.91379; 332.971
0.92046; 343.136
0.92713; 355.662
0.9338; 370.817
0.94047; 388.774
0.94714; 409.51
0.95381; 432.652
0.96048; 457.219
0.96715; 481.274
0.97382; 501.58
0.98049; 513.729
0.98716; 513.729
0.99383; 501.58
1.0005; 481.274
1.00717; 457.219
1.01384; 432.652
1.02051; 409.51
1.02718; 388.774
1.03385; 370.817
1.04052; 355.662
1.04719; 343.136
1.05386; 332.971
1.06053; 324.861
1.0672; 318.493
1.07387; 313.571
1.08054; 309.824
1.08721; 307.016
1.09388; 304.942
1.10055; 303.433
1.10722; 302.353
1.11389; 301.591
1.12056; 301.061
1.12723; 300.698
1.1339; 300.453
1.14057; 300.29
1.14724; 300.184
1.15391; 300.115
1.16058; 300.071
1.16725; 300.044
1.17392; 300.027
1.18059; 300.016
1.18726; 300.01
1.19393; 300.006
1.2006; 300.004
1.20727; 300.003
1.21394; 300.002
1.22061; 300.002
1.22728; 300.002
1.23395; 300.002
1.24062; 300.003
1.24729; 300.004
1.25396; 300.007
1.26063; 300.011
1.2673; 300.018
1.27397; 300.031
1.28064; 300.052
1.28731; 300.087
1.29398; 300.144
1.30065; 300.237
1.30732; 300.384
1.31399; 300.615
1.32066; 300.97
1.32733; 301.51
1.334; 302.316
1.34067; 303.502
1.34734; 305.219
1.35401; 307.663
1.36068; 311.086
1.36735; 315.803
1.37402; 322.193
1.38069; 330.704
1.38736; 341.847
1.39403; 356.189
1.4007; 374.328
1.40737; 396.872
1.41404; 424.4
1.42071; 457.422
1.42738; 496.332
1.43405; 541.364
1.44072; 592.547
1.44739; 649.678
1.45406; 712.294
1.46073; 779.681
1.4674; 850.887
1.47407; 924.758
1.48074; 1000
1.48741; 0
1.49408; 0
1.50075; 0
1.50742; 0
1.51409; 0
1.52076; 0
1.52743; 0
1.5341; 0
1.54077; 0
1.54744; 0
1.55411; 0
1.56078; 0
1.56745; 0
1.57412; 0
1.58079; 0
1.58746; 0
1.59413; 0
1.6008; 0
1.60747; 0
1.61414; 0
1.62081; 0
1.62748; 0
1.63415; 0
1.64082; 0
1.64749; 0
1.65416; 0
1.66083; 0
1.6675; 0
1.67417; 0
1.68084; 0
1.68751; 0
1.69418; 0
1.70085; 0
1.70752; 0
1.71419; 0
1.72086; 0
1.72753; 0
1.7342; 0
1.74087; 0
1.74754; 0
1.75421; 0
1.76088; 0
1.76755; 0
1.77422; 0
1.78089; 0
1.78756; 0
1.79423; 0
1.8009; 0
1.80757; 0
1.81424; 0
1.82091; 0
1.82758; 0
1.83425; 0
1.84092; 0
1.84759; 0
1.85426; 0
1.86093; 0
1.8676; 0
1.87427; 0
1.88094; 0
1.88761; 0
1.89428; 0
1.90095; 0
1.90762; 0
1.91429; 0
1.92096; 0
1.92763; 0
1.9343; 0
1.94097; 0
1.94764; 0
1.95431; 0
1.96098; 0
1.96765; 0
1.97432; 0
1.98099; 0
1.98766; 0
1.99433; 0
2.001; 0
