0.00667; 0
0.01334; 0
0.02001; 0
0.02668; 0
0.03335; 0
0.04002; 0
0.04669; 0
0.05336; 0
0.06003; 0
0.0667; 0
0.07337; 0
0.08004; 0
0.08671; 0
0.09338; 0
0.10005; 0
0.10672; 0
0.11339; 0
0.12006; 0
0.12673; 0
0.1334; 0
0.14007; 0
0.14674; 0
0.15341; 0
0.16008; 0
0.16675; 0
0.17342; 0
0.18009; 0
0.18676; 0
0.19343; 0
0.2001; 0
0.20677; 0
0.21344; 0
0.22011; 0
0.22678; 0
0.23345; 0
0.24012; 0
0.24679; 0
0.25346; 0
0.26013; 0
0.2668; 0
0.27347; 0
0.28014; 0
0.28681; 0
0.29348; 0
0.30015; 0
0.30682; 0
0.31349; 0
0.32016; 0
0.32683; 0
0.3335; 0
0.34017; 0
0.34684; 0
0.35351; 0
0.36018; 0
0.36685; 0
0.37352; 0
0.38019; 0
0.38686; 0
0.39353; 0
0.4002; 0
0.40687; 0
0.41354; 0
0.42021; 0
0.42688; 0
0.43355; 0
0.44022; 0
0.44689; 0
0.45356; 0
0.46023; 0
0.4669; 0
0.47357; 512.084
0.48024; 512.018
0.48691; 511.886
0.49358; 511.688
0.50025; 511.425
0.50692; 511.097
0.51359; 510.704
0.52026; 510.247
0.52693; 509.726
0.5336; 509.143
0.54027; 508.499
0.54694; 507.794
0.55361; 507.029
0.56028; 506.206
0.56695; 505.325
0.57362; 504.388
0.58029; 503.397
0.58696; 502.352
0.59363; 501.255
0.6003; 500.107
0.60697; 498.91
0.61364; 497.666
0.62031; 496.376
0.62698; 495.041
0.63365; 493.662
0.64032; 492.243
0.64699; 490.783
0.65366; 489.286
0.66033; 487.751
0.667; 486.18
0.67367; 484.576
0.68034; 482.939
0.68701; 481.27
0.69368; 479.571
0.70035; 477.843
0.70702; 476.087
0.71369; 474.304
0.72036; 472.494
0.72703; 470.659
0.7337; 468.798
0.74037; 466.913
0.74704; 465.003
0.75371; 463.069
0.76038; 461.11
0.76705; 459.127
0.77372; 457.117
0.78039; 455.08
0.78706; 453.016
0.79373; 450.922
0.8004; 448.796
0.80707; 446.637
0.81374; 444.44
0.82041; 442.203
0.82708; 439.922
0.83375; 437.592
0.84042; 435.206
0.84709; 432.76
0.85376; 430.246
0.86043; 427.655
0.8671; 424.976
0.87377; 422.201
0.88044; 419.314
0.88711; 416.302
0.89378; 413.15
0.90045; 409.839
0.90712; 406.351
0.91379; 402.67
0.92046; 398.783
0.92713; 394.688
0.9338; 390.405
0.94047; 386
0.94714; 381.618
0.95381; 377.534
0.96048; 374.205
0.96715; 372.256
0.97382; 372.256
0.98049; 374.205
0.98716; 377.534
0.99383; 381.618
1.0005; 386
1.00717; 390.405
1.01384; 394.688
1.02051; 398.783
1.02718; 402.67
1.03385; 406.351
1.04052; 409.839
1.04719; 413.15
1.05386; 416.302
1.06053; 419.314
1.0672; 422.201
1.07387; 424.976
1.08054; 427.655
1.08721; 430.246
1.09388; 432.76
1.10055; 435.206
1.10722; 437.592
1.11389; 439.922
1.12056; 442.203
1.12723; 444.44
1.1339; 446.637
1.14057; 448.796
1.14724; 450.922
1.15391; 453.016
1.16058; 455.08
1.16725; 457.117
1.17392; 459.127
1.18059; 461.11
1.18726; 463.069
1.19393; 465.003
1.2006; 466.913
1.20727; 468.798
1.21394; 470.659
1.22061; 472.494
1.22728; 474.304
1.23395; 476.087
1.24062; 477.843
1.24729; 479.571
1.25396; 481.27
1.26063; 482.939
1.2673; 484.576
1.27397; 486.18
1.28064; 487.751
1.28731; 489.286
1.29398; 490.783
1.30065; 492.243
1.30732; 493.662
1.31399; 495.041
1.32066; 496.376
1.32733; 497.666
1.334; 498.91
1.34067; 500.107
1.34734; 501.255
1.35401; 502.352
1.36068; 503.397
1.36735; 504.388
1.37402; 505.325
1.38069; 506.206
1.38736; 507.029
1.39403; 507.794
1.4007; 508.499
1.40737; 509.143
1.41404; 509.726
1.42071; 510.247
1.42738; 510.704
1.43405; 511.097
1.44072; 511.425
1.44739; 511.688
1.45406; 511.886
1.46073; 512.018
1.4674; 512.084
1.47407; 0
1.48074; 0
1.48741; 0
1.49408; 0
1.50075; 0
1.50742; 0
1.51409; 0
1.52076; 0
1.52743; 0
1.5341; 0
1.54077; 0
1.54744; 0
1.55411; 0
1.56078; 0
1.56745; 0
1.57412; 0
1.58079; 0
1.58746; 0
1.59413; 0
1.6008; 0
1.60747; 0
1.61414; 0
1.62081; 0
1.62748; 0
1.63415; 0
1.64082; 0
1.64749; 0
1.65416; 0
1.66083; 0
1.6675; 0
1.67417; 0
1.68084; 0
1.68751; 0
1.69418; 0
1.70085; 0
1.70752; 0
1.71419; 0
1.72086; 0
1.72753; 0
1.7342; 0
1.74087; 0
1.74754; 0
1.75421; 0
1.76088; 0
1.76755; 0
1.77422; 0
1.78089; 0
1.78756; 0
1.79423; 0
1.8009; 0
1.80757; 0
1.81424; 0
1.82091; 0
1.82758; 0
1.83425; 0
1.84092; 0
1.84759; 0
1.85426; 0
1.86093; 0
1.8676; 0
1.87427; 0
1.88094; 0
1.88761; 0
1.89428; 0
1.90095; 0
1.90762; 0
1.91429; 0
1.92096; 0
1.92763; 0
1.9343; 0
1.94097; 0
1.94764; 0
1.95431; 0
1.96098; 0
1.96765; 0
1.97432; 0
1.98099; 0
1.98766; 0
1.99433; 0
2.001; 0
