0.00026; 0
0.00052; 0
0.00078; 0
0.00104; 0
0.0013; 0
0.00156; 0
0.00182; 0
0.00208; 0
0.00234; 0
0.0026; 0
0.00286; 0
0.00312; 0
0.00338; 0
0.00364; 0
0.0039; 0
0.00416; 0
0.00442; 0
0.00468; 0
0.00494; 0
0.0052; 0
0.00546; 0
0.00572; 0
0.00598; 0
0.00624; 0
0.0065; 0
0.00676; 0
0.00702; 0
0.00728; 0
0.00754; 0
0.0078; 0
0.00806; 0
0.00832; 0
0.00858; 0
0.00884; 0
0.0091; 0
0.00936; 0
0.00962; 0
0.00988; 305.357
0.01014; 305.951
0.0104; 306.393
0.01066; 306.967
0.01092; 307.543
0.01118; 308.143
0.01144; 308.728
0.0117; 309.454
0.01196; 310.145
0.01222; 310.813
0.01248; 311.427
0.01274; 312.173
0.013; 312.843
0.01326; 313.464
0.01352; 313.989
0.01378; 314.617
0.01404; 315.138
0.0143; 315.577
0.01456; 315.906
0.01482; 316.346
0.01508; 316.669
0.01534; 316.913
0.0156; 317.039
0.01586; 317.268
0.01612; 317.381
0.01638; 317.409
0.01664; 317.329
0.0169; 317.376
0.01716; 317.313
0.01742; 317.184
0.01768; 316.948
0.01794; 316.834
0.0182; 316.618
0.01846; 316.334
0.01872; 315.958
0.01898; 315.727
0.01924; 315.403
0.0195; 315.032
0.01976; 314.576
0.02002; 314.256
0.02028; 313.857
0.02054; 313.412
0.0208; 312.899
0.02106; 312.546
0.02132; 312.126
0.02158; 311.682
0.02184; 311.178
0.0221; 310.826
0.02236; 310.42
0.02262; 309.991
0.02288; 309.519
0.02314; 309.213
0.0234; 308.863
0.02366; 308.506
0.02392; 308.11
0.02418; 307.863
0.02444; 307.578
0.0247; 307.281
0.02496; 306.952
0.02522; 306.775
0.02548; 306.561
0.02574; 306.343
0.026; 306.09
0.02626; 305.961
0.02652; 305.796
0.02678; 305.617
0.02704; 305.404
0.0273; 305.312
0.02756; 305.18
0.02782; 305.036
0.02808; 304.856
0.02834; 304.77
0.0286; 304.645
0.02886; 304.5
0.02912; 304.321
0.02938; 304.233
0.02964; 304.106
0.0299; 303.965
0.03016; 303.788
0.03042; 303.685
0.03068; 303.547
0.03094; 303.391
0.0312; 303.207
0.03146; 303.095
0.03172; 302.953
0.03198; 302.801
0.03224; 302.624
0.0325; 302.505
0.03276; 302.363
0.03302; 302.212
0.03328; 302.043
0.03354; 301.931
0.0338; 301.801
0.03406; 301.668
0.03432; 301.523
0.03458; 301.421
0.03484; 301.308
0.0351; 301.193
0.03536; 301.071
0.03562; 300.989
0.03588; 300.899
0.03614; 300.81
0.0364; 300.718
0.03666; 300.653
0.03692; 300.585
0.03718; 300.519
0.03744; 300.451
0.0377; 300.406
0.03796; 300.359
0.03822; 300.314
0.03848; 300.269
0.03874; 300.239
0.039; 300.208
0.03926; 300.178
0.03952; 300.15
0.03978; 300.131
0.04004; 300.113
0.0403; 300.096
0.04056; 300.079
0.04082; 300.068
0.04108; 300.058
0.04134; 300.048
0.0416; 300.039
0.04186; 300.034
0.04212; 300.029
0.04238; 300.024
0.04264; 300.02
0.0429; 300.017
0.04316; 300.015
0.04342; 300.013
0.04368; 300.012
0.04394; 300.012
0.0442; 0
0.04446; 0
0.04472; 0
0.04498; 0
0.04524; 0
0.0455; 0
0.04576; 0
0.04602; 0
0.04628; 0
0.04654; 0
0.0468; 0
0.04706; 0
0.04732; 0
0.04758; 0
0.04784; 0
0.0481; 0
0.04836; 0
0.04862; 0
0.04888; 0
0.04914; 0
0.0494; 0
0.04966; 0
0.04992; 0
0.05018; 0
0.05044; 0
0.0507; 0
0.05096; 0
0.05122; 0
0.05148; 0
0.05174; 0
0.052; 0
0.05226; 0
0.05252; 0
0.05278; 0
0.05304; 0
0.0533; 0
0.05356; 0
0.05382; 0
0.05408; 0
0.05434; 0
0.0546; 0
0.05486; 0
0.05512; 0
0.05538; 0
0.05564; 0
0.0559; 0
0.05616; 0
0.05642; 0
0.05668; 0
0.05694; 0
0.0572; 0
0.05746; 0
0.05772; 0
0.05798; 0
0.05824; 0
0.0585; 0
0.05876; 0
0.05902; 0
0.05928; 0
0.05954; 0
0.0598; 0
0.06006; 0
0.06032; 0
0.06058; 0
0.06084; 0
0.0611; 0
0.06136; 0
0.06162; 0
0.06188; 0
0.06214; 0
0.0624; 0
0.06266; 0
0.06292; 0
0.06318; 0
0.06344; 0
0.0637; 0
0.06396; 0
0.06422; 0
0.06448; 0
0.06474; 0
0.065; 0
0.06526; 0
0.06552; 0
0.06578; 0
0.06604; 0
0.0663; 0
0.06656; 0
0.06682; 0
0.06708; 0
0.06734; 0
0.0676; 0
0.06786; 0
0.06812; 0
0.06838; 0
0.06864; 0
0.0689; 0
0.06916; 0
0.06942; 0
0.06968; 0
0.06994; 0
0.0702; 0
0.07046; 0
0.07072; 0
0.07098; 0
0.07124; 0
0.0715; 0
0.07176; 0
0.07202; 0
0.07228; 0
0.07254; 0
0.0728; 0
0.07306; 0
0.07332; 0
0.07358; 0
0.07384; 0
0.0741; 0
0.07436; 0
0.07462; 0
0.07488; 0
0.07514; 0
0.0754; 0
0.07566; 0
0.07592; 0
0.07618; 0
0.07644; 0
0.0767; 0
0.07696; 0
0.07722; 0
0.07748; 0
0.07774; 0
0.078; 0
