0.00667; 0
0.01334; 0
0.02001; 0
0.02668; 0
0.03335; 0
0.04002; 0
0.04669; 0
0.05336; 0
0.06003; 0
0.0667; 0
0.07337; 0
0.08004; 0
0.08671; 0
0.09338; 0
0.10005; 0
0.10672; 0
0.11339; 0
0.12006; 0
0.12673; 0
0.1334; 0
0.14007; 0
0.14674; 0
0.15341; 0
0.16008; 0
0.16675; 0
0.17342; 0
0.18009; 0
0.18676; 0
0.19343; 0
0.2001; 0
0.20677; 0
0.21344; 0
0.22011; 0
0.22678; 0
0.23345; 0
0.24012; 0
0.24679; 0
0.25346; 0
0.26013; 0
0.2668; 0
0.27347; 0
0.28014; 0
0.28681; 0
0.29348; 0
0.30015; 0
0.30682; 0
0.31349; 0
0.32016; 0
0.32683; 0
0.3335; 0
0.34017; 0
0.34684; 0
0.35351; 0
0.36018; 0
0.36685; 0
0.37352; 0
0.38019; 0
0.38686; 0
0.39353; 0
0.4002; 0
0.40687; 0
0.41354; 0
0.42021; 0
0.42688; 0
0.43355; 0
0.44022; 0
0.44689; 0
0.45356; 0
0.46023; 0
0.4669; 0
0.47357; 326.707
0.48024; 326.68
0.48691; 326.627
0.49358; 326.546
0.50025; 326.439
0.50692; 326.306
0.51359; 326.147
0.52026; 325.964
0.52693; 325.755
0.5336; 325.522
0.54027; 325.267
0.54694; 324.988
0.55361; 324.688
0.56028; 324.367
0.56695; 324.027
0.57362; 323.667
0.58029; 323.29
0.58696; 322.896
0.59363; 322.486
0.6003; 322.062
0.60697; 321.625
0.61364; 321.175
0.62031; 320.715
0.62698; 320.245
0.63365; 319.766
0.64032; 319.28
0.64699; 318.788
0.65366; 318.291
0.66033; 317.79
0.667; 317.286
0.67367; 316.781
0.68034; 316.276
0.68701; 315.771
0.69368; 315.268
0.70035; 314.767
0.70702; 314.27
0.71369; 313.777
0.72036; 313.29
0.72703; 312.809
0.7337; 312.334
0.74037; 311.868
0.74704; 311.409
0.75371; 310.96
0.76038; 310.519
0.76705; 310.089
0.77372; 309.669
0.78039; 309.26
0.78706; 308.862
0.79373; 308.475
0.8004; 308.1
0.80707; 307.737
0.81374; 307.386
0.82041; 307.047
0.82708; 306.72
0.83375; 306.405
0.84042; 306.102
0.84709; 305.81
0.85376; 305.531
0.86043; 305.263
0.8671; 305.006
0.87377; 304.759
0.88044; 304.523
0.88711; 304.296
0.89378; 304.078
0.90045; 303.868
0.90712; 303.665
0.91379; 303.469
0.92046; 303.278
0.92713; 303.093
0.9338; 302.913
0.94047; 302.739
0.94714; 302.575
0.95381; 302.43
0.96048; 302.315
0.96715; 302.249
0.97382; 302.249
0.98049; 302.315
0.98716; 302.43
0.99383; 302.575
1.0005; 302.739
1.00717; 302.913
1.01384; 303.093
1.02051; 303.278
1.02718; 303.469
1.03385; 303.665
1.04052; 303.868
1.04719; 304.078
1.05386; 304.296
1.06053; 304.523
1.0672; 304.759
1.07387; 305.006
1.08054; 305.263
1.08721; 305.531
1.09388; 305.81
1.10055; 306.102
1.10722; 306.405
1.11389; 306.72
1.12056; 307.047
1.12723; 307.386
1.1339; 307.737
1.14057; 308.1
1.14724; 308.475
1.15391; 308.862
1.16058; 309.26
1.16725; 309.669
1.17392; 310.089
1.18059; 310.519
1.18726; 310.96
1.19393; 311.409
1.2006; 311.868
1.20727; 312.334
1.21394; 312.809
1.22061; 313.29
1.22728; 313.777
1.23395; 314.27
1.24062; 314.767
1.24729; 315.268
1.25396; 315.771
1.26063; 316.276
1.2673; 316.781
1.27397; 317.286
1.28064; 317.79
1.28731; 318.291
1.29398; 318.788
1.30065; 319.28
1.30732; 319.766
1.31399; 320.245
1.32066; 320.715
1.32733; 321.175
1.334; 321.625
1.34067; 322.062
1.34734; 322.486
1.35401; 322.896
1.36068; 323.29
1.36735; 323.667
1.37402; 324.027
1.38069; 324.367
1.38736; 324.688
1.39403; 324.988
1.4007; 325.267
1.40737; 325.522
1.41404; 325.755
1.42071; 325.964
1.42738; 326.147
1.43405; 326.306
1.44072; 326.439
1.44739; 326.546
1.45406; 326.627
1.46073; 326.68
1.4674; 326.707
1.47407; 0
1.48074; 0
1.48741; 0
1.49408; 0
1.50075; 0
1.50742; 0
1.51409; 0
1.52076; 0
1.52743; 0
1.5341; 0
1.54077; 0
1.54744; 0
1.55411; 0
1.56078; 0
1.56745; 0
1.57412; 0
1.58079; 0
1.58746; 0
1.59413; 0
1.6008; 0
1.60747; 0
1.61414; 0
1.62081; 0
1.62748; 0
1.63415; 0
1.64082; 0
1.64749; 0
1.65416; 0
1.66083; 0
1.6675; 0
1.67417; 0
1.68084; 0
1.68751; 0
1.69418; 0
1.70085; 0
1.70752; 0
1.71419; 0
1.72086; 0
1.72753; 0
1.7342; 0
1.74087; 0
1.74754; 0
1.75421; 0
1.76088; 0
1.76755; 0
1.77422; 0
1.78089; 0
1.78756; 0
1.79423; 0
1.8009; 0
1.80757; 0
1.81424; 0
1.82091; 0
1.82758; 0
1.83425; 0
1.84092; 0
1.84759; 0
1.85426; 0
1.86093; 0
1.8676; 0
1.87427; 0
1.88094; 0
1.88761; 0
1.89428; 0
1.90095; 0
1.90762; 0
1.91429; 0
1.92096; 0
1.92763; 0
1.9343; 0
1.94097; 0
1.94764; 0
1.95431; 0
1.96098; 0
1.96765; 0
1.97432; 0
1.98099; 0
1.98766; 0
1.99433; 0
2.001; 0
