0.00667; 0
0.01334; 0
0.02001; 0
0.02668; 0
0.03335; 0
0.04002; 0
0.04669; 0
0.05336; 0
0.06003; 0
0.0667; 0
0.07337; 0
0.08004; 0
0.08671; 0
0.09338; 0
0.10005; 0
0.10672; 0
0.11339; 0
0.12006; 0
0.12673; 0
0.1334; 0
0.14007; 0
0.14674; 0
0.15341; 0
0.16008; 0
0.16675; 0
0.17342; 0
0.18009; 0
0.18676; 0
0.19343; 0
0.2001; 0
0.20677; 0
0.21344; 0
0.22011; 0
0.22678; 0
0.23345; 0
0.24012; 0
0.24679; 0
0.25346; 0
0.26013; 0
0.2668; 0
0.27347; 0
0.28014; 0
0.28681; 0
0.29348; 0
0.30015; 0
0.30682; 0
0.31349; 0
0.32016; 0
0.32683; 0
0.3335; 0
0.34017; 0
0.34684; 0
0.35351; 0
0.36018; 0
0.36685; 0
0.37352; 0
0.38019; 0
0.38686; 0
0.39353; 0
0.4002; 0
0.40687; 0
0.41354; 0
0.42021; 0
0.42688; 0
0.43355; 0
0.44022; 0
0.44689; 0
0.45356; 0
0.46023; 0
0.4669; 0
0.47357; 625.172
0.48024; 625.105
0.48691; 624.97
0.49358; 624.768
0.50025; 624.499
0.50692; 624.163
0.51359; 623.76
0.52026; 623.291
0.52693; 622.757
0.5336; 622.157
0.54027; 621.492
0.54694; 620.764
0.55361; 619.971
0.56028; 619.116
0.56695; 618.199
0.57362; 617.219
0.58029; 616.18
0.58696; 615.08
0.59363; 613.92
0.6003; 612.703
0.60697; 611.427
0.61364; 610.094
0.62031; 608.706
0.62698; 607.261
0.63365; 605.762
0.64032; 604.209
0.64699; 602.603
0.65366; 600.943
0.66033; 599.231
0.667; 597.468
0.67367; 595.652
0.68034; 593.786
0.68701; 591.868
0.69368; 589.899
0.70035; 587.88
0.70702; 585.808
0.71369; 583.686
0.72036; 581.511
0.72703; 579.283
0.7337; 577.001
0.74037; 574.664
0.74704; 572.271
0.75371; 569.819
0.76038; 567.308
0.76705; 564.733
0.77372; 562.093
0.78039; 559.385
0.78706; 556.605
0.79373; 553.748
0.8004; 550.81
0.80707; 547.786
0.81374; 544.668
0.82041; 541.451
0.82708; 538.126
0.83375; 534.684
0.84042; 531.114
0.84709; 527.405
0.85376; 523.542
0.86043; 519.512
0.8671; 515.296
0.87377; 510.874
0.88044; 506.224
0.88711; 501.321
0.89378; 496.137
0.90045; 490.642
0.90712; 484.804
0.91379; 478.595
0.92046; 471.993
0.92713; 464.996
0.9338; 457.643
0.94047; 450.047
0.94714; 442.466
0.95381; 435.382
0.96048; 429.597
0.96715; 426.206
0.97382; 426.206
0.98049; 429.597
0.98716; 435.382
0.99383; 442.466
1.0005; 450.047
1.00717; 457.643
1.01384; 464.996
1.02051; 471.993
1.02718; 478.595
1.03385; 484.804
1.04052; 490.642
1.04719; 496.137
1.05386; 501.321
1.06053; 506.224
1.0672; 510.874
1.07387; 515.296
1.08054; 519.512
1.08721; 523.542
1.09388; 527.405
1.10055; 531.114
1.10722; 534.684
1.11389; 538.126
1.12056; 541.451
1.12723; 544.668
1.1339; 547.786
1.14057; 550.81
1.14724; 553.748
1.15391; 556.605
1.16058; 559.385
1.16725; 562.093
1.17392; 564.733
1.18059; 567.308
1.18726; 569.819
1.19393; 572.271
1.2006; 574.664
1.20727; 577.001
1.21394; 579.283
1.22061; 581.511
1.22728; 583.686
1.23395; 585.808
1.24062; 587.88
1.24729; 589.899
1.25396; 591.868
1.26063; 593.786
1.2673; 595.652
1.27397; 597.468
1.28064; 599.231
1.28731; 600.943
1.29398; 602.603
1.30065; 604.209
1.30732; 605.762
1.31399; 607.261
1.32066; 608.706
1.32733; 610.094
1.334; 611.427
1.34067; 612.703
1.34734; 613.92
1.35401; 615.08
1.36068; 616.18
1.36735; 617.219
1.37402; 618.199
1.38069; 619.116
1.38736; 619.971
1.39403; 620.764
1.4007; 621.492
1.40737; 622.157
1.41404; 622.757
1.42071; 623.291
1.42738; 623.76
1.43405; 624.163
1.44072; 624.499
1.44739; 624.768
1.45406; 624.97
1.46073; 625.105
1.4674; 625.172
1.47407; 0
1.48074; 0
1.48741; 0
1.49408; 0
1.50075; 0
1.50742; 0
1.51409; 0
1.52076; 0
1.52743; 0
1.5341; 0
1.54077; 0
1.54744; 0
1.55411; 0
1.56078; 0
1.56745; 0
1.57412; 0
1.58079; 0
1.58746; 0
1.59413; 0
1.6008; 0
1.60747; 0
1.61414; 0
1.62081; 0
1.62748; 0
1.63415; 0
1.64082; 0
1.64749; 0
1.65416; 0
1.66083; 0
1.6675; 0
1.67417; 0
1.68084; 0
1.68751; 0
1.69418; 0
1.70085; 0
1.70752; 0
1.71419; 0
1.72086; 0
1.72753; 0
1.7342; 0
1.74087; 0
1.74754; 0
1.75421; 0
1.76088; 0
1.76755; 0
1.77422; 0
1.78089; 0
1.78756; 0
1.79423; 0
1.8009; 0
1.80757; 0
1.81424; 0
1.82091; 0
1.82758; 0
1.83425; 0
1.84092; 0
1.84759; 0
1.85426; 0
1.86093; 0
1.8676; 0
1.87427; 0
1.88094; 0
1.88761; 0
1.89428; 0
1.90095; 0
1.90762; 0
1.91429; 0
1.92096; 0
1.92763; 0
1.9343; 0
1.94097; 0
1.94764; 0
1.95431; 0
1.96098; 0
1.96765; 0
1.97432; 0
1.98099; 0
1.98766; 0
1.99433; 0
2.001; 0
