0.00667; 0
0.01334; 0
0.02001; 0
0.02668; 0
0.03335; 0
0.04002; 0
0.04669; 0
0.05336; 0
0.06003; 0
0.0667; 0
0.07337; 0
0.08004; 0
0.08671; 0
0.09338; 0
0.10005; 0
0.10672; 0
0.11339; 0
0.12006; 0
0.12673; 0
0.1334; 0
0.14007; 0
0.14674; 0
0.15341; 0
0.16008; 0
0.16675; 0
0.17342; 0
0.18009; 0
0.18676; 0
0.19343; 0
0.2001; 0
0.20677; 0
0.21344; 0
0.22011; 0
0.22678; 0
0.23345; 0
0.24012; 0
0.24679; 0
0.25346; 0
0.26013; 0
0.2668; 0
0.27347; 0
0.28014; 0
0.28681; 0
0.29348; 0
0.30015; 0
0.30682; 0
0.31349; 0
0.32016; 0
0.32683; 0
0.3335; 0
0.34017; 0
0.34684; 0
0.35351; 0
0.36018; 0
0.36685; 0
0.37352; 0
0.38019; 0
0.38686; 0
0.39353; 0
0.4002; 0
0.40687; 0
0.41354; 0
0.42021; 0
0.42688; 0
0.43355; 0
0.44022; 0
0.44689; 0
0.45356; 0
0.46023; 0
0.4669; 0
0.47357; 413.976
0.48024; 413.917
0.48691; 413.798
0.49358; 413.621
0.50025; 413.385
0.50692; 413.09
0.51359; 412.739
0.52026; 412.33
0.52693; 411.866
0.5336; 411.346
0.54027; 410.773
0.54694; 410.147
0.55361; 409.469
0.56028; 408.741
0.56695; 407.965
0.57362; 407.141
0.58029; 406.272
0.58696; 405.36
0.59363; 404.405
0.6003; 403.409
0.60697; 402.376
0.61364; 401.306
0.62031; 400.201
0.62698; 399.064
0.63365; 397.896
0.64032; 396.7
0.64699; 395.477
0.65366; 394.23
0.66033; 392.96
0.667; 391.67
0.67367; 390.361
0.68034; 389.036
0.68701; 387.696
0.69368; 386.344
0.70035; 384.981
0.70702; 383.609
0.71369; 382.23
0.72036; 380.845
0.72703; 379.457
0.7337; 378.066
0.74037; 376.673
0.74704; 375.281
0.75371; 373.891
0.76038; 372.502
0.76705; 371.118
0.77372; 369.737
0.78039; 368.361
0.78706; 366.991
0.79373; 365.626
0.8004; 364.266
0.80707; 362.913
0.81374; 361.564
0.82041; 360.22
0.82708; 358.879
0.83375; 357.541
0.84042; 356.204
0.84709; 354.865
0.85376; 353.522
0.86043; 352.173
0.8671; 350.813
0.87377; 349.439
0.88044; 348.045
0.88711; 346.627
0.89378; 345.176
0.90045; 343.688
0.90712; 342.154
0.91379; 340.567
0.92046; 338.922
0.92713; 337.217
0.9338; 335.46
0.94047; 333.674
0.94714; 331.914
0.95381; 330.286
0.96048; 328.967
0.96715; 328.196
0.97382; 328.196
0.98049; 328.967
0.98716; 330.286
0.99383; 331.914
1.0005; 333.674
1.00717; 335.46
1.01384; 337.217
1.02051; 338.922
1.02718; 340.567
1.03385; 342.154
1.04052; 343.688
1.04719; 345.176
1.05386; 346.627
1.06053; 348.045
1.0672; 349.439
1.07387; 350.813
1.08054; 352.173
1.08721; 353.522
1.09388; 354.865
1.10055; 356.204
1.10722; 357.541
1.11389; 358.879
1.12056; 360.22
1.12723; 361.564
1.1339; 362.913
1.14057; 364.266
1.14724; 365.626
1.15391; 366.991
1.16058; 368.361
1.16725; 369.737
1.17392; 371.118
1.18059; 372.502
1.18726; 373.891
1.19393; 375.281
1.2006; 376.673
1.20727; 378.066
1.21394; 379.457
1.22061; 380.845
1.22728; 382.23
1.23395; 383.609
1.24062; 384.981
1.24729; 386.344
1.25396; 387.696
1.26063; 389.036
1.2673; 390.361
1.27397; 391.67
1.28064; 392.96
1.28731; 394.23
1.29398; 395.477
1.30065; 396.7
1.30732; 397.896
1.31399; 399.064
1.32066; 400.201
1.32733; 401.306
1.334; 402.376
1.34067; 403.409
1.34734; 404.405
1.35401; 405.36
1.36068; 406.272
1.36735; 407.141
1.37402; 407.965
1.38069; 408.741
1.38736; 409.469
1.39403; 410.147
1.4007; 410.773
1.40737; 411.346
1.41404; 411.866
1.42071; 412.33
1.42738; 412.739
1.43405; 413.09
1.44072; 413.385
1.44739; 413.621
1.45406; 413.798
1.46073; 413.917
1.4674; 413.976
1.47407; 0
1.48074; 0
1.48741; 0
1.49408; 0
1.50075; 0
1.50742; 0
1.51409; 0
1.52076; 0
1.52743; 0
1.5341; 0
1.54077; 0
1.54744; 0
1.55411; 0
1.56078; 0
1.56745; 0
1.57412; 0
1.58079; 0
1.58746; 0
1.59413; 0
1.6008; 0
1.60747; 0
1.61414; 0
1.62081; 0
1.62748; 0
1.63415; 0
1.64082; 0
1.64749; 0
1.65416; 0
1.66083; 0
1.6675; 0
1.67417; 0
1.68084; 0
1.68751; 0
1.69418; 0
1.70085; 0
1.70752; 0
1.71419; 0
1.72086; 0
1.72753; 0
1.7342; 0
1.74087; 0
1.74754; 0
1.75421; 0
1.76088; 0
1.76755; 0
1.77422; 0
1.78089; 0
1.78756; 0
1.79423; 0
1.8009; 0
1.80757; 0
1.81424; 0
1.82091; 0
1.82758; 0
1.83425; 0
1.84092; 0
1.84759; 0
1.85426; 0
1.86093; 0
1.8676; 0
1.87427; 0
1.88094; 0
1.88761; 0
1.89428; 0
1.90095; 0
1.90762; 0
1.91429; 0
1.92096; 0
1.92763; 0
1.9343; 0
1.94097; 0
1.94764; 0
1.95431; 0
1.96098; 0
1.96765; 0
1.97432; 0
1.98099; 0
1.98766; 0
1.99433; 0
2.001; 0
