0.00026; 0
0.00052; 0
0.00078; 0
0.00104; 0
0.0013; 0
0.00156; 0
0.00182; 0
0.00208; 0
0.00234; 0
0.0026; 0
0.00286; 0
0.00312; 0
0.00338; 0
0.00364; 0
0.0039; 0
0.00416; 0
0.00442; 0
0.00468; 0
0.00494; 0
0.0052; 0
0.00546; 0
0.00572; 0
0.00598; 0
0.00624; 0
0.0065; 0
0.00676; 0
0.00702; 0
0.00728; 0
0.00754; 0
0.0078; 0
0.00806; 0
0.00832; 0
0.00858; 0
0.00884; 0
0.0091; 0
0.00936; 0
0.00962; 0
0.00988; 0
0.01014; 0
0.0104; 0
0.01066; 0
0.01092; 0
0.01118; 0
0.01144; 0
0.0117; 0
0.01196; 0
0.01222; 0
0.01248; 0
0.01274; 0
0.013; 0
0.01326; 0
0.01352; 0
0.01378; 0
0.01404; 0
0.0143; 0
0.01456; 0
0.01482; 0
0.01508; 0
0.01534; 0
0.0156; 0
0.01586; 0
0.01612; 0
0.01638; 0
0.01664; 0
0.0169; 0
0.01716; 0
0.01742; 0
0.01768; 0
0.01794; 0
0.0182; 0
0.01846; 0
0.01872; 0
0.01898; 0
0.01924; 0
0.0195; 0
0.01976; 0
0.02002; 0
0.02028; 0
0.02054; 0
0.0208; 0
0.02106; 0
0.02132; 0
0.02158; 0
0.02184; 0
0.0221; 0
0.02236; 0
0.02262; 0
0.02288; 586.972
0.02314; 586.791
0.0234; 586.596
0.02366; 586.432
0.02392; 586.254
0.02418; 586.068
0.02444; 585.92
0.0247; 585.779
0.02496; 585.631
0.02522; 585.483
0.02548; 585.344
0.02574; 585.237
0.026; 585.114
0.02626; 584.981
0.02652; 584.885
0.02678; 584.794
0.02704; 584.696
0.0273; 584.597
0.02756; 584.505
0.02782; 584.445
0.02808; 584.369
0.02834; 584.281
0.0286; 584.229
0.02886; 584.183
0.02912; 584.127
0.02938; 584.07
0.02964; 584.02
0.0299; 584
0.03016; 583.963
0.03042; 583.914
0.03068; 583.9
0.03094; 583.89
0.0312; 583.871
0.03146; 583.849
0.03172; 583.833
0.03198; 583.846
0.03224; 583.842
0.0325; 583.825
0.03276; 583.842
0.03302; 583.862
0.03328; 583.871
0.03354; 583.877
0.0338; 583.889
0.03406; 583.928
0.03432; 583.95
0.03458; 583.957
0.03484; 583.998
0.0351; 584.041
0.03536; 584.073
0.03562; 584.1
0.03588; 584.132
0.03614; 584.192
0.0364; 584.233
0.03666; 584.258
0.03692; 584.317
0.03718; 584.377
0.03744; 584.426
0.0377; 584.469
0.03796; 584.516
0.03822; 584.59
0.03848; 584.645
0.03874; 584.685
0.039; 584.756
0.03926; 584.829
0.03952; 584.889
0.03978; 584.944
0.04004; 585.003
0.0403; 585.087
0.04056; 585.153
0.04082; 585.202
0.04108; 585.283
0.04134; 585.365
0.0416; 585.434
0.04186; 585.498
0.04212; 585.565
0.04238; 585.657
0.04264; 585.731
0.0429; 585.788
0.04316; 585.877
0.04342; 585.966
0.04368; 586.043
0.04394; 586.115
0.0442; 586.189
0.04446; 586.29
0.04472; 586.371
0.04498; 586.436
0.04524; 586.533
0.0455; 586.63
0.04576; 586.716
0.04602; 586.796
0.04628; 586.879
0.04654; 586.988
0.0468; 587.079
0.04706; 587.153
0.04732; 587.26
0.04758; 587.367
0.04784; 587.463
0.0481; 587.554
0.04836; 587.649
0.04862; 587.77
0.04888; 587.872
0.04914; 587.96
0.0494; 588.08
0.04966; 588.201
0.04992; 588.312
0.05018; 588.418
0.05044; 588.528
0.0507; 588.665
0.05096; 588.785
0.05122; 588.89
0.05148; 589.028
0.05174; 589.169
0.052; 589.299
0.05226; 589.425
0.05252; 589.557
0.05278; 589.716
0.05304; 589.858
0.0533; 589.986
0.05356; 590.149
0.05382; 590.314
0.05408; 590.469
0.05434; 590.622
0.0546; 590.781
0.05486; 590.967
0.05512; 591.138
0.05538; 591.296
0.05564; 591.488
0.0559; 591.684
0.05616; 591.871
0.05642; 592.056
0.05668; 592.248
0.05694; 592.469
0.0572; 592.677
0.05746; 592.873
0.05772; 593.106
0.05798; 593.342
0.05824; 593.547
0.0585; 0
0.05876; 0
0.05902; 0
0.05928; 0
0.05954; 0
0.0598; 0
0.06006; 0
0.06032; 0
0.06058; 0
0.06084; 0
0.0611; 0
0.06136; 0
0.06162; 0
0.06188; 0
0.06214; 0
0.0624; 0
0.06266; 0
0.06292; 0
0.06318; 0
0.06344; 0
0.0637; 0
0.06396; 0
0.06422; 0
0.06448; 0
0.06474; 0
0.065; 0
0.06526; 0
0.06552; 0
0.06578; 0
0.06604; 0
0.0663; 0
0.06656; 0
0.06682; 0
0.06708; 0
0.06734; 0
0.0676; 0
0.06786; 0
0.06812; 0
0.06838; 0
0.06864; 0
0.0689; 0
0.06916; 0
0.06942; 0
0.06968; 0
0.06994; 0
0.0702; 0
0.07046; 0
0.07072; 0
0.07098; 0
0.07124; 0
0.0715; 0
0.07176; 0
0.07202; 0
0.07228; 0
0.07254; 0
0.0728; 0
0.07306; 0
0.07332; 0
0.07358; 0
0.07384; 0
0.0741; 0
0.07436; 0
0.07462; 0
0.07488; 0
0.07514; 0
0.0754; 0
0.07566; 0
0.07592; 0
0.07618; 0
0.07644; 0
0.0767; 0
0.07696; 0
0.07722; 0
0.07748; 0
0.07774; 0
0.078; 0
