0.00026; 0
0.00052; 0
0.00078; 0
0.00104; 0
0.0013; 0
0.00156; 0
0.00182; 0
0.00208; 0
0.00234; 0
0.0026; 0
0.00286; 0
0.00312; 0
0.00338; 0
0.00364; 0
0.0039; 0
0.00416; 0
0.00442; 0
0.00468; 0
0.00494; 0
0.0052; 0
0.00546; 0
0.00572; 0
0.00598; 0
0.00624; 0
0.0065; 0
0.00676; 0
0.00702; 0
0.00728; 0
0.00754; 0
0.0078; 0
0.00806; 0
0.00832; 0
0.00858; 0
0.00884; 0
0.0091; 0
0.00936; 0
0.00962; 0
0.00988; 0
0.01014; 0
0.0104; 0
0.01066; 0
0.01092; 0
0.01118; 0
0.01144; 0
0.0117; 0
0.01196; 0
0.01222; 0
0.01248; 0
0.01274; 0
0.013; 0
0.01326; 0
0.01352; 0
0.01378; 0
0.01404; 0
0.0143; 0
0.01456; 0
0.01482; 0
0.01508; 0
0.01534; 0
0.0156; 0
0.01586; 0
0.01612; 0
0.01638; 0
0.01664; 0
0.0169; 0
0.01716; 0
0.01742; 0
0.01768; 0
0.01794; 0
0.0182; 0
0.01846; 0
0.01872; 0
0.01898; 0
0.01924; 0
0.0195; 0
0.01976; 0
0.02002; 0
0.02028; 0
0.02054; 0
0.0208; 0
0.02106; 0
0.02132; 0
0.02158; 0
0.02184; 0
0.0221; 0
0.02236; 0
0.02262; 0
0.02288; 580.936
0.02314; 580.74
0.0234; 580.55
0.02366; 580.366
0.02392; 580.187
0.02418; 580.008
0.02444; 579.836
0.0247; 579.676
0.02496; 579.535
0.02522; 579.376
0.02548; 579.244
0.02574; 579.119
0.026; 578.997
0.02626; 578.872
0.02652; 578.754
0.02678; 578.645
0.02704; 578.556
0.0273; 578.447
0.02756; 578.366
0.02782; 578.289
0.02808; 578.216
0.02834; 578.139
0.0286; 578.068
0.02886; 578.006
0.02912; 577.961
0.02938; 577.897
0.02964; 577.858
0.0299; 577.824
0.03016; 577.793
0.03042; 577.756
0.03068; 577.724
0.03094; 577.701
0.0312; 577.694
0.03146; 577.666
0.03172; 577.663
0.03198; 577.664
0.03224; 577.666
0.0325; 577.663
0.03276; 577.663
0.03302; 577.67
0.03328; 577.694
0.03354; 577.696
0.0338; 577.721
0.03406; 577.749
0.03432; 577.779
0.03458; 577.801
0.03484; 577.826
0.0351; 577.857
0.03536; 577.904
0.03562; 577.928
0.03588; 577.975
0.03614; 578.025
0.0364; 578.074
0.03666; 578.116
0.03692; 578.159
0.03718; 578.209
0.03744; 578.273
0.0377; 578.314
0.03796; 578.377
0.03822; 578.442
0.03848; 578.506
0.03874; 578.562
0.039; 578.619
0.03926; 578.681
0.03952; 578.757
0.03978; 578.81
0.04004; 578.885
0.0403; 578.961
0.04056; 579.035
0.04082; 579.102
0.04108; 579.169
0.04134; 579.241
0.0416; 579.327
0.04186; 579.389
0.04212; 579.472
0.04238; 579.557
0.04264; 579.64
0.0429; 579.714
0.04316; 579.79
0.04342; 579.87
0.04368; 579.964
0.04394; 580.033
0.0442; 580.125
0.04446; 580.217
0.04472; 580.308
0.04498; 580.39
0.04524; 580.474
0.0455; 580.563
0.04576; 580.665
0.04602; 580.744
0.04628; 580.845
0.04654; 580.946
0.0468; 581.047
0.04706; 581.139
0.04732; 581.233
0.04758; 581.332
0.04784; 581.446
0.0481; 581.536
0.04836; 581.648
0.04862; 581.762
0.04888; 581.876
0.04914; 581.982
0.0494; 582.09
0.04966; 582.204
0.04992; 582.332
0.05018; 582.438
0.05044; 582.567
0.0507; 582.698
0.05096; 582.829
0.05122; 582.953
0.05148; 583.08
0.05174; 583.214
0.052; 583.363
0.05226; 583.49
0.05252; 583.641
0.05278; 583.794
0.05304; 583.949
0.0533; 584.098
0.05356; 584.25
0.05382; 584.409
0.05408; 584.584
0.05434; 584.739
0.0546; 584.918
0.05486; 585.1
0.05512; 585.285
0.05538; 585.464
0.05564; 585.647
0.0559; 585.839
0.05616; 586.047
0.05642; 586.236
0.05668; 586.449
0.05694; 586.668
0.0572; 586.89
0.05746; 587.11
0.05772; 587.335
0.05798; 587.568
0.05824; 587.796
0.0585; 0
0.05876; 0
0.05902; 0
0.05928; 0
0.05954; 0
0.0598; 0
0.06006; 0
0.06032; 0
0.06058; 0
0.06084; 0
0.0611; 0
0.06136; 0
0.06162; 0
0.06188; 0
0.06214; 0
0.0624; 0
0.06266; 0
0.06292; 0
0.06318; 0
0.06344; 0
0.0637; 0
0.06396; 0
0.06422; 0
0.06448; 0
0.06474; 0
0.065; 0
0.06526; 0
0.06552; 0
0.06578; 0
0.06604; 0
0.0663; 0
0.06656; 0
0.06682; 0
0.06708; 0
0.06734; 0
0.0676; 0
0.06786; 0
0.06812; 0
0.06838; 0
0.06864; 0
0.0689; 0
0.06916; 0
0.06942; 0
0.06968; 0
0.06994; 0
0.0702; 0
0.07046; 0
0.07072; 0
0.07098; 0
0.07124; 0
0.0715; 0
0.07176; 0
0.07202; 0
0.07228; 0
0.07254; 0
0.0728; 0
0.07306; 0
0.07332; 0
0.07358; 0
0.07384; 0
0.0741; 0
0.07436; 0
0.07462; 0
0.07488; 0
0.07514; 0
0.0754; 0
0.07566; 0
0.07592; 0
0.07618; 0
0.07644; 0
0.0767; 0
0.07696; 0
0.07722; 0
0.07748; 0
0.07774; 0
0.078; 0
