0.00026; 0
0.00052; 0
0.00078; 0
0.00104; 0
0.0013; 0
0.00156; 0
0.00182; 0
0.00208; 0
0.00234; 0
0.0026; 0
0.00286; 0
0.00312; 0
0.00338; 0
0.00364; 0
0.0039; 0
0.00416; 0
0.00442; 0
0.00468; 0
0.00494; 0
0.0052; 0
0.00546; 0
0.00572; 0
0.00598; 0
0.00624; 0
0.0065; 0
0.00676; 0
0.00702; 0
0.00728; 0
0.00754; 0
0.0078; 0
0.00806; 0
0.00832; 0
0.00858; 0
0.00884; 0
0.0091; 0
0.00936; 0
0.00962; 0
0.00988; 0
0.01014; 0
0.0104; 0
0.01066; 0
0.01092; 0
0.01118; 0
0.01144; 0
0.0117; 0
0.01196; 0
0.01222; 0
0.01248; 0
0.01274; 0
0.013; 0
0.01326; 0
0.01352; 0
0.01378; 0
0.01404; 0
0.0143; 0
0.01456; 0
0.01482; 0
0.01508; 0
0.01534; 0
0.0156; 0
0.01586; 0
0.01612; 0
0.01638; 0
0.01664; 0
0.0169; 0
0.01716; 0
0.01742; 0
0.01768; 0
0.01794; 0
0.0182; 0
0.01846; 0
0.01872; 0
0.01898; 0
0.01924; 0
0.0195; 0
0.01976; 0
0.02002; 0
0.02028; 0
0.02054; 0
0.0208; 0
0.02106; 0
0.02132; 305.056
0.02158; 305.049
0.02184; 305.042
0.0221; 305.036
0.02236; 305.038
0.02262; 305.038
0.02288; 305.03
0.02314; 305.026
0.0234; 305.025
0.02366; 305.018
0.02392; 305.009
0.02418; 305.002
0.02444; 305.004
0.0247; 305.003
0.02496; 304.993
0.02522; 304.989
0.02548; 304.988
0.02574; 304.98
0.026; 304.971
0.02626; 304.964
0.02652; 304.965
0.02678; 304.964
0.02704; 304.954
0.0273; 304.95
0.02756; 304.949
0.02782; 304.941
0.02808; 304.932
0.02834; 304.925
0.0286; 304.926
0.02886; 304.925
0.02912; 304.916
0.02938; 304.912
0.02964; 304.911
0.0299; 304.903
0.03016; 304.894
0.03042; 304.888
0.03068; 304.889
0.03094; 304.888
0.0312; 304.88
0.03146; 304.876
0.03172; 304.876
0.03198; 304.868
0.03224; 304.86
0.0325; 304.854
0.03276; 304.856
0.03302; 304.856
0.03328; 304.848
0.03354; 304.845
0.0338; 304.845
0.03406; 304.839
0.03432; 304.831
0.03458; 304.826
0.03484; 304.829
0.0351; 304.829
0.03536; 304.822
0.03562; 304.82
0.03588; 304.821
0.03614; 304.815
0.0364; 304.809
0.03666; 304.804
0.03692; 304.808
0.03718; 304.809
0.03744; 304.803
0.0377; 304.802
0.03796; 304.804
0.03822; 304.799
0.03848; 304.794
0.03874; 304.79
0.039; 304.795
0.03926; 304.797
0.03952; 304.792
0.03978; 304.792
0.04004; 304.795
0.0403; 304.791
0.04056; 304.787
0.04082; 304.784
0.04108; 304.79
0.04134; 304.793
0.0416; 304.789
0.04186; 304.79
0.04212; 304.794
0.04238; 304.792
0.04264; 304.788
0.0429; 304.787
0.04316; 304.793
0.04342; 304.798
0.04368; 304.794
0.04394; 304.796
0.0442; 304.801
0.04446; 304.8
0.04472; 304.797
0.04498; 304.797
0.04524; 304.805
0.0455; 304.81
0.04576; 304.808
0.04602; 304.811
0.04628; 304.817
0.04654; 304.816
0.0468; 304.815
0.04706; 304.815
0.04732; 304.823
0.04758; 304.83
0.04784; 304.828
0.0481; 304.832
0.04836; 304.839
0.04862; 304.839
0.04888; 304.838
0.04914; 304.839
0.0494; 304.849
0.04966; 304.856
0.04992; 304.855
0.05018; 304.859
0.05044; 304.867
0.0507; 304.868
0.05096; 304.868
0.05122; 304.869
0.05148; 304.879
0.05174; 304.887
0.052; 304.887
0.05226; 304.891
0.05252; 304.899
0.05278; 304.9
0.05304; 304.901
0.0533; 304.903
0.05356; 304.913
0.05382; 304.921
0.05408; 304.92
0.05434; 304.925
0.0546; 304.933
0.05486; 304.935
0.05512; 304.935
0.05538; 304.937
0.05564; 304.947
0.0559; 304.955
0.05616; 304.954
0.05642; 304.959
0.05668; 304.967
0.05694; 304.969
0.0572; 0
0.05746; 0
0.05772; 0
0.05798; 0
0.05824; 0
0.0585; 0
0.05876; 0
0.05902; 0
0.05928; 0
0.05954; 0
0.0598; 0
0.06006; 0
0.06032; 0
0.06058; 0
0.06084; 0
0.0611; 0
0.06136; 0
0.06162; 0
0.06188; 0
0.06214; 0
0.0624; 0
0.06266; 0
0.06292; 0
0.06318; 0
0.06344; 0
0.0637; 0
0.06396; 0
0.06422; 0
0.06448; 0
0.06474; 0
0.065; 0
0.06526; 0
0.06552; 0
0.06578; 0
0.06604; 0
0.0663; 0
0.06656; 0
0.06682; 0
0.06708; 0
0.06734; 0
0.0676; 0
0.06786; 0
0.06812; 0
0.06838; 0
0.06864; 0
0.0689; 0
0.06916; 0
0.06942; 0
0.06968; 0
0.06994; 0
0.0702; 0
0.07046; 0
0.07072; 0
0.07098; 0
0.07124; 0
0.0715; 0
0.07176; 0
0.07202; 0
0.07228; 0
0.07254; 0
0.0728; 0
0.07306; 0
0.07332; 0
0.07358; 0
0.07384; 0
0.0741; 0
0.07436; 0
0.07462; 0
0.07488; 0
0.07514; 0
0.0754; 0
0.07566; 0
0.07592; 0
0.07618; 0
0.07644; 0
0.0767; 0
0.07696; 0
0.07722; 0
0.07748; 0
0.07774; 0
0.078; 0
