0.00667; 0
0.01334; 0
0.02001; 0
0.02668; 0
0.03335; 0
0.04002; 0
0.04669; 0
0.05336; 0
0.06003; 0
0.0667; 0
0.07337; 0
0.08004; 0
0.08671; 0
0.09338; 0
0.10005; 0
0.10672; 0
0.11339; 0
0.12006; 0
0.12673; 0
0.1334; 0
0.14007; 0
0.14674; 0
0.15341; 0
0.16008; 0
0.16675; 0
0.17342; 0
0.18009; 0
0.18676; 0
0.19343; 0
0.2001; 0
0.20677; 0
0.21344; 0
0.22011; 0
0.22678; 0
0.23345; 0
0.24012; 0
0.24679; 0
0.25346; 0
0.26013; 0
0.2668; 0
0.27347; 0
0.28014; 0
0.28681; 0
0.29348; 0
0.30015; 0
0.30682; 0
0.31349; 0
0.32016; 0
0.32683; 0
0.3335; 0
0.34017; 0
0.34684; 0
0.35351; 0
0.36018; 0
0.36685; 0
0.37352; 0
0.38019; 0
0.38686; 0
0.39353; 0
0.4002; 0
0.40687; 0
0.41354; 0
0.42021; 0
0.42688; 0
0.43355; 0
0.44022; 0
0.44689; 0
0.45356; 0
0.46023; 0
0.4669; 0
0.47357; 0
0.48024; 0
0.48691; 1000
0.49358; 942.125
0.50025; 884.874
0.50692; 828.847
0.51359; 774.609
0.52026; 722.668
0.52693; 673.459
0.5336; 627.34
0.54027; 584.58
0.54694; 545.357
0.55361; 509.764
0.56028; 477.809
0.56695; 449.424
0.57362; 424.48
0.58029; 402.79
0.58696; 384.129
0.59363; 368.243
0.6003; 354.862
0.60697; 343.708
0.61364; 334.507
0.62031; 326.996
0.62698; 320.928
0.63365; 316.077
0.64032; 312.237
0.64699; 309.23
0.65366; 306.899
0.66033; 305.109
0.667; 303.75
0.67367; 302.727
0.68034; 301.966
0.68701; 301.405
0.69368; 300.995
0.70035; 300.7
0.70702; 300.489
0.71369; 300.34
0.72036; 300.237
0.72703; 300.167
0.7337; 300.123
0.74037; 300.097
0.74704; 300.086
0.75371; 300.09
0.76038; 300.107
0.76705; 300.139
0.77372; 300.19
0.78039; 300.265
0.78706; 300.372
0.79373; 300.522
0.8004; 300.728
0.80707; 301.008
0.81374; 301.386
0.82041; 301.889
0.82708; 302.555
0.83375; 303.426
0.84042; 304.557
0.84709; 306.012
0.85376; 307.866
0.86043; 310.21
0.8671; 313.146
0.87377; 316.792
0.88044; 321.282
0.88711; 326.764
0.89378; 333.402
0.90045; 341.373
0.90712; 350.865
0.91379; 362.071
0.92046; 375.185
0.92713; 390.384
0.9338; 407.804
0.94047; 427.498
0.94714; 449.352
0.95381; 472.951
0.96048; 497.351
0.96715; 520.768
0.97382; 540.254
0.98049; 551.81
0.98716; 551.81
0.99383; 540.254
1.0005; 520.768
1.00717; 497.351
1.01384; 472.951
1.02051; 449.352
1.02718; 427.498
1.03385; 407.804
1.04052; 390.384
1.04719; 375.185
1.05386; 362.071
1.06053; 350.865
1.0672; 341.373
1.07387; 333.402
1.08054; 326.764
1.08721; 321.282
1.09388; 316.792
1.10055; 313.146
1.10722; 310.21
1.11389; 307.866
1.12056; 306.012
1.12723; 304.557
1.1339; 303.426
1.14057; 302.555
1.14724; 301.889
1.15391; 301.386
1.16058; 301.008
1.16725; 300.728
1.17392; 300.522
1.18059; 300.372
1.18726; 300.265
1.19393; 300.19
1.2006; 300.139
1.20727; 300.107
1.21394; 300.09
1.22061; 300.086
1.22728; 300.097
1.23395; 300.123
1.24062; 300.167
1.24729; 300.237
1.25396; 300.34
1.26063; 300.489
1.2673; 300.7
1.27397; 300.995
1.28064; 301.405
1.28731; 301.966
1.29398; 302.727
1.30065; 303.75
1.30732; 305.109
1.31399; 306.899
1.32066; 309.23
1.32733; 312.237
1.334; 316.077
1.34067; 320.928
1.34734; 326.996
1.35401; 334.507
1.36068; 343.708
1.36735; 354.862
1.37402; 368.243
1.38069; 384.129
1.38736; 402.79
1.39403; 424.48
1.4007; 449.424
1.40737; 477.809
1.41404; 509.764
1.42071; 545.357
1.42738; 584.58
1.43405; 627.34
1.44072; 673.459
1.44739; 722.668
1.45406; 774.609
1.46073; 828.847
1.4674; 884.874
1.47407; 942.125
1.48074; 1000
1.48741; 0
1.49408; 0
1.50075; 0
1.50742; 0
1.51409; 0
1.52076; 0
1.52743; 0
1.5341; 0
1.54077; 0
1.54744; 0
1.55411; 0
1.56078; 0
1.56745; 0
1.57412; 0
1.58079; 0
1.58746; 0
1.59413; 0
1.6008; 0
1.60747; 0
1.61414; 0
1.62081; 0
1.62748; 0
1.63415; 0
1.64082; 0
1.64749; 0
1.65416; 0
1.66083; 0
1.6675; 0
1.67417; 0
1.68084; 0
1.68751; 0
1.69418; 0
1.70085; 0
1.70752; 0
1.71419; 0
1.72086; 0
1.72753; 0
1.7342; 0
1.74087; 0
1.74754; 0
1.75421; 0
1.76088; 0
1.76755; 0
1.77422; 0
1.78089; 0
1.78756; 0
1.79423; 0
1.8009; 0
1.80757; 0
1.81424; 0
1.82091; 0
1.82758; 0
1.83425; 0
1.84092; 0
1.84759; 0
1.85426; 0
1.86093; 0
1.8676; 0
1.87427; 0
1.88094; 0
1.88761; 0
1.89428; 0
1.90095; 0
1.90762; 0
1.91429; 0
1.92096; 0
1.92763; 0
1.9343; 0
1.94097; 0
1.94764; 0
1.95431; 0
1.96098; 0
1.96765; 0
1.97432; 0
1.98099; 0
1.98766; 0
1.99433; 0
2.001; 0
