0.00026; 0
0.00052; 0
0.00078; 0
0.00104; 0
0.0013; 0
0.00156; 0
0.00182; 0
0.00208; 0
0.00234; 0
0.0026; 0
0.00286; 0
0.00312; 0
0.00338; 0
0.00364; 0
0.0039; 0
0.00416; 0
0.00442; 0
0.00468; 0
0.00494; 0
0.0052; 0
0.00546; 0
0.00572; 0
0.00598; 0
0.00624; 0
0.0065; 0
0.00676; 0
0.00702; 0
0.00728; 0
0.00754; 0
0.0078; 0
0.00806; 0
0.00832; 0
0.00858; 0
0.00884; 0
0.0091; 0
0.00936; 0
0.00962; 0
0.00988; 0
0.01014; 0
0.0104; 0
0.01066; 0
0.01092; 0
0.01118; 0
0.01144; 0
0.0117; 0
0.01196; 0
0.01222; 0
0.01248; 0
0.01274; 0
0.013; 0
0.01326; 0
0.01352; 0
0.01378; 0
0.01404; 0
0.0143; 0
0.01456; 0
0.01482; 0
0.01508; 0
0.01534; 0
0.0156; 0
0.01586; 0
0.01612; 0
0.01638; 0
0.01664; 0
0.0169; 0
0.01716; 0
0.01742; 0
0.01768; 0
0.01794; 0
0.0182; 0
0.01846; 0
0.01872; 0
0.01898; 0
0.01924; 0
0.0195; 553.851
0.01976; 553.89
0.02002; 553.967
0.02028; 554.083
0.02054; 554.237
0.0208; 554.43
0.02106; 554.659
0.02132; 554.924
0.02158; 555.22
0.02184; 555.542
0.0221; 555.879
0.02236; 556.22
0.02262; 556.553
0.02288; 556.869
0.02314; 557.161
0.0234; 557.432
0.02366; 557.68
0.02392; 557.908
0.02418; 558.117
0.02444; 558.31
0.0247; 558.488
0.02496; 558.654
0.02522; 558.805
0.02548; 558.947
0.02574; 559.079
0.026; 559.202
0.02626; 559.315
0.02652; 559.421
0.02678; 559.52
0.02704; 559.612
0.0273; 559.695
0.02756; 559.772
0.02782; 559.843
0.02808; 559.908
0.02834; 559.966
0.0286; 560.018
0.02886; 560.064
0.02912; 560.106
0.02938; 560.14
0.02964; 560.169
0.0299; 560.193
0.03016; 560.211
0.03042; 560.224
0.03068; 560.231
0.03094; 560.234
0.0312; 560.233
0.03146; 560.225
0.03172; 560.214
0.03198; 560.198
0.03224; 560.178
0.0325; 560.154
0.03276; 560.128
0.03302; 560.098
0.03328; 560.068
0.03354; 560.032
0.0338; 559.997
0.03406; 559.961
0.03432; 559.925
0.03458; 559.889
0.03484; 559.854
0.0351; 559.822
0.03536; 559.793
0.03562; 559.765
0.03588; 559.743
0.03614; 559.725
0.0364; 559.714
0.03666; 559.708
0.03692; 559.71
0.03718; 559.72
0.03744; 559.739
0.0377; 559.765
0.03796; 559.802
0.03822; 559.848
0.03848; 559.904
0.03874; 559.97
0.039; 560.047
0.03926; 560.134
0.03952; 560.232
0.03978; 560.338
0.04004; 560.455
0.0403; 560.582
0.04056; 560.72
0.04082; 560.867
0.04108; 561.026
0.04134; 561.195
0.0416; 561.377
0.04186; 561.567
0.04212; 561.769
0.04238; 561.982
0.04264; 562.205
0.0429; 562.436
0.04316; 562.675
0.04342; 562.922
0.04368; 563.176
0.04394; 563.432
0.0442; 563.695
0.04446; 563.962
0.04472; 564.233
0.04498; 564.506
0.04524; 564.781
0.0455; 565.059
0.04576; 565.338
0.04602; 565.613
0.04628; 565.89
0.04654; 566.165
0.0468; 566.438
0.04706; 566.708
0.04732; 566.974
0.04758; 567.238
0.04784; 567.499
0.0481; 567.751
0.04836; 568.001
0.04862; 568.244
0.04888; 568.483
0.04914; 568.715
0.0494; 568.941
0.04966; 569.162
0.04992; 569.379
0.05018; 569.584
0.05044; 569.785
0.0507; 569.979
0.05096; 570.168
0.05122; 570.348
0.05148; 570.522
0.05174; 570.69
0.052; 570.854
0.05226; 571.005
0.05252; 571.153
0.05278; 571.293
0.05304; 571.428
0.0533; 571.554
0.05356; 571.674
0.05382; 571.789
0.05408; 571.899
0.05434; 571.996
0.0546; 572.09
0.05486; 572.177
0.05512; 572.258
0.05538; 572.331
0.05564; 572.397
0.0559; 572.458
0.05616; 572.514
0.05642; 572.558
0.05668; 572.599
0.05694; 572.631
0.0572; 572.659
0.05746; 572.677
0.05772; 572.689
0.05798; 572.695
0.05824; 0
0.0585; 0
0.05876; 0
0.05902; 0
0.05928; 0
0.05954; 0
0.0598; 0
0.06006; 0
0.06032; 0
0.06058; 0
0.06084; 0
0.0611; 0
0.06136; 0
0.06162; 0
0.06188; 0
0.06214; 0
0.0624; 0
0.06266; 0
0.06292; 0
0.06318; 0
0.06344; 0
0.0637; 0
0.06396; 0
0.06422; 0
0.06448; 0
0.06474; 0
0.065; 0
0.06526; 0
0.06552; 0
0.06578; 0
0.06604; 0
0.0663; 0
0.06656; 0
0.06682; 0
0.06708; 0
0.06734; 0
0.0676; 0
0.06786; 0
0.06812; 0
0.06838; 0
0.06864; 0
0.0689; 0
0.06916; 0
0.06942; 0
0.06968; 0
0.06994; 0
0.0702; 0
0.07046; 0
0.07072; 0
0.07098; 0
0.07124; 0
0.0715; 0
0.07176; 0
0.07202; 0
0.07228; 0
0.07254; 0
0.0728; 0
0.07306; 0
0.07332; 0
0.07358; 0
0.07384; 0
0.0741; 0
0.07436; 0
0.07462; 0
0.07488; 0
0.07514; 0
0.0754; 0
0.07566; 0
0.07592; 0
0.07618; 0
0.07644; 0
0.0767; 0
0.07696; 0
0.07722; 0
0.07748; 0
0.07774; 0
0.078; 0
