0.00667; 0
0.01334; 0
0.02001; 0
0.02668; 0
0.03335; 0
0.04002; 0
0.04669; 0
0.05336; 0
0.06003; 0
0.0667; 0
0.07337; 0
0.08004; 0
0.08671; 0
0.09338; 0
0.10005; 0
0.10672; 0
0.11339; 0
0.12006; 0
0.12673; 0
0.1334; 0
0.14007; 0
0.14674; 0
0.15341; 0
0.16008; 0
0.16675; 0
0.17342; 0
0.18009; 0
0.18676; 0
0.19343; 0
0.2001; 0
0.20677; 0
0.21344; 0
0.22011; 0
0.22678; 0
0.23345; 0
0.24012; 0
0.24679; 0
0.25346; 0
0.26013; 0
0.2668; 0
0.27347; 0
0.28014; 0
0.28681; 0
0.29348; 0
0.30015; 0
0.30682; 0
0.31349; 0
0.32016; 0
0.32683; 0
0.3335; 0
0.34017; 0
0.34684; 0
0.35351; 0
0.36018; 0
0.36685; 0
0.37352; 0
0.38019; 0
0.38686; 0
0.39353; 0
0.4002; 0
0.40687; 0
0.41354; 0
0.42021; 0
0.42688; 0
0.43355; 0
0.44022; 0
0.44689; 0
0.45356; 0
0.46023; 0
0.4669; 0
0.47357; 657.245
0.48024; 657.178
0.48691; 657.042
0.49358; 656.839
0.50025; 656.569
0.50692; 656.231
0.51359; 655.827
0.52026; 655.355
0.52693; 654.817
0.5336; 654.213
0.54027; 653.544
0.54694; 652.809
0.55361; 652.01
0.56028; 651.147
0.56695; 650.22
0.57362; 649.23
0.58029; 648.178
0.58696; 647.064
0.59363; 645.888
0.6003; 644.652
0.60697; 643.356
0.61364; 641.999
0.62031; 640.584
0.62698; 639.111
0.63365; 637.579
0.64032; 635.99
0.64699; 634.343
0.65366; 632.64
0.66033; 630.879
0.667; 629.062
0.67367; 627.189
0.68034; 625.259
0.68701; 623.273
0.69368; 621.229
0.70035; 619.129
0.70702; 616.97
0.71369; 614.752
0.72036; 612.476
0.72703; 610.138
0.7337; 607.738
0.74037; 605.275
0.74704; 602.746
0.75371; 600.149
0.76038; 597.482
0.76705; 594.741
0.77372; 591.924
0.78039; 589.026
0.78706; 586.044
0.79373; 582.972
0.8004; 579.805
0.80707; 576.536
0.81374; 573.158
0.82041; 569.663
0.82708; 566.043
0.83375; 562.285
0.84042; 558.38
0.84709; 554.313
0.85376; 550.068
0.86043; 545.63
0.8671; 540.977
0.87377; 536.088
0.88044; 530.937
0.88711; 525.497
0.89378; 519.736
0.90045; 513.62
0.90712; 507.114
0.91379; 500.187
0.92046; 492.813
0.92713; 484.991
0.9338; 476.764
0.94047; 468.262
0.94714; 459.77
0.95381; 451.833
0.96048; 445.35
0.96715; 441.55
0.97382; 441.55
0.98049; 445.35
0.98716; 451.833
0.99383; 459.77
1.0005; 468.262
1.00717; 476.764
1.01384; 484.991
1.02051; 492.813
1.02718; 500.187
1.03385; 507.114
1.04052; 513.62
1.04719; 519.736
1.05386; 525.497
1.06053; 530.937
1.0672; 536.088
1.07387; 540.977
1.08054; 545.63
1.08721; 550.068
1.09388; 554.313
1.10055; 558.38
1.10722; 562.285
1.11389; 566.043
1.12056; 569.663
1.12723; 573.158
1.1339; 576.536
1.14057; 579.805
1.14724; 582.972
1.15391; 586.044
1.16058; 589.026
1.16725; 591.924
1.17392; 594.741
1.18059; 597.482
1.18726; 600.149
1.19393; 602.746
1.2006; 605.275
1.20727; 607.738
1.21394; 610.138
1.22061; 612.476
1.22728; 614.752
1.23395; 616.97
1.24062; 619.129
1.24729; 621.229
1.25396; 623.273
1.26063; 625.259
1.2673; 627.189
1.27397; 629.062
1.28064; 630.879
1.28731; 632.64
1.29398; 634.343
1.30065; 635.99
1.30732; 637.579
1.31399; 639.111
1.32066; 640.584
1.32733; 641.999
1.334; 643.356
1.34067; 644.652
1.34734; 645.888
1.35401; 647.064
1.36068; 648.178
1.36735; 649.23
1.37402; 650.22
1.38069; 651.147
1.38736; 652.01
1.39403; 652.809
1.4007; 653.544
1.40737; 654.213
1.41404; 654.817
1.42071; 655.355
1.42738; 655.827
1.43405; 656.231
1.44072; 656.569
1.44739; 656.839
1.45406; 657.042
1.46073; 657.178
1.4674; 657.245
1.47407; 0
1.48074; 0
1.48741; 0
1.49408; 0
1.50075; 0
1.50742; 0
1.51409; 0
1.52076; 0
1.52743; 0
1.5341; 0
1.54077; 0
1.54744; 0
1.55411; 0
1.56078; 0
1.56745; 0
1.57412; 0
1.58079; 0
1.58746; 0
1.59413; 0
1.6008; 0
1.60747; 0
1.61414; 0
1.62081; 0
1.62748; 0
1.63415; 0
1.64082; 0
1.64749; 0
1.65416; 0
1.66083; 0
1.6675; 0
1.67417; 0
1.68084; 0
1.68751; 0
1.69418; 0
1.70085; 0
1.70752; 0
1.71419; 0
1.72086; 0
1.72753; 0
1.7342; 0
1.74087; 0
1.74754; 0
1.75421; 0
1.76088; 0
1.76755; 0
1.77422; 0
1.78089; 0
1.78756; 0
1.79423; 0
1.8009; 0
1.80757; 0
1.81424; 0
1.82091; 0
1.82758; 0
1.83425; 0
1.84092; 0
1.84759; 0
1.85426; 0
1.86093; 0
1.8676; 0
1.87427; 0
1.88094; 0
1.88761; 0
1.89428; 0
1.90095; 0
1.90762; 0
1.91429; 0
1.92096; 0
1.92763; 0
1.9343; 0
1.94097; 0
1.94764; 0
1.95431; 0
1.96098; 0
1.96765; 0
1.97432; 0
1.98099; 0
1.98766; 0
1.99433; 0
2.001; 0
