0.00667; 0
0.01334; 0
0.02001; 0
0.02668; 0
0.03335; 0
0.04002; 0
0.04669; 0
0.05336; 0
0.06003; 0
0.0667; 0
0.07337; 0
0.08004; 0
0.08671; 0
0.09338; 0
0.10005; 0
0.10672; 0
0.11339; 0
0.12006; 0
0.12673; 0
0.1334; 0
0.14007; 0
0.14674; 0
0.15341; 0
0.16008; 0
0.16675; 0
0.17342; 0
0.18009; 0
0.18676; 0
0.19343; 0
0.2001; 0
0.20677; 0
0.21344; 0
0.22011; 0
0.22678; 0
0.23345; 0
0.24012; 0
0.24679; 0
0.25346; 0
0.26013; 0
0.2668; 0
0.27347; 0
0.28014; 0
0.28681; 0
0.29348; 0
0.30015; 0
0.30682; 0
0.31349; 0
0.32016; 0
0.32683; 0
0.3335; 0
0.34017; 0
0.34684; 0
0.35351; 0
0.36018; 0
0.36685; 0
0.37352; 0
0.38019; 0
0.38686; 0
0.39353; 0
0.4002; 0
0.40687; 0
0.41354; 0
0.42021; 0
0.42688; 0
0.43355; 0
0.44022; 0
0.44689; 0
0.45356; 0
0.46023; 0
0.4669; 0
0.47357; 678.589
0.48024; 678.521
0.48691; 678.385
0.49358; 678.182
0.50025; 677.911
0.50692; 677.572
0.51359; 677.166
0.52026; 676.692
0.52693; 676.152
0.5336; 675.546
0.54027; 674.873
0.54694; 674.135
0.55361; 673.331
0.56028; 672.462
0.56695; 671.529
0.57362; 670.532
0.58029; 669.472
0.58696; 668.348
0.59363; 667.162
0.6003; 665.913
0.60697; 664.603
0.61364; 663.231
0.62031; 661.799
0.62698; 660.306
0.63365; 658.753
0.64032; 657.139
0.64699; 655.466
0.65366; 653.733
0.66033; 651.941
0.667; 650.089
0.67367; 648.177
0.68034; 646.205
0.68701; 644.172
0.69368; 642.079
0.70035; 639.925
0.70702; 637.708
0.71369; 635.427
0.72036; 633.083
0.72703; 630.672
0.7337; 628.194
0.74037; 625.646
0.74704; 623.027
0.75371; 620.333
0.76038; 617.563
0.76705; 614.712
0.77372; 611.777
0.78039; 608.753
0.78706; 605.636
0.79373; 602.421
0.8004; 599.101
0.80707; 595.669
0.81374; 592.118
0.82041; 588.439
0.82708; 584.622
0.83375; 580.655
0.84042; 576.526
0.84709; 572.22
0.85376; 567.721
0.86043; 563.011
0.8671; 558.068
0.87377; 552.868
0.88044; 547.384
0.88711; 541.586
0.89378; 535.441
0.90045; 528.912
0.90712; 521.962
0.91379; 514.556
0.92046; 506.669
0.92713; 498.298
0.9338; 489.49
0.94047; 480.384
0.94714; 471.287
0.95381; 462.782
0.96048; 455.834
0.96715; 451.761
0.97382; 451.761
0.98049; 455.834
0.98716; 462.782
0.99383; 471.287
1.0005; 480.384
1.00717; 489.49
1.01384; 498.298
1.02051; 506.669
1.02718; 514.556
1.03385; 521.962
1.04052; 528.912
1.04719; 535.441
1.05386; 541.586
1.06053; 547.384
1.0672; 552.868
1.07387; 558.068
1.08054; 563.011
1.08721; 567.721
1.09388; 572.22
1.10055; 576.526
1.10722; 580.655
1.11389; 584.622
1.12056; 588.439
1.12723; 592.118
1.1339; 595.669
1.14057; 599.101
1.14724; 602.421
1.15391; 605.636
1.16058; 608.753
1.16725; 611.777
1.17392; 614.712
1.18059; 617.563
1.18726; 620.333
1.19393; 623.027
1.2006; 625.646
1.20727; 628.194
1.21394; 630.672
1.22061; 633.083
1.22728; 635.427
1.23395; 637.708
1.24062; 639.925
1.24729; 642.079
1.25396; 644.172
1.26063; 646.205
1.2673; 648.177
1.27397; 650.089
1.28064; 651.941
1.28731; 653.733
1.29398; 655.466
1.30065; 657.139
1.30732; 658.753
1.31399; 660.306
1.32066; 661.799
1.32733; 663.231
1.334; 664.603
1.34067; 665.913
1.34734; 667.162
1.35401; 668.348
1.36068; 669.472
1.36735; 670.532
1.37402; 671.529
1.38069; 672.462
1.38736; 673.331
1.39403; 674.135
1.4007; 674.873
1.40737; 675.546
1.41404; 676.152
1.42071; 676.692
1.42738; 677.166
1.43405; 677.572
1.44072; 677.911
1.44739; 678.182
1.45406; 678.385
1.46073; 678.521
1.4674; 678.589
1.47407; 0
1.48074; 0
1.48741; 0
1.49408; 0
1.50075; 0
1.50742; 0
1.51409; 0
1.52076; 0
1.52743; 0
1.5341; 0
1.54077; 0
1.54744; 0
1.55411; 0
1.56078; 0
1.56745; 0
1.57412; 0
1.58079; 0
1.58746; 0
1.59413; 0
1.6008; 0
1.60747; 0
1.61414; 0
1.62081; 0
1.62748; 0
1.63415; 0
1.64082; 0
1.64749; 0
1.65416; 0
1.66083; 0
1.6675; 0
1.67417; 0
1.68084; 0
1.68751; 0
1.69418; 0
1.70085; 0
1.70752; 0
1.71419; 0
1.72086; 0
1.72753; 0
1.7342; 0
1.74087; 0
1.74754; 0
1.75421; 0
1.76088; 0
1.76755; 0
1.77422; 0
1.78089; 0
1.78756; 0
1.79423; 0
1.8009; 0
1.80757; 0
1.81424; 0
1.82091; 0
1.82758; 0
1.83425; 0
1.84092; 0
1.84759; 0
1.85426; 0
1.86093; 0
1.8676; 0
1.87427; 0
1.88094; 0
1.88761; 0
1.89428; 0
1.90095; 0
1.90762; 0
1.91429; 0
1.92096; 0
1.92763; 0
1.9343; 0
1.94097; 0
1.94764; 0
1.95431; 0
1.96098; 0
1.96765; 0
1.97432; 0
1.98099; 0
1.98766; 0
1.99433; 0
2.001; 0
