0.00026; 0
0.00052; 0
0.00078; 0
0.00104; 0
0.0013; 0
0.00156; 0
0.00182; 0
0.00208; 0
0.00234; 0
0.0026; 0
0.00286; 0
0.00312; 0
0.00338; 0
0.00364; 0
0.0039; 0
0.00416; 0
0.00442; 0
0.00468; 0
0.00494; 0
0.0052; 0
0.00546; 0
0.00572; 0
0.00598; 0
0.00624; 0
0.0065; 0
0.00676; 0
0.00702; 0
0.00728; 0
0.00754; 0
0.0078; 0
0.00806; 0
0.00832; 0
0.00858; 0
0.00884; 0
0.0091; 0
0.00936; 0
0.00962; 0
0.00988; 0
0.01014; 0
0.0104; 0
0.01066; 0
0.01092; 0
0.01118; 0
0.01144; 0
0.0117; 0
0.01196; 0
0.01222; 0
0.01248; 0
0.01274; 0
0.013; 0
0.01326; 0
0.01352; 0
0.01378; 0
0.01404; 0
0.0143; 0
0.01456; 0
0.01482; 0
0.01508; 0
0.01534; 0
0.0156; 0
0.01586; 0
0.01612; 0
0.01638; 0
0.01664; 0
0.0169; 0
0.01716; 0
0.01742; 0
0.01768; 0
0.01794; 0
0.0182; 0
0.01846; 0
0.01872; 0
0.01898; 0
0.01924; 0
0.0195; 0
0.01976; 0
0.02002; 0
0.02028; 0
0.02054; 0
0.0208; 0
0.02106; 0
0.02132; 0
0.02158; 0
0.02184; 0
0.0221; 0
0.02236; 0
0.02262; 0
0.02288; 586.717
0.02314; 586.532
0.0234; 586.335
0.02366; 586.149
0.02392; 585.991
0.02418; 585.821
0.02444; 585.661
0.0247; 585.508
0.02496; 585.369
0.02522; 585.222
0.02548; 585.081
0.02574; 584.953
0.026; 584.85
0.02626; 584.733
0.02652; 584.624
0.02678; 584.522
0.02704; 584.433
0.0273; 584.333
0.02756; 584.241
0.02782; 584.159
0.02808; 584.103
0.02834; 584.031
0.0286; 583.967
0.02886; 583.909
0.02912; 583.863
0.02938; 583.806
0.02964; 583.755
0.0299; 583.713
0.03016; 583.697
0.03042; 583.664
0.03068; 583.638
0.03094; 583.617
0.0312; 583.606
0.03146; 583.585
0.03172; 583.568
0.03198; 583.56
0.03224; 583.576
0.0325; 583.575
0.03276; 583.579
0.03302; 583.588
0.03328; 583.606
0.03354; 583.613
0.0338; 583.623
0.03406; 583.642
0.03432; 583.683
0.03458; 583.707
0.03484; 583.736
0.0351; 583.767
0.03536; 583.808
0.03562; 583.836
0.03588; 583.867
0.03614; 583.906
0.0364; 583.966
0.03666; 584.009
0.03692; 584.055
0.03718; 584.104
0.03744; 584.161
0.0377; 584.206
0.03796; 584.252
0.03822; 584.305
0.03848; 584.38
0.03874; 584.436
0.039; 584.495
0.03926; 584.557
0.03952; 584.626
0.03978; 584.682
0.04004; 584.74
0.0403; 584.803
0.04056; 584.888
0.04082; 584.954
0.04108; 585.023
0.04134; 585.094
0.0416; 585.172
0.04186; 585.236
0.04212; 585.303
0.04238; 585.375
0.04264; 585.468
0.0429; 585.541
0.04316; 585.618
0.04342; 585.697
0.04368; 585.783
0.04394; 585.855
0.0442; 585.929
0.04446; 586.009
0.04472; 586.109
0.04498; 586.191
0.04524; 586.275
0.0455; 586.362
0.04576; 586.456
0.04602; 586.537
0.04628; 586.619
0.04654; 586.708
0.0468; 586.818
0.04706; 586.909
0.04732; 587.004
0.04758; 587.1
0.04784; 587.205
0.0481; 587.297
0.04836; 587.391
0.04862; 587.491
0.04888; 587.613
0.04914; 587.717
0.0494; 587.825
0.04966; 587.936
0.04992; 588.055
0.05018; 588.162
0.05044; 588.272
0.0507; 588.389
0.05096; 588.528
0.05122; 588.649
0.05148; 588.776
0.05174; 588.905
0.052; 589.044
0.05226; 589.171
0.05252; 589.302
0.05278; 589.441
0.05304; 589.602
0.0533; 589.747
0.05356; 589.898
0.05382; 590.052
0.05408; 590.217
0.05434; 590.37
0.0546; 590.528
0.05486; 590.695
0.05512; 590.885
0.05538; 591.059
0.05564; 591.24
0.0559; 591.425
0.05616; 591.621
0.05642; 591.807
0.05668; 591.999
0.05694; 592.201
0.0572; 592.427
0.05746; 592.64
0.05772; 592.861
0.05798; 593.087
0.05824; 593.297
0.0585; 0
0.05876; 0
0.05902; 0
0.05928; 0
0.05954; 0
0.0598; 0
0.06006; 0
0.06032; 0
0.06058; 0
0.06084; 0
0.0611; 0
0.06136; 0
0.06162; 0
0.06188; 0
0.06214; 0
0.0624; 0
0.06266; 0
0.06292; 0
0.06318; 0
0.06344; 0
0.0637; 0
0.06396; 0
0.06422; 0
0.06448; 0
0.06474; 0
0.065; 0
0.06526; 0
0.06552; 0
0.06578; 0
0.06604; 0
0.0663; 0
0.06656; 0
0.06682; 0
0.06708; 0
0.06734; 0
0.0676; 0
0.06786; 0
0.06812; 0
0.06838; 0
0.06864; 0
0.0689; 0
0.06916; 0
0.06942; 0
0.06968; 0
0.06994; 0
0.0702; 0
0.07046; 0
0.07072; 0
0.07098; 0
0.07124; 0
0.0715; 0
0.07176; 0
0.07202; 0
0.07228; 0
0.07254; 0
0.0728; 0
0.07306; 0
0.07332; 0
0.07358; 0
0.07384; 0
0.0741; 0
0.07436; 0
0.07462; 0
0.07488; 0
0.07514; 0
0.0754; 0
0.07566; 0
0.07592; 0
0.07618; 0
0.07644; 0
0.0767; 0
0.07696; 0
0.07722; 0
0.07748; 0
0.07774; 0
0.078; 0
