0.00667; 0
0.01334; 0
0.02001; 0
0.02668; 0
0.03335; 0
0.04002; 0
0.04669; 0
0.05336; 0
0.06003; 0
0.0667; 0
0.07337; 0
0.08004; 0
0.08671; 0
0.09338; 0
0.10005; 0
0.10672; 0
0.11339; 0
0.12006; 0
0.12673; 0
0.1334; 0
0.14007; 0
0.14674; 0
0.15341; 0
0.16008; 0
0.16675; 0
0.17342; 0
0.18009; 0
0.18676; 0
0.19343; 0
0.2001; 0
0.20677; 0
0.21344; 0
0.22011; 0
0.22678; 0
0.23345; 0
0.24012; 0
0.24679; 0
0.25346; 0
0.26013; 0
0.2668; 0
0.27347; 0
0.28014; 0
0.28681; 0
0.29348; 0
0.30015; 0
0.30682; 0
0.31349; 0
0.32016; 0
0.32683; 0
0.3335; 0
0.34017; 0
0.34684; 0
0.35351; 0
0.36018; 0
0.36685; 0
0.37352; 0
0.38019; 0
0.38686; 0
0.39353; 0
0.4002; 0
0.40687; 0
0.41354; 0
0.42021; 0
0.42688; 0
0.43355; 0
0.44022; 0
0.44689; 0
0.45356; 0
0.46023; 0
0.4669; 0
0.47357; 573.361
0.48024; 573.294
0.48691; 573.16
0.49358; 572.959
0.50025; 572.692
0.50692; 572.359
0.51359; 571.96
0.52026; 571.496
0.52693; 570.967
0.5336; 570.374
0.54027; 569.718
0.54694; 568.998
0.55361; 568.217
0.56028; 567.375
0.56695; 566.473
0.57362; 565.512
0.58029; 564.492
0.58696; 563.416
0.59363; 562.283
0.6003; 561.095
0.60697; 559.854
0.61364; 558.559
0.62031; 557.213
0.62698; 555.817
0.63365; 554.371
0.64032; 552.877
0.64699; 551.335
0.65366; 549.748
0.66033; 548.114
0.667; 546.437
0.67367; 544.716
0.68034; 542.952
0.68701; 541.146
0.69368; 539.298
0.70035; 537.41
0.70702; 535.481
0.71369; 533.511
0.72036; 531.501
0.72703; 529.451
0.7337; 527.36
0.74037; 525.228
0.74704; 523.054
0.75371; 520.837
0.76038; 518.577
0.76705; 516.271
0.77372; 513.919
0.78039; 511.517
0.78706; 509.063
0.79373; 506.554
0.8004; 503.987
0.80707; 501.358
0.81374; 498.661
0.82041; 495.892
0.82708; 493.045
0.83375; 490.111
0.84042; 487.084
0.84709; 483.953
0.85376; 480.708
0.86043; 477.337
0.8671; 473.826
0.87377; 470.159
0.88044; 466.318
0.88711; 462.283
0.89378; 458.03
0.90045; 453.537
0.90712; 448.778
0.91379; 443.73
0.92046; 438.374
0.92713; 432.709
0.9338; 426.765
0.94047; 420.635
0.94714; 414.522
0.95381; 408.816
0.96048; 404.159
0.96715; 401.43
0.97382; 401.43
0.98049; 404.159
0.98716; 408.816
0.99383; 414.522
1.0005; 420.635
1.00717; 426.765
1.01384; 432.709
1.02051; 438.374
1.02718; 443.73
1.03385; 448.778
1.04052; 453.537
1.04719; 458.03
1.05386; 462.283
1.06053; 466.318
1.0672; 470.159
1.07387; 473.826
1.08054; 477.337
1.08721; 480.708
1.09388; 483.953
1.10055; 487.084
1.10722; 490.111
1.11389; 493.045
1.12056; 495.892
1.12723; 498.661
1.1339; 501.358
1.14057; 503.987
1.14724; 506.554
1.15391; 509.063
1.16058; 511.517
1.16725; 513.919
1.17392; 516.271
1.18059; 518.577
1.18726; 520.837
1.19393; 523.054
1.2006; 525.228
1.20727; 527.36
1.21394; 529.451
1.22061; 531.501
1.22728; 533.511
1.23395; 535.481
1.24062; 537.41
1.24729; 539.298
1.25396; 541.146
1.26063; 542.952
1.2673; 544.716
1.27397; 546.437
1.28064; 548.114
1.28731; 549.748
1.29398; 551.335
1.30065; 552.877
1.30732; 554.371
1.31399; 555.817
1.32066; 557.213
1.32733; 558.559
1.334; 559.854
1.34067; 561.095
1.34734; 562.283
1.35401; 563.416
1.36068; 564.492
1.36735; 565.512
1.37402; 566.473
1.38069; 567.375
1.38736; 568.217
1.39403; 568.998
1.4007; 569.718
1.40737; 570.374
1.41404; 570.967
1.42071; 571.496
1.42738; 571.96
1.43405; 572.359
1.44072; 572.692
1.44739; 572.959
1.45406; 573.16
1.46073; 573.294
1.4674; 573.361
1.47407; 0
1.48074; 0
1.48741; 0
1.49408; 0
1.50075; 0
1.50742; 0
1.51409; 0
1.52076; 0
1.52743; 0
1.5341; 0
1.54077; 0
1.54744; 0
1.55411; 0
1.56078; 0
1.56745; 0
1.57412; 0
1.58079; 0
1.58746; 0
1.59413; 0
1.6008; 0
1.60747; 0
1.61414; 0
1.62081; 0
1.62748; 0
1.63415; 0
1.64082; 0
1.64749; 0
1.65416; 0
1.66083; 0
1.6675; 0
1.67417; 0
1.68084; 0
1.68751; 0
1.69418; 0
1.70085; 0
1.70752; 0
1.71419; 0
1.72086; 0
1.72753; 0
1.7342; 0
1.74087; 0
1.74754; 0
1.75421; 0
1.76088; 0
1.76755; 0
1.77422; 0
1.78089; 0
1.78756; 0
1.79423; 0
1.8009; 0
1.80757; 0
1.81424; 0
1.82091; 0
1.82758; 0
1.83425; 0
1.84092; 0
1.84759; 0
1.85426; 0
1.86093; 0
1.8676; 0
1.87427; 0
1.88094; 0
1.88761; 0
1.89428; 0
1.90095; 0
1.90762; 0
1.91429; 0
1.92096; 0
1.92763; 0
1.9343; 0
1.94097; 0
1.94764; 0
1.95431; 0
1.96098; 0
1.96765; 0
1.97432; 0
1.98099; 0
1.98766; 0
1.99433; 0
2.001; 0
