0.00667; 0
0.01334; 0
0.02001; 0
0.02668; 0
0.03335; 0
0.04002; 0
0.04669; 0
0.05336; 0
0.06003; 0
0.0667; 0
0.07337; 0
0.08004; 0
0.08671; 0
0.09338; 0
0.10005; 0
0.10672; 0
0.11339; 0
0.12006; 0
0.12673; 0
0.1334; 0
0.14007; 0
0.14674; 0
0.15341; 0
0.16008; 0
0.16675; 0
0.17342; 0
0.18009; 0
0.18676; 0
0.19343; 0
0.2001; 0
0.20677; 0
0.21344; 0
0.22011; 0
0.22678; 0
0.23345; 0
0.24012; 0
0.24679; 0
0.25346; 0
0.26013; 0
0.2668; 0
0.27347; 0
0.28014; 0
0.28681; 0
0.29348; 0
0.30015; 0
0.30682; 0
0.31349; 0
0.32016; 0
0.32683; 0
0.3335; 0
0.34017; 0
0.34684; 0
0.35351; 0
0.36018; 0
0.36685; 0
0.37352; 0
0.38019; 0
0.38686; 0
0.39353; 0
0.4002; 0
0.40687; 0
0.41354; 0
0.42021; 0
0.42688; 0
0.43355; 0
0.44022; 0
0.44689; 0
0.45356; 0
0.46023; 0
0.4669; 0
0.47357; 455.197
0.48024; 455.133
0.48691; 455.006
0.49358; 454.815
0.50025; 454.561
0.50692; 454.244
0.51359; 453.865
0.52026; 453.424
0.52693; 452.923
0.5336; 452.362
0.54027; 451.743
0.54694; 451.066
0.55361; 450.333
0.56028; 449.545
0.56695; 448.703
0.57362; 447.809
0.58029; 446.864
0.58696; 445.87
0.59363; 444.829
0.6003; 443.742
0.60697; 442.612
0.61364; 441.439
0.62031; 440.226
0.62698; 438.975
0.63365; 437.687
0.64032; 436.364
0.64699; 435.009
0.65366; 433.623
0.66033; 432.208
0.667; 430.767
0.67367; 429.3
0.68034; 427.809
0.68701; 426.297
0.69368; 424.765
0.70035; 423.215
0.70702; 421.648
0.71369; 420.066
0.72036; 418.47
0.72703; 416.862
0.7337; 415.242
0.74037; 413.612
0.74704; 411.973
0.75371; 410.325
0.76038; 408.67
0.76705; 407.007
0.77372; 405.337
0.78039; 403.66
0.78706; 401.975
0.79373; 400.284
0.8004; 398.584
0.80707; 396.874
0.81374; 395.154
0.82041; 393.422
0.82708; 391.676
0.83375; 389.912
0.84042; 388.128
0.84709; 386.321
0.85376; 384.485
0.86043; 382.615
0.8671; 380.706
0.87377; 378.751
0.88044; 376.741
0.88711; 374.667
0.89378; 372.52
0.90045; 370.288
0.90712; 367.959
0.91379; 365.522
0.92046; 362.969
0.92713; 360.298
0.9338; 357.521
0.94047; 354.68
0.94714; 351.865
0.95381; 349.249
0.96048; 347.122
0.96715; 345.878
0.97382; 345.878
0.98049; 347.122
0.98716; 349.249
0.99383; 351.865
1.0005; 354.68
1.00717; 357.521
1.01384; 360.298
1.02051; 362.969
1.02718; 365.522
1.03385; 367.959
1.04052; 370.288
1.04719; 372.52
1.05386; 374.667
1.06053; 376.741
1.0672; 378.751
1.07387; 380.706
1.08054; 382.615
1.08721; 384.485
1.09388; 386.321
1.10055; 388.128
1.10722; 389.912
1.11389; 391.676
1.12056; 393.422
1.12723; 395.154
1.1339; 396.874
1.14057; 398.584
1.14724; 400.284
1.15391; 401.975
1.16058; 403.66
1.16725; 405.337
1.17392; 407.007
1.18059; 408.67
1.18726; 410.325
1.19393; 411.973
1.2006; 413.612
1.20727; 415.242
1.21394; 416.862
1.22061; 418.47
1.22728; 420.066
1.23395; 421.648
1.24062; 423.215
1.24729; 424.765
1.25396; 426.297
1.26063; 427.809
1.2673; 429.3
1.27397; 430.767
1.28064; 432.208
1.28731; 433.623
1.29398; 435.009
1.30065; 436.364
1.30732; 437.687
1.31399; 438.975
1.32066; 440.226
1.32733; 441.439
1.334; 442.612
1.34067; 443.742
1.34734; 444.829
1.35401; 445.87
1.36068; 446.864
1.36735; 447.809
1.37402; 448.703
1.38069; 449.545
1.38736; 450.333
1.39403; 451.066
1.4007; 451.743
1.40737; 452.362
1.41404; 452.923
1.42071; 453.424
1.42738; 453.865
1.43405; 454.244
1.44072; 454.561
1.44739; 454.815
1.45406; 455.006
1.46073; 455.133
1.4674; 455.197
1.47407; 0
1.48074; 0
1.48741; 0
1.49408; 0
1.50075; 0
1.50742; 0
1.51409; 0
1.52076; 0
1.52743; 0
1.5341; 0
1.54077; 0
1.54744; 0
1.55411; 0
1.56078; 0
1.56745; 0
1.57412; 0
1.58079; 0
1.58746; 0
1.59413; 0
1.6008; 0
1.60747; 0
1.61414; 0
1.62081; 0
1.62748; 0
1.63415; 0
1.64082; 0
1.64749; 0
1.65416; 0
1.66083; 0
1.6675; 0
1.67417; 0
1.68084; 0
1.68751; 0
1.69418; 0
1.70085; 0
1.70752; 0
1.71419; 0
1.72086; 0
1.72753; 0
1.7342; 0
1.74087; 0
1.74754; 0
1.75421; 0
1.76088; 0
1.76755; 0
1.77422; 0
1.78089; 0
1.78756; 0
1.79423; 0
1.8009; 0
1.80757; 0
1.81424; 0
1.82091; 0
1.82758; 0
1.83425; 0
1.84092; 0
1.84759; 0
1.85426; 0
1.86093; 0
1.8676; 0
1.87427; 0
1.88094; 0
1.88761; 0
1.89428; 0
1.90095; 0
1.90762; 0
1.91429; 0
1.92096; 0
1.92763; 0
1.9343; 0
1.94097; 0
1.94764; 0
1.95431; 0
1.96098; 0
1.96765; 0
1.97432; 0
1.98099; 0
1.98766; 0
1.99433; 0
2.001; 0
