0.00667; 0
0.01334; 0
0.02001; 0
0.02668; 0
0.03335; 0
0.04002; 0
0.04669; 0
0.05336; 0
0.06003; 0
0.0667; 0
0.07337; 0
0.08004; 0
0.08671; 0
0.09338; 0
0.10005; 0
0.10672; 0
0.11339; 0
0.12006; 0
0.12673; 0
0.1334; 0
0.14007; 0
0.14674; 0
0.15341; 0
0.16008; 0
0.16675; 0
0.17342; 0
0.18009; 0
0.18676; 0
0.19343; 0
0.2001; 0
0.20677; 0
0.21344; 0
0.22011; 0
0.22678; 0
0.23345; 0
0.24012; 0
0.24679; 0
0.25346; 0
0.26013; 0
0.2668; 0
0.27347; 0
0.28014; 0
0.28681; 0
0.29348; 0
0.30015; 0
0.30682; 0
0.31349; 0
0.32016; 0
0.32683; 0
0.3335; 0
0.34017; 0
0.34684; 0
0.35351; 0
0.36018; 0
0.36685; 0
0.37352; 0
0.38019; 0
0.38686; 0
0.39353; 0
0.4002; 0
0.40687; 0
0.41354; 0
0.42021; 0
0.42688; 0
0.43355; 0
0.44022; 0
0.44689; 0
0.45356; 0
0.46023; 0
0.4669; 0
0.47357; 694.478
0.48024; 694.41
0.48691; 694.274
0.49358; 694.07
0.50025; 693.798
0.50692; 693.458
0.51359; 693.051
0.52026; 692.576
0.52693; 692.035
0.5336; 691.426
0.54027; 690.751
0.54694; 690.01
0.55361; 689.203
0.56028; 688.33
0.56695; 687.393
0.57362; 686.39
0.58029; 685.324
0.58696; 684.193
0.59363; 682.999
0.6003; 681.741
0.60697; 680.42
0.61364; 679.037
0.62031; 677.592
0.62698; 676.084
0.63365; 674.514
0.64032; 672.883
0.64699; 671.19
0.65366; 669.436
0.66033; 667.619
0.667; 665.741
0.67367; 663.8
0.68034; 661.797
0.68701; 659.731
0.69368; 657.6
0.70035; 655.406
0.70702; 653.145
0.71369; 650.818
0.72036; 648.423
0.72703; 645.958
0.7337; 643.421
0.74037; 640.811
0.74704; 638.124
0.75371; 635.359
0.76038; 632.511
0.76705; 629.578
0.77372; 626.555
0.78039; 623.438
0.78706; 620.221
0.79373; 616.899
0.8004; 613.465
0.80707; 609.913
0.81374; 606.232
0.82041; 602.416
0.82708; 598.452
0.83375; 594.329
0.84042; 590.034
0.84709; 585.551
0.85376; 580.863
0.86043; 575.95
0.8671; 570.79
0.87377; 565.359
0.88044; 559.627
0.88711; 553.563
0.89378; 547.132
0.90045; 540.296
0.90712; 533.015
0.91379; 525.253
0.92046; 516.984
0.92713; 508.204
0.9338; 498.964
0.94047; 489.408
0.94714; 479.86
0.95381; 470.933
0.96048; 463.639
0.96715; 459.362
0.97382; 459.362
0.98049; 463.639
0.98716; 470.933
0.99383; 479.86
1.0005; 489.408
1.00717; 498.964
1.01384; 508.204
1.02051; 516.984
1.02718; 525.253
1.03385; 533.015
1.04052; 540.296
1.04719; 547.132
1.05386; 553.563
1.06053; 559.627
1.0672; 565.359
1.07387; 570.79
1.08054; 575.95
1.08721; 580.863
1.09388; 585.551
1.10055; 590.034
1.10722; 594.329
1.11389; 598.452
1.12056; 602.416
1.12723; 606.232
1.1339; 609.913
1.14057; 613.465
1.14724; 616.899
1.15391; 620.221
1.16058; 623.438
1.16725; 626.555
1.17392; 629.578
1.18059; 632.511
1.18726; 635.359
1.19393; 638.124
1.2006; 640.811
1.20727; 643.421
1.21394; 645.958
1.22061; 648.423
1.22728; 650.818
1.23395; 653.145
1.24062; 655.406
1.24729; 657.6
1.25396; 659.731
1.26063; 661.797
1.2673; 663.8
1.27397; 665.741
1.28064; 667.619
1.28731; 669.436
1.29398; 671.19
1.30065; 672.883
1.30732; 674.514
1.31399; 676.084
1.32066; 677.592
1.32733; 679.037
1.334; 680.42
1.34067; 681.741
1.34734; 682.999
1.35401; 684.193
1.36068; 685.324
1.36735; 686.39
1.37402; 687.393
1.38069; 688.33
1.38736; 689.203
1.39403; 690.01
1.4007; 690.751
1.40737; 691.426
1.41404; 692.035
1.42071; 692.576
1.42738; 693.051
1.43405; 693.458
1.44072; 693.798
1.44739; 694.07
1.45406; 694.274
1.46073; 694.41
1.4674; 694.478
1.47407; 0
1.48074; 0
1.48741; 0
1.49408; 0
1.50075; 0
1.50742; 0
1.51409; 0
1.52076; 0
1.52743; 0
1.5341; 0
1.54077; 0
1.54744; 0
1.55411; 0
1.56078; 0
1.56745; 0
1.57412; 0
1.58079; 0
1.58746; 0
1.59413; 0
1.6008; 0
1.60747; 0
1.61414; 0
1.62081; 0
1.62748; 0
1.63415; 0
1.64082; 0
1.64749; 0
1.65416; 0
1.66083; 0
1.6675; 0
1.67417; 0
1.68084; 0
1.68751; 0
1.69418; 0
1.70085; 0
1.70752; 0
1.71419; 0
1.72086; 0
1.72753; 0
1.7342; 0
1.74087; 0
1.74754; 0
1.75421; 0
1.76088; 0
1.76755; 0
1.77422; 0
1.78089; 0
1.78756; 0
1.79423; 0
1.8009; 0
1.80757; 0
1.81424; 0
1.82091; 0
1.82758; 0
1.83425; 0
1.84092; 0
1.84759; 0
1.85426; 0
1.86093; 0
1.8676; 0
1.87427; 0
1.88094; 0
1.88761; 0
1.89428; 0
1.90095; 0
1.90762; 0
1.91429; 0
1.92096; 0
1.92763; 0
1.9343; 0
1.94097; 0
1.94764; 0
1.95431; 0
1.96098; 0
1.96765; 0
1.97432; 0
1.98099; 0
1.98766; 0
1.99433; 0
2.001; 0
