0.00667; 0
0.01334; 0
0.02001; 0
0.02668; 0
0.03335; 0
0.04002; 0
0.04669; 0
0.05336; 0
0.06003; 0
0.0667; 0
0.07337; 0
0.08004; 0
0.08671; 0
0.09338; 0
0.10005; 0
0.10672; 0
0.11339; 0
0.12006; 0
0.12673; 0
0.1334; 0
0.14007; 0
0.14674; 0
0.15341; 0
0.16008; 0
0.16675; 0
0.17342; 0
0.18009; 0
0.18676; 0
0.19343; 0
0.2001; 0
0.20677; 0
0.21344; 0
0.22011; 0
0.22678; 0
0.23345; 0
0.24012; 0
0.24679; 0
0.25346; 0
0.26013; 0
0.2668; 0
0.27347; 0
0.28014; 0
0.28681; 0
0.29348; 0
0.30015; 0
0.30682; 0
0.31349; 0
0.32016; 0
0.32683; 0
0.3335; 0
0.34017; 0
0.34684; 0
0.35351; 0
0.36018; 0
0.36685; 0
0.37352; 0
0.38019; 0
0.38686; 0
0.39353; 0
0.4002; 0
0.40687; 0
0.41354; 0
0.42021; 0
0.42688; 0
0.43355; 0
0.44022; 0
0.44689; 0
0.45356; 0
0.46023; 0
0.4669; 0
0.47357; 591.075
0.48024; 591.007
0.48691; 590.873
0.49358; 590.672
0.50025; 590.404
0.50692; 590.07
0.51359; 589.67
0.52026; 589.204
0.52693; 588.673
0.5336; 588.078
0.54027; 587.419
0.54694; 586.696
0.55361; 585.911
0.56028; 585.064
0.56695; 584.157
0.57362; 583.189
0.58029; 582.163
0.58696; 581.078
0.59363; 579.936
0.6003; 578.738
0.60697; 577.485
0.61364; 576.177
0.62031; 574.816
0.62698; 573.404
0.63365; 571.939
0.64032; 570.425
0.64699; 568.861
0.65366; 567.249
0.66033; 565.589
0.667; 563.881
0.67367; 562.128
0.68034; 560.329
0.68701; 558.484
0.69368; 556.595
0.70035; 554.662
0.70702; 552.684
0.71369; 550.662
0.72036; 548.595
0.72703; 546.484
0.7337; 544.328
0.74037; 542.126
0.74704; 539.877
0.75371; 537.58
0.76038; 535.233
0.76705; 532.836
0.77372; 530.385
0.78039; 527.878
0.78706; 525.312
0.79373; 522.685
0.8004; 519.991
0.80707; 517.226
0.81374; 514.386
0.82041; 511.464
0.82708; 508.453
0.83375; 505.345
0.84042; 502.132
0.84709; 498.804
0.85376; 495.348
0.86043; 491.752
0.8671; 487.999
0.87377; 484.074
0.88044; 479.957
0.88711; 475.625
0.89378; 471.054
0.90045; 466.218
0.90712; 461.091
0.91379; 455.645
0.92046; 449.864
0.92713; 443.744
0.9338; 437.318
0.94047; 430.687
0.94714; 424.072
0.95381; 417.895
0.96048; 412.853
0.96715; 409.898
0.97382; 409.898
0.98049; 412.853
0.98716; 417.895
0.99383; 424.072
1.0005; 430.687
1.00717; 437.318
1.01384; 443.744
1.02051; 449.864
1.02718; 455.645
1.03385; 461.091
1.04052; 466.218
1.04719; 471.054
1.05386; 475.625
1.06053; 479.957
1.0672; 484.074
1.07387; 487.999
1.08054; 491.752
1.08721; 495.348
1.09388; 498.804
1.10055; 502.132
1.10722; 505.345
1.11389; 508.453
1.12056; 511.464
1.12723; 514.386
1.1339; 517.226
1.14057; 519.991
1.14724; 522.685
1.15391; 525.312
1.16058; 527.878
1.16725; 530.385
1.17392; 532.836
1.18059; 535.233
1.18726; 537.58
1.19393; 539.877
1.2006; 542.126
1.20727; 544.328
1.21394; 546.484
1.22061; 548.595
1.22728; 550.662
1.23395; 552.684
1.24062; 554.662
1.24729; 556.595
1.25396; 558.484
1.26063; 560.329
1.2673; 562.128
1.27397; 563.881
1.28064; 565.589
1.28731; 567.249
1.29398; 568.861
1.30065; 570.425
1.30732; 571.939
1.31399; 573.404
1.32066; 574.816
1.32733; 576.177
1.334; 577.485
1.34067; 578.738
1.34734; 579.936
1.35401; 581.078
1.36068; 582.163
1.36735; 583.189
1.37402; 584.157
1.38069; 585.064
1.38736; 585.911
1.39403; 586.696
1.4007; 587.419
1.40737; 588.078
1.41404; 588.673
1.42071; 589.204
1.42738; 589.67
1.43405; 590.07
1.44072; 590.404
1.44739; 590.672
1.45406; 590.873
1.46073; 591.007
1.4674; 591.075
1.47407; 0
1.48074; 0
1.48741; 0
1.49408; 0
1.50075; 0
1.50742; 0
1.51409; 0
1.52076; 0
1.52743; 0
1.5341; 0
1.54077; 0
1.54744; 0
1.55411; 0
1.56078; 0
1.56745; 0
1.57412; 0
1.58079; 0
1.58746; 0
1.59413; 0
1.6008; 0
1.60747; 0
1.61414; 0
1.62081; 0
1.62748; 0
1.63415; 0
1.64082; 0
1.64749; 0
1.65416; 0
1.66083; 0
1.6675; 0
1.67417; 0
1.68084; 0
1.68751; 0
1.69418; 0
1.70085; 0
1.70752; 0
1.71419; 0
1.72086; 0
1.72753; 0
1.7342; 0
1.74087; 0
1.74754; 0
1.75421; 0
1.76088; 0
1.76755; 0
1.77422; 0
1.78089; 0
1.78756; 0
1.79423; 0
1.8009; 0
1.80757; 0
1.81424; 0
1.82091; 0
1.82758; 0
1.83425; 0
1.84092; 0
1.84759; 0
1.85426; 0
1.86093; 0
1.8676; 0
1.87427; 0
1.88094; 0
1.88761; 0
1.89428; 0
1.90095; 0
1.90762; 0
1.91429; 0
1.92096; 0
1.92763; 0
1.9343; 0
1.94097; 0
1.94764; 0
1.95431; 0
1.96098; 0
1.96765; 0
1.97432; 0
1.98099; 0
1.98766; 0
1.99433; 0
2.001; 0
