0.00026; 0
0.00052; 0
0.00078; 0
0.00104; 0
0.0013; 0
0.00156; 0
0.00182; 0
0.00208; 0
0.00234; 0
0.0026; 0
0.00286; 0
0.00312; 0
0.00338; 0
0.00364; 0
0.0039; 0
0.00416; 0
0.00442; 0
0.00468; 0
0.00494; 0
0.0052; 0
0.00546; 0
0.00572; 0
0.00598; 0
0.00624; 0
0.0065; 0
0.00676; 0
0.00702; 0
0.00728; 0
0.00754; 0
0.0078; 0
0.00806; 0
0.00832; 0
0.00858; 0
0.00884; 0
0.0091; 0
0.00936; 0
0.00962; 0
0.00988; 0
0.01014; 0
0.0104; 0
0.01066; 0
0.01092; 0
0.01118; 0
0.01144; 0
0.0117; 0
0.01196; 0
0.01222; 0
0.01248; 0
0.01274; 0
0.013; 0
0.01326; 0
0.01352; 0
0.01378; 0
0.01404; 0
0.0143; 0
0.01456; 0
0.01482; 0
0.01508; 0
0.01534; 0
0.0156; 0
0.01586; 0
0.01612; 0
0.01638; 0
0.01664; 0
0.0169; 0
0.01716; 0
0.01742; 0
0.01768; 0
0.01794; 0
0.0182; 0
0.01846; 0
0.01872; 0
0.01898; 0
0.01924; 0
0.0195; 0
0.01976; 0
0.02002; 0
0.02028; 0
0.02054; 0
0.0208; 0
0.02106; 0
0.02132; 0
0.02158; 0
0.02184; 0
0.0221; 0
0.02236; 0
0.02262; 0
0.02288; 586.034
0.02314; 585.861
0.0234; 585.679
0.02366; 585.495
0.02392; 585.321
0.02418; 585.153
0.02444; 584.987
0.0247; 584.828
0.02496; 584.686
0.02522; 584.547
0.02548; 584.421
0.02574; 584.293
0.026; 584.175
0.02626; 584.059
0.02652; 583.945
0.02678; 583.836
0.02704; 583.743
0.0273; 583.653
0.02756; 583.575
0.02782; 583.495
0.02808; 583.422
0.02834; 583.353
0.0286; 583.284
0.02886; 583.219
0.02912; 583.17
0.02938; 583.123
0.02964; 583.087
0.0299; 583.047
0.03016; 583.015
0.03042; 582.985
0.03068; 582.954
0.03094; 582.926
0.0312; 582.914
0.03146; 582.901
0.03172; 582.899
0.03198; 582.893
0.03224; 582.893
0.0325; 582.895
0.03276; 582.894
0.03302; 582.897
0.03328; 582.914
0.03354; 582.93
0.0338; 582.955
0.03406; 582.975
0.03432; 583.001
0.03458; 583.028
0.03484; 583.051
0.0351; 583.077
0.03536; 583.116
0.03562; 583.153
0.03588; 583.2
0.03614; 583.241
0.0364; 583.286
0.03666; 583.331
0.03692; 583.373
0.03718; 583.416
0.03744; 583.472
0.0377; 583.525
0.03796; 583.587
0.03822; 583.642
0.03848; 583.702
0.03874; 583.76
0.039; 583.815
0.03926; 583.871
0.03952; 583.939
0.03978; 584.004
0.04004; 584.076
0.0403; 584.142
0.04056; 584.212
0.04082; 584.281
0.04108; 584.345
0.04134; 584.41
0.0416; 584.487
0.04186; 584.561
0.04212; 584.642
0.04238; 584.717
0.04264; 584.795
0.0429; 584.871
0.04316; 584.944
0.04342; 585.016
0.04368; 585.101
0.04394; 585.182
0.0442; 585.271
0.04446; 585.353
0.04472; 585.439
0.04498; 585.524
0.04524; 585.604
0.0455; 585.685
0.04576; 585.778
0.04602; 585.868
0.04628; 585.965
0.04654; 586.056
0.0468; 586.152
0.04706; 586.245
0.04732; 586.336
0.04758; 586.427
0.04784; 586.53
0.0481; 586.631
0.04836; 586.74
0.04862; 586.843
0.04888; 586.951
0.04914; 587.058
0.0494; 587.161
0.04966; 587.266
0.04992; 587.384
0.05018; 587.5
0.05044; 587.625
0.0507; 587.744
0.05096; 587.869
0.05122; 587.993
0.05148; 588.116
0.05174; 588.24
0.052; 588.377
0.05226; 588.514
0.05252; 588.66
0.05278; 588.801
0.05304; 588.949
0.0533; 589.097
0.05356; 589.243
0.05382; 589.393
0.05408; 589.556
0.05434; 589.719
0.0546; 589.892
0.05486; 590.062
0.05512; 590.238
0.05538; 590.415
0.05564; 590.592
0.0559; 590.772
0.05616; 590.967
0.05642; 591.163
0.05668; 591.37
0.05694; 591.575
0.0572; 591.788
0.05746; 592.004
0.05772; 592.221
0.05798; 592.442
0.05824; 592.651
0.0585; 0
0.05876; 0
0.05902; 0
0.05928; 0
0.05954; 0
0.0598; 0
0.06006; 0
0.06032; 0
0.06058; 0
0.06084; 0
0.0611; 0
0.06136; 0
0.06162; 0
0.06188; 0
0.06214; 0
0.0624; 0
0.06266; 0
0.06292; 0
0.06318; 0
0.06344; 0
0.0637; 0
0.06396; 0
0.06422; 0
0.06448; 0
0.06474; 0
0.065; 0
0.06526; 0
0.06552; 0
0.06578; 0
0.06604; 0
0.0663; 0
0.06656; 0
0.06682; 0
0.06708; 0
0.06734; 0
0.0676; 0
0.06786; 0
0.06812; 0
0.06838; 0
0.06864; 0
0.0689; 0
0.06916; 0
0.06942; 0
0.06968; 0
0.06994; 0
0.0702; 0
0.07046; 0
0.07072; 0
0.07098; 0
0.07124; 0
0.0715; 0
0.07176; 0
0.07202; 0
0.07228; 0
0.07254; 0
0.0728; 0
0.07306; 0
0.07332; 0
0.07358; 0
0.07384; 0
0.0741; 0
0.07436; 0
0.07462; 0
0.07488; 0
0.07514; 0
0.0754; 0
0.07566; 0
0.07592; 0
0.07618; 0
0.07644; 0
0.0767; 0
0.07696; 0
0.07722; 0
0.07748; 0
0.07774; 0
0.078; 0
