0.00026; 683.837
0.00052; 683.834
0.00078; 683.829
0.00104; 683.832
0.0013; 683.833
0.00156; 683.831
0.00182; 683.828
0.00208; 683.828
0.00234; 683.829
0.0026; 683.827
0.00286; 683.82
0.00312; 683.824
0.00338; 683.825
0.00364; 683.823
0.0039; 683.819
0.00416; 683.819
0.00442; 683.82
0.00468; 683.818
0.00494; 683.811
0.0052; 683.815
0.00546; 683.816
0.00572; 683.814
0.00598; 683.81
0.00624; 683.811
0.0065; 683.811
0.00676; 683.809
0.00702; 683.802
0.00728; 683.806
0.00754; 683.808
0.0078; 683.806
0.00806; 683.802
0.00832; 683.803
0.00858; 683.803
0.00884; 683.801
0.0091; 683.795
0.00936; 683.799
0.00962; 683.8
0.00988; 683.798
0.01014; 683.795
0.0104; 683.795
0.01066; 683.796
0.01092; 683.794
0.01118; 683.788
0.01144; 683.792
0.0117; 683.793
0.01196; 683.791
0.01222; 683.788
0.01248; 683.789
0.01274; 683.789
0.013; 683.788
0.01326; 683.781
0.01352; 683.785
0.01378; 683.787
0.01404; 683.785
0.0143; 683.782
0.01456; 683.782
0.01482; 683.783
0.01508; 683.782
0.01534; 683.775
0.0156; 683.779
0.01586; 683.781
0.01612; 683.779
0.01638; 683.776
0.01664; 683.777
0.0169; 683.778
0.01716; 683.776
0.01742; 683.77
0.01768; 683.774
0.01794; 683.776
0.0182; 683.774
0.01846; 683.771
0.01872; 683.772
0.01898; 683.773
0.01924; 683.771
0.0195; 683.765
0.01976; 683.769
0.02002; 683.771
0.02028; 683.77
0.02054; 683.766
0.0208; 683.767
0.02106; 683.768
0.02132; 683.767
0.02158; 683.761
0.02184; 683.765
0.0221; 683.767
0.02236; 683.766
0.02262; 683.762
0.02288; 683.763
0.02314; 683.764
0.0234; 683.763
0.02366; 683.757
0.02392; 683.761
0.02418; 683.763
0.02444; 683.762
0.0247; 683.758
0.02496; 683.76
0.02522; 683.761
0.02548; 683.759
0.02574; 683.753
0.026; 683.758
0.02626; 683.76
0.02652; 683.758
0.02678; 683.755
0.02704; 683.757
0.0273; 683.758
0.02756; 683.756
0.02782; 683.75
0.02808; 683.755
0.02834; 683.757
0.0286; 683.756
0.02886; 683.753
0.02912; 683.754
0.02938; 683.755
0.02964; 683.754
0.0299; 683.748
0.03016; 683.753
0.03042; 683.755
0.03068; 683.753
0.03094; 683.751
0.0312; 683.752
0.03146; 683.753
0.03172; 683.752
0.03198; 683.746
0.03224; 683.751
0.0325; 683.753
0.03276; 683.752
0.03302; 683.749
0.03328; 683.75
0.03354; 683.751
0.0338; 683.75
0.03406; 683.744
0.03432; 683.749
0.03458; 683.751
0.03484; 683.75
0.0351; 683.747
0.03536; 683.749
0.03562; 683.75
0.03588; 683.749
0.03614; 683.743
0.0364; 683.748
0.03666; 683.75
0.03692; 683.749
0.03718; 683.747
0.03744; 683.748
0.0377; 683.75
0.03796; 683.749
0.03822; 683.743
0.03848; 683.748
0.03874; 683.75
0.039; 683.749
0.03926; 683.746
0.03952; 683.748
0.03978; 683.749
0.04004; 683.749
0.0403; 683.743
0.04056; 683.748
0.04082; 683.75
0.04108; 683.749
0.04134; 683.746
0.0416; 683.748
0.04186; 683.75
0.04212; 683.749
0.04238; 683.743
0.04264; 683.748
0.0429; 683.75
0.04316; 683.75
0.04342; 683.747
0.04368; 683.749
0.04394; 683.75
0.0442; 683.749
0.04446; 683.744
0.04472; 683.749
0.04498; 683.751
0.04524; 683.75
0.0455; 683.748
0.04576; 683.75
0.04602; 683.751
0.04628; 683.75
0.04654; 683.745
0.0468; 683.75
0.04706; 683.752
0.04732; 683.752
0.04758; 683.749
0.04784; 683.751
0.0481; 683.753
0.04836; 683.752
0.04862; 683.746
0.04888; 683.752
0.04914; 683.754
0.0494; 683.753
0.04966; 683.751
0.04992; 683.753
0.05018; 683.755
0.05044; 683.754
0.0507; 683.749
0.05096; 683.754
0.05122; 683.756
0.05148; 683.756
0.05174; 683.753
0.052; 683.755
0.05226; 683.757
0.05252; 683.756
0.05278; 683.751
0.05304; 683.756
0.0533; 683.759
0.05356; 683.758
0.05382; 683.756
0.05408; 683.758
0.05434; 683.76
0.0546; 683.759
0.05486; 683.754
0.05512; 683.759
0.05538; 683.762
0.05564; 683.761
0.0559; 683.759
0.05616; 683.761
0.05642; 683.763
0.05668; 683.762
0.05694; 683.757
0.0572; 683.763
0.05746; 683.765
0.05772; 683.765
0.05798; 683.763
0.05824; 683.765
0.0585; 683.767
0.05876; 683.766
0.05902; 683.761
0.05928; 683.767
0.05954; 683.769
0.0598; 683.769
0.06006; 683.767
0.06032; 683.769
0.06058; 683.771
0.06084; 683.771
0.0611; 683.766
0.06136; 683.771
0.06162; 683.774
0.06188; 683.773
0.06214; 683.771
0.0624; 683.774
0.06266; 683.776
0.06292; 683.775
0.06318; 683.77
0.06344; 683.776
0.0637; 683.779
0.06396; 683.779
0.06422; 683.777
0.06448; 683.779
0.06474; 683.781
0.065; 683.781
0.06526; 683.776
0.06552; 683.781
0.06578; 683.784
0.06604; 683.784
0.0663; 683.782
0.06656; 683.784
0.06682; 683.787
0.06708; 683.786
0.06734; 683.782
0.0676; 683.787
0.06786; 683.79
0.06812; 683.79
0.06838; 683.788
0.06864; 683.79
0.0689; 683.793
0.06916; 683.793
0.06942; 683.788
0.06968; 683.794
0.06994; 683.796
0.0702; 683.797
0.07046; 683.795
0.07072; 683.797
0.07098; 683.8
0.07124; 683.8
0.0715; 683.795
0.07176; 683.801
0.07202; 683.804
0.07228; 683.804
0.07254; 683.802
0.0728; 683.805
0.07306; 683.807
0.07332; 683.807
0.07358; 683.803
0.07384; 683.809
0.0741; 683.812
0.07436; 683.812
0.07462; 683.81
0.07488; 683.813
0.07514; 683.815
0.0754; 683.815
0.07566; 683.811
0.07592; 683.817
0.07618; 683.82
0.07644; 683.82
0.0767; 683.818
0.07696; 683.821
0.07722; 683.823
0.07748; 683.823
0.07774; 683.819
0.078; 683.823
