0.00026; 347.651
0.00052; 347.649
0.00078; 347.648
0.00104; 347.646
0.0013; 347.642
0.00156; 347.636
0.00182; 347.63
0.00208; 347.623
0.00234; 347.614
0.0026; 347.604
0.00286; 347.594
0.00312; 347.584
0.00338; 347.572
0.00364; 347.559
0.0039; 347.547
0.00416; 347.534
0.00442; 347.522
0.00468; 347.508
0.00494; 347.496
0.0052; 347.484
0.00546; 347.472
0.00572; 347.46
0.00598; 347.449
0.00624; 347.439
0.0065; 347.43
0.00676; 347.422
0.00702; 347.415
0.00728; 347.409
0.00754; 347.404
0.0078; 347.401
0.00806; 347.399
0.00832; 347.399
0.00858; 347.4
0.00884; 347.404
0.0091; 347.409
0.00936; 347.416
0.00962; 347.425
0.00988; 347.437
0.01014; 347.45
0.0104; 347.466
0.01066; 347.485
0.01092; 347.506
0.01118; 347.529
0.01144; 347.555
0.0117; 347.585
0.01196; 347.618
0.01222; 347.653
0.01248; 347.691
0.01274; 347.732
0.013; 347.778
0.01326; 347.826
0.01352; 347.877
0.01378; 347.934
0.01404; 347.995
0.0143; 348.058
0.01456; 348.125
0.01482; 348.197
0.01508; 348.275
0.01534; 348.355
0.0156; 348.438
0.01586; 348.531
0.01612; 348.627
0.01638; 348.727
0.01664; 348.831
0.0169; 348.942
0.01716; 349.06
0.01742; 349.181
0.01768; 349.306
0.01794; 349.443
0.0182; 349.585
0.01846; 349.73
0.01872; 349.882
0.01898; 350.042
0.01924; 350.212
0.0195; 350.384
0.01976; 350.562
0.02002; 350.755
0.02028; 350.954
0.02054; 351.158
0.0208; 351.369
0.02106; 351.59
0.02132; 351.824
0.02158; 352.061
0.02184; 352.305
0.0221; 352.567
0.02236; 352.838
0.02262; 353.114
0.02288; 353.399
0.02314; 353.696
0.0234; 354.01
0.02366; 354.326
0.02392; 354.651
0.02418; 354.999
0.02444; 355.357
0.0247; 355.721
0.02496; 356.096
0.02522; 356.486
0.02548; 356.896
0.02574; 357.309
0.026; 357.731
0.02626; 358.182
0.02652; 358.644
0.02678; 359.112
0.02704; 359.594
0.0273; 360.093
0.02756; 360.615
0.02782; 361.14
0.02808; 361.676
0.02834; 362.244
0.0286; 362.826
0.02886; 363.414
0.02912; 364.016
0.02938; 364.639
0.02964; 365.287
0.0299; 365.937
0.03016; 366.598
0.03042; 367.297
0.03068; 368.01
0.03094; 368.729
0.0312; 369.463
0.03146; 370.218
0.03172; 371.002
0.03198; 371.787
0.03224; 372.584
0.0325; 373.423
0.03276; 374.276
0.03302; 375.134
0.03328; 376.01
0.03354; 376.908
0.0338; 377.838
0.03406; 378.769
0.03432; 379.712
0.03458; 380.702
0.03484; 381.708
0.0351; 382.719
0.03536; 383.749
0.03562; 384.805
0.03588; 385.896
0.03614; 386.987
0.0364; 388.093
0.03666; 389.251
0.03692; 390.427
0.03718; 391.61
0.03744; 392.813
0.0377; 394.046
0.03796; 395.318
0.03822; 396.591
0.03848; 397.881
0.03874; 399.229
0.039; 400.596
0.03926; 401.972
0.03952; 403.372
0.03978; 404.804
0.04004; 406.28
0.0403; 407.758
0.04056; 409.254
0.04082; 410.814
0.04108; 412.397
0.04134; 413.989
0.0416; 415.608
0.04186; 417.263
0.04212; 418.964
0.04238; 420.67
0.04264; 422.396
0.0429; 424.19
0.04316; 426.009
0.04342; 427.839
0.04368; 429.698
0.04394; 431.596
0.0442; 433.544
0.04446; 435.497
0.04472; 437.473
0.04498; 439.52
0.04524; 441.594
0.0455; 443.68
0.04576; 445.798
0.04602; 447.956
0.04628; 450.166
0.04654; 452.382
0.0468; 454.623
0.04706; 456.936
0.04732; 459.278
0.04758; 461.633
0.04784; 464.021
0.0481; 466.45
0.04836; 468.931
0.04862; 471.42
0.04888; 473.934
0.04914; 476.52
0.0494; 479.135
0.04966; 481.764
0.04992; 484.424
0.05018; 487.125
0.05044; 489.878
0.0507; 492.639
0.05096; 495.423
0.05122; 498.277
0.05148; 501.157
0.05174; 504.051
0.052; 506.974
0.05226; 509.936
0.05252; 512.945
0.05278; 515.959
0.05304; 518.995
0.0533; 522.093
0.05356; 525.214
0.05382; 528.345
0.05408; 531.501
0.05434; 534.687
0.0546; 537.914
0.05486; 541.142
0.05512; 544.384
0.05538; 547.678
0.05564; 550.986
0.0559; 554.296
0.05616; 557.622
0.05642; 560.967
0.05668; 564.339
0.05694; 567.703
0.0572; 571.07
0.05746; 574.471
0.05772; 577.872
0.05798; 581.264
0.05824; 584.655
0.0585; 588.048
0.05876; 591.449
0.05902; 594.827
0.05928; 598.19
0.05954; 601.564
0.0598; 604.919
0.06006; 608.247
0.06032; 611.554
0.06058; 614.842
0.06084; 618.113
0.0611; 621.345
0.06136; 624.542
0.06162; 627.724
0.06188; 630.867
0.06214; 633.966
0.0624; 637.023
0.06266; 640.041
0.06292; 643.02
0.06318; 645.94
0.06344; 648.803
0.0637; 651.619
0.06396; 654.367
0.06422; 657.036
0.06448; 659.622
0.06474; 662.116
0.065; 664.512
0.06526; 666.79
0.06552; 668.946
0.06578; 670.986
0.06604; 672.897
0.0663; 674.678
0.06656; 676.336
0.06682; 677.876
0.06708; 679.304
0.06734; 680.62
0.0676; 681.832
0.06786; 682.951
0.06812; 683.977
0.06838; 684.915
0.06864; 685.771
0.0689; 686.551
0.06916; 687.262
0.06942; 687.905
0.06968; 688.485
0.06994; 689.014
0.0702; 689.492
0.07046; 689.925
0.07072; 690.318
0.07098; 690.676
0.07124; 691.004
0.0715; 691.302
0.07176; 691.575
0.07202; 691.829
0.07228; 692.062
0.07254; 692.276
0.0728; 692.474
0.07306; 692.658
0.07332; 692.83
0.07358; 692.987
0.07384; 693.133
0.0741; 693.271
0.07436; 693.399
0.07462; 693.516
0.07488; 693.624
0.07514; 693.725
0.0754; 693.818
0.07566; 693.902
0.07592; 693.978
0.07618; 694.047
0.07644; 694.109
0.0767; 694.162
0.07696; 694.206
0.07722; 694.242
0.07748; 694.271
0.07774; 694.289
0.078; 694.297
