0.00026; 700.234
0.00052; 700.233
0.00078; 700.232
0.00104; 700.232
0.0013; 700.232
0.00156; 700.231
0.00182; 700.228
0.00208; 700.229
0.00234; 700.229
0.0026; 700.228
0.00286; 700.226
0.00312; 700.226
0.00338; 700.226
0.00364; 700.224
0.0039; 700.221
0.00416; 700.222
0.00442; 700.222
0.00468; 700.221
0.00494; 700.219
0.0052; 700.219
0.00546; 700.219
0.00572; 700.217
0.00598; 700.214
0.00624; 700.215
0.0065; 700.215
0.00676; 700.213
0.00702; 700.211
0.00728; 700.211
0.00754; 700.211
0.0078; 700.21
0.00806; 700.206
0.00832; 700.207
0.00858; 700.207
0.00884; 700.206
0.0091; 700.204
0.00936; 700.204
0.00962; 700.204
0.00988; 700.202
0.01014; 700.199
0.0104; 700.2
0.01066; 700.2
0.01092; 700.199
0.01118; 700.197
0.01144; 700.197
0.0117; 700.197
0.01196; 700.196
0.01222; 700.192
0.01248; 700.193
0.01274; 700.193
0.013; 700.192
0.01326; 700.19
0.01352; 700.191
0.01378; 700.191
0.01404; 700.189
0.0143; 700.186
0.01456; 700.187
0.01482; 700.187
0.01508; 700.186
0.01534; 700.185
0.0156; 700.185
0.01586; 700.185
0.01612; 700.184
0.01638; 700.18
0.01664; 700.182
0.0169; 700.182
0.01716; 700.181
0.01742; 700.179
0.01768; 700.18
0.01794; 700.18
0.0182; 700.178
0.01846; 700.175
0.01872; 700.177
0.01898; 700.177
0.01924; 700.176
0.0195; 700.174
0.01976; 700.175
0.02002; 700.175
0.02028; 700.174
0.02054; 700.171
0.0208; 700.172
0.02106; 700.172
0.02132; 700.172
0.02158; 700.17
0.02184; 700.171
0.0221; 700.171
0.02236; 700.17
0.02262; 700.167
0.02288; 700.168
0.02314; 700.168
0.0234; 700.168
0.02366; 700.166
0.02392; 700.167
0.02418; 700.167
0.02444; 700.166
0.0247; 700.163
0.02496; 700.164
0.02522; 700.165
0.02548; 700.164
0.02574; 700.163
0.026; 700.163
0.02626; 700.163
0.02652; 700.163
0.02678; 700.16
0.02704; 700.161
0.0273; 700.162
0.02756; 700.161
0.02782; 700.16
0.02808; 700.161
0.02834; 700.161
0.0286; 700.16
0.02886; 700.157
0.02912; 700.159
0.02938; 700.159
0.02964; 700.159
0.0299; 700.157
0.03016; 700.158
0.03042; 700.158
0.03068; 700.157
0.03094; 700.155
0.0312; 700.157
0.03146; 700.157
0.03172; 700.157
0.03198; 700.155
0.03224; 700.156
0.0325; 700.157
0.03276; 700.156
0.03302; 700.153
0.03328; 700.155
0.03354; 700.156
0.0338; 700.155
0.03406; 700.154
0.03432; 700.155
0.03458; 700.155
0.03484; 700.154
0.0351; 700.152
0.03536; 700.154
0.03562; 700.154
0.03588; 700.154
0.03614; 700.153
0.0364; 700.154
0.03666; 700.154
0.03692; 700.153
0.03718; 700.151
0.03744; 700.153
0.0377; 700.154
0.03796; 700.153
0.03822; 700.152
0.03848; 700.153
0.03874; 700.154
0.039; 700.153
0.03926; 700.15
0.03952; 700.152
0.03978; 700.153
0.04004; 700.153
0.0403; 700.152
0.04056; 700.153
0.04082; 700.154
0.04108; 700.153
0.04134; 700.15
0.0416; 700.152
0.04186; 700.153
0.04212; 700.153
0.04238; 700.152
0.04264; 700.153
0.0429; 700.154
0.04316; 700.153
0.04342; 700.151
0.04368; 700.153
0.04394; 700.154
0.0442; 700.154
0.04446; 700.153
0.04472; 700.154
0.04498; 700.155
0.04524; 700.154
0.0455; 700.152
0.04576; 700.154
0.04602; 700.155
0.04628; 700.155
0.04654; 700.154
0.0468; 700.155
0.04706; 700.156
0.04732; 700.155
0.04758; 700.153
0.04784; 700.155
0.0481; 700.156
0.04836; 700.156
0.04862; 700.155
0.04888; 700.157
0.04914; 700.158
0.0494; 700.157
0.04966; 700.155
0.04992; 700.157
0.05018; 700.158
0.05044; 700.158
0.0507; 700.158
0.05096; 700.159
0.05122; 700.16
0.05148; 700.159
0.05174; 700.157
0.052; 700.159
0.05226; 700.161
0.05252; 700.161
0.05278; 700.16
0.05304; 700.161
0.0533; 700.162
0.05356; 700.162
0.05382; 700.16
0.05408; 700.162
0.05434; 700.163
0.0546; 700.163
0.05486; 700.163
0.05512; 700.164
0.05538; 700.165
0.05564; 700.165
0.0559; 700.163
0.05616; 700.165
0.05642; 700.167
0.05668; 700.167
0.05694; 700.166
0.0572; 700.168
0.05746; 700.169
0.05772; 700.169
0.05798; 700.166
0.05824; 700.169
0.0585; 700.17
0.05876; 700.171
0.05902; 700.17
0.05928; 700.172
0.05954; 700.173
0.0598; 700.173
0.06006; 700.171
0.06032; 700.173
0.06058; 700.174
0.06084; 700.175
0.0611; 700.174
0.06136; 700.176
0.06162; 700.177
0.06188; 700.177
0.06214; 700.175
0.0624; 700.178
0.06266; 700.179
0.06292; 700.18
0.06318; 700.179
0.06344; 700.181
0.0637; 700.182
0.06396; 700.182
0.06422; 700.18
0.06448; 700.183
0.06474; 700.184
0.065; 700.185
0.06526; 700.184
0.06552; 700.186
0.06578; 700.187
0.06604; 700.187
0.0663; 700.186
0.06656; 700.188
0.06682; 700.19
0.06708; 700.19
0.06734; 700.19
0.0676; 700.192
0.06786; 700.193
0.06812; 700.193
0.06838; 700.192
0.06864; 700.194
0.0689; 700.196
0.06916; 700.197
0.06942; 700.196
0.06968; 700.198
0.06994; 700.199
0.0702; 700.2
0.07046; 700.198
0.07072; 700.201
0.07098; 700.202
0.07124; 700.203
0.0715; 700.203
0.07176; 700.205
0.07202; 700.206
0.07228; 700.206
0.07254; 700.205
0.0728; 700.208
0.07306; 700.209
0.07332; 700.21
0.07358; 700.21
0.07384; 700.212
0.0741; 700.213
0.07436; 700.213
0.07462; 700.212
0.07488; 700.214
0.07514; 700.216
0.0754; 700.217
0.07566; 700.216
0.07592; 700.218
0.07618; 700.219
0.07644; 700.22
0.0767; 700.218
0.07696; 700.22
0.07722; 700.222
0.07748; 700.222
0.07774; 700.222
0.078; 700.223
