0.00667; 0
0.01334; 0
0.02001; 0
0.02668; 0
0.03335; 0
0.04002; 0
0.04669; 0
0.05336; 0
0.06003; 0
0.0667; 0
0.07337; 0
0.08004; 0
0.08671; 0
0.09338; 0
0.10005; 0
0.10672; 0
0.11339; 0
0.12006; 0
0.12673; 0
0.1334; 0
0.14007; 0
0.14674; 0
0.15341; 0
0.16008; 0
0.16675; 0
0.17342; 0
0.18009; 0
0.18676; 0
0.19343; 0
0.2001; 0
0.20677; 0
0.21344; 0
0.22011; 0
0.22678; 0
0.23345; 0
0.24012; 0
0.24679; 0
0.25346; 0
0.26013; 0
0.2668; 0
0.27347; 0
0.28014; 0
0.28681; 0
0.29348; 0
0.30015; 0
0.30682; 0
0.31349; 0
0.32016; 0
0.32683; 0
0.3335; 0
0.34017; 0
0.34684; 0
0.35351; 0
0.36018; 0
0.36685; 0
0.37352; 0
0.38019; 0
0.38686; 0
0.39353; 0
0.4002; 0
0.40687; 0
0.41354; 0
0.42021; 0
0.42688; 0
0.43355; 0
0.44022; 0
0.44689; 0
0.45356; 0
0.46023; 0
0.4669; 0
0.47357; 594.347
0.48024; 594.28
0.48691; 594.146
0.49358; 593.945
0.50025; 593.677
0.50692; 593.343
0.51359; 592.942
0.52026; 592.476
0.52693; 591.945
0.5336; 591.349
0.54027; 590.689
0.54694; 589.966
0.55361; 589.18
0.56028; 588.333
0.56695; 587.424
0.57362; 586.456
0.58029; 585.428
0.58696; 584.342
0.59363; 583.198
0.6003; 581.998
0.60697; 580.742
0.61364; 579.433
0.62031; 578.069
0.62698; 576.653
0.63365; 575.186
0.64032; 573.668
0.64699; 572.1
0.65366; 570.483
0.66033; 568.817
0.667; 567.105
0.67367; 565.346
0.68034; 563.54
0.68701; 561.689
0.69368; 559.792
0.70035; 557.85
0.70702; 555.863
0.71369; 553.831
0.72036; 551.755
0.72703; 549.632
0.7337; 547.464
0.74037; 545.249
0.74704; 542.986
0.75371; 540.674
0.76038; 538.312
0.76705; 535.897
0.77372; 533.428
0.78039; 530.902
0.78706; 528.316
0.79373; 525.666
0.8004; 522.949
0.80707; 520.159
0.81374; 517.292
0.82041; 514.341
0.82708; 511.3
0.83375; 508.161
0.84042; 504.914
0.84709; 501.549
0.85376; 498.054
0.86043; 494.416
0.8671; 490.619
0.87377; 486.646
0.88044; 482.478
0.88711; 478.091
0.89378; 473.461
0.90045; 468.562
0.90712; 463.366
0.91379; 457.848
0.92046; 451.988
0.92713; 445.783
0.9338; 439.269
0.94047; 432.545
0.94714; 425.838
0.95381; 419.573
0.96048; 414.459
0.96715; 411.463
0.97382; 411.463
0.98049; 414.459
0.98716; 419.573
0.99383; 425.838
1.0005; 432.545
1.00717; 439.269
1.01384; 445.783
1.02051; 451.988
1.02718; 457.848
1.03385; 463.366
1.04052; 468.562
1.04719; 473.461
1.05386; 478.091
1.06053; 482.478
1.0672; 486.646
1.07387; 490.619
1.08054; 494.416
1.08721; 498.054
1.09388; 501.549
1.10055; 504.914
1.10722; 508.161
1.11389; 511.3
1.12056; 514.341
1.12723; 517.292
1.1339; 520.159
1.14057; 522.949
1.14724; 525.666
1.15391; 528.316
1.16058; 530.902
1.16725; 533.428
1.17392; 535.897
1.18059; 538.312
1.18726; 540.674
1.19393; 542.986
1.2006; 545.249
1.20727; 547.464
1.21394; 549.632
1.22061; 551.755
1.22728; 553.831
1.23395; 555.863
1.24062; 557.85
1.24729; 559.792
1.25396; 561.689
1.26063; 563.54
1.2673; 565.346
1.27397; 567.105
1.28064; 568.817
1.28731; 570.483
1.29398; 572.1
1.30065; 573.668
1.30732; 575.186
1.31399; 576.653
1.32066; 578.069
1.32733; 579.433
1.334; 580.742
1.34067; 581.998
1.34734; 583.198
1.35401; 584.342
1.36068; 585.428
1.36735; 586.456
1.37402; 587.424
1.38069; 588.333
1.38736; 589.18
1.39403; 589.966
1.4007; 590.689
1.40737; 591.349
1.41404; 591.945
1.42071; 592.476
1.42738; 592.942
1.43405; 593.343
1.44072; 593.677
1.44739; 593.945
1.45406; 594.146
1.46073; 594.28
1.4674; 594.347
1.47407; 0
1.48074; 0
1.48741; 0
1.49408; 0
1.50075; 0
1.50742; 0
1.51409; 0
1.52076; 0
1.52743; 0
1.5341; 0
1.54077; 0
1.54744; 0
1.55411; 0
1.56078; 0
1.56745; 0
1.57412; 0
1.58079; 0
1.58746; 0
1.59413; 0
1.6008; 0
1.60747; 0
1.61414; 0
1.62081; 0
1.62748; 0
1.63415; 0
1.64082; 0
1.64749; 0
1.65416; 0
1.66083; 0
1.6675; 0
1.67417; 0
1.68084; 0
1.68751; 0
1.69418; 0
1.70085; 0
1.70752; 0
1.71419; 0
1.72086; 0
1.72753; 0
1.7342; 0
1.74087; 0
1.74754; 0
1.75421; 0
1.76088; 0
1.76755; 0
1.77422; 0
1.78089; 0
1.78756; 0
1.79423; 0
1.8009; 0
1.80757; 0
1.81424; 0
1.82091; 0
1.82758; 0
1.83425; 0
1.84092; 0
1.84759; 0
1.85426; 0
1.86093; 0
1.8676; 0
1.87427; 0
1.88094; 0
1.88761; 0
1.89428; 0
1.90095; 0
1.90762; 0
1.91429; 0
1.92096; 0
1.92763; 0
1.9343; 0
1.94097; 0
1.94764; 0
1.95431; 0
1.96098; 0
1.96765; 0
1.97432; 0
1.98099; 0
1.98766; 0
1.99433; 0
2.001; 0
