0.00667; 0
0.01334; 0
0.02001; 0
0.02668; 0
0.03335; 0
0.04002; 0
0.04669; 0
0.05336; 0
0.06003; 0
0.0667; 0
0.07337; 0
0.08004; 0
0.08671; 0
0.09338; 0
0.10005; 0
0.10672; 0
0.11339; 0
0.12006; 0
0.12673; 0
0.1334; 0
0.14007; 0
0.14674; 0
0.15341; 0
0.16008; 0
0.16675; 0
0.17342; 0
0.18009; 0
0.18676; 0
0.19343; 0
0.2001; 0
0.20677; 0
0.21344; 0
0.22011; 0
0.22678; 0
0.23345; 0
0.24012; 0
0.24679; 0
0.25346; 0
0.26013; 0
0.2668; 0
0.27347; 0
0.28014; 0
0.28681; 0
0.29348; 0
0.30015; 0
0.30682; 0
0.31349; 0
0.32016; 0
0.32683; 0
0.3335; 0
0.34017; 0
0.34684; 0
0.35351; 0
0.36018; 0
0.36685; 0
0.37352; 0
0.38019; 0
0.38686; 0
0.39353; 0
0.4002; 0
0.40687; 0
0.41354; 0
0.42021; 0
0.42688; 0
0.43355; 0
0.44022; 0
0.44689; 0
0.45356; 0
0.46023; 0
0.4669; 0
0.47357; 641.913
0.48024; 641.846
0.48691; 641.711
0.49358; 641.508
0.50025; 641.238
0.50692; 640.901
0.51359; 640.498
0.52026; 640.027
0.52693; 639.491
0.5336; 638.889
0.54027; 638.222
0.54694; 637.49
0.55361; 636.695
0.56028; 635.835
0.56695; 634.913
0.57362; 633.928
0.58029; 632.881
0.58696; 631.774
0.59363; 630.606
0.6003; 629.379
0.60697; 628.092
0.61364; 626.748
0.62031; 625.345
0.62698; 623.886
0.63365; 622.369
0.64032; 620.797
0.64699; 619.17
0.65366; 617.487
0.66033; 615.75
0.667; 613.959
0.67367; 612.113
0.68034; 610.214
0.68701; 608.26
0.69368; 606.252
0.70035; 604.19
0.70702; 602.073
0.71369; 599.901
0.72036; 597.673
0.72703; 595.388
0.7337; 593.044
0.74037; 590.641
0.74704; 588.177
0.75371; 585.65
0.76038; 583.057
0.76705; 580.396
0.77372; 577.664
0.78039; 574.857
0.78706; 571.971
0.79373; 569.002
0.8004; 565.944
0.80707; 562.792
0.81374; 559.539
0.82041; 556.177
0.82708; 552.697
0.83375; 549.09
0.84042; 545.345
0.84709; 541.449
0.85376; 537.388
0.86043; 533.144
0.8671; 528.7
0.87377; 524.034
0.88044; 519.123
0.88711; 513.94
0.89378; 508.454
0.90045; 502.635
0.90712; 496.449
0.91379; 489.865
0.92046; 482.86
0.92713; 475.433
0.9338; 467.623
0.94047; 459.554
0.94714; 451.498
0.95381; 443.969
0.96048; 437.819
0.96715; 434.215
0.97382; 434.215
0.98049; 437.819
0.98716; 443.969
0.99383; 451.498
1.0005; 459.554
1.00717; 467.623
1.01384; 475.433
1.02051; 482.86
1.02718; 489.865
1.03385; 496.449
1.04052; 502.635
1.04719; 508.454
1.05386; 513.94
1.06053; 519.123
1.0672; 524.034
1.07387; 528.7
1.08054; 533.144
1.08721; 537.388
1.09388; 541.449
1.10055; 545.345
1.10722; 549.09
1.11389; 552.697
1.12056; 556.177
1.12723; 559.539
1.1339; 562.792
1.14057; 565.944
1.14724; 569.002
1.15391; 571.971
1.16058; 574.857
1.16725; 577.664
1.17392; 580.396
1.18059; 583.057
1.18726; 585.65
1.19393; 588.177
1.2006; 590.641
1.20727; 593.044
1.21394; 595.388
1.22061; 597.673
1.22728; 599.901
1.23395; 602.073
1.24062; 604.19
1.24729; 606.252
1.25396; 608.26
1.26063; 610.214
1.2673; 612.113
1.27397; 613.959
1.28064; 615.75
1.28731; 617.487
1.29398; 619.17
1.30065; 620.797
1.30732; 622.369
1.31399; 623.886
1.32066; 625.345
1.32733; 626.748
1.334; 628.092
1.34067; 629.379
1.34734; 630.606
1.35401; 631.774
1.36068; 632.881
1.36735; 633.928
1.37402; 634.913
1.38069; 635.835
1.38736; 636.695
1.39403; 637.49
1.4007; 638.222
1.40737; 638.889
1.41404; 639.491
1.42071; 640.027
1.42738; 640.498
1.43405; 640.901
1.44072; 641.238
1.44739; 641.508
1.45406; 641.711
1.46073; 641.846
1.4674; 641.913
1.47407; 0
1.48074; 0
1.48741; 0
1.49408; 0
1.50075; 0
1.50742; 0
1.51409; 0
1.52076; 0
1.52743; 0
1.5341; 0
1.54077; 0
1.54744; 0
1.55411; 0
1.56078; 0
1.56745; 0
1.57412; 0
1.58079; 0
1.58746; 0
1.59413; 0
1.6008; 0
1.60747; 0
1.61414; 0
1.62081; 0
1.62748; 0
1.63415; 0
1.64082; 0
1.64749; 0
1.65416; 0
1.66083; 0
1.6675; 0
1.67417; 0
1.68084; 0
1.68751; 0
1.69418; 0
1.70085; 0
1.70752; 0
1.71419; 0
1.72086; 0
1.72753; 0
1.7342; 0
1.74087; 0
1.74754; 0
1.75421; 0
1.76088; 0
1.76755; 0
1.77422; 0
1.78089; 0
1.78756; 0
1.79423; 0
1.8009; 0
1.80757; 0
1.81424; 0
1.82091; 0
1.82758; 0
1.83425; 0
1.84092; 0
1.84759; 0
1.85426; 0
1.86093; 0
1.8676; 0
1.87427; 0
1.88094; 0
1.88761; 0
1.89428; 0
1.90095; 0
1.90762; 0
1.91429; 0
1.92096; 0
1.92763; 0
1.9343; 0
1.94097; 0
1.94764; 0
1.95431; 0
1.96098; 0
1.96765; 0
1.97432; 0
1.98099; 0
1.98766; 0
1.99433; 0
2.001; 0
