0.00026; 0
0.00052; 0
0.00078; 0
0.00104; 0
0.0013; 0
0.00156; 0
0.00182; 0
0.00208; 0
0.00234; 0
0.0026; 0
0.00286; 0
0.00312; 0
0.00338; 0
0.00364; 0
0.0039; 0
0.00416; 0
0.00442; 0
0.00468; 0
0.00494; 0
0.0052; 0
0.00546; 0
0.00572; 0
0.00598; 0
0.00624; 0
0.0065; 0
0.00676; 0
0.00702; 0
0.00728; 0
0.00754; 0
0.0078; 0
0.00806; 0
0.00832; 0
0.00858; 0
0.00884; 0
0.0091; 0
0.00936; 0
0.00962; 0
0.00988; 0
0.01014; 0
0.0104; 0
0.01066; 0
0.01092; 0
0.01118; 0
0.01144; 0
0.0117; 0
0.01196; 0
0.01222; 0
0.01248; 0
0.01274; 0
0.013; 0
0.01326; 0
0.01352; 0
0.01378; 0
0.01404; 0
0.0143; 0
0.01456; 0
0.01482; 0
0.01508; 0
0.01534; 0
0.0156; 0
0.01586; 0
0.01612; 0
0.01638; 0
0.01664; 0
0.0169; 0
0.01716; 0
0.01742; 0
0.01768; 0
0.01794; 0
0.0182; 0
0.01846; 0
0.01872; 0
0.01898; 0
0.01924; 0
0.0195; 0
0.01976; 0
0.02002; 0
0.02028; 0
0.02054; 0
0.0208; 0
0.02106; 0
0.02132; 0
0.02158; 0
0.02184; 0
0.0221; 0
0.02236; 0
0.02262; 0
0.02288; 575.065
0.02314; 574.867
0.0234; 574.67
0.02366; 574.474
0.02392; 574.287
0.02418; 574.101
0.02444; 573.919
0.0247; 573.752
0.02496; 573.603
0.02522; 573.444
0.02548; 573.308
0.02574; 573.173
0.026; 573.047
0.02626; 572.918
0.02652; 572.792
0.02678; 572.68
0.02704; 572.584
0.0273; 572.478
0.02756; 572.395
0.02782; 572.311
0.02808; 572.235
0.02834; 572.156
0.0286; 572.078
0.02886; 572.015
0.02912; 571.966
0.02938; 571.906
0.02964; 571.867
0.0299; 571.828
0.03016; 571.795
0.03042; 571.758
0.03068; 571.721
0.03094; 571.698
0.0312; 571.688
0.03146; 571.666
0.03172; 571.665
0.03198; 571.662
0.03224; 571.664
0.0325; 571.662
0.03276; 571.659
0.03302; 571.667
0.03328; 571.69
0.03354; 571.698
0.0338; 571.726
0.03406; 571.752
0.03432; 571.783
0.03458; 571.807
0.03484; 571.83
0.0351; 571.864
0.03536; 571.911
0.03562; 571.943
0.03588; 571.994
0.03614; 572.041
0.0364; 572.092
0.03666; 572.137
0.03692; 572.179
0.03718; 572.232
0.03744; 572.296
0.0377; 572.346
0.03796; 572.413
0.03822; 572.477
0.03848; 572.543
0.03874; 572.602
0.039; 572.659
0.03926; 572.725
0.03952; 572.802
0.03978; 572.864
0.04004; 572.944
0.0403; 573.019
0.04056; 573.096
0.04082; 573.166
0.04108; 573.233
0.04134; 573.309
0.0416; 573.396
0.04186; 573.468
0.04212; 573.556
0.04238; 573.64
0.04264; 573.726
0.0429; 573.804
0.04316; 573.88
0.04342; 573.965
0.04368; 574.06
0.04394; 574.14
0.0442; 574.236
0.04446; 574.329
0.04472; 574.423
0.04498; 574.51
0.04524; 574.594
0.0455; 574.688
0.04576; 574.792
0.04602; 574.881
0.04628; 574.987
0.04654; 575.089
0.0468; 575.193
0.04706; 575.29
0.04732; 575.385
0.04758; 575.49
0.04784; 575.605
0.0481; 575.706
0.04836; 575.824
0.04862; 575.939
0.04888; 576.057
0.04914; 576.168
0.0494; 576.278
0.04966; 576.397
0.04992; 576.528
0.05018; 576.646
0.05044; 576.781
0.0507; 576.913
0.05096; 577.049
0.05122; 577.179
0.05148; 577.309
0.05174; 577.449
0.052; 577.602
0.05226; 577.741
0.05252; 577.899
0.05278; 578.055
0.05304; 578.215
0.0533; 578.371
0.05356; 578.527
0.05382; 578.694
0.05408; 578.874
0.05434; 579.042
0.0546; 579.229
0.05486; 579.415
0.05512; 579.607
0.05538; 579.794
0.05564; 579.983
0.0559; 580.183
0.05616; 580.397
0.05642; 580.601
0.05668; 580.824
0.05694; 581.048
0.0572; 581.279
0.05746; 581.508
0.05772; 581.74
0.05798; 581.984
0.05824; 582.214
0.0585; 0
0.05876; 0
0.05902; 0
0.05928; 0
0.05954; 0
0.0598; 0
0.06006; 0
0.06032; 0
0.06058; 0
0.06084; 0
0.0611; 0
0.06136; 0
0.06162; 0
0.06188; 0
0.06214; 0
0.0624; 0
0.06266; 0
0.06292; 0
0.06318; 0
0.06344; 0
0.0637; 0
0.06396; 0
0.06422; 0
0.06448; 0
0.06474; 0
0.065; 0
0.06526; 0
0.06552; 0
0.06578; 0
0.06604; 0
0.0663; 0
0.06656; 0
0.06682; 0
0.06708; 0
0.06734; 0
0.0676; 0
0.06786; 0
0.06812; 0
0.06838; 0
0.06864; 0
0.0689; 0
0.06916; 0
0.06942; 0
0.06968; 0
0.06994; 0
0.0702; 0
0.07046; 0
0.07072; 0
0.07098; 0
0.07124; 0
0.0715; 0
0.07176; 0
0.07202; 0
0.07228; 0
0.07254; 0
0.0728; 0
0.07306; 0
0.07332; 0
0.07358; 0
0.07384; 0
0.0741; 0
0.07436; 0
0.07462; 0
0.07488; 0
0.07514; 0
0.0754; 0
0.07566; 0
0.07592; 0
0.07618; 0
0.07644; 0
0.0767; 0
0.07696; 0
0.07722; 0
0.07748; 0
0.07774; 0
0.078; 0
