0.00026; 0
0.00052; 0
0.00078; 0
0.00104; 0
0.0013; 0
0.00156; 0
0.00182; 0
0.00208; 0
0.00234; 0
0.0026; 0
0.00286; 0
0.00312; 0
0.00338; 0
0.00364; 0
0.0039; 0
0.00416; 0
0.00442; 0
0.00468; 0
0.00494; 0
0.0052; 0
0.00546; 0
0.00572; 0
0.00598; 0
0.00624; 0
0.0065; 0
0.00676; 0
0.00702; 0
0.00728; 0
0.00754; 0
0.0078; 0
0.00806; 0
0.00832; 0
0.00858; 0
0.00884; 0
0.0091; 0
0.00936; 0
0.00962; 0
0.00988; 0
0.01014; 0
0.0104; 0
0.01066; 0
0.01092; 0
0.01118; 0
0.01144; 0
0.0117; 0
0.01196; 0
0.01222; 0
0.01248; 0
0.01274; 0
0.013; 0
0.01326; 0
0.01352; 0
0.01378; 0
0.01404; 0
0.0143; 0
0.01456; 0
0.01482; 0
0.01508; 0
0.01534; 0
0.0156; 0
0.01586; 0
0.01612; 0
0.01638; 0
0.01664; 0
0.0169; 0
0.01716; 0
0.01742; 0
0.01768; 0
0.01794; 0
0.0182; 0
0.01846; 0
0.01872; 0
0.01898; 0
0.01924; 0
0.0195; 555.216
0.01976; 555.295
0.02002; 555.455
0.02028; 555.696
0.02054; 556.017
0.0208; 556.416
0.02106; 556.893
0.02132; 557.443
0.02158; 558.059
0.02184; 558.726
0.0221; 559.426
0.02236; 560.132
0.02262; 560.821
0.02288; 561.473
0.02314; 562.078
0.0234; 562.634
0.02366; 563.142
0.02392; 563.608
0.02418; 564.033
0.02444; 564.421
0.0247; 564.778
0.02496; 565.107
0.02522; 565.409
0.02548; 565.687
0.02574; 565.942
0.026; 566.178
0.02626; 566.396
0.02652; 566.593
0.02678; 566.774
0.02704; 566.94
0.0273; 567.089
0.02756; 567.223
0.02782; 567.342
0.02808; 567.447
0.02834; 567.539
0.0286; 567.615
0.02886; 567.679
0.02912; 567.731
0.02938; 567.768
0.02964; 567.792
0.0299; 567.803
0.03016; 567.804
0.03042; 567.792
0.03068; 567.766
0.03094; 567.729
0.0312; 567.682
0.03146; 567.623
0.03172; 567.554
0.03198; 567.474
0.03224; 567.387
0.0325; 567.291
0.03276; 567.185
0.03302; 567.073
0.03328; 566.957
0.03354; 566.834
0.0338; 566.708
0.03406; 566.579
0.03432; 566.451
0.03458; 566.322
0.03484; 566.194
0.0351; 566.069
0.03536; 565.951
0.03562; 565.839
0.03588; 565.735
0.03614; 565.64
0.0364; 565.559
0.03666; 565.49
0.03692; 565.435
0.03718; 565.396
0.03744; 565.376
0.0377; 565.374
0.03796; 565.391
0.03822; 565.429
0.03848; 565.489
0.03874; 565.571
0.039; 565.674
0.03926; 565.8
0.03952; 565.949
0.03978; 566.119
0.04004; 566.312
0.0403; 566.527
0.04056; 566.765
0.04082; 567.027
0.04108; 567.31
0.04134; 567.617
0.0416; 567.95
0.04186; 568.305
0.04212; 568.685
0.04238; 569.087
0.04264; 569.513
0.0429; 569.958
0.04316; 570.419
0.04342; 570.897
0.04368; 571.39
0.04394; 571.895
0.0442; 572.411
0.04446; 572.937
0.04472; 573.474
0.04498; 574.018
0.04524; 574.565
0.0455; 575.118
0.04576; 575.675
0.04602; 576.23
0.04628; 576.785
0.04654; 577.338
0.0468; 577.889
0.04706; 578.436
0.04732; 578.974
0.04758; 579.506
0.04784; 580.033
0.0481; 580.548
0.04836; 581.054
0.04862; 581.549
0.04888; 582.035
0.04914; 582.511
0.0494; 582.97
0.04966; 583.419
0.04992; 583.858
0.05018; 584.281
0.05044; 584.691
0.0507; 585.087
0.05096; 585.473
0.05122; 585.845
0.05148; 586.199
0.05174; 586.541
0.052; 586.873
0.05226; 587.187
0.05252; 587.489
0.05278; 587.775
0.05304; 588.052
0.0533; 588.314
0.05356; 588.558
0.05382; 588.79
0.05408; 589.013
0.05434; 589.218
0.0546; 589.409
0.05486; 589.586
0.05512; 589.752
0.05538; 589.905
0.05564; 590.039
0.0559; 590.162
0.05616; 590.275
0.05642; 590.369
0.05668; 590.45
0.05694; 590.517
0.0572; 590.573
0.05746; 590.616
0.05772; 590.639
0.05798; 590.65
0.05824; 0
0.0585; 0
0.05876; 0
0.05902; 0
0.05928; 0
0.05954; 0
0.0598; 0
0.06006; 0
0.06032; 0
0.06058; 0
0.06084; 0
0.0611; 0
0.06136; 0
0.06162; 0
0.06188; 0
0.06214; 0
0.0624; 0
0.06266; 0
0.06292; 0
0.06318; 0
0.06344; 0
0.0637; 0
0.06396; 0
0.06422; 0
0.06448; 0
0.06474; 0
0.065; 0
0.06526; 0
0.06552; 0
0.06578; 0
0.06604; 0
0.0663; 0
0.06656; 0
0.06682; 0
0.06708; 0
0.06734; 0
0.0676; 0
0.06786; 0
0.06812; 0
0.06838; 0
0.06864; 0
0.0689; 0
0.06916; 0
0.06942; 0
0.06968; 0
0.06994; 0
0.0702; 0
0.07046; 0
0.07072; 0
0.07098; 0
0.07124; 0
0.0715; 0
0.07176; 0
0.07202; 0
0.07228; 0
0.07254; 0
0.0728; 0
0.07306; 0
0.07332; 0
0.07358; 0
0.07384; 0
0.0741; 0
0.07436; 0
0.07462; 0
0.07488; 0
0.07514; 0
0.0754; 0
0.07566; 0
0.07592; 0
0.07618; 0
0.07644; 0
0.0767; 0
0.07696; 0
0.07722; 0
0.07748; 0
0.07774; 0
0.078; 0
