0.00026; 0
0.00052; 0
0.00078; 0
0.00104; 0
0.0013; 0
0.00156; 0
0.00182; 0
0.00208; 0
0.00234; 0
0.0026; 0
0.00286; 0
0.00312; 0
0.00338; 0
0.00364; 0
0.0039; 0
0.00416; 0
0.00442; 0
0.00468; 0
0.00494; 0
0.0052; 0
0.00546; 0
0.00572; 0
0.00598; 0
0.00624; 0
0.0065; 0
0.00676; 0
0.00702; 0
0.00728; 0
0.00754; 0
0.0078; 0
0.00806; 0
0.00832; 0
0.00858; 0
0.00884; 0
0.0091; 0
0.00936; 0
0.00962; 0
0.00988; 0
0.01014; 0
0.0104; 0
0.01066; 0
0.01092; 0
0.01118; 0
0.01144; 0
0.0117; 0
0.01196; 0
0.01222; 0
0.01248; 0
0.01274; 0
0.013; 0
0.01326; 0
0.01352; 0
0.01378; 0
0.01404; 0
0.0143; 0
0.01456; 0
0.01482; 0
0.01508; 0
0.01534; 0
0.0156; 0
0.01586; 0
0.01612; 0
0.01638; 0
0.01664; 0
0.0169; 0
0.01716; 0
0.01742; 0
0.01768; 0
0.01794; 0
0.0182; 0
0.01846; 0
0.01872; 0
0.01898; 0
0.01924; 0
0.0195; 0
0.01976; 0
0.02002; 0
0.02028; 0
0.02054; 0
0.0208; 0
0.02106; 0
0.02132; 0
0.02158; 0
0.02184; 0
0.0221; 0
0.02236; 0
0.02262; 0
0.02288; 584.804
0.02314; 584.619
0.0234; 584.408
0.02366; 584.238
0.02392; 584.069
0.02418; 583.892
0.02444; 583.718
0.0247; 583.569
0.02496; 583.436
0.02522; 583.289
0.02548; 583.136
0.02574; 583.024
0.026; 582.91
0.02626; 582.788
0.02652; 582.666
0.02678; 582.569
0.02704; 582.485
0.0273; 582.388
0.02756; 582.284
0.02782; 582.22
0.02808; 582.153
0.02834; 582.076
0.0286; 582
0.02886; 581.947
0.02912; 581.907
0.02938; 581.853
0.02964; 581.79
0.0299; 581.768
0.03016; 581.741
0.03042; 581.703
0.03068; 581.666
0.03094; 581.65
0.0312; 581.647
0.03146; 581.629
0.03172; 581.601
0.03198; 581.612
0.03224; 581.618
0.0325; 581.613
0.03276; 581.607
0.03302; 581.621
0.03328; 581.648
0.03354; 581.657
0.0338; 581.657
0.03406; 581.695
0.03432; 581.727
0.03458; 581.747
0.03484; 581.765
0.0351; 581.803
0.03536; 581.852
0.03562; 581.884
0.03588; 581.905
0.03614; 581.963
0.0364; 582.015
0.03666; 582.054
0.03692; 582.09
0.03718; 582.145
0.03744; 582.211
0.0377; 582.259
0.03796; 582.295
0.03822; 582.368
0.03848; 582.434
0.03874; 582.487
0.039; 582.536
0.03926; 582.604
0.03952; 582.682
0.03978; 582.742
0.04004; 582.79
0.0403; 582.873
0.04056; 582.95
0.04082; 583.012
0.04108; 583.071
0.04134; 583.149
0.0416; 583.236
0.04186; 583.304
0.04212; 583.361
0.04238; 583.453
0.04264; 583.537
0.0429; 583.608
0.04316; 583.675
0.04342; 583.76
0.04368; 583.855
0.04394; 583.931
0.0442; 583.995
0.04446; 584.095
0.04472; 584.187
0.04498; 584.266
0.04524; 584.341
0.0455; 584.435
0.04576; 584.538
0.04602; 584.622
0.04628; 584.696
0.04654; 584.804
0.0468; 584.906
0.04706; 584.994
0.04732; 585.08
0.04758; 585.183
0.04784; 585.297
0.0481; 585.393
0.04836; 585.478
0.04862; 585.598
0.04888; 585.712
0.04914; 585.814
0.0494; 585.913
0.04966; 586.031
0.04992; 586.159
0.05018; 586.27
0.05044; 586.371
0.0507; 586.508
0.05096; 586.639
0.05122; 586.759
0.05148; 586.876
0.05174; 587.013
0.052; 587.161
0.05226; 587.293
0.05252; 587.416
0.05278; 587.575
0.05304; 587.729
0.0533; 587.872
0.05356; 588.014
0.05382; 588.176
0.05408; 588.35
0.05434; 588.509
0.0546; 588.659
0.05486; 588.846
0.05512; 589.029
0.05538; 589.202
0.05564; 589.374
0.0559; 589.568
0.05616; 589.774
0.05642; 589.965
0.05668; 590.15
0.05694; 590.372
0.0572; 590.592
0.05746; 590.804
0.05772; 591.018
0.05798; 591.252
0.05824; 591.474
0.0585; 0
0.05876; 0
0.05902; 0
0.05928; 0
0.05954; 0
0.0598; 0
0.06006; 0
0.06032; 0
0.06058; 0
0.06084; 0
0.0611; 0
0.06136; 0
0.06162; 0
0.06188; 0
0.06214; 0
0.0624; 0
0.06266; 0
0.06292; 0
0.06318; 0
0.06344; 0
0.0637; 0
0.06396; 0
0.06422; 0
0.06448; 0
0.06474; 0
0.065; 0
0.06526; 0
0.06552; 0
0.06578; 0
0.06604; 0
0.0663; 0
0.06656; 0
0.06682; 0
0.06708; 0
0.06734; 0
0.0676; 0
0.06786; 0
0.06812; 0
0.06838; 0
0.06864; 0
0.0689; 0
0.06916; 0
0.06942; 0
0.06968; 0
0.06994; 0
0.0702; 0
0.07046; 0
0.07072; 0
0.07098; 0
0.07124; 0
0.0715; 0
0.07176; 0
0.07202; 0
0.07228; 0
0.07254; 0
0.0728; 0
0.07306; 0
0.07332; 0
0.07358; 0
0.07384; 0
0.0741; 0
0.07436; 0
0.07462; 0
0.07488; 0
0.07514; 0
0.0754; 0
0.07566; 0
0.07592; 0
0.07618; 0
0.07644; 0
0.0767; 0
0.07696; 0
0.07722; 0
0.07748; 0
0.07774; 0
0.078; 0
