0.00667; 0
0.01334; 0
0.02001; 0
0.02668; 0
0.03335; 0
0.04002; 0
0.04669; 0
0.05336; 0
0.06003; 0
0.0667; 0
0.07337; 0
0.08004; 0
0.08671; 0
0.09338; 0
0.10005; 0
0.10672; 0
0.11339; 0
0.12006; 0
0.12673; 0
0.1334; 0
0.14007; 0
0.14674; 0
0.15341; 0
0.16008; 0
0.16675; 0
0.17342; 0
0.18009; 0
0.18676; 0
0.19343; 0
0.2001; 0
0.20677; 0
0.21344; 0
0.22011; 0
0.22678; 0
0.23345; 0
0.24012; 0
0.24679; 0
0.25346; 0
0.26013; 0
0.2668; 0
0.27347; 0
0.28014; 0
0.28681; 0
0.29348; 0
0.30015; 0
0.30682; 0
0.31349; 0
0.32016; 0
0.32683; 0
0.3335; 0
0.34017; 0
0.34684; 0
0.35351; 0
0.36018; 0
0.36685; 0
0.37352; 0
0.38019; 0
0.38686; 0
0.39353; 0
0.4002; 0
0.40687; 0
0.41354; 0
0.42021; 0
0.42688; 0
0.43355; 0
0.44022; 0
0.44689; 0
0.45356; 0
0.46023; 0
0.4669; 0
0.47357; 661.651
0.48024; 661.583
0.48691; 661.447
0.49358; 661.244
0.50025; 660.974
0.50692; 660.636
0.51359; 660.231
0.52026; 659.759
0.52693; 659.221
0.5336; 658.616
0.54027; 657.946
0.54694; 657.211
0.55361; 656.411
0.56028; 655.546
0.56695; 654.618
0.57362; 653.627
0.58029; 652.573
0.58696; 651.457
0.59363; 650.279
0.6003; 649.04
0.60697; 647.741
0.61364; 646.382
0.62031; 644.963
0.62698; 643.485
0.63365; 641.949
0.64032; 640.355
0.64699; 638.703
0.65366; 636.993
0.66033; 635.226
0.667; 633.402
0.67367; 631.521
0.68034; 629.582
0.68701; 627.586
0.69368; 625.533
0.70035; 623.421
0.70702; 621.25
0.71369; 619.02
0.72036; 616.729
0.72703; 614.376
0.7337; 611.96
0.74037; 609.479
0.74704; 606.931
0.75371; 604.315
0.76038; 601.626
0.76705; 598.863
0.77372; 596.021
0.78039; 593.098
0.78706; 590.088
0.79373; 586.986
0.8004; 583.787
0.80707; 580.485
0.81374; 577.071
0.82041; 573.538
0.82708; 569.877
0.83375; 566.077
0.84042; 562.125
0.84709; 558.008
0.85376; 553.711
0.86043; 549.217
0.8671; 544.504
0.87377; 539.551
0.88044; 534.332
0.88711; 528.817
0.89378; 522.977
0.90045; 516.776
0.90712; 510.178
0.91379; 503.152
0.92046; 495.673
0.92713; 487.738
0.9338; 479.391
0.94047; 470.764
0.94714; 462.147
0.95381; 454.093
0.96048; 447.514
0.96715; 443.657
0.97382; 443.657
0.98049; 447.514
0.98716; 454.093
0.99383; 462.147
1.0005; 470.764
1.00717; 479.391
1.01384; 487.738
1.02051; 495.673
1.02718; 503.152
1.03385; 510.178
1.04052; 516.776
1.04719; 522.977
1.05386; 528.817
1.06053; 534.332
1.0672; 539.551
1.07387; 544.504
1.08054; 549.217
1.08721; 553.711
1.09388; 558.008
1.10055; 562.125
1.10722; 566.077
1.11389; 569.877
1.12056; 573.538
1.12723; 577.071
1.1339; 580.485
1.14057; 583.787
1.14724; 586.986
1.15391; 590.088
1.16058; 593.098
1.16725; 596.021
1.17392; 598.863
1.18059; 601.626
1.18726; 604.315
1.19393; 606.931
1.2006; 609.479
1.20727; 611.96
1.21394; 614.376
1.22061; 616.729
1.22728; 619.02
1.23395; 621.25
1.24062; 623.421
1.24729; 625.533
1.25396; 627.586
1.26063; 629.582
1.2673; 631.521
1.27397; 633.402
1.28064; 635.226
1.28731; 636.993
1.29398; 638.703
1.30065; 640.355
1.30732; 641.949
1.31399; 643.485
1.32066; 644.963
1.32733; 646.382
1.334; 647.741
1.34067; 649.04
1.34734; 650.279
1.35401; 651.457
1.36068; 652.573
1.36735; 653.627
1.37402; 654.618
1.38069; 655.546
1.38736; 656.411
1.39403; 657.211
1.4007; 657.946
1.40737; 658.616
1.41404; 659.221
1.42071; 659.759
1.42738; 660.231
1.43405; 660.636
1.44072; 660.974
1.44739; 661.244
1.45406; 661.447
1.46073; 661.583
1.4674; 661.651
1.47407; 0
1.48074; 0
1.48741; 0
1.49408; 0
1.50075; 0
1.50742; 0
1.51409; 0
1.52076; 0
1.52743; 0
1.5341; 0
1.54077; 0
1.54744; 0
1.55411; 0
1.56078; 0
1.56745; 0
1.57412; 0
1.58079; 0
1.58746; 0
1.59413; 0
1.6008; 0
1.60747; 0
1.61414; 0
1.62081; 0
1.62748; 0
1.63415; 0
1.64082; 0
1.64749; 0
1.65416; 0
1.66083; 0
1.6675; 0
1.67417; 0
1.68084; 0
1.68751; 0
1.69418; 0
1.70085; 0
1.70752; 0
1.71419; 0
1.72086; 0
1.72753; 0
1.7342; 0
1.74087; 0
1.74754; 0
1.75421; 0
1.76088; 0
1.76755; 0
1.77422; 0
1.78089; 0
1.78756; 0
1.79423; 0
1.8009; 0
1.80757; 0
1.81424; 0
1.82091; 0
1.82758; 0
1.83425; 0
1.84092; 0
1.84759; 0
1.85426; 0
1.86093; 0
1.8676; 0
1.87427; 0
1.88094; 0
1.88761; 0
1.89428; 0
1.90095; 0
1.90762; 0
1.91429; 0
1.92096; 0
1.92763; 0
1.9343; 0
1.94097; 0
1.94764; 0
1.95431; 0
1.96098; 0
1.96765; 0
1.97432; 0
1.98099; 0
1.98766; 0
1.99433; 0
2.001; 0
