0.00667; 0
0.01334; 0
0.02001; 0
0.02668; 0
0.03335; 0
0.04002; 0
0.04669; 0
0.05336; 0
0.06003; 0
0.0667; 0
0.07337; 0
0.08004; 0
0.08671; 0
0.09338; 0
0.10005; 0
0.10672; 0
0.11339; 0
0.12006; 0
0.12673; 0
0.1334; 0
0.14007; 0
0.14674; 0
0.15341; 0
0.16008; 0
0.16675; 0
0.17342; 0
0.18009; 0
0.18676; 0
0.19343; 0
0.2001; 0
0.20677; 0
0.21344; 0
0.22011; 0
0.22678; 0
0.23345; 0
0.24012; 0
0.24679; 0
0.25346; 0
0.26013; 0
0.2668; 0
0.27347; 0
0.28014; 0
0.28681; 0
0.29348; 0
0.30015; 0
0.30682; 0
0.31349; 0
0.32016; 0
0.32683; 0
0.3335; 0
0.34017; 0
0.34684; 0
0.35351; 0
0.36018; 0
0.36685; 0
0.37352; 0
0.38019; 0
0.38686; 0
0.39353; 0
0.4002; 0
0.40687; 0
0.41354; 0
0.42021; 0
0.42688; 0
0.43355; 0
0.44022; 0
0.44689; 0
0.45356; 0
0.46023; 0
0.4669; 0
0.47357; 689.864
0.48024; 689.796
0.48691; 689.66
0.49358; 689.456
0.50025; 689.184
0.50692; 688.845
0.51359; 688.438
0.52026; 687.964
0.52693; 687.422
0.5336; 686.815
0.54027; 686.14
0.54694; 685.4
0.55361; 684.594
0.56028; 683.722
0.56695; 682.786
0.57362; 681.785
0.58029; 680.72
0.58696; 679.592
0.59363; 678.4
0.6003; 677.145
0.60697; 675.827
0.61364; 674.447
0.62031; 673.006
0.62698; 671.502
0.63365; 669.937
0.64032; 668.311
0.64699; 666.624
0.65366; 664.876
0.66033; 663.066
0.667; 661.195
0.67367; 659.263
0.68034; 657.269
0.68701; 655.213
0.69368; 653.093
0.70035; 650.91
0.70702; 648.662
0.71369; 646.349
0.72036; 643.968
0.72703; 641.519
0.7337; 638.999
0.74037; 636.407
0.74704; 633.74
0.75371; 630.995
0.76038; 628.17
0.76705; 625.261
0.77372; 622.263
0.78039; 619.173
0.78706; 615.986
0.79373; 612.695
0.8004; 609.294
0.80707; 605.776
0.81374; 602.134
0.82041; 598.357
0.82708; 594.436
0.83375; 590.358
0.84042; 586.111
0.84709; 581.679
0.85376; 577.046
0.86043; 572.192
0.8671; 567.096
0.87377; 561.732
0.88044; 556.072
0.88711; 550.085
0.89378; 543.737
0.90045; 536.99
0.90712; 529.805
0.91379; 522.147
0.92046; 513.988
0.92713; 505.328
0.9338; 496.213
0.94047; 486.787
0.94714; 477.371
0.95381; 468.566
0.96048; 461.373
0.96715; 457.155
0.97382; 457.155
0.98049; 461.373
0.98716; 468.566
0.99383; 477.371
1.0005; 486.787
1.00717; 496.213
1.01384; 505.328
1.02051; 513.988
1.02718; 522.147
1.03385; 529.805
1.04052; 536.99
1.04719; 543.737
1.05386; 550.085
1.06053; 556.072
1.0672; 561.732
1.07387; 567.096
1.08054; 572.192
1.08721; 577.046
1.09388; 581.679
1.10055; 586.111
1.10722; 590.358
1.11389; 594.436
1.12056; 598.357
1.12723; 602.134
1.1339; 605.776
1.14057; 609.294
1.14724; 612.695
1.15391; 615.986
1.16058; 619.173
1.16725; 622.263
1.17392; 625.261
1.18059; 628.17
1.18726; 630.995
1.19393; 633.74
1.2006; 636.407
1.20727; 638.999
1.21394; 641.519
1.22061; 643.968
1.22728; 646.349
1.23395; 648.662
1.24062; 650.91
1.24729; 653.093
1.25396; 655.213
1.26063; 657.269
1.2673; 659.263
1.27397; 661.195
1.28064; 663.066
1.28731; 664.876
1.29398; 666.624
1.30065; 668.311
1.30732; 669.937
1.31399; 671.502
1.32066; 673.006
1.32733; 674.447
1.334; 675.827
1.34067; 677.145
1.34734; 678.4
1.35401; 679.592
1.36068; 680.72
1.36735; 681.785
1.37402; 682.786
1.38069; 683.722
1.38736; 684.594
1.39403; 685.4
1.4007; 686.14
1.40737; 686.815
1.41404; 687.422
1.42071; 687.964
1.42738; 688.438
1.43405; 688.845
1.44072; 689.184
1.44739; 689.456
1.45406; 689.66
1.46073; 689.796
1.4674; 689.864
1.47407; 0
1.48074; 0
1.48741; 0
1.49408; 0
1.50075; 0
1.50742; 0
1.51409; 0
1.52076; 0
1.52743; 0
1.5341; 0
1.54077; 0
1.54744; 0
1.55411; 0
1.56078; 0
1.56745; 0
1.57412; 0
1.58079; 0
1.58746; 0
1.59413; 0
1.6008; 0
1.60747; 0
1.61414; 0
1.62081; 0
1.62748; 0
1.63415; 0
1.64082; 0
1.64749; 0
1.65416; 0
1.66083; 0
1.6675; 0
1.67417; 0
1.68084; 0
1.68751; 0
1.69418; 0
1.70085; 0
1.70752; 0
1.71419; 0
1.72086; 0
1.72753; 0
1.7342; 0
1.74087; 0
1.74754; 0
1.75421; 0
1.76088; 0
1.76755; 0
1.77422; 0
1.78089; 0
1.78756; 0
1.79423; 0
1.8009; 0
1.80757; 0
1.81424; 0
1.82091; 0
1.82758; 0
1.83425; 0
1.84092; 0
1.84759; 0
1.85426; 0
1.86093; 0
1.8676; 0
1.87427; 0
1.88094; 0
1.88761; 0
1.89428; 0
1.90095; 0
1.90762; 0
1.91429; 0
1.92096; 0
1.92763; 0
1.9343; 0
1.94097; 0
1.94764; 0
1.95431; 0
1.96098; 0
1.96765; 0
1.97432; 0
1.98099; 0
1.98766; 0
1.99433; 0
2.001; 0
