0.00667; 0
0.01334; 0
0.02001; 0
0.02668; 0
0.03335; 0
0.04002; 0
0.04669; 0
0.05336; 0
0.06003; 0
0.0667; 0
0.07337; 0
0.08004; 0
0.08671; 0
0.09338; 0
0.10005; 0
0.10672; 0
0.11339; 0
0.12006; 0
0.12673; 0
0.1334; 0
0.14007; 0
0.14674; 0
0.15341; 0
0.16008; 0
0.16675; 0
0.17342; 0
0.18009; 0
0.18676; 0
0.19343; 0
0.2001; 0
0.20677; 0
0.21344; 0
0.22011; 0
0.22678; 0
0.23345; 0
0.24012; 0
0.24679; 0
0.25346; 0
0.26013; 0
0.2668; 0
0.27347; 0
0.28014; 0
0.28681; 0
0.29348; 0
0.30015; 0
0.30682; 0
0.31349; 0
0.32016; 0
0.32683; 0
0.3335; 0
0.34017; 0
0.34684; 0
0.35351; 0
0.36018; 0
0.36685; 0
0.37352; 0
0.38019; 0
0.38686; 0
0.39353; 0
0.4002; 0
0.40687; 0
0.41354; 0
0.42021; 0
0.42688; 0
0.43355; 0
0.44022; 0
0.44689; 0
0.45356; 0
0.46023; 0
0.4669; 0
0.47357; 480.942
0.48024; 480.877
0.48691; 480.747
0.49358; 480.552
0.50025; 480.292
0.50692; 479.968
0.51359; 479.581
0.52026; 479.131
0.52693; 478.618
0.5336; 478.045
0.54027; 477.411
0.54694; 476.718
0.55361; 475.966
0.56028; 475.158
0.56695; 474.294
0.57362; 473.376
0.58029; 472.406
0.58696; 471.384
0.59363; 470.312
0.6003; 469.192
0.60697; 468.026
0.61364; 466.815
0.62031; 465.561
0.62698; 464.265
0.63365; 462.93
0.64032; 461.558
0.64699; 460.149
0.65366; 458.706
0.66033; 457.23
0.667; 455.723
0.67367; 454.187
0.68034; 452.624
0.68701; 451.034
0.69368; 449.42
0.70035; 447.782
0.70702; 446.123
0.71369; 444.443
0.72036; 442.744
0.72703; 441.027
0.7337; 439.292
0.74037; 437.541
0.74704; 435.773
0.75371; 433.99
0.76038; 432.192
0.76705; 430.379
0.77372; 428.55
0.78039; 426.706
0.78706; 424.845
0.79373; 422.967
0.8004; 421.071
0.80707; 419.155
0.81374; 417.216
0.82041; 415.253
0.82708; 413.262
0.83375; 411.24
0.84042; 409.183
0.84709; 407.086
0.85376; 404.943
0.86043; 402.747
0.8671; 400.491
0.87377; 398.166
0.88044; 395.762
0.88711; 393.266
0.89378; 390.668
0.90045; 387.951
0.90712; 385.103
0.91379; 382.109
0.92046; 378.959
0.92713; 375.651
0.9338; 372.201
0.94047; 368.661
0.94714; 365.146
0.95381; 361.875
0.96048; 359.211
0.96715; 357.652
0.97382; 357.652
0.98049; 359.211
0.98716; 361.875
0.99383; 365.146
1.0005; 368.661
1.00717; 372.201
1.01384; 375.651
1.02051; 378.959
1.02718; 382.109
1.03385; 385.103
1.04052; 387.951
1.04719; 390.668
1.05386; 393.266
1.06053; 395.762
1.0672; 398.166
1.07387; 400.491
1.08054; 402.747
1.08721; 404.943
1.09388; 407.086
1.10055; 409.183
1.10722; 411.24
1.11389; 413.262
1.12056; 415.253
1.12723; 417.216
1.1339; 419.155
1.14057; 421.071
1.14724; 422.967
1.15391; 424.845
1.16058; 426.706
1.16725; 428.55
1.17392; 430.379
1.18059; 432.192
1.18726; 433.99
1.19393; 435.773
1.2006; 437.541
1.20727; 439.292
1.21394; 441.027
1.22061; 442.744
1.22728; 444.443
1.23395; 446.123
1.24062; 447.782
1.24729; 449.42
1.25396; 451.034
1.26063; 452.624
1.2673; 454.187
1.27397; 455.723
1.28064; 457.23
1.28731; 458.706
1.29398; 460.149
1.30065; 461.558
1.30732; 462.93
1.31399; 464.265
1.32066; 465.561
1.32733; 466.815
1.334; 468.026
1.34067; 469.192
1.34734; 470.312
1.35401; 471.384
1.36068; 472.406
1.36735; 473.376
1.37402; 474.294
1.38069; 475.158
1.38736; 475.966
1.39403; 476.718
1.4007; 477.411
1.40737; 478.045
1.41404; 478.618
1.42071; 479.131
1.42738; 479.581
1.43405; 479.968
1.44072; 480.292
1.44739; 480.552
1.45406; 480.747
1.46073; 480.877
1.4674; 480.942
1.47407; 0
1.48074; 0
1.48741; 0
1.49408; 0
1.50075; 0
1.50742; 0
1.51409; 0
1.52076; 0
1.52743; 0
1.5341; 0
1.54077; 0
1.54744; 0
1.55411; 0
1.56078; 0
1.56745; 0
1.57412; 0
1.58079; 0
1.58746; 0
1.59413; 0
1.6008; 0
1.60747; 0
1.61414; 0
1.62081; 0
1.62748; 0
1.63415; 0
1.64082; 0
1.64749; 0
1.65416; 0
1.66083; 0
1.6675; 0
1.67417; 0
1.68084; 0
1.68751; 0
1.69418; 0
1.70085; 0
1.70752; 0
1.71419; 0
1.72086; 0
1.72753; 0
1.7342; 0
1.74087; 0
1.74754; 0
1.75421; 0
1.76088; 0
1.76755; 0
1.77422; 0
1.78089; 0
1.78756; 0
1.79423; 0
1.8009; 0
1.80757; 0
1.81424; 0
1.82091; 0
1.82758; 0
1.83425; 0
1.84092; 0
1.84759; 0
1.85426; 0
1.86093; 0
1.8676; 0
1.87427; 0
1.88094; 0
1.88761; 0
1.89428; 0
1.90095; 0
1.90762; 0
1.91429; 0
1.92096; 0
1.92763; 0
1.9343; 0
1.94097; 0
1.94764; 0
1.95431; 0
1.96098; 0
1.96765; 0
1.97432; 0
1.98099; 0
1.98766; 0
1.99433; 0
2.001; 0
