0.00026; 771.746
0.00052; 771.753
0.00078; 771.751
0.00104; 771.747
0.0013; 771.739
0.00156; 771.744
0.00182; 771.744
0.00208; 771.743
0.00234; 771.739
0.0026; 771.741
0.00286; 771.741
0.00312; 771.739
0.00338; 771.733
0.00364; 771.737
0.0039; 771.738
0.00416; 771.736
0.00442; 771.733
0.00468; 771.735
0.00494; 771.735
0.0052; 771.733
0.00546; 771.727
0.00572; 771.731
0.00598; 771.732
0.00624; 771.73
0.0065; 771.727
0.00676; 771.729
0.00702; 771.729
0.00728; 771.727
0.00754; 771.721
0.0078; 771.725
0.00806; 771.727
0.00832; 771.725
0.00858; 771.722
0.00884; 771.723
0.0091; 771.724
0.00936; 771.722
0.00962; 771.715
0.00988; 771.72
0.01014; 771.721
0.0104; 771.719
0.01066; 771.716
0.01092; 771.718
0.01118; 771.719
0.01144; 771.717
0.0117; 771.711
0.01196; 771.715
0.01222; 771.716
0.01248; 771.715
0.01274; 771.712
0.013; 771.714
0.01326; 771.714
0.01352; 771.712
0.01378; 771.706
0.01404; 771.711
0.0143; 771.712
0.01456; 771.71
0.01482; 771.707
0.01508; 771.709
0.01534; 771.71
0.0156; 771.708
0.01586; 771.702
0.01612; 771.707
0.01638; 771.708
0.01664; 771.706
0.0169; 771.703
0.01716; 771.705
0.01742; 771.706
0.01768; 771.704
0.01794; 771.698
0.0182; 771.702
0.01846; 771.704
0.01872; 771.702
0.01898; 771.699
0.01924; 771.701
0.0195; 771.702
0.01976; 771.7
0.02002; 771.694
0.02028; 771.699
0.02054; 771.7
0.0208; 771.699
0.02106; 771.696
0.02132; 771.698
0.02158; 771.698
0.02184; 771.696
0.0221; 771.691
0.02236; 771.696
0.02262; 771.697
0.02288; 771.695
0.02314; 771.693
0.0234; 771.695
0.02366; 771.696
0.02392; 771.693
0.02418; 771.688
0.02444; 771.693
0.0247; 771.694
0.02496; 771.693
0.02522; 771.69
0.02548; 771.692
0.02574; 771.693
0.026; 771.691
0.02626; 771.685
0.02652; 771.69
0.02678; 771.692
0.02704; 771.69
0.0273; 771.687
0.02756; 771.69
0.02782; 771.691
0.02808; 771.689
0.02834; 771.683
0.0286; 771.688
0.02886; 771.69
0.02912; 771.688
0.02938; 771.685
0.02964; 771.688
0.0299; 771.689
0.03016; 771.687
0.03042; 771.681
0.03068; 771.686
0.03094; 771.688
0.0312; 771.686
0.03146; 771.684
0.03172; 771.686
0.03198; 771.687
0.03224; 771.685
0.0325; 771.679
0.03276; 771.685
0.03302; 771.686
0.03328; 771.685
0.03354; 771.682
0.0338; 771.685
0.03406; 771.686
0.03432; 771.684
0.03458; 771.678
0.03484; 771.684
0.0351; 771.685
0.03536; 771.684
0.03562; 771.681
0.03588; 771.684
0.03614; 771.685
0.0364; 771.683
0.03666; 771.677
0.03692; 771.683
0.03718; 771.684
0.03744; 771.683
0.0377; 771.681
0.03796; 771.683
0.03822; 771.684
0.03848; 771.683
0.03874; 771.677
0.039; 771.683
0.03926; 771.684
0.03952; 771.683
0.03978; 771.681
0.04004; 771.683
0.0403; 771.684
0.04056; 771.683
0.04082; 771.677
0.04108; 771.682
0.04134; 771.684
0.0416; 771.683
0.04186; 771.681
0.04212; 771.683
0.04238; 771.684
0.04264; 771.683
0.0429; 771.677
0.04316; 771.683
0.04342; 771.685
0.04368; 771.683
0.04394; 771.681
0.0442; 771.684
0.04446; 771.685
0.04472; 771.683
0.04498; 771.678
0.04524; 771.684
0.0455; 771.685
0.04576; 771.684
0.04602; 771.682
0.04628; 771.685
0.04654; 771.686
0.0468; 771.684
0.04706; 771.679
0.04732; 771.684
0.04758; 771.686
0.04784; 771.685
0.0481; 771.683
0.04836; 771.686
0.04862; 771.687
0.04888; 771.686
0.04914; 771.68
0.0494; 771.686
0.04966; 771.688
0.04992; 771.687
0.05018; 771.685
0.05044; 771.687
0.0507; 771.689
0.05096; 771.687
0.05122; 771.682
0.05148; 771.688
0.05174; 771.69
0.052; 771.689
0.05226; 771.686
0.05252; 771.689
0.05278; 771.691
0.05304; 771.689
0.0533; 771.684
0.05356; 771.69
0.05382; 771.692
0.05408; 771.691
0.05434; 771.689
0.0546; 771.691
0.05486; 771.693
0.05512; 771.691
0.05538; 771.686
0.05564; 771.692
0.0559; 771.694
0.05616; 771.693
0.05642; 771.691
0.05668; 771.694
0.05694; 771.695
0.0572; 771.694
0.05746; 771.689
0.05772; 771.695
0.05798; 771.697
0.05824; 771.696
0.0585; 771.694
0.05876; 771.697
0.05902; 771.698
0.05928; 771.697
0.05954; 771.692
0.0598; 771.698
0.06006; 771.7
0.06032; 771.699
0.06058; 771.697
0.06084; 771.7
0.0611; 771.702
0.06136; 771.7
0.06162; 771.695
0.06188; 771.701
0.06214; 771.703
0.0624; 771.703
0.06266; 771.701
0.06292; 771.704
0.06318; 771.705
0.06344; 771.704
0.0637; 771.699
0.06396; 771.705
0.06422; 771.707
0.06448; 771.706
0.06474; 771.705
0.065; 771.708
0.06526; 771.709
0.06552; 771.708
0.06578; 771.703
0.06604; 771.709
0.0663; 771.711
0.06656; 771.71
0.06682; 771.709
0.06708; 771.712
0.06734; 771.713
0.0676; 771.712
0.06786; 771.707
0.06812; 771.713
0.06838; 771.715
0.06864; 771.715
0.0689; 771.713
0.06916; 771.716
0.06942; 771.718
0.06968; 771.717
0.06994; 771.712
0.0702; 771.718
0.07046; 771.72
0.07072; 771.72
0.07098; 771.718
0.07124; 771.721
0.0715; 771.723
0.07176; 771.722
0.07202; 771.717
0.07228; 771.723
0.07254; 771.725
0.0728; 771.725
0.07306; 771.723
0.07332; 771.726
0.07358; 771.728
0.07384; 771.727
0.0741; 771.722
0.07436; 771.728
0.07462; 771.73
0.07488; 771.73
0.07514; 771.728
0.0754; 771.732
0.07566; 771.733
0.07592; 771.732
0.07618; 771.728
0.07644; 771.734
0.0767; 771.736
0.07696; 771.736
0.07722; 771.734
0.07748; 771.739
0.07774; 771.743
0.078; 771.745
