0.0026; 745.429
0.0052; 745.435
0.0078; 745.441
0.0104; 745.454
0.013; 745.472
0.0156; 745.496
0.0182; 745.525
0.0208; 745.559
0.0234; 745.597
0.026; 745.64
0.0286; 745.686
0.0312; 745.735
0.0338; 745.788
0.0364; 745.843
0.039; 745.9
0.0416; 745.96
0.0442; 746.021
0.0468; 746.084
0.0494; 746.148
0.052; 746.213
0.0546; 746.279
0.0572; 746.346
0.0598; 746.413
0.0624; 746.481
0.065; 746.549
0.0676; 746.617
0.0702; 746.685
0.0728; 746.752
0.0754; 746.818
0.078; 746.882
0.0806; 746.944
0.0832; 747.002
0.0858; 747.056
0.0884; 747.106
0.091; 747.151
0.0936; 747.19
0.0962; 747.22
0.0988; 747.24
0.1014; 747.251
0.104; 747.253
0.1066; 747.247
0.1092; 747.234
0.1118; 747.216
0.1144; 747.192
0.117; 747.164
0.1196; 747.13
0.1222; 747.091
0.1248; 747.048
0.1274; 746.999
0.13; 746.945
0.1326; 746.885
0.1352; 746.819
0.1378; 746.745
0.1404; 746.663
0.143; 746.572
0.1456; 746.469
0.1482; 746.353
0.1508; 746.222
0.1534; 746.072
0.156; 745.902
0.1586; 745.714
0.1612; 745.508
0.1638; 745.287
0.1664; 745.05
0.169; 744.798
0.1716; 744.528
0.1742; 744.242
0.1768; 743.94
0.1794; 743.622
0.182; 743.289
0.1846; 742.941
0.1872; 742.577
0.1898; 742.197
0.1924; 741.8
0.195; 741.388
0.1976; 740.96
0.2002; 740.516
0.2028; 740.056
0.2054; 739.581
0.208; 739.092
0.2106; 738.587
0.2132; 738.069
0.2158; 737.537
0.2184; 736.992
0.221; 736.435
0.2236; 735.867
0.2262; 735.289
0.2288; 734.7
0.2314; 734.101
0.234; 733.491
0.2366; 732.871
0.2392; 732.241
0.2418; 731.599
0.2444; 730.946
0.247; 730.281
0.2496; 729.604
0.2522; 728.915
0.2548; 728.213
0.2574; 727.498
0.26; 726.771
0.2626; 726.03
0.2652; 725.277
0.2678; 724.51
0.2704; 723.73
0.273; 722.937
0.2756; 722.13
0.2782; 721.31
0.2808; 720.476
0.2834; 719.628
0.286; 718.766
0.2886; 717.89
0.2912; 717
0.2938; 716.096
0.2964; 715.178
0.299; 714.245
0.3016; 713.299
0.3042; 712.338
0.3068; 711.363
0.3094; 710.373
0.312; 709.365
0.3146; 708.404
0.3172; 707.465
0.3198; 706.544
0.3224; 705.625
0.325; 704.701
0.3276; 703.762
0.3302; 702.781
0.3328; 701.783
0.3354; 700.774
0.338; 699.759
0.3406; 698.741
0.3432; 697.731
0.3458; 696.68
0.3484; 695.556
0.351; 694.441
0.3536; 693.323
0.3562; 692.199
0.3588; 691.063
0.3614; 689.917
0.364; 688.756
0.3666; 687.591
0.3692; 686.425
0.3718; 685.257
0.3744; 684.087
0.377; 682.915
0.3796; 681.738
0.3822; 680.556
0.3848; 679.367
0.3874; 678.172
0.39; 676.968
0.3926; 675.754
0.3952; 674.529
0.3978; 673.292
0.4004; 672.041
0.403; 670.776
0.4056; 669.495
0.4082; 668.197
0.4108; 666.88
0.4134; 665.544
0.416; 664.187
0.4186; 662.808
0.4212; 661.406
0.4238; 659.98
0.4264; 658.529
0.429; 657.051
0.4316; 655.546
0.4342; 654.013
0.4368; 652.451
0.4394; 650.859
0.442; 649.237
0.4446; 647.584
0.4472; 645.899
0.4498; 644.181
0.4524; 642.43
0.455; 640.645
0.4576; 638.821
0.4602; 636.957
0.4628; 635.05
0.4654; 633.097
0.468; 631.096
0.4706; 629.046
0.4732; 626.944
0.4758; 624.79
0.4784; 622.582
0.481; 620.321
0.4836; 618.009
0.4862; 615.649
0.4888; 613.245
0.4914; 610.804
0.494; 608.321
0.4966; 605.787
0.4992; 603.198
0.5018; 600.553
0.5044; 597.852
0.507; 595.095
0.5096; 592.28
0.5122; 589.405
0.5148; 586.47
0.5174; 583.474
0.52; 580.454
0.5226; 577.359
0.5252; 574.284
0.5278; 571.286
0.5304; 568.273
0.533; 565.245
0.5356; 562.229
0.5382; 559.227
0.5408; 556.237
0.5434; 553.259
0.546; 550.292
0.5486; 547.337
0.5512; 544.393
0.5538; 541.463
0.5564; 538.545
0.559; 535.641
0.5616; 532.751
0.5642; 529.877
0.5668; 527.019
0.5694; 524.179
0.572; 521.357
0.5746; 518.555
0.5772; 515.774
0.5798; 513.015
0.5824; 510.279
0.585; 507.568
0.5876; 504.883
0.5902; 502.225
0.5928; 499.596
0.5954; 496.996
0.598; 494.427
0.6006; 491.89
0.6032; 489.387
0.6058; 486.917
0.6084; 484.483
0.611; 482.084
0.6136; 479.722
0.6162; 477.399
0.6188; 475.113
0.6214; 472.866
0.624; 470.659
0.6266; 468.492
0.6292; 466.365
0.6318; 464.279
0.6344; 462.234
0.637; 460.231
0.6396; 458.269
0.6422; 456.348
0.6448; 454.469
0.6474; 452.632
0.65; 450.837
0.6526; 449.084
0.6552; 447.372
0.6578; 445.703
0.6604; 444.075
0.663; 442.488
0.6656; 440.944
0.6682; 439.44
0.6708; 437.978
0.6734; 436.557
0.676; 435.177
0.6786; 433.837
0.6812; 432.538
0.6838; 431.278
0.6864; 430.059
0.689; 428.879
0.6916; 427.737
0.6942; 426.635
0.6968; 425.571
0.6994; 424.545
0.702; 423.557
0.7046; 422.606
0.7072; 421.692
0.7098; 420.814
0.7124; 419.972
0.715; 419.166
0.7176; 418.395
0.7202; 417.659
0.7228; 416.957
0.7254; 416.289
0.728; 415.655
0.7306; 415.054
0.7332; 414.485
0.7358; 413.949
0.7384; 413.445
0.741; 412.973
0.7436; 412.532
0.7462; 412.122
0.7488; 411.742
0.7514; 411.393
0.754; 411.074
0.7566; 410.785
0.7592; 410.525
0.7618; 410.295
0.7644; 410.094
0.767; 409.922
0.7696; 409.779
0.7722; 409.665
0.7748; 409.579
0.7774; 409.522
0.78; 409.493
