0.00667; 0
0.01334; 0
0.02001; 0
0.02668; 0
0.03335; 0
0.04002; 0
0.04669; 0
0.05336; 0
0.06003; 0
0.0667; 0
0.07337; 0
0.08004; 0
0.08671; 0
0.09338; 0
0.10005; 0
0.10672; 0
0.11339; 0
0.12006; 0
0.12673; 0
0.1334; 0
0.14007; 0
0.14674; 0
0.15341; 0
0.16008; 0
0.16675; 0
0.17342; 0
0.18009; 0
0.18676; 0
0.19343; 0
0.2001; 0
0.20677; 0
0.21344; 0
0.22011; 0
0.22678; 0
0.23345; 0
0.24012; 0
0.24679; 0
0.25346; 0
0.26013; 0
0.2668; 0
0.27347; 0
0.28014; 0
0.28681; 0
0.29348; 0
0.30015; 0
0.30682; 0
0.31349; 0
0.32016; 0
0.32683; 0
0.3335; 0
0.34017; 0
0.34684; 0
0.35351; 0
0.36018; 0
0.36685; 0
0.37352; 0
0.38019; 0
0.38686; 0
0.39353; 0
0.4002; 0
0.40687; 0
0.41354; 0
0.42021; 0
0.42688; 0
0.43355; 0
0.44022; 0
0.44689; 0
0.45356; 0
0.46023; 0
0.4669; 0
0.47357; 535.106
0.48024; 535.039
0.48691; 534.906
0.49358; 534.707
0.50025; 534.442
0.50692; 534.112
0.51359; 533.716
0.52026; 533.256
0.52693; 532.732
0.5336; 532.144
0.54027; 531.495
0.54694; 530.783
0.55361; 530.012
0.56028; 529.18
0.56695; 528.291
0.57362; 527.344
0.58029; 526.34
0.58696; 525.282
0.59363; 524.171
0.6003; 523.007
0.60697; 521.792
0.61364; 520.528
0.62031; 519.215
0.62698; 517.856
0.63365; 516.451
0.64032; 515.002
0.64699; 513.51
0.65366; 511.977
0.66033; 510.404
0.667; 508.792
0.67367; 507.142
0.68034; 505.456
0.68701; 503.734
0.69368; 501.978
0.70035; 500.188
0.70702; 498.365
0.71369; 496.51
0.72036; 494.624
0.72703; 492.707
0.7337; 490.758
0.74037; 488.779
0.74704; 486.769
0.75371; 484.727
0.76038; 482.654
0.76705; 480.548
0.77372; 478.408
0.78039; 476.234
0.78706; 474.022
0.79373; 471.771
0.8004; 469.479
0.80707; 467.142
0.81374; 464.757
0.82041; 462.32
0.82708; 459.825
0.83375; 457.268
0.84042; 454.641
0.84709; 451.937
0.85376; 449.149
0.86043; 446.264
0.8671; 443.273
0.87377; 440.163
0.88044; 436.918
0.88711; 433.523
0.89378; 429.958
0.90045; 426.204
0.90712; 422.24
0.91379; 418.046
0.92046; 413.609
0.92713; 408.925
0.9338; 404.02
0.94047; 398.969
0.94714; 393.939
0.95381; 389.248
0.96048; 385.421
0.96715; 383.18
0.97382; 383.18
0.98049; 385.421
0.98716; 389.248
0.99383; 393.939
1.0005; 398.969
1.00717; 404.02
1.01384; 408.925
1.02051; 413.609
1.02718; 418.046
1.03385; 422.24
1.04052; 426.204
1.04719; 429.958
1.05386; 433.523
1.06053; 436.918
1.0672; 440.163
1.07387; 443.273
1.08054; 446.264
1.08721; 449.149
1.09388; 451.937
1.10055; 454.641
1.10722; 457.268
1.11389; 459.825
1.12056; 462.32
1.12723; 464.757
1.1339; 467.142
1.14057; 469.479
1.14724; 471.771
1.15391; 474.022
1.16058; 476.234
1.16725; 478.408
1.17392; 480.548
1.18059; 482.654
1.18726; 484.727
1.19393; 486.769
1.2006; 488.779
1.20727; 490.758
1.21394; 492.707
1.22061; 494.624
1.22728; 496.51
1.23395; 498.365
1.24062; 500.188
1.24729; 501.978
1.25396; 503.734
1.26063; 505.456
1.2673; 507.142
1.27397; 508.792
1.28064; 510.404
1.28731; 511.977
1.29398; 513.51
1.30065; 515.002
1.30732; 516.451
1.31399; 517.856
1.32066; 519.215
1.32733; 520.528
1.334; 521.792
1.34067; 523.007
1.34734; 524.171
1.35401; 525.282
1.36068; 526.34
1.36735; 527.344
1.37402; 528.291
1.38069; 529.18
1.38736; 530.012
1.39403; 530.783
1.4007; 531.495
1.40737; 532.144
1.41404; 532.732
1.42071; 533.256
1.42738; 533.716
1.43405; 534.112
1.44072; 534.442
1.44739; 534.707
1.45406; 534.906
1.46073; 535.039
1.4674; 535.106
1.47407; 0
1.48074; 0
1.48741; 0
1.49408; 0
1.50075; 0
1.50742; 0
1.51409; 0
1.52076; 0
1.52743; 0
1.5341; 0
1.54077; 0
1.54744; 0
1.55411; 0
1.56078; 0
1.56745; 0
1.57412; 0
1.58079; 0
1.58746; 0
1.59413; 0
1.6008; 0
1.60747; 0
1.61414; 0
1.62081; 0
1.62748; 0
1.63415; 0
1.64082; 0
1.64749; 0
1.65416; 0
1.66083; 0
1.6675; 0
1.67417; 0
1.68084; 0
1.68751; 0
1.69418; 0
1.70085; 0
1.70752; 0
1.71419; 0
1.72086; 0
1.72753; 0
1.7342; 0
1.74087; 0
1.74754; 0
1.75421; 0
1.76088; 0
1.76755; 0
1.77422; 0
1.78089; 0
1.78756; 0
1.79423; 0
1.8009; 0
1.80757; 0
1.81424; 0
1.82091; 0
1.82758; 0
1.83425; 0
1.84092; 0
1.84759; 0
1.85426; 0
1.86093; 0
1.8676; 0
1.87427; 0
1.88094; 0
1.88761; 0
1.89428; 0
1.90095; 0
1.90762; 0
1.91429; 0
1.92096; 0
1.92763; 0
1.9343; 0
1.94097; 0
1.94764; 0
1.95431; 0
1.96098; 0
1.96765; 0
1.97432; 0
1.98099; 0
1.98766; 0
1.99433; 0
2.001; 0
