0.00026; 0
0.00052; 0
0.00078; 0
0.00104; 0
0.0013; 0
0.00156; 0
0.00182; 0
0.00208; 0
0.00234; 0
0.0026; 0
0.00286; 0
0.00312; 0
0.00338; 0
0.00364; 0
0.0039; 0
0.00416; 0
0.00442; 0
0.00468; 0
0.00494; 0
0.0052; 0
0.00546; 0
0.00572; 0
0.00598; 0
0.00624; 0
0.0065; 0
0.00676; 0
0.00702; 0
0.00728; 0
0.00754; 0
0.0078; 0
0.00806; 0
0.00832; 0
0.00858; 0
0.00884; 0
0.0091; 0
0.00936; 0
0.00962; 0
0.00988; 0
0.01014; 0
0.0104; 0
0.01066; 0
0.01092; 0
0.01118; 0
0.01144; 0
0.0117; 0
0.01196; 0
0.01222; 0
0.01248; 0
0.01274; 0
0.013; 0
0.01326; 0
0.01352; 0
0.01378; 0
0.01404; 0
0.0143; 0
0.01456; 0
0.01482; 0
0.01508; 0
0.01534; 0
0.0156; 0
0.01586; 0
0.01612; 0
0.01638; 0
0.01664; 0
0.0169; 0
0.01716; 0
0.01742; 0
0.01768; 0
0.01794; 0
0.0182; 0
0.01846; 0
0.01872; 0
0.01898; 0
0.01924; 0
0.0195; 555.074
0.01976; 555.133
0.02002; 555.249
0.02028; 555.423
0.02054; 555.655
0.0208; 555.944
0.02106; 556.289
0.02132; 556.687
0.02158; 557.132
0.02184; 557.615
0.0221; 558.122
0.02236; 558.635
0.02262; 559.133
0.02288; 559.606
0.02314; 560.046
0.0234; 560.45
0.02366; 560.82
0.02392; 561.159
0.02418; 561.471
0.02444; 561.757
0.0247; 562.018
0.02496; 562.26
0.02522; 562.484
0.02548; 562.691
0.02574; 562.882
0.026; 563.059
0.02626; 563.223
0.02652; 563.374
0.02678; 563.512
0.02704; 563.639
0.0273; 563.757
0.02756; 563.863
0.02782; 563.958
0.02808; 564.044
0.02834; 564.121
0.0286; 564.189
0.02886; 564.245
0.02912; 564.293
0.02938; 564.333
0.02964; 564.363
0.0299; 564.384
0.03016; 564.397
0.03042; 564.402
0.03068; 564.399
0.03094; 564.386
0.0312; 564.366
0.03146; 564.34
0.03172; 564.306
0.03198; 564.264
0.03224; 564.217
0.0325; 564.164
0.03276; 564.106
0.03302; 564.043
0.03328; 563.975
0.03354; 563.905
0.0338; 563.833
0.03406; 563.758
0.03432; 563.683
0.03458; 563.61
0.03484; 563.538
0.0351; 563.467
0.03536; 563.4
0.03562; 563.34
0.03588; 563.285
0.03614; 563.237
0.0364; 563.198
0.03666; 563.169
0.03692; 563.151
0.03718; 563.144
0.03744; 563.149
0.0377; 563.169
0.03796; 563.202
0.03822; 563.25
0.03848; 563.313
0.03874; 563.393
0.039; 563.488
0.03926; 563.598
0.03952; 563.724
0.03978; 563.867
0.04004; 564.025
0.0403; 564.198
0.04056; 564.388
0.04082; 564.594
0.04108; 564.816
0.04134; 565.054
0.0416; 565.309
0.04186; 565.583
0.04212; 565.873
0.04238; 566.178
0.04264; 566.5
0.0429; 566.836
0.04316; 567.185
0.04342; 567.543
0.04368; 567.91
0.04394; 568.288
0.0442; 568.674
0.04446; 569.065
0.04472; 569.463
0.04498; 569.867
0.04524; 570.275
0.0455; 570.683
0.04576; 571.092
0.04602; 571.504
0.04628; 571.914
0.04654; 572.321
0.0468; 572.726
0.04706; 573.129
0.04732; 573.527
0.04758; 573.917
0.04784; 574.302
0.0481; 574.682
0.04836; 575.054
0.04862; 575.417
0.04888; 575.773
0.04914; 576.121
0.0494; 576.461
0.04966; 576.789
0.04992; 577.108
0.05018; 577.419
0.05044; 577.721
0.0507; 578.01
0.05096; 578.291
0.05122; 578.564
0.05148; 578.826
0.05174; 579.075
0.052; 579.315
0.05226; 579.547
0.05252; 579.769
0.05278; 579.978
0.05304; 580.178
0.0533; 580.371
0.05356; 580.553
0.05382; 580.722
0.05408; 580.88
0.05434; 581.032
0.0546; 581.174
0.05486; 581.303
0.05512; 581.423
0.05538; 581.535
0.05564; 581.637
0.0559; 581.725
0.05616; 581.803
0.05642; 581.875
0.05668; 581.936
0.05694; 581.984
0.0572; 582.023
0.05746; 582.054
0.05772; 582.075
0.05798; 582.083
0.05824; 0
0.0585; 0
0.05876; 0
0.05902; 0
0.05928; 0
0.05954; 0
0.0598; 0
0.06006; 0
0.06032; 0
0.06058; 0
0.06084; 0
0.0611; 0
0.06136; 0
0.06162; 0
0.06188; 0
0.06214; 0
0.0624; 0
0.06266; 0
0.06292; 0
0.06318; 0
0.06344; 0
0.0637; 0
0.06396; 0
0.06422; 0
0.06448; 0
0.06474; 0
0.065; 0
0.06526; 0
0.06552; 0
0.06578; 0
0.06604; 0
0.0663; 0
0.06656; 0
0.06682; 0
0.06708; 0
0.06734; 0
0.0676; 0
0.06786; 0
0.06812; 0
0.06838; 0
0.06864; 0
0.0689; 0
0.06916; 0
0.06942; 0
0.06968; 0
0.06994; 0
0.0702; 0
0.07046; 0
0.07072; 0
0.07098; 0
0.07124; 0
0.0715; 0
0.07176; 0
0.07202; 0
0.07228; 0
0.07254; 0
0.0728; 0
0.07306; 0
0.07332; 0
0.07358; 0
0.07384; 0
0.0741; 0
0.07436; 0
0.07462; 0
0.07488; 0
0.07514; 0
0.0754; 0
0.07566; 0
0.07592; 0
0.07618; 0
0.07644; 0
0.0767; 0
0.07696; 0
0.07722; 0
0.07748; 0
0.07774; 0
0.078; 0
