0.0026; 745.383
0.0052; 745.39
0.0078; 745.396
0.0104; 745.408
0.013; 745.426
0.0156; 745.449
0.0182; 745.477
0.0208; 745.51
0.0234; 745.548
0.026; 745.589
0.0286; 745.634
0.0312; 745.682
0.0338; 745.733
0.0364; 745.787
0.039; 745.843
0.0416; 745.901
0.0442; 745.961
0.0468; 746.022
0.0494; 746.084
0.052; 746.148
0.0546; 746.212
0.0572; 746.277
0.0598; 746.342
0.0624; 746.408
0.065; 746.475
0.0676; 746.541
0.0702; 746.608
0.0728; 746.674
0.0754; 746.74
0.078; 746.803
0.0806; 746.864
0.0832; 746.921
0.0858; 746.974
0.0884; 747.023
0.091; 747.068
0.0936; 747.106
0.0962; 747.135
0.0988; 747.154
0.1014; 747.164
0.104; 747.164
0.1066; 747.157
0.1092; 747.144
0.1118; 747.124
0.1144; 747.099
0.117; 747.069
0.1196; 747.034
0.1222; 746.994
0.1248; 746.949
0.1274; 746.899
0.13; 746.843
0.1326; 746.782
0.1352; 746.714
0.1378; 746.639
0.1404; 746.556
0.143; 746.463
0.1456; 746.358
0.1482; 746.24
0.1508; 746.107
0.1534; 745.954
0.156; 745.782
0.1586; 745.59
0.1612; 745.381
0.1638; 745.156
0.1664; 744.916
0.169; 744.659
0.1716; 744.385
0.1742; 744.095
0.1768; 743.788
0.1794; 743.466
0.182; 743.129
0.1846; 742.775
0.1872; 742.406
0.1898; 742.021
0.1924; 741.619
0.195; 741.201
0.1976; 740.768
0.2002; 740.318
0.2028; 739.852
0.2054; 739.371
0.208; 738.875
0.2106; 738.364
0.2132; 737.838
0.2158; 737.299
0.2184; 736.746
0.221; 736.182
0.2236; 735.606
0.2262; 735.019
0.2288; 734.421
0.2314; 733.813
0.234; 733.194
0.2366; 732.565
0.2392; 731.924
0.2418; 731.273
0.2444; 730.609
0.247; 729.934
0.2496; 729.246
0.2522; 728.546
0.2548; 727.833
0.2574; 727.106
0.26; 726.367
0.2626; 725.615
0.2652; 724.849
0.2678; 724.07
0.2704; 723.278
0.273; 722.472
0.2756; 721.652
0.2782; 720.819
0.2808; 719.971
0.2834; 719.11
0.286; 718.235
0.2886; 717.346
0.2912; 716.443
0.2938; 715.526
0.2964; 714.594
0.299; 713.649
0.3016; 712.689
0.3042; 711.715
0.3068; 710.727
0.3094; 709.724
0.312; 708.704
0.3146; 707.731
0.3172; 706.781
0.3198; 705.847
0.3224; 704.917
0.325; 703.982
0.3276; 703.031
0.3302; 702.037
0.3328; 701.026
0.3354; 700.004
0.338; 698.975
0.3406; 697.944
0.3432; 696.92
0.3458; 695.854
0.3484; 694.714
0.351; 693.582
0.3536; 692.449
0.3562; 691.307
0.3588; 690.154
0.3614; 688.99
0.364; 687.811
0.3666; 686.627
0.3692; 685.441
0.3718; 684.254
0.3744; 683.063
0.377; 681.869
0.3796; 680.67
0.3822; 679.465
0.3848; 678.253
0.3874; 677.032
0.39; 675.802
0.3926; 674.562
0.3952; 673.309
0.3978; 672.043
0.4004; 670.763
0.403; 669.467
0.4056; 668.154
0.4082; 666.824
0.4108; 665.474
0.4134; 664.104
0.416; 662.712
0.4186; 661.298
0.4212; 659.86
0.4238; 658.399
0.4264; 656.911
0.429; 655.398
0.4316; 653.857
0.4342; 652.289
0.4368; 650.692
0.4394; 649.066
0.442; 647.411
0.4446; 645.726
0.4472; 644.01
0.4498; 642.264
0.4524; 640.486
0.455; 638.674
0.4576; 636.827
0.4602; 634.941
0.4628; 633.014
0.4654; 631.044
0.468; 629.029
0.4706; 626.966
0.4732; 624.856
0.4758; 622.696
0.4784; 620.486
0.481; 618.227
0.4836; 615.92
0.4862; 613.57
0.4888; 611.18
0.4914; 608.756
0.494; 606.294
0.4966; 603.784
0.4992; 601.223
0.5018; 598.61
0.5044; 595.945
0.507; 593.227
0.5096; 590.456
0.5122; 587.63
0.5148; 584.747
0.5174; 581.809
0.52; 578.85
0.5226; 575.819
0.5252; 572.812
0.5278; 569.879
0.5304; 566.934
0.533; 563.976
0.5356; 561.031
0.5382; 558.101
0.5408; 555.185
0.5434; 552.282
0.546; 549.39
0.5486; 546.511
0.5512; 543.643
0.5538; 540.789
0.5564; 537.948
0.559; 535.121
0.5616; 532.309
0.5642; 529.511
0.5668; 526.73
0.5694; 523.966
0.572; 521.22
0.5746; 518.493
0.5772; 515.786
0.5798; 513.1
0.5824; 510.437
0.585; 507.797
0.5876; 505.183
0.5902; 502.594
0.5928; 500.032
0.5954; 497.498
0.598; 494.993
0.6006; 492.519
0.6032; 490.077
0.6058; 487.666
0.6084; 485.289
0.611; 482.945
0.6136; 480.637
0.6162; 478.364
0.6188; 476.127
0.6214; 473.927
0.624; 471.765
0.6266; 469.64
0.6292; 467.553
0.6318; 465.505
0.6344; 463.496
0.637; 461.526
0.6396; 459.595
0.6422; 457.703
0.6448; 455.851
0.6474; 454.038
0.65; 452.266
0.6526; 450.533
0.6552; 448.839
0.6578; 447.186
0.6604; 445.572
0.663; 443.998
0.6656; 442.464
0.6682; 440.969
0.6708; 439.514
0.6734; 438.098
0.676; 436.721
0.6786; 435.384
0.6812; 434.085
0.6838; 432.825
0.6864; 431.603
0.689; 430.42
0.6916; 429.274
0.6942; 428.167
0.6968; 427.096
0.6994; 426.063
0.702; 425.067
0.7046; 424.107
0.7072; 423.183
0.7098; 422.295
0.7124; 421.443
0.715; 420.626
0.7176; 419.844
0.7202; 419.096
0.7228; 418.383
0.7254; 417.703
0.728; 417.057
0.7306; 416.444
0.7332; 415.864
0.7358; 415.317
0.7384; 414.802
0.741; 414.319
0.7436; 413.867
0.7462; 413.447
0.7488; 413.058
0.7514; 412.7
0.754; 412.373
0.7566; 412.076
0.7592; 411.81
0.7618; 411.573
0.7644; 411.366
0.767; 411.189
0.7696; 411.042
0.7722; 410.925
0.7748; 410.837
0.7774; 410.778
0.78; 410.748
