0.0026; 746.805
0.0052; 746.963
0.0078; 747.094
0.0104; 747.338
0.013; 747.664
0.0156; 748.032
0.0182; 748.406
0.0208; 748.756
0.0234; 749.063
0.026; 749.317
0.0286; 749.518
0.0312; 749.669
0.0338; 749.779
0.0364; 749.856
0.039; 749.908
0.0416; 749.942
0.0442; 749.964
0.0468; 749.978
0.0494; 749.986
0.052; 749.991
0.0546; 749.993
0.0572; 749.994
0.0598; 749.994
0.0624; 749.993
0.065; 749.992
0.0676; 749.99
0.0702; 749.989
0.0728; 749.988
0.0754; 749.986
0.078; 749.986
0.0806; 749.985
0.0832; 749.985
0.0858; 749.986
0.0884; 749.987
0.091; 749.988
0.0936; 749.99
0.0962; 749.991
0.0988; 749.993
0.1014; 749.994
0.104; 749.996
0.1066; 749.997
0.1092; 749.998
0.1118; 749.998
0.1144; 749.999
0.117; 749.999
0.1196; 750
0.1222; 750
0.1248; 750
0.1274; 750
0.13; 750
0.1326; 750
0.1352; 750
0.1378; 750
0.1404; 750
0.143; 750
0.1456; 750
0.1482; 750
0.1508; 750
0.1534; 750
0.156; 750
0.1586; 750
0.1612; 750
0.1638; 750
0.1664; 750
0.169; 749.999
0.1716; 749.998
0.1742; 749.996
0.1768; 749.993
0.1794; 749.988
0.182; 749.98
0.1846; 749.965
0.1872; 749.941
0.1898; 749.903
0.1924; 749.842
0.195; 749.75
0.1976; 749.613
0.2002; 749.414
0.2028; 749.138
0.2054; 748.767
0.208; 748.287
0.2106; 747.695
0.2132; 747
0.2158; 746.227
0.2184; 745.421
0.221; 744.64
0.2236; 743.949
0.2262; 743.412
0.2288; 743.075
0.2314; 742.966
0.234; 743.089
0.2366; 743.428
0.2392; 743.945
0.2418; 744.593
0.2444; 745.317
0.247; 746.065
0.2496; 746.791
0.2522; 747.457
0.2548; 748.04
0.2574; 748.529
0.26; 748.92
0.2626; 749.219
0.2652; 749.434
0.2678; 749.573
0.2704; 749.638
0.273; 749.626
0.2756; 749.52
0.2782; 749.285
0.2808; 748.865
0.2834; 748.169
0.286; 747.067
0.2886; 745.381
0.2912; 742.885
0.2938; 739.311
0.2964; 734.371
0.299; 727.805
0.3016; 719.446
0.3042; 709.299
0.3068; 697.622
0.3094; 684.96
0.312; 672.111
0.3146; 660.836
0.3172; 651.637
0.3198; 643.441
0.3224; 636.453
0.325; 630.885
0.3276; 626.917
0.3302; 625.384
0.3328; 626.111
0.3354; 628.855
0.338; 633.334
0.3406; 639.228
0.3432; 646.133
0.3458; 653.999
0.3484; 663.463
0.351; 673.461
0.3536; 683.617
0.3562; 693.593
0.3588; 703.091
0.3614; 711.851
0.364; 719.685
0.3666; 726.407
0.3692; 731.942
0.3718; 736.337
0.3744; 739.718
0.377; 742.251
0.3796; 744.116
0.3822; 745.477
0.3848; 746.474
0.3874; 747.214
0.39; 747.777
0.3926; 748.214
0.3952; 748.556
0.3978; 748.82
0.4004; 749.012
0.403; 749.131
0.4056; 749.169
0.4082; 749.113
0.4108; 748.945
0.4134; 748.636
0.416; 748.15
0.4186; 747.443
0.4212; 746.458
0.4238; 745.138
0.4264; 743.418
0.429; 741.242
0.4316; 738.565
0.4342; 735.364
0.4368; 731.645
0.4394; 727.45
0.442; 722.859
0.4446; 717.985
0.4472; 712.97
0.4498; 707.974
0.4524; 703.152
0.455; 698.64
0.4576; 694.536
0.4602; 690.873
0.4628; 687.626
0.4654; 684.718
0.468; 682.041
0.4706; 679.466
0.4732; 676.86
0.4758; 674.102
0.4784; 671.102
0.481; 667.812
0.4836; 664.238
0.4862; 660.444
0.4888; 656.568
0.4914; 652.704
0.494; 649.125
0.4966; 645.783
0.4992; 642.566
0.5018; 639.316
0.5044; 635.827
0.507; 631.853
0.5096; 627.118
0.5122; 621.346
0.5148; 614.274
0.5174; 605.68
0.52; 595.368
0.5226; 584.003
0.5252; 572.027
0.5278; 559.961
0.5304; 546.999
0.533; 533.668
0.5356; 520.246
0.5382; 506.984
0.5408; 494.13
0.5434; 481.916
0.546; 470.536
0.5486; 460.136
0.5512; 450.807
0.5538; 442.59
0.5564; 435.481
0.559; 429.435
0.5616; 424.377
0.5642; 420.211
0.5668; 416.832
0.5694; 414.126
0.572; 411.987
0.5746; 410.311
0.5772; 409.006
0.5798; 407.994
0.5824; 407.206
0.585; 406.587
0.5876; 406.091
0.5902; 405.683
0.5928; 405.336
0.5954; 405.03
0.598; 404.747
0.6006; 404.478
0.6032; 404.214
0.6058; 403.948
0.6084; 403.68
0.611; 403.406
0.6136; 403.127
0.6162; 402.845
0.6188; 402.563
0.6214; 402.285
0.624; 402.015
0.6266; 401.755
0.6292; 401.511
0.6318; 401.285
0.6344; 401.08
0.637; 400.896
0.6396; 400.734
0.6422; 400.594
0.6448; 400.475
0.6474; 400.375
0.65; 400.293
0.6526; 400.226
0.6552; 400.173
0.6578; 400.13
0.6604; 400.097
0.663; 400.072
0.6656; 400.053
0.6682; 400.038
0.6708; 400.027
0.6734; 400.02
0.676; 400.014
0.6786; 400.01
0.6812; 400.007
0.6838; 400.005
0.6864; 400.003
0.689; 400.002
0.6916; 400.001
0.6942; 400.001
0.6968; 400.001
0.6994; 400
0.702; 400
0.7046; 400
0.7072; 400
0.7098; 400
0.7124; 400
0.715; 400
0.7176; 400
0.7202; 400
0.7228; 400
0.7254; 400
0.728; 400
0.7306; 400
0.7332; 400
0.7358; 400
0.7384; 400
0.741; 400
0.7436; 400
0.7462; 400
0.7488; 400
0.7514; 400
0.754; 400
0.7566; 400
0.7592; 400
0.7618; 400
0.7644; 400
0.767; 400
0.7696; 400
0.7722; 400
0.7748; 400
0.7774; 400
0.78; 400
