0.00667; 0
0.01334; 0
0.02001; 0
0.02668; 0
0.03335; 0
0.04002; 0
0.04669; 0
0.05336; 0
0.06003; 0
0.0667; 0
0.07337; 0
0.08004; 0
0.08671; 0
0.09338; 0
0.10005; 0
0.10672; 0
0.11339; 0
0.12006; 0
0.12673; 0
0.1334; 0
0.14007; 0
0.14674; 0
0.15341; 0
0.16008; 0
0.16675; 0
0.17342; 0
0.18009; 0
0.18676; 0
0.19343; 0
0.2001; 0
0.20677; 0
0.21344; 0
0.22011; 0
0.22678; 0
0.23345; 0
0.24012; 0
0.24679; 0
0.25346; 0
0.26013; 0
0.2668; 0
0.27347; 0
0.28014; 0
0.28681; 0
0.29348; 0
0.30015; 0
0.30682; 0
0.31349; 0
0.32016; 0
0.32683; 0
0.3335; 0
0.34017; 0
0.34684; 0
0.35351; 0
0.36018; 0
0.36685; 0
0.37352; 0
0.38019; 0
0.38686; 0
0.39353; 0
0.4002; 0
0.40687; 0
0.41354; 0
0.42021; 0
0.42688; 0
0.43355; 0
0.44022; 0
0.44689; 0
0.45356; 0
0.46023; 0
0.4669; 0
0.47357; 331.583
0.48024; 331.553
0.48691; 331.493
0.49358; 331.403
0.50025; 331.283
0.50692; 331.134
0.51359; 330.956
0.52026; 330.749
0.52693; 330.515
0.5336; 330.254
0.54027; 329.967
0.54694; 329.654
0.55361; 329.317
0.56028; 328.956
0.56695; 328.573
0.57362; 328.168
0.58029; 327.743
0.58696; 327.298
0.59363; 326.836
0.6003; 326.357
0.60697; 325.863
0.61364; 325.354
0.62031; 324.833
0.62698; 324.3
0.63365; 323.756
0.64032; 323.204
0.64699; 322.644
0.65366; 322.078
0.66033; 321.507
0.667; 320.932
0.67367; 320.355
0.68034; 319.776
0.68701; 319.197
0.69368; 318.619
0.70035; 318.044
0.70702; 317.471
0.71369; 316.903
0.72036; 316.34
0.72703; 315.783
0.7337; 315.233
0.74037; 314.691
0.74704; 314.158
0.75371; 313.633
0.76038; 313.119
0.76705; 312.616
0.77372; 312.123
0.78039; 311.642
0.78706; 311.173
0.79373; 310.717
0.8004; 310.273
0.80707; 309.842
0.81374; 309.424
0.82041; 309.02
0.82708; 308.629
0.83375; 308.251
0.84042; 307.886
0.84709; 307.534
0.85376; 307.196
0.86043; 306.869
0.8671; 306.555
0.87377; 306.252
0.88044; 305.961
0.88711; 305.679
0.89378; 305.407
0.90045; 305.143
0.90712; 304.887
0.91379; 304.637
0.92046; 304.393
0.92713; 304.153
0.9338; 303.918
0.94047; 303.69
0.94714; 303.474
0.95381; 303.28
0.96048; 303.127
0.96715; 303.039
0.97382; 303.039
0.98049; 303.127
0.98716; 303.28
0.99383; 303.474
1.0005; 303.69
1.00717; 303.918
1.01384; 304.153
1.02051; 304.393
1.02718; 304.637
1.03385; 304.887
1.04052; 305.143
1.04719; 305.407
1.05386; 305.679
1.06053; 305.961
1.0672; 306.252
1.07387; 306.555
1.08054; 306.869
1.08721; 307.196
1.09388; 307.534
1.10055; 307.886
1.10722; 308.251
1.11389; 308.629
1.12056; 309.02
1.12723; 309.424
1.1339; 309.842
1.14057; 310.273
1.14724; 310.717
1.15391; 311.173
1.16058; 311.642
1.16725; 312.123
1.17392; 312.616
1.18059; 313.119
1.18726; 313.633
1.19393; 314.158
1.2006; 314.691
1.20727; 315.233
1.21394; 315.783
1.22061; 316.34
1.22728; 316.903
1.23395; 317.471
1.24062; 318.044
1.24729; 318.619
1.25396; 319.197
1.26063; 319.776
1.2673; 320.355
1.27397; 320.932
1.28064; 321.507
1.28731; 322.078
1.29398; 322.644
1.30065; 323.204
1.30732; 323.756
1.31399; 324.3
1.32066; 324.833
1.32733; 325.354
1.334; 325.863
1.34067; 326.357
1.34734; 326.836
1.35401; 327.298
1.36068; 327.743
1.36735; 328.168
1.37402; 328.573
1.38069; 328.956
1.38736; 329.317
1.39403; 329.654
1.4007; 329.967
1.40737; 330.254
1.41404; 330.515
1.42071; 330.749
1.42738; 330.956
1.43405; 331.134
1.44072; 331.283
1.44739; 331.403
1.45406; 331.493
1.46073; 331.553
1.4674; 331.583
1.47407; 0
1.48074; 0
1.48741; 0
1.49408; 0
1.50075; 0
1.50742; 0
1.51409; 0
1.52076; 0
1.52743; 0
1.5341; 0
1.54077; 0
1.54744; 0
1.55411; 0
1.56078; 0
1.56745; 0
1.57412; 0
1.58079; 0
1.58746; 0
1.59413; 0
1.6008; 0
1.60747; 0
1.61414; 0
1.62081; 0
1.62748; 0
1.63415; 0
1.64082; 0
1.64749; 0
1.65416; 0
1.66083; 0
1.6675; 0
1.67417; 0
1.68084; 0
1.68751; 0
1.69418; 0
1.70085; 0
1.70752; 0
1.71419; 0
1.72086; 0
1.72753; 0
1.7342; 0
1.74087; 0
1.74754; 0
1.75421; 0
1.76088; 0
1.76755; 0
1.77422; 0
1.78089; 0
1.78756; 0
1.79423; 0
1.8009; 0
1.80757; 0
1.81424; 0
1.82091; 0
1.82758; 0
1.83425; 0
1.84092; 0
1.84759; 0
1.85426; 0
1.86093; 0
1.8676; 0
1.87427; 0
1.88094; 0
1.88761; 0
1.89428; 0
1.90095; 0
1.90762; 0
1.91429; 0
1.92096; 0
1.92763; 0
1.9343; 0
1.94097; 0
1.94764; 0
1.95431; 0
1.96098; 0
1.96765; 0
1.97432; 0
1.98099; 0
1.98766; 0
1.99433; 0
2.001; 0
