0.0026; 400
0.0052; 400
0.0078; 400
0.0104; 400
0.013; 400
0.0156; 400
0.0182; 400
0.0208; 400
0.0234; 400
0.026; 400
0.0286; 400
0.0312; 400
0.0338; 400
0.0364; 400
0.039; 400
0.0416; 400
0.0442; 400
0.0468; 400
0.0494; 400
0.052; 400
0.0546; 400
0.0572; 400
0.0598; 400
0.0624; 400
0.065; 400
0.0676; 400
0.0702; 400
0.0728; 400
0.0754; 400
0.078; 400
0.0806; 400
0.0832; 400
0.0858; 400
0.0884; 400
0.091; 400
0.0936; 400
0.0962; 400
0.0988; 400
0.1014; 400
0.104; 400
0.1066; 400
0.1092; 400
0.1118; 400
0.1144; 400
0.117; 400
0.1196; 400
0.1222; 400
0.1248; 400
0.1274; 400
0.13; 400
0.1326; 400
0.1352; 400
0.1378; 400
0.1404; 400
0.143; 400
0.1456; 400
0.1482; 400
0.1508; 400
0.1534; 400
0.156; 400
0.1586; 400
0.1612; 400
0.1638; 400
0.1664; 400
0.169; 400
0.1716; 400
0.1742; 400
0.1768; 400
0.1794; 400
0.182; 400
0.1846; 400
0.1872; 400
0.1898; 400
0.1924; 400
0.195; 400
0.1976; 400
0.2002; 400
0.2028; 400
0.2054; 400
0.208; 400
0.2106; 400
0.2132; 400
0.2158; 400
0.2184; 400
0.221; 400
0.2236; 400
0.2262; 400
0.2288; 400
0.2314; 400
0.234; 400
0.2366; 400
0.2392; 400
0.2418; 400
0.2444; 400
0.247; 400
0.2496; 400
0.2522; 400
0.2548; 400
0.2574; 400
0.26; 400
0.2626; 400
0.2652; 400
0.2678; 400
0.2704; 400
0.273; 400
0.2756; 400
0.2782; 400
0.2808; 400
0.2834; 400
0.286; 400
0.2886; 400
0.2912; 400
0.2938; 400
0.2964; 400
0.299; 400
0.3016; 400
0.3042; 400
0.3068; 400
0.3094; 400
0.312; 400
0.3146; 400
0.3172; 400
0.3198; 400
0.3224; 400
0.325; 400
0.3276; 400
0.3302; 400
0.3328; 400
0.3354; 400
0.338; 400
0.3406; 400
0.3432; 400
0.3458; 400
0.3484; 400
0.351; 400
0.3536; 400
0.3562; 400
0.3588; 400
0.3614; 400
0.364; 400
0.3666; 400
0.3692; 400
0.3718; 400
0.3744; 400
0.377; 400
0.3796; 400
0.3822; 400
0.3848; 400
0.3874; 400
0.39; 400
0.3926; 400
0.3952; 400
0.3978; 400
0.4004; 400
0.403; 400
0.4056; 400
0.4082; 400
0.4108; 400
0.4134; 400
0.416; 400
0.4186; 400
0.4212; 400
0.4238; 400
0.4264; 400
0.429; 400
0.4316; 400
0.4342; 400
0.4368; 400
0.4394; 400
0.442; 400
0.4446; 400
0.4472; 400
0.4498; 400
0.4524; 400
0.455; 400
0.4576; 400
0.4602; 400
0.4628; 400
0.4654; 400
0.468; 400
0.4706; 400
0.4732; 400
0.4758; 400
0.4784; 400
0.481; 400
0.4836; 400
0.4862; 400
0.4888; 400
0.4914; 400
0.494; 400
0.4966; 400
0.4992; 400
0.5018; 400
0.5044; 400
0.507; 400
0.5096; 400
0.5122; 400
0.5148; 400
0.5174; 400
0.52; 400
0.5226; 400
0.5252; 400
0.5278; 400
0.5304; 400
0.533; 400
0.5356; 400
0.5382; 400
0.5408; 400
0.5434; 400
0.546; 400
0.5486; 400
0.5512; 400
0.5538; 400
0.5564; 400
0.559; 400
0.5616; 400
0.5642; 400
0.5668; 400
0.5694; 400
0.572; 400
0.5746; 400
0.5772; 400
0.5798; 400
0.5824; 400
0.585; 400
0.5876; 400
0.5902; 400
0.5928; 400
0.5954; 400
0.598; 400
0.6006; 400
0.6032; 400
0.6058; 400
0.6084; 400
0.611; 400
0.6136; 400
0.6162; 400
0.6188; 400
0.6214; 400
0.624; 400
0.6266; 400
0.6292; 400
0.6318; 400
0.6344; 400
0.637; 400
0.6396; 400
0.6422; 400
0.6448; 400
0.6474; 400
0.65; 400
0.6526; 400.001
0.6552; 400.001
0.6578; 400.001
0.6604; 400.002
0.663; 400.002
0.6656; 400.003
0.6682; 400.004
0.6708; 400.006
0.6734; 400.009
0.676; 400.013
0.6786; 400.018
0.6812; 400.025
0.6838; 400.036
0.6864; 400.051
0.689; 400.072
0.6916; 400.102
0.6942; 400.144
0.6968; 400.201
0.6994; 400.28
0.702; 400.388
0.7046; 400.535
0.7072; 400.732
0.7098; 400.994
0.7124; 401.34
0.715; 401.792
0.7176; 402.376
0.7202; 403.124
0.7228; 404.07
0.7254; 405.254
0.728; 406.717
0.7306; 408.503
0.7332; 410.654
0.7358; 413.209
0.7384; 416.202
0.741; 419.657
0.7436; 423.584
0.7462; 427.975
0.7488; 432.802
0.7514; 438.014
0.754; 443.538
0.7566; 449.274
0.7592; 455.103
0.7618; 460.891
0.7644; 466.495
0.767; 471.778
0.7696; 476.619
0.7722; 480.93
0.7748; 484.663
0.7774; 487.828
0.78; 490.512
0.7826; 492.876
0.7852; 495.14
0.7878; 497.564
0.7904; 500.417
0.793; 503.972
0.7956; 508.488
0.7982; 514.186
0.8008; 521.234
0.8034; 529.731
0.806; 539.697
0.8086; 551.069
0.8112; 563.711
0.8138; 577.427
0.8164; 592.052
0.819; 608.366
0.8216; 625.327
0.8242; 640.72
0.8268; 653.538
0.8294; 663.038
0.832; 668.705
0.8346; 670.262
0.8372; 667.692
0.8398; 661.23
0.8424; 651.352
0.845; 638.704
0.8476; 624.927
0.8502; 611.826
0.8528; 599.493
0.8554; 588.211
0.858; 578.325
0.8606; 570.168
0.8632; 564.021
0.8658; 560.094
0.8684; 558.51
0.871; 559.304
0.8736; 562.423
0.8762; 567.729
0.8788; 575.02
0.8814; 584.052
0.884; 594.596
0.8866; 607.363
0.8892; 621.94
0.8918; 636.845
0.8944; 651.579
0.897; 665.707
0.8996; 678.899
0.9022; 690.932
0.9048; 701.679
0.9074; 711.085
0.91; 719.155
0.9126; 725.941
0.9152; 731.529
0.9178; 736.031
0.9204; 739.574
0.923; 742.29
0.9256; 744.309
0.9282; 745.752
0.9308; 746.722
0.9334; 747.309
0.936; 747.579
0.9386; 747.583
0.9412; 747.35
0.9438; 746.898
0.9464; 746.231
0.949; 745.343
0.9516; 744.22
0.9542; 742.844
0.9568; 741.193
0.9594; 739.241
0.962; 736.958
0.9646; 734.311
0.9672; 731.255
0.9698; 727.734
0.9724; 723.677
0.975; 718.998
0.9776; 713.594
0.9802; 707.357
0.9828; 700.182
0.9854; 691.985
0.988; 682.723
0.9906; 672.406
0.9932; 661.123
0.9958; 649.045
0.9984; 636.436
1.001; 623.674
1.0036; 611.299
1.0062; 600.926
1.0088; 591.679
1.0114; 583.189
1.014; 575.773
1.0166; 569.655
1.0192; 565.024
1.0218; 562.046
1.0244; 560.851
1.027; 561.526
1.0296; 564.107
1.0322; 568.574
1.0348; 574.849
1.0374; 582.788
1.04; 592.189
1.0426; 602.79
1.0452; 614.284
1.0478; 627.38
1.0504; 642.755
1.053; 658.49
1.0556; 673.801
1.0582; 688.058
1.0608; 700.82
1.0634; 711.837
1.066; 721.036
1.0686; 728.478
1.0712; 734.322
1.0738; 738.776
1.0764; 742.07
1.079; 744.421
1.0816; 746.019
1.0842; 747.017
1.0868; 747.525
1.0894; 747.61
1.092; 747.298
1.0946; 746.578
1.0972; 745.402
1.0998; 743.695
1.1024; 741.36
1.105; 738.281
1.1076; 734.338
1.1102; 729.417
1.1128; 723.422
1.1154; 716.292
1.118; 708.009
1.1206; 698.612
1.1232; 688.202
1.1258; 676.946
1.1284; 665.067
1.131; 652.833
1.1336; 640.544
1.1362; 628.541
1.1388; 618.316
1.1414; 609.776
1.144; 602.085
1.1466; 595.635
1.1492; 590.735
1.1518; 587.434
1.1544; 585.85
1.157; 586.019
1.1596; 587.948
1.1622; 591.604
1.1648; 596.901
1.1674; 603.699
1.17; 611.81
1.1726; 621.009
1.1752; 631.073
1.1778; 642.81
1.1804; 656.337
1.183; 670.162
1.1856; 683.598
1.1882; 696.108
1.1908; 707.304
1.1934; 716.965
1.196; 725.023
1.1986; 731.533
1.2012; 736.64
1.2038; 740.534
1.2064; 743.426
1.209; 745.523
1.2116; 747.006
1.2142; 748.033
1.2168; 748.729
1.2194; 749.192
1.222; 749.494
1.2246; 749.687
1.2272; 749.809
1.2298; 749.884
1.2324; 749.93
1.235; 749.957
1.2376; 749.973
1.2402; 749.982
1.2428; 749.987
1.2454; 749.99
1.248; 749.991
