0.00026; 0
0.00052; 0
0.00078; 0
0.00104; 0
0.0013; 0
0.00156; 0
0.00182; 0
0.00208; 0
0.00234; 0
0.0026; 0
0.00286; 0
0.00312; 0
0.00338; 0
0.00364; 0
0.0039; 0
0.00416; 0
0.00442; 0
0.00468; 0
0.00494; 0
0.0052; 0
0.00546; 0
0.00572; 0
0.00598; 0
0.00624; 0
0.0065; 0
0.00676; 0
0.00702; 0
0.00728; 0
0.00754; 0
0.0078; 0
0.00806; 0
0.00832; 0
0.00858; 0
0.00884; 0
0.0091; 0
0.00936; 0
0.00962; 0
0.00988; 0
0.01014; 0
0.0104; 0
0.01066; 0
0.01092; 0
0.01118; 0
0.01144; 0
0.0117; 0
0.01196; 0
0.01222; 0
0.01248; 0
0.01274; 0
0.013; 0
0.01326; 0
0.01352; 0
0.01378; 0
0.01404; 0
0.0143; 0
0.01456; 0
0.01482; 0
0.01508; 0
0.01534; 0
0.0156; 0
0.01586; 0
0.01612; 0
0.01638; 0
0.01664; 0
0.0169; 0
0.01716; 0
0.01742; 0
0.01768; 0
0.01794; 0
0.0182; 0
0.01846; 0
0.01872; 0
0.01898; 0
0.01924; 0
0.0195; 0
0.01976; 0
0.02002; 0
0.02028; 0
0.02054; 0
0.0208; 0
0.02106; 0
0.02132; 0
0.02158; 0
0.02184; 0
0.0221; 0
0.02236; 0
0.02262; 0
0.02288; 0
0.02314; 0
0.0234; 0
0.02366; 0
0.02392; 0
0.02418; 0
0.02444; 0
0.0247; 0
0.02496; 0
0.02522; 0
0.02548; 0
0.02574; 0
0.026; 0
0.02626; 0
0.02652; 0
0.02678; 0
0.02704; 0
0.0273; 0
0.02756; 0
0.02782; 0
0.02808; 0
0.02834; 0
0.0286; 0
0.02886; 0
0.02912; 0
0.02938; 0
0.02964; 0
0.0299; 0
0.03016; 0
0.03042; 0
0.03068; 0
0.03094; 0
0.0312; 0
0.03146; 0
0.03172; 0
0.03198; 0
0.03224; 0
0.0325; 0
0.03276; 875.055
0.03302; 875.049
0.03328; 875.031
0.03354; 875.008
0.0338; 874.971
0.03406; 874.928
0.03432; 874.873
0.03458; 874.812
0.03484; 874.737
0.0351; 874.657
0.03536; 874.564
0.03562; 874.465
0.03588; 874.353
0.03614; 874.235
0.0364; 874.104
0.03666; 873.967
0.03692; 873.817
0.03718; 873.661
0.03744; 873.492
0.0377; 873.316
0.03796; 873.127
0.03822; 872.932
0.03848; 872.724
0.03874; 872.509
0.039; 872.281
0.03926; 872.046
0.03952; 871.798
0.03978; 871.544
0.04004; 871.275
0.0403; 871.001
0.04056; 870.712
0.04082; 870.418
0.04108; 870.109
0.04134; 869.793
0.0416; 869.464
0.04186; 869.128
0.04212; 868.777
0.04238; 868.42
0.04264; 868.049
0.0429; 867.67
0.04316; 867.277
0.04342; 866.877
0.04368; 866.463
0.04394; 866.041
0.0442; 865.605
0.04446; 865.161
0.04472; 864.703
0.04498; 864.238
0.04524; 863.757
0.0455; 863.269
0.04576; 862.766
0.04602; 862.255
0.04628; 861.729
0.04654; 861.196
0.0468; 860.646
0.04706; 860.089
0.04732; 859.517
0.04758; 858.936
0.04784; 858.339
0.0481; 857.734
0.04836; 857.113
0.04862; 856.484
0.04888; 855.838
0.04914; 855.183
0.0494; 854.513
0.04966; 853.833
0.04992; 853.137
0.05018; 852.431
0.05044; 851.709
0.0507; 850.977
0.05096; 850.228
0.05122; 849.469
0.05148; 848.693
0.05174; 847.907
0.052; 847.104
0.05226; 846.29
0.05252; 845.459
0.05278; 844.616
0.05304; 843.756
0.0533; 842.884
0.05356; 841.994
0.05382; 841.093
0.05408; 840.173
0.05434; 839.241
0.0546; 838.291
0.05486; 837.327
0.05512; 836.345
0.05538; 835.349
0.05564; 834.335
0.0559; 833.306
0.05616; 832.258
0.05642; 831.195
0.05668; 830.113
0.05694; 829.016
0.0572; 827.898
0.05746; 826.765
0.05772; 825.611
0.05798; 824.44
0.05824; 823.249
0.0585; 822.041
0.05876; 820.811
0.05902; 819.563
0.05928; 818.294
0.05954; 817.006
0.0598; 815.695
0.06006; 814.366
0.06032; 813.013
0.06058; 811.641
0.06084; 810.245
0.0611; 808.829
0.06136; 807.389
0.06162; 805.927
0.06188; 804.441
0.06214; 802.933
0.0624; 801.4
0.06266; 799.844
0.06292; 798.263
0.06318; 796.659
0.06344; 795.029
0.0637; 793.375
0.06396; 791.695
0.06422; 789.992
0.06448; 788.261
0.06474; 786.507
0.065; 784.727
0.06526; 782.922
0.06552; 781.092
0.06578; 779.237
0.06604; 777.357
0.0663; 775.454
0.06656; 773.526
0.06682; 771.575
0.06708; 769.601
0.06734; 767.606
0.0676; 765.589
0.06786; 763.553
0.06812; 761.497
0.06838; 759.424
0.06864; 757.334
0.0689; 755.228
0.06916; 753.109
0.06942; 750.978
0.06968; 748.837
0.06994; 746.687
0.0702; 744.53
0.07046; 742.368
0.07072; 740.203
0.07098; 738.037
0.07124; 735.871
0.0715; 733.707
0.07176; 731.548
0.07202; 729.393
0.07228; 727.247
0.07254; 725.108
0.0728; 722.98
0.07306; 720.862
0.07332; 718.758
0.07358; 716.666
0.07384; 714.589
0.0741; 712.527
0.07436; 710.482
0.07462; 708.452
0.07488; 706.441
0.07514; 704.446
0.0754; 702.471
0.07566; 700.512
0.07592; 698.574
0.07618; 696.653
0.07644; 694.753
0.0767; 692.871
0.07696; 691.01
0.07722; 689.166
0.07748; 687.343
0.07774; 685.538
0.078; 683.755
0.07826; 681.989
0.07852; 680.244
0.07878; 678.516
0.07904; 676.81
0.0793; 675.12
0.07956; 673.452
0.07982; 671.799
0.08008; 670.169
0.08034; 668.554
0.0806; 666.96
0.08086; 665.382
0.08112; 663.825
0.08138; 662.283
0.08164; 660.762
0.0819; 659.256
0.08216; 657.771
0.08242; 656.3
0.08268; 654.85
0.08294; 653.414
0.0832; 651.999
0.08346; 650.598
0.08372; 649.217
0.08398; 647.85
0.08424; 646.503
0.0845; 645.17
0.08476; 643.857
0.08502; 642.557
0.08528; 641.278
0.08554; 640.011
0.0858; 638.765
0.08606; 637.532
0.08632; 636.318
0.08658; 635.117
0.08684; 633.937
0.0871; 632.768
0.08736; 631.62
0.08762; 630.483
0.08788; 629.368
0.08814; 628.263
0.0884; 627.18
0.08866; 626.108
0.08892; 625.056
0.08918; 624.016
0.08944; 622.997
0.0897; 621.988
0.08996; 621
0.09022; 620.024
0.09048; 619.068
0.09074; 618.123
0.091; 617.198
0.09126; 616.284
0.09152; 615.392
0.09178; 614.509
0.09204; 613.648
0.0923; 612.797
0.09256; 611.968
0.09282; 611.149
0.09308; 610.35
0.09334; 609.562
0.0936; 608.796
0.09386; 608.039
0.09412; 607.304
0.09438; 606.578
0.09464; 605.874
0.0949; 605.18
0.09516; 604.507
0.09542; 603.844
0.09568; 603.202
0.09594; 602.571
0.0962; 601.96
0.09646; 601.359
0.09672; 600.779
0.09698; 600.21
0.09724; 599.662
0.0975; 599.124
0.09776; 598.607
0.09802; 598.1
0.09828; 597.614
0.09854; 597.138
0.0988; 596.683
0.09906; 596.239
0.09932; 595.814
0.09958; 595.401
0.09984; 595.008
0.1001; 594.625
0.10036; 594.263
0.10062; 593.911
0.10088; 593.58
0.10114; 593.259
0.1014; 592.958
0.10166; 592.668
0.10192; 592.398
0.10218; 592.138
0.10244; 591.898
0.1027; 591.669
0.10296; 591.46
0.10322; 591.26
0.10348; 591.081
0.10374; 590.912
0.104; 590.763
0.10426; 590.625
0.10452; 590.505
0.10478; 590.396
0.10504; 590.307
0.1053; 590.227
0.10556; 590.165
0.10582; 590.112
0.10608; 590.075
0.10634; 590.043
0.1066; 0
0.10686; 0
0.10712; 0
0.10738; 0
0.10764; 0
0.1079; 0
0.10816; 0
0.10842; 0
0.10868; 0
0.10894; 0
0.1092; 0
0.10946; 0
0.10972; 0
0.10998; 0
0.11024; 0
0.1105; 0
0.11076; 0
0.11102; 0
0.11128; 0
0.11154; 0
0.1118; 0
0.11206; 0
0.11232; 0
0.11258; 0
0.11284; 0
0.1131; 0
0.11336; 0
0.11362; 0
0.11388; 0
0.11414; 0
0.1144; 0
0.11466; 0
0.11492; 0
0.11518; 0
0.11544; 0
0.1157; 0
0.11596; 0
0.11622; 0
0.11648; 0
0.11674; 0
0.117; 0
0.11726; 0
0.11752; 0
0.11778; 0
0.11804; 0
0.1183; 0
0.11856; 0
0.11882; 0
0.11908; 0
0.11934; 0
0.1196; 0
0.11986; 0
0.12012; 0
0.12038; 0
0.12064; 0
0.1209; 0
0.12116; 0
0.12142; 0
0.12168; 0
0.12194; 0
0.1222; 0
0.12246; 0
0.12272; 0
0.12298; 0
0.12324; 0
0.1235; 0
0.12376; 0
0.12402; 0
0.12428; 0
0.12454; 0
0.1248; 0
