0.00026; 610.665
0.00052; 610.667
0.00078; 610.674
0.00104; 610.683
0.0013; 610.702
0.00156; 610.723
0.00182; 610.754
0.00208; 610.787
0.00234; 610.829
0.0026; 610.874
0.00286; 610.929
0.00312; 610.986
0.00338; 611.053
0.00364; 611.122
0.0039; 611.201
0.00416; 611.283
0.00442; 611.374
0.00468; 611.467
0.00494; 611.57
0.0052; 611.675
0.00546; 611.791
0.00572; 611.908
0.00598; 612.035
0.00624; 612.165
0.0065; 612.304
0.00676; 612.445
0.00702; 612.596
0.00728; 612.75
0.00754; 612.913
0.0078; 613.078
0.00806; 613.254
0.00832; 613.431
0.00858; 613.618
0.00884; 613.808
0.0091; 614.007
0.00936; 614.208
0.00962; 614.419
0.00988; 614.633
0.01014; 614.856
0.0104; 615.081
0.01066; 615.316
0.01092; 615.553
0.01118; 615.8
0.01144; 616.049
0.0117; 616.308
0.01196; 616.569
0.01222; 616.839
0.01248; 617.112
0.01274; 617.394
0.013; 617.679
0.01326; 617.973
0.01352; 618.269
0.01378; 618.576
0.01404; 618.883
0.0143; 619.201
0.01456; 619.521
0.01482; 619.851
0.01508; 620.183
0.01534; 620.524
0.0156; 620.867
0.01586; 621.221
0.01612; 621.576
0.01638; 621.941
0.01664; 622.307
0.0169; 622.684
0.01716; 623.062
0.01742; 623.45
0.01768; 623.84
0.01794; 624.239
0.0182; 624.641
0.01846; 625.053
0.01872; 625.466
0.01898; 625.889
0.01924; 626.314
0.0195; 626.748
0.01976; 627.184
0.02002; 627.63
0.02028; 628.078
0.02054; 628.535
0.0208; 628.994
0.02106; 629.463
0.02132; 629.934
0.02158; 630.414
0.02184; 630.896
0.0221; 631.388
0.02236; 631.881
0.02262; 632.384
0.02288; 632.888
0.02314; 633.402
0.0234; 633.919
0.02366; 634.444
0.02392; 634.972
0.02418; 635.508
0.02444; 636.047
0.0247; 636.595
0.02496; 637.145
0.02522; 637.704
0.02548; 638.265
0.02574; 638.835
0.026; 639.407
0.02626; 639.988
0.02652; 640.571
0.02678; 641.164
0.02704; 641.758
0.0273; 642.362
0.02756; 642.967
0.02782; 643.581
0.02808; 644.198
0.02834; 644.823
0.0286; 645.45
0.02886; 646.087
0.02912; 646.725
0.02938; 647.372
0.02964; 648.021
0.0299; 648.679
0.03016; 649.339
0.03042; 650.008
0.03068; 650.679
0.03094; 651.358
0.0312; 652.04
0.03146; 652.73
0.03172; 653.423
0.03198; 654.124
0.03224; 654.826
0.0325; 655.538
0.03276; 656.252
0.03302; 656.974
0.03328; 657.698
0.03354; 658.431
0.0338; 659.166
0.03406; 659.909
0.03432; 660.654
0.03458; 661.408
0.03484; 662.163
0.0351; 662.927
0.03536; 663.693
0.03562; 664.468
0.03588; 665.244
0.03614; 666.029
0.0364; 666.815
0.03666; 667.611
0.03692; 668.407
0.03718; 669.213
0.03744; 670.019
0.0377; 670.835
0.03796; 671.652
0.03822; 672.478
0.03848; 673.305
0.03874; 674.141
0.039; 674.978
0.03926; 675.824
0.03952; 676.671
0.03978; 677.527
0.04004; 678.384
0.0403; 679.25
0.04056; 680.117
0.04082; 680.992
0.04108; 681.869
0.04134; 682.754
0.0416; 683.641
0.04186; 684.536
0.04212; 685.432
0.04238; 686.337
0.04264; 687.243
0.0429; 688.158
0.04316; 689.074
0.04342; 689.998
0.04368; 690.923
0.04394; 691.857
0.0442; 692.792
0.04446; 693.735
0.04472; 694.68
0.04498; 695.632
0.04524; 696.586
0.0455; 697.547
0.04576; 698.511
0.04602; 699.482
0.04628; 700.455
0.04654; 701.435
0.0468; 702.417
0.04706; 703.406
0.04732; 704.398
0.04758; 705.396
0.04784; 706.397
0.0481; 707.405
0.04836; 708.414
0.04862; 709.43
0.04888; 710.449
0.04914; 711.475
0.0494; 712.502
0.04966; 713.537
0.04992; 714.573
0.05018; 715.616
0.05044; 716.661
0.0507; 717.713
0.05096; 718.767
0.05122; 719.828
0.05148; 720.89
0.05174; 721.96
0.052; 723.031
0.05226; 724.109
0.05252; 725.188
0.05278; 726.275
0.05304; 727.363
0.0533; 728.458
0.05356; 729.555
0.05382; 730.659
0.05408; 731.763
0.05434; 732.875
0.0546; 733.988
0.05486; 735.108
0.05512; 736.23
0.05538; 737.358
0.05564; 738.488
0.0559; 739.624
0.05616; 740.762
0.05642; 741.906
0.05668; 743.052
0.05694; 744.205
0.0572; 745.358
0.05746; 746.519
0.05772; 747.68
0.05798; 748.848
0.05824; 750.018
0.0585; 751.194
0.05876; 752.371
0.05902; 753.555
0.05928; 754.74
0.05954; 755.931
0.0598; 757.124
0.06006; 758.322
0.06032; 759.522
0.06058; 760.729
0.06084; 761.936
0.0611; 763.15
0.06136; 764.365
0.06162; 765.586
0.06188; 766.808
0.06214; 768.036
0.0624; 769.266
0.06266; 770.501
0.06292; 771.738
0.06318; 772.98
0.06344; 774.224
0.0637; 775.473
0.06396; 776.724
0.06422; 777.981
0.06448; 779.239
0.06474; 780.502
0.065; 781.767
0.06526; 783.037
0.06552; 784.308
0.06578; 785.585
0.06604; 786.863
0.0663; 788.147
0.06656; 789.432
0.06682; 790.722
0.06708; 792.013
0.06734; 793.31
0.0676; 794.608
0.06786; 795.911
0.06812; 797.215
0.06838; 798.524
0.06864; 799.835
0.0689; 801.151
0.06916; 802.467
0.06942; 803.789
0.06968; 805.112
0.06994; 806.44
0.0702; 807.769
0.07046; 809.103
0.07072; 810.438
0.07098; 811.778
0.07124; 813.119
0.0715; 814.465
0.07176; 815.812
0.07202; 817.163
0.07228; 818.516
0.07254; 819.873
0.0728; 821.231
0.07306; 822.594
0.07332; 823.958
0.07358; 825.326
0.07384; 826.695
0.0741; 828.069
0.07436; 829.444
0.07462; 830.823
0.07488; 832.203
0.07514; 833.588
0.0754; 834.973
0.07566; 836.363
0.07592; 837.754
0.07618; 839.148
0.07644; 840.544
0.0767; 841.944
0.07696; 843.344
0.07722; 844.749
0.07748; 846.155
0.07774; 847.564
0.078; 848.975
0.07826; 850.389
0.07852; 851.805
0.07878; 853.224
0.07904; 854.643
0.0793; 856.067
0.07956; 857.492
0.07982; 858.92
0.08008; 860.349
0.08034; 861.781
0.0806; 863.215
0.08086; 864.652
0.08112; 866.089
0.08138; 867.531
0.08164; 868.973
0.0819; 870.418
0.08216; 871.864
0.08242; 873.314
0.08268; 874.764
0.08294; 876.217
0.0832; 877.672
0.08346; 879.129
0.08372; 880.587
0.08398; 882.048
0.08424; 883.51
0.0845; 884.975
0.08476; 886.441
0.08502; 887.909
0.08528; 889.378
0.08554; 890.851
0.0858; 892.323
0.08606; 893.799
0.08632; 895.275
0.08658; 896.754
0.08684; 898.234
0.0871; 899.716
0.08736; 901.199
0.08762; 902.685
0.08788; 904.171
0.08814; 905.659
0.0884; 907.148
0.08866; 908.64
0.08892; 910.132
0.08918; 911.626
0.08944; 913.121
0.0897; 914.619
0.08996; 916.116
0.09022; 917.616
0.09048; 919.117
0.09074; 920.62
0.091; 922.123
0.09126; 923.628
0.09152; 925.134
0.09178; 926.642
0.09204; 928.15
0.0923; 929.66
0.09256; 931.171
0.09282; 932.683
0.09308; 934.196
0.09334; 935.71
0.0936; 937.225
0.09386; 938.742
0.09412; 940.259
0.09438; 941.778
0.09464; 943.297
0.0949; 944.818
0.09516; 946.339
0.09542; 947.861
0.09568; 949.384
0.09594; 950.909
0.0962; 952.433
0.09646; 953.959
0.09672; 955.485
0.09698; 957.013
0.09724; 958.54
0.0975; 960.069
0.09776; 961.599
0.09802; 963.129
0.09828; 964.659
0.09854; 966.191
0.0988; 967.723
0.09906; 969.256
0.09932; 970.789
0.09958; 972.322
0.09984; 973.857
0.1001; 975.391
0.10036; 976.926
0.10062; 978.462
0.10088; 979.998
0.10114; 981.535
0.1014; 983.071
0.10166; 984.609
0.10192; 986.146
0.10218; 987.684
0.10244; 989.222
0.1027; 990.761
0.10296; 992.3
0.10322; 993.84
0.10348; 995.379
0.10374; 996.919
0.104; 998.46
0.10426; 1000
0.10452; 1000
0.10478; 1000
0.10504; 1000
0.1053; 1000
0.10556; 1000
0.10582; 1000
0.10608; 1000
0.10634; 1000
0.1066; 1000
0.10686; 1000
0.10712; 1000
0.10738; 1000
0.10764; 1000
0.1079; 1000
0.10816; 1000
0.10842; 1000
0.10868; 1000
0.10894; 1000
0.1092; 1000
0.10946; 1000
0.10972; 1000
0.10998; 1000
0.11024; 1000
0.1105; 1000
0.11076; 1000
0.11102; 1000
0.11128; 1000
0.11154; 1000
0.1118; 1000
0.11206; 1000
0.11232; 1000
0.11258; 1000
0.11284; 1000
0.1131; 1000
0.11336; 1000
0.11362; 1000
0.11388; 1000
0.11414; 1000
0.1144; 1000
0.11466; 1000
0.11492; 1000
0.11518; 1000
0.11544; 1000
0.1157; 1000
0.11596; 1000
0.11622; 1000
0.11648; 1000
0.11674; 1000
0.117; 1000
0.11726; 1000
0.11752; 1000
0.11778; 1000
0.11804; 1000
0.1183; 1000
0.11856; 1000
0.11882; 1000
0.11908; 1000
0.11934; 1000
0.1196; 1000
0.11986; 1000
0.12012; 1000
0.12038; 1000
0.12064; 1000
0.1209; 1000
0.12116; 1000
0.12142; 1000
0.12168; 1000
0.12194; 1000
0.1222; 1000
0.12246; 1000
0.12272; 1000
0.12298; 1000
0.12324; 1000
0.1235; 1000
0.12376; 1000
0.12402; 1000
0.12428; 1000
0.12454; 1000
0.1248; 1000
