0.00026; 418.937
0.00052; 418.946
0.00078; 418.951
0.00104; 418.967
0.0013; 418.989
0.00156; 419.021
0.00182; 419.06
0.00208; 419.109
0.00234; 419.164
0.0026; 419.229
0.00286; 419.3
0.00312; 419.381
0.00338; 419.469
0.00364; 419.567
0.0039; 419.671
0.00416; 419.785
0.00442; 419.905
0.00468; 420.036
0.00494; 420.173
0.0052; 420.319
0.00546; 420.473
0.00572; 420.635
0.00598; 420.805
0.00624; 420.985
0.0065; 421.171
0.00676; 421.366
0.00702; 421.569
0.00728; 421.781
0.00754; 422
0.0078; 422.228
0.00806; 422.463
0.00832; 422.708
0.00858; 422.96
0.00884; 423.22
0.0091; 423.488
0.00936; 423.765
0.00962; 424.049
0.00988; 424.343
0.01014; 424.643
0.0104; 424.953
0.01066; 425.27
0.01092; 425.596
0.01118; 425.929
0.01144; 426.271
0.0117; 426.62
0.01196; 426.979
0.01222; 427.344
0.01248; 427.719
0.01274; 428.101
0.013; 428.492
0.01326; 428.89
0.01352; 429.297
0.01378; 429.712
0.01404; 430.135
0.0143; 430.566
0.01456; 431.006
0.01482; 431.452
0.01508; 431.909
0.01534; 432.371
0.0156; 432.844
0.01586; 433.323
0.01612; 433.812
0.01638; 434.307
0.01664; 434.812
0.0169; 435.324
0.01716; 435.845
0.01742; 436.373
0.01768; 436.911
0.01794; 437.455
0.0182; 438.009
0.01846; 438.569
0.01872; 439.139
0.01898; 439.715
0.01924; 440.301
0.0195; 440.894
0.01976; 441.496
0.02002; 442.105
0.02028; 442.723
0.02054; 443.348
0.0208; 443.983
0.02106; 444.624
0.02132; 445.275
0.02158; 445.932
0.02184; 446.599
0.0221; 447.273
0.02236; 447.956
0.02262; 448.645
0.02288; 449.344
0.02314; 450.05
0.0234; 450.765
0.02366; 451.487
0.02392; 452.219
0.02418; 452.956
0.02444; 453.704
0.0247; 454.458
0.02496; 455.221
0.02522; 455.992
0.02548; 456.771
0.02574; 457.557
0.026; 458.353
0.02626; 459.155
0.02652; 459.966
0.02678; 460.785
0.02704; 461.612
0.0273; 462.446
0.02756; 463.29
0.02782; 464.141
0.02808; 465.001
0.02834; 465.867
0.0286; 466.742
0.02886; 467.624
0.02912; 468.516
0.02938; 469.414
0.02964; 470.322
0.0299; 471.236
0.03016; 472.16
0.03042; 473.09
0.03068; 474.029
0.03094; 474.975
0.0312; 475.93
0.03146; 476.892
0.03172; 477.864
0.03198; 478.841
0.03224; 479.828
0.0325; 480.822
0.03276; 481.824
0.03302; 482.833
0.03328; 483.852
0.03354; 484.877
0.0338; 485.912
0.03406; 486.953
0.03432; 488.003
0.03458; 489.06
0.03484; 490.126
0.0351; 491.198
0.03536; 492.28
0.03562; 493.368
0.03588; 494.465
0.03614; 495.569
0.0364; 496.682
0.03666; 497.802
0.03692; 498.931
0.03718; 500.066
0.03744; 501.211
0.0377; 502.361
0.03796; 503.521
0.03822; 504.687
0.03848; 505.863
0.03874; 507.044
0.039; 508.235
0.03926; 509.433
0.03952; 510.639
0.03978; 511.852
0.04004; 513.074
0.0403; 514.302
0.04056; 515.539
0.04082; 516.782
0.04108; 518.035
0.04134; 519.294
0.0416; 520.562
0.04186; 521.836
0.04212; 523.119
0.04238; 524.408
0.04264; 525.707
0.0429; 527.012
0.04316; 528.325
0.04342; 529.645
0.04368; 530.973
0.04394; 532.308
0.0442; 533.652
0.04446; 535.002
0.04472; 536.361
0.04498; 537.726
0.04524; 539.1
0.0455; 540.48
0.04576; 541.868
0.04602; 543.263
0.04628; 544.667
0.04654; 546.077
0.0468; 547.496
0.04706; 548.921
0.04732; 550.354
0.04758; 551.793
0.04784; 553.242
0.0481; 554.696
0.04836; 556.158
0.04862; 557.627
0.04888; 559.105
0.04914; 560.588
0.0494; 562.08
0.04966; 563.578
0.04992; 565.085
0.05018; 566.598
0.05044; 568.119
0.0507; 569.646
0.05096; 571.182
0.05122; 572.723
0.05148; 574.273
0.05174; 575.828
0.052; 577.393
0.05226; 578.962
0.05252; 580.541
0.05278; 582.125
0.05304; 583.718
0.0533; 585.316
0.05356; 586.922
0.05382; 588.535
0.05408; 590.156
0.05434; 591.782
0.0546; 593.417
0.05486; 595.057
0.05512; 596.705
0.05538; 598.359
0.05564; 600.021
0.0559; 601.689
0.05616; 603.365
0.05642; 605.046
0.05668; 606.736
0.05694; 608.431
0.0572; 610.133
0.05746; 611.842
0.05772; 613.558
0.05798; 615.28
0.05824; 617.01
0.0585; 618.745
0.05876; 620.488
0.05902; 622.237
0.05928; 623.993
0.05954; 625.755
0.0598; 627.524
0.06006; 629.299
0.06032; 631.081
0.06058; 632.869
0.06084; 634.665
0.0611; 636.465
0.06136; 638.274
0.06162; 640.087
0.06188; 641.908
0.06214; 643.734
0.0624; 645.568
0.06266; 647.406
0.06292; 649.253
0.06318; 651.104
0.06344; 652.962
0.0637; 654.826
0.06396; 656.697
0.06422; 658.573
0.06448; 660.456
0.06474; 662.344
0.065; 664.239
0.06526; 666.139
0.06552; 668.046
0.06578; 669.958
0.06604; 671.877
0.0663; 673.801
0.06656; 675.732
0.06682; 677.667
0.06708; 679.61
0.06734; 681.557
0.0676; 683.511
0.06786; 685.47
0.06812; 687.436
0.06838; 689.406
0.06864; 691.383
0.0689; 693.364
0.06916; 695.353
0.06942; 697.345
0.06968; 699.344
0.06994; 701.348
0.0702; 703.358
0.07046; 705.373
0.07072; 707.394
0.07098; 709.42
0.07124; 711.452
0.0715; 713.488
0.07176; 715.53
0.07202; 717.577
0.07228; 719.63
0.07254; 721.687
0.0728; 723.751
0.07306; 725.818
0.07332; 727.892
0.07358; 729.969
0.07384; 732.053
0.0741; 734.141
0.07436; 736.234
0.07462; 738.332
0.07488; 740.435
0.07514; 742.543
0.0754; 744.656
0.07566; 746.773
0.07592; 748.896
0.07618; 751.022
0.07644; 753.154
0.0767; 755.29
0.07696; 757.431
0.07722; 759.576
0.07748; 761.727
0.07774; 763.881
0.078; 766.04
0.07826; 768.203
0.07852; 770.371
0.07878; 772.542
0.07904; 774.719
0.0793; 776.899
0.07956; 779.085
0.07982; 781.273
0.08008; 783.467
0.08034; 785.664
0.0806; 787.866
0.08086; 790.071
0.08112; 792.281
0.08138; 794.494
0.08164; 796.712
0.0819; 798.933
0.08216; 801.159
0.08242; 803.388
0.08268; 805.621
0.08294; 807.857
0.0832; 810.098
0.08346; 812.342
0.08372; 814.59
0.08398; 816.841
0.08424; 819.096
0.0845; 821.354
0.08476; 823.616
0.08502; 825.881
0.08528; 828.15
0.08554; 830.422
0.0858; 832.698
0.08606; 834.976
0.08632; 837.258
0.08658; 839.543
0.08684; 841.831
0.0871; 844.122
0.08736; 846.417
0.08762; 848.714
0.08788; 851.014
0.08814; 853.317
0.0884; 855.623
0.08866; 857.932
0.08892; 860.244
0.08918; 862.558
0.08944; 864.875
0.0897; 867.195
0.08996; 869.518
0.09022; 871.842
0.09048; 874.17
0.09074; 876.5
0.091; 878.832
0.09126; 881.167
0.09152; 883.504
0.09178; 885.844
0.09204; 888.186
0.0923; 890.53
0.09256; 892.876
0.09282; 895.224
0.09308; 897.575
0.09334; 899.928
0.0936; 902.282
0.09386; 904.639
0.09412; 906.997
0.09438; 909.357
0.09464; 911.72
0.0949; 914.084
0.09516; 916.45
0.09542; 918.817
0.09568; 921.186
0.09594; 923.557
0.0962; 925.929
0.09646; 928.303
0.09672; 930.678
0.09698; 933.055
0.09724; 935.433
0.0975; 937.812
0.09776; 940.193
0.09802; 942.575
0.09828; 944.958
0.09854; 947.342
0.0988; 949.728
0.09906; 952.114
0.09932; 954.502
0.09958; 956.89
0.09984; 959.28
0.1001; 961.67
0.10036; 964.061
0.10062; 966.453
0.10088; 968.846
0.10114; 971.239
0.1014; 973.633
0.10166; 976.028
0.10192; 978.423
0.10218; 980.819
0.10244; 983.215
0.1027; 985.612
0.10296; 988.009
0.10322; 990.407
0.10348; 992.804
0.10374; 995.203
0.104; 997.601
0.10426; 1000
0.10452; 1000
0.10478; 1000
0.10504; 1000
0.1053; 1000
0.10556; 1000
0.10582; 1000
0.10608; 1000
0.10634; 1000
0.1066; 1000
0.10686; 1000
0.10712; 1000
0.10738; 1000
0.10764; 1000
0.1079; 1000
0.10816; 1000
0.10842; 1000
0.10868; 1000
0.10894; 1000
0.1092; 1000
0.10946; 1000
0.10972; 1000
0.10998; 1000
0.11024; 1000
0.1105; 1000
0.11076; 1000
0.11102; 1000
0.11128; 1000
0.11154; 1000
0.1118; 1000
0.11206; 1000
0.11232; 1000
0.11258; 1000
0.11284; 1000
0.1131; 1000
0.11336; 1000
0.11362; 1000
0.11388; 1000
0.11414; 1000
0.1144; 1000
0.11466; 1000
0.11492; 1000
0.11518; 1000
0.11544; 1000
0.1157; 1000
0.11596; 1000
0.11622; 1000
0.11648; 1000
0.11674; 1000
0.117; 1000
0.11726; 1000
0.11752; 1000
0.11778; 1000
0.11804; 1000
0.1183; 1000
0.11856; 1000
0.11882; 1000
0.11908; 1000
0.11934; 1000
0.1196; 1000
0.11986; 1000
0.12012; 1000
0.12038; 1000
0.12064; 1000
0.1209; 1000
0.12116; 1000
0.12142; 1000
0.12168; 1000
0.12194; 1000
0.1222; 1000
0.12246; 1000
0.12272; 1000
0.12298; 1000
0.12324; 1000
0.1235; 1000
0.12376; 1000
0.12402; 1000
0.12428; 1000
0.12454; 1000
0.1248; 1000
