0.00026; 300.755
0.00052; 300.756
0.00078; 300.757
0.00104; 300.758
0.0013; 300.76
0.00156; 300.763
0.00182; 300.767
0.00208; 300.772
0.00234; 300.777
0.0026; 300.784
0.00286; 300.791
0.00312; 300.798
0.00338; 300.807
0.00364; 300.816
0.0039; 300.826
0.00416; 300.837
0.00442; 300.849
0.00468; 300.862
0.00494; 300.875
0.0052; 300.89
0.00546; 300.905
0.00572; 300.921
0.00598; 300.938
0.00624; 300.956
0.0065; 300.974
0.00676; 300.994
0.00702; 301.014
0.00728; 301.036
0.00754; 301.058
0.0078; 301.081
0.00806; 301.105
0.00832; 301.131
0.00858; 301.157
0.00884; 301.184
0.0091; 301.213
0.00936; 301.242
0.00962; 301.272
0.00988; 301.304
0.01014; 301.336
0.0104; 301.37
0.01066; 301.405
0.01092; 301.441
0.01118; 301.478
0.01144; 301.517
0.0117; 301.557
0.01196; 301.598
0.01222; 301.64
0.01248; 301.683
0.01274; 301.728
0.013; 301.774
0.01326; 301.822
0.01352; 301.871
0.01378; 301.922
0.01404; 301.973
0.0143; 302.027
0.01456; 302.082
0.01482; 302.138
0.01508; 302.196
0.01534; 302.256
0.0156; 302.317
0.01586; 302.38
0.01612; 302.445
0.01638; 302.511
0.01664; 302.579
0.0169; 302.649
0.01716; 302.721
0.01742; 302.795
0.01768; 302.87
0.01794; 302.948
0.0182; 303.028
0.01846; 303.109
0.01872; 303.193
0.01898; 303.279
0.01924; 303.367
0.0195; 303.458
0.01976; 303.55
0.02002; 303.645
0.02028; 303.742
0.02054; 303.842
0.0208; 303.944
0.02106; 304.049
0.02132; 304.156
0.02158; 304.266
0.02184; 304.379
0.0221; 304.494
0.02236; 304.612
0.02262; 304.733
0.02288; 304.856
0.02314; 304.983
0.0234; 305.113
0.02366; 305.245
0.02392; 305.381
0.02418; 305.52
0.02444; 305.662
0.0247; 305.808
0.02496; 305.956
0.02522; 306.109
0.02548; 306.264
0.02574; 306.424
0.026; 306.586
0.02626; 306.753
0.02652; 306.923
0.02678; 307.097
0.02704; 307.276
0.0273; 307.458
0.02756; 307.644
0.02782; 307.834
0.02808; 308.028
0.02834; 308.227
0.0286; 308.43
0.02886; 308.637
0.02912; 308.849
0.02938; 309.066
0.02964; 309.287
0.0299; 309.513
0.03016; 309.744
0.03042; 309.98
0.03068; 310.22
0.03094; 310.466
0.0312; 310.717
0.03146; 310.974
0.03172; 311.235
0.03198; 311.503
0.03224; 311.775
0.0325; 312.054
0.03276; 312.338
0.03302; 312.628
0.03328; 312.924
0.03354; 313.226
0.0338; 313.534
0.03406; 313.849
0.03432; 314.17
0.03458; 314.497
0.03484; 314.831
0.0351; 315.171
0.03536; 315.519
0.03562; 315.873
0.03588; 316.234
0.03614; 316.602
0.0364; 316.978
0.03666; 317.361
0.03692; 317.751
0.03718; 318.149
0.03744; 318.555
0.0377; 318.968
0.03796; 319.39
0.03822; 319.819
0.03848; 320.257
0.03874; 320.702
0.039; 321.157
0.03926; 321.62
0.03952; 322.091
0.03978; 322.571
0.04004; 323.061
0.0403; 323.559
0.04056; 324.066
0.04082; 324.583
0.04108; 325.109
0.04134; 325.645
0.0416; 326.191
0.04186; 326.746
0.04212; 327.312
0.04238; 327.887
0.04264; 328.473
0.0429; 329.069
0.04316; 329.676
0.04342; 330.294
0.04368; 330.922
0.04394; 331.561
0.0442; 332.211
0.04446; 332.873
0.04472; 333.546
0.04498; 334.231
0.04524; 334.927
0.0455; 335.636
0.04576; 336.356
0.04602; 337.088
0.04628; 337.833
0.04654; 338.59
0.0468; 339.36
0.04706; 340.142
0.04732; 340.938
0.04758; 341.747
0.04784; 342.568
0.0481; 343.404
0.04836; 344.252
0.04862; 345.115
0.04888; 345.991
0.04914; 346.882
0.0494; 347.786
0.04966; 348.705
0.04992; 349.638
0.05018; 350.586
0.05044; 351.549
0.0507; 352.527
0.05096; 353.52
0.05122; 354.528
0.05148; 355.552
0.05174; 356.591
0.052; 357.646
0.05226; 358.717
0.05252; 359.804
0.05278; 360.908
0.05304; 362.028
0.0533; 363.164
0.05356; 364.317
0.05382; 365.487
0.05408; 366.674
0.05434; 367.879
0.0546; 369.1
0.05486; 370.34
0.05512; 371.597
0.05538; 372.871
0.05564; 374.164
0.0559; 375.475
0.05616; 376.805
0.05642; 378.153
0.05668; 379.519
0.05694; 380.905
0.0572; 382.309
0.05746; 383.732
0.05772; 385.175
0.05798; 386.637
0.05824; 388.119
0.0585; 389.62
0.05876; 391.142
0.05902; 392.683
0.05928; 394.245
0.05954; 395.827
0.0598; 397.429
0.06006; 399.052
0.06032; 400.696
0.06058; 402.361
0.06084; 404.047
0.0611; 405.754
0.06136; 407.482
0.06162; 409.232
0.06188; 411.004
0.06214; 412.797
0.0624; 414.612
0.06266; 416.449
0.06292; 418.309
0.06318; 420.19
0.06344; 422.094
0.0637; 424.021
0.06396; 425.97
0.06422; 427.942
0.06448; 429.937
0.06474; 431.955
0.065; 433.996
0.06526; 436.06
0.06552; 438.147
0.06578; 440.258
0.06604; 442.393
0.0663; 444.551
0.06656; 446.733
0.06682; 448.939
0.06708; 451.169
0.06734; 453.423
0.0676; 455.701
0.06786; 458.004
0.06812; 460.33
0.06838; 462.681
0.06864; 465.057
0.0689; 467.457
0.06916; 469.881
0.06942; 472.331
0.06968; 474.805
0.06994; 477.304
0.0702; 479.828
0.07046; 482.376
0.07072; 484.95
0.07098; 487.549
0.07124; 490.173
0.0715; 492.822
0.07176; 495.497
0.07202; 498.196
0.07228; 500.921
0.07254; 503.671
0.0728; 506.446
0.07306; 509.247
0.07332; 512.073
0.07358; 514.925
0.07384; 517.802
0.0741; 520.704
0.07436; 523.632
0.07462; 526.585
0.07488; 529.564
0.07514; 532.568
0.0754; 535.597
0.07566; 538.652
0.07592; 541.732
0.07618; 544.838
0.07644; 547.969
0.0767; 551.125
0.07696; 554.306
0.07722; 557.513
0.07748; 560.745
0.07774; 564.002
0.078; 567.284
0.07826; 570.591
0.07852; 573.923
0.07878; 577.28
0.07904; 580.662
0.0793; 584.069
0.07956; 587.5
0.07982; 590.956
0.08008; 594.437
0.08034; 597.941
0.0806; 601.471
0.08086; 605.024
0.08112; 608.602
0.08138; 612.204
0.08164; 615.83
0.0819; 619.48
0.08216; 623.153
0.08242; 626.85
0.08268; 630.57
0.08294; 634.313
0.0832; 638.08
0.08346; 641.87
0.08372; 645.683
0.08398; 649.518
0.08424; 653.376
0.0845; 657.257
0.08476; 661.16
0.08502; 665.085
0.08528; 669.031
0.08554; 673
0.0858; 676.99
0.08606; 681.002
0.08632; 685.035
0.08658; 689.089
0.08684; 693.164
0.0871; 697.259
0.08736; 701.375
0.08762; 705.511
0.08788; 709.667
0.08814; 713.842
0.0884; 718.038
0.08866; 722.252
0.08892; 726.486
0.08918; 730.738
0.08944; 735.01
0.0897; 739.3
0.08996; 743.607
0.09022; 747.933
0.09048; 752.277
0.09074; 756.638
0.091; 761.016
0.09126; 765.411
0.09152; 769.822
0.09178; 774.25
0.09204; 778.694
0.0923; 783.154
0.09256; 787.629
0.09282; 792.119
0.09308; 796.625
0.09334; 801.144
0.0936; 805.679
0.09386; 810.227
0.09412; 814.789
0.09438; 819.365
0.09464; 823.953
0.0949; 828.555
0.09516; 833.169
0.09542; 837.796
0.09568; 842.434
0.09594; 847.084
0.0962; 851.745
0.09646; 856.418
0.09672; 861.101
0.09698; 865.794
0.09724; 870.497
0.0975; 875.21
0.09776; 879.932
0.09802; 884.663
0.09828; 889.403
0.09854; 894.151
0.0988; 898.907
0.09906; 903.671
0.09932; 908.442
0.09958; 913.22
0.09984; 918.004
0.1001; 922.795
0.10036; 927.592
0.10062; 932.394
0.10088; 937.201
0.10114; 942.013
0.1014; 946.829
0.10166; 951.65
0.10192; 956.474
0.10218; 961.302
0.10244; 966.132
0.1027; 970.965
0.10296; 975.801
0.10322; 980.638
0.10348; 985.477
0.10374; 990.318
0.104; 995.159
0.10426; 1000
0.10452; 1000
0.10478; 1000
0.10504; 1000
0.1053; 1000
0.10556; 1000
0.10582; 1000
0.10608; 1000
0.10634; 1000
0.1066; 1000
0.10686; 1000
0.10712; 1000
0.10738; 1000
0.10764; 1000
0.1079; 1000
0.10816; 1000
0.10842; 1000
0.10868; 1000
0.10894; 1000
0.1092; 1000
0.10946; 1000
0.10972; 1000
0.10998; 1000
0.11024; 1000
0.1105; 1000
0.11076; 1000
0.11102; 1000
0.11128; 1000
0.11154; 1000
0.1118; 1000
0.11206; 1000
0.11232; 1000
0.11258; 1000
0.11284; 1000
0.1131; 1000
0.11336; 1000
0.11362; 1000
0.11388; 1000
0.11414; 1000
0.1144; 1000
0.11466; 1000
0.11492; 1000
0.11518; 1000
0.11544; 1000
0.1157; 1000
0.11596; 1000
0.11622; 1000
0.11648; 1000
0.11674; 1000
0.117; 1000
0.11726; 1000
0.11752; 1000
0.11778; 1000
0.11804; 1000
0.1183; 1000
0.11856; 1000
0.11882; 1000
0.11908; 1000
0.11934; 1000
0.1196; 1000
0.11986; 1000
0.12012; 1000
0.12038; 1000
0.12064; 1000
0.1209; 1000
0.12116; 1000
0.12142; 1000
0.12168; 1000
0.12194; 1000
0.1222; 1000
0.12246; 1000
0.12272; 1000
0.12298; 1000
0.12324; 1000
0.1235; 1000
0.12376; 1000
0.12402; 1000
0.12428; 1000
0.12454; 1000
0.1248; 1000
