0.00026; 300.687
0.00052; 300.688
0.00078; 300.689
0.00104; 300.69
0.0013; 300.692
0.00156; 300.695
0.00182; 300.699
0.00208; 300.703
0.00234; 300.708
0.0026; 300.714
0.00286; 300.721
0.00312; 300.728
0.00338; 300.736
0.00364; 300.745
0.0039; 300.754
0.00416; 300.765
0.00442; 300.776
0.00468; 300.788
0.00494; 300.801
0.0052; 300.814
0.00546; 300.828
0.00572; 300.843
0.00598; 300.859
0.00624; 300.876
0.0065; 300.894
0.00676; 300.912
0.00702; 300.931
0.00728; 300.952
0.00754; 300.973
0.0078; 300.995
0.00806; 301.018
0.00832; 301.042
0.00858; 301.066
0.00884; 301.092
0.0091; 301.119
0.00936; 301.147
0.00962; 301.176
0.00988; 301.205
0.01014; 301.236
0.0104; 301.268
0.01066; 301.301
0.01092; 301.335
0.01118; 301.37
0.01144; 301.407
0.0117; 301.444
0.01196; 301.483
0.01222; 301.523
0.01248; 301.564
0.01274; 301.607
0.013; 301.651
0.01326; 301.696
0.01352; 301.742
0.01378; 301.79
0.01404; 301.839
0.0143; 301.89
0.01456; 301.942
0.01482; 301.996
0.01508; 302.051
0.01534; 302.107
0.0156; 302.166
0.01586; 302.225
0.01612; 302.287
0.01638; 302.35
0.01664; 302.415
0.0169; 302.481
0.01716; 302.55
0.01742; 302.62
0.01768; 302.692
0.01794; 302.766
0.0182; 302.842
0.01846; 302.92
0.01872; 303
0.01898; 303.082
0.01924; 303.166
0.0195; 303.252
0.01976; 303.341
0.02002; 303.431
0.02028; 303.524
0.02054; 303.619
0.0208; 303.717
0.02106; 303.817
0.02132; 303.92
0.02158; 304.025
0.02184; 304.132
0.0221; 304.243
0.02236; 304.356
0.02262; 304.471
0.02288; 304.59
0.02314; 304.711
0.0234; 304.835
0.02366; 304.962
0.02392; 305.093
0.02418; 305.226
0.02444; 305.362
0.0247; 305.502
0.02496; 305.645
0.02522; 305.791
0.02548; 305.941
0.02574; 306.094
0.026; 306.25
0.02626; 306.41
0.02652; 306.574
0.02678; 306.742
0.02704; 306.913
0.0273; 307.088
0.02756; 307.267
0.02782; 307.45
0.02808; 307.638
0.02834; 307.829
0.0286; 308.025
0.02886; 308.225
0.02912; 308.429
0.02938; 308.638
0.02964; 308.852
0.0299; 309.07
0.03016; 309.293
0.03042; 309.521
0.03068; 309.753
0.03094; 309.991
0.0312; 310.234
0.03146; 310.481
0.03172; 310.735
0.03198; 310.993
0.03224; 311.257
0.0325; 311.527
0.03276; 311.802
0.03302; 312.083
0.03328; 312.37
0.03354; 312.662
0.0338; 312.961
0.03406; 313.266
0.03432; 313.577
0.03458; 313.895
0.03484; 314.219
0.0351; 314.549
0.03536; 314.886
0.03562; 315.23
0.03588; 315.581
0.03614; 315.939
0.0364; 316.304
0.03666; 316.676
0.03692; 317.056
0.03718; 317.443
0.03744; 317.838
0.0377; 318.24
0.03796; 318.65
0.03822; 319.068
0.03848; 319.494
0.03874; 319.929
0.039; 320.371
0.03926; 320.823
0.03952; 321.282
0.03978; 321.751
0.04004; 322.228
0.0403; 322.714
0.04056; 323.209
0.04082; 323.714
0.04108; 324.228
0.04134; 324.751
0.0416; 325.284
0.04186; 325.826
0.04212; 326.379
0.04238; 326.942
0.04264; 327.514
0.0429; 328.098
0.04316; 328.691
0.04342; 329.295
0.04368; 329.91
0.04394; 330.536
0.0442; 331.173
0.04446; 331.821
0.04472; 332.481
0.04498; 333.152
0.04524; 333.834
0.0455; 334.529
0.04576; 335.235
0.04602; 335.953
0.04628; 336.684
0.04654; 337.427
0.0468; 338.183
0.04706; 338.951
0.04732; 339.732
0.04758; 340.526
0.04784; 341.334
0.0481; 342.154
0.04836; 342.989
0.04862; 343.837
0.04888; 344.698
0.04914; 345.574
0.0494; 346.464
0.04966; 347.368
0.04992; 348.286
0.05018; 349.22
0.05044; 350.167
0.0507; 351.13
0.05096; 352.108
0.05122; 353.102
0.05148; 354.11
0.05174; 355.135
0.052; 356.175
0.05226; 357.231
0.05252; 358.303
0.05278; 359.392
0.05304; 360.496
0.0533; 361.618
0.05356; 362.756
0.05382; 363.911
0.05408; 365.083
0.05434; 366.272
0.0546; 367.479
0.05486; 368.704
0.05512; 369.946
0.05538; 371.206
0.05564; 372.484
0.0559; 373.78
0.05616; 375.095
0.05642; 376.428
0.05668; 377.78
0.05694; 379.151
0.0572; 380.541
0.05746; 381.95
0.05772; 383.379
0.05798; 384.827
0.05824; 386.294
0.0585; 387.782
0.05876; 389.289
0.05902; 390.817
0.05928; 392.365
0.05954; 393.933
0.0598; 395.522
0.06006; 397.132
0.06032; 398.762
0.06058; 400.414
0.06084; 402.086
0.0611; 403.781
0.06136; 405.496
0.06162; 407.233
0.06188; 408.992
0.06214; 410.773
0.0624; 412.576
0.06266; 414.401
0.06292; 416.248
0.06318; 418.118
0.06344; 420.01
0.0637; 421.926
0.06396; 423.864
0.06422; 425.825
0.06448; 427.809
0.06474; 429.816
0.065; 431.846
0.06526; 433.9
0.06552; 435.978
0.06578; 438.079
0.06604; 440.204
0.0663; 442.353
0.06656; 444.526
0.06682; 446.723
0.06708; 448.944
0.06734; 451.19
0.0676; 453.46
0.06786; 455.754
0.06812; 458.073
0.06838; 460.417
0.06864; 462.785
0.0689; 465.178
0.06916; 467.596
0.06942; 470.039
0.06968; 472.507
0.06994; 475
0.0702; 477.519
0.07046; 480.062
0.07072; 482.631
0.07098; 485.225
0.07124; 487.845
0.0715; 490.49
0.07176; 493.161
0.07202; 495.857
0.07228; 498.579
0.07254; 501.327
0.0728; 504.1
0.07306; 506.898
0.07332; 509.723
0.07358; 512.573
0.07384; 515.449
0.0741; 518.351
0.07436; 521.278
0.07462; 524.231
0.07488; 527.211
0.07514; 530.215
0.0754; 533.246
0.07566; 536.302
0.07592; 539.384
0.07618; 542.492
0.07644; 545.626
0.0767; 548.785
0.07696; 551.97
0.07722; 555.18
0.07748; 558.416
0.07774; 561.678
0.078; 564.965
0.07826; 568.277
0.07852; 571.615
0.07878; 574.978
0.07904; 578.367
0.0793; 581.78
0.07956; 585.219
0.07982; 588.683
0.08008; 592.171
0.08034; 595.685
0.0806; 599.223
0.08086; 602.786
0.08112; 606.373
0.08138; 609.985
0.08164; 613.621
0.0819; 617.282
0.08216; 620.967
0.08242; 624.675
0.08268; 628.408
0.08294; 632.164
0.0832; 635.944
0.08346; 639.747
0.08372; 643.574
0.08398; 647.423
0.08424; 651.296
0.0845; 655.192
0.08476; 659.11
0.08502; 663.051
0.08528; 667.014
0.08554; 670.999
0.0858; 675.007
0.08606; 679.036
0.08632; 683.086
0.08658; 687.159
0.08684; 691.252
0.0871; 695.366
0.08736; 699.502
0.08762; 703.657
0.08788; 707.833
0.08814; 712.03
0.0884; 716.246
0.08866; 720.482
0.08892; 724.737
0.08918; 729.012
0.08944; 733.306
0.0897; 737.618
0.08996; 741.949
0.09022; 746.298
0.09048; 750.665
0.09074; 755.05
0.091; 759.453
0.09126; 763.872
0.09152; 768.309
0.09178; 772.762
0.09204; 777.232
0.0923; 781.717
0.09256; 786.219
0.09282; 790.736
0.09308; 795.268
0.09334; 799.815
0.0936; 804.377
0.09386; 808.953
0.09412; 813.544
0.09438; 818.147
0.09464; 822.765
0.0949; 827.395
0.09516; 832.038
0.09542; 836.694
0.09568; 841.362
0.09594; 846.042
0.0962; 850.734
0.09646; 855.436
0.09672; 860.15
0.09698; 864.874
0.09724; 869.608
0.0975; 874.352
0.09776; 879.106
0.09802; 883.868
0.09828; 888.64
0.09854; 893.42
0.0988; 898.208
0.09906; 903.004
0.09932; 907.808
0.09958; 912.618
0.09984; 917.435
0.1001; 922.259
0.10036; 927.088
0.10062; 931.923
0.10088; 936.763
0.10114; 941.609
0.1014; 946.459
0.10166; 951.313
0.10192; 956.17
0.10218; 961.031
0.10244; 965.896
0.1027; 970.763
0.10296; 975.632
0.10322; 980.503
0.10348; 985.376
0.10374; 990.25
0.104; 995.125
0.10426; 1000
0.10452; 1000
0.10478; 1000
0.10504; 1000
0.1053; 1000
0.10556; 1000
0.10582; 1000
0.10608; 1000
0.10634; 1000
0.1066; 1000
0.10686; 1000
0.10712; 1000
0.10738; 1000
0.10764; 1000
0.1079; 1000
0.10816; 1000
0.10842; 1000
0.10868; 1000
0.10894; 1000
0.1092; 1000
0.10946; 1000
0.10972; 1000
0.10998; 1000
0.11024; 1000
0.1105; 1000
0.11076; 1000
0.11102; 1000
0.11128; 1000
0.11154; 1000
0.1118; 1000
0.11206; 1000
0.11232; 1000
0.11258; 1000
0.11284; 1000
0.1131; 1000
0.11336; 1000
0.11362; 1000
0.11388; 1000
0.11414; 1000
0.1144; 1000
0.11466; 1000
0.11492; 1000
0.11518; 1000
0.11544; 1000
0.1157; 1000
0.11596; 1000
0.11622; 1000
0.11648; 1000
0.11674; 1000
0.117; 1000
0.11726; 1000
0.11752; 1000
0.11778; 1000
0.11804; 1000
0.1183; 1000
0.11856; 1000
0.11882; 1000
0.11908; 1000
0.11934; 1000
0.1196; 1000
0.11986; 1000
0.12012; 1000
0.12038; 1000
0.12064; 1000
0.1209; 1000
0.12116; 1000
0.12142; 1000
0.12168; 1000
0.12194; 1000
0.1222; 1000
0.12246; 1000
0.12272; 1000
0.12298; 1000
0.12324; 1000
0.1235; 1000
0.12376; 1000
0.12402; 1000
0.12428; 1000
0.12454; 1000
0.1248; 1000
