0.00026; 0
0.00052; 0
0.00078; 0
0.00104; 0
0.0013; 0
0.00156; 0
0.00182; 0
0.00208; 0
0.00234; 0
0.0026; 0
0.00286; 0
0.00312; 0
0.00338; 0
0.00364; 0
0.0039; 0
0.00416; 0
0.00442; 0
0.00468; 0
0.00494; 0
0.0052; 0
0.00546; 0
0.00572; 0
0.00598; 0
0.00624; 0
0.0065; 0
0.00676; 0
0.00702; 0
0.00728; 0
0.00754; 0
0.0078; 0
0.00806; 0
0.00832; 0
0.00858; 0
0.00884; 0
0.0091; 0
0.00936; 0
0.00962; 0
0.00988; 0
0.01014; 0
0.0104; 0
0.01066; 0
0.01092; 0
0.01118; 0
0.01144; 0
0.0117; 0
0.01196; 0
0.01222; 0
0.01248; 0
0.01274; 0
0.013; 0
0.01326; 0
0.01352; 0
0.01378; 0
0.01404; 0
0.0143; 0
0.01456; 0
0.01482; 0
0.01508; 0
0.01534; 0
0.0156; 0
0.01586; 0
0.01612; 0
0.01638; 0
0.01664; 0
0.0169; 0
0.01716; 0
0.01742; 0
0.01768; 0
0.01794; 0
0.0182; 0
0.01846; 0
0.01872; 0
0.01898; 0
0.01924; 0
0.0195; 0
0.01976; 0
0.02002; 0
0.02028; 0
0.02054; 0
0.0208; 0
0.02106; 0
0.02132; 0
0.02158; 0
0.02184; 0
0.0221; 0
0.02236; 0
0.02262; 0
0.02288; 0
0.02314; 0
0.0234; 0
0.02366; 0
0.02392; 0
0.02418; 0
0.02444; 0
0.0247; 0
0.02496; 0
0.02522; 0
0.02548; 0
0.02574; 0
0.026; 0
0.02626; 0
0.02652; 0
0.02678; 0
0.02704; 0
0.0273; 0
0.02756; 0
0.02782; 0
0.02808; 0
0.02834; 0
0.0286; 0
0.02886; 0
0.02912; 0
0.02938; 0
0.02964; 0
0.0299; 0
0.03016; 0
0.03042; 0
0.03068; 0
0.03094; 0
0.0312; 0
0.03146; 0
0.03172; 0
0.03198; 0
0.03224; 0
0.0325; 0
0.03276; 871.698
0.03302; 871.696
0.03328; 871.677
0.03354; 871.656
0.0338; 871.618
0.03406; 871.578
0.03432; 871.522
0.03458; 871.464
0.03484; 871.39
0.0351; 871.313
0.03536; 871.221
0.03562; 871.126
0.03588; 871.015
0.03614; 870.901
0.0364; 870.772
0.03666; 870.641
0.03692; 870.491
0.03718; 870.34
0.03744; 870.173
0.0377; 870.003
0.03796; 869.817
0.03822; 869.628
0.03848; 869.423
0.03874; 869.216
0.039; 868.991
0.03926; 868.764
0.03952; 868.52
0.03978; 868.274
0.04004; 868.009
0.0403; 867.742
0.04056; 867.459
0.04082; 867.173
0.04108; 866.87
0.04134; 866.564
0.0416; 866.241
0.04186; 865.914
0.04212; 865.571
0.04238; 865.224
0.04264; 864.86
0.0429; 864.492
0.04316; 864.108
0.04342; 863.719
0.04368; 863.314
0.04394; 862.904
0.0442; 862.477
0.04446; 862.045
0.04472; 861.597
0.04498; 861.144
0.04524; 860.674
0.0455; 860.199
0.04576; 859.707
0.04602; 859.21
0.04628; 858.696
0.04654; 858.176
0.0468; 857.639
0.04706; 857.096
0.04732; 856.536
0.04758; 855.971
0.04784; 855.388
0.0481; 854.798
0.04836; 854.191
0.04862; 853.578
0.04888; 852.947
0.04914; 852.309
0.0494; 851.654
0.04966; 850.992
0.04992; 850.311
0.05018; 849.624
0.05044; 848.918
0.0507; 848.206
0.05096; 847.474
0.05122; 846.735
0.05148; 845.978
0.05174; 845.212
0.052; 844.428
0.05226; 843.635
0.05252; 842.823
0.05278; 842.003
0.05304; 841.163
0.0533; 840.314
0.05356; 839.445
0.05382; 838.567
0.05408; 837.67
0.05434; 836.762
0.0546; 835.834
0.05486; 834.896
0.05512; 833.938
0.05538; 832.968
0.05564; 831.978
0.0559; 830.977
0.05616; 829.954
0.05642; 828.919
0.05668; 827.864
0.05694; 826.795
0.0572; 825.705
0.05746; 824.602
0.05772; 823.477
0.05798; 822.337
0.05824; 821.176
0.0585; 820
0.05876; 818.801
0.05902; 817.586
0.05928; 816.349
0.05954; 815.095
0.0598; 813.818
0.06006; 812.524
0.06032; 811.206
0.06058; 809.871
0.06084; 808.511
0.0611; 807.133
0.06136; 805.73
0.06162; 804.308
0.06188; 802.86
0.06214; 801.393
0.0624; 799.899
0.06266; 798.386
0.06292; 796.846
0.06318; 795.286
0.06344; 793.699
0.0637; 792.091
0.06396; 790.455
0.06422; 788.798
0.06448; 787.115
0.06474; 785.409
0.065; 783.676
0.06526; 781.922
0.06552; 780.141
0.06578; 778.338
0.06604; 776.509
0.0663; 774.659
0.06656; 772.784
0.06682; 770.888
0.06708; 768.969
0.06734; 767.03
0.0676; 765.069
0.06786; 763.091
0.06812; 761.092
0.06838; 759.078
0.06864; 757.047
0.0689; 755.002
0.06916; 752.943
0.06942; 750.874
0.06968; 748.794
0.06994; 746.706
0.0702; 744.612
0.07046; 742.512
0.07072; 740.411
0.07098; 738.307
0.07124; 736.205
0.0715; 734.105
0.07176; 732.01
0.07202; 729.919
0.07228; 727.836
0.07254; 725.761
0.0728; 723.698
0.07306; 721.643
0.07332; 719.603
0.07358; 717.574
0.07384; 715.561
0.0741; 713.561
0.07436; 711.579
0.07462; 709.612
0.07488; 707.663
0.07514; 705.729
0.0754; 703.816
0.07566; 701.918
0.07592; 700.041
0.07618; 698.179
0.07644; 696.34
0.0767; 694.516
0.07696; 692.714
0.07722; 690.928
0.07748; 689.165
0.07774; 687.417
0.078; 685.692
0.07826; 683.981
0.07852; 682.293
0.07878; 680.62
0.07904; 678.971
0.0793; 677.335
0.07956; 675.722
0.07982; 674.123
0.08008; 672.547
0.08034; 670.985
0.0806; 669.445
0.08086; 667.918
0.08112; 666.413
0.08138; 664.922
0.08164; 663.453
0.0819; 661.996
0.08216; 660.562
0.08242; 659.14
0.08268; 657.741
0.08294; 656.352
0.0832; 654.987
0.08346; 653.632
0.08372; 652.3
0.08398; 650.978
0.08424; 649.679
0.0845; 648.391
0.08476; 647.124
0.08502; 645.868
0.08528; 644.634
0.08554; 643.411
0.0858; 642.209
0.08606; 641.017
0.08632; 639.848
0.08658; 638.688
0.08684; 637.55
0.0871; 636.421
0.08736; 635.316
0.08762; 634.218
0.08788; 633.144
0.08814; 632.077
0.0884; 631.034
0.08866; 629.999
0.08892; 628.987
0.08918; 627.982
0.08944; 627.001
0.0897; 626.027
0.08996; 625.077
0.09022; 624.134
0.09048; 623.215
0.09074; 622.302
0.091; 621.413
0.09126; 620.531
0.09152; 619.672
0.09178; 618.82
0.09204; 617.992
0.0923; 617.169
0.09256; 616.373
0.09282; 615.582
0.09308; 614.815
0.09334; 614.054
0.0936; 613.316
0.09386; 612.584
0.09412; 611.879
0.09438; 611.178
0.09464; 610.502
0.0949; 609.831
0.09516; 609.186
0.09542; 608.545
0.09568; 607.931
0.09594; 607.321
0.0962; 606.736
0.09646; 606.156
0.09672; 605.6
0.09698; 605.048
0.09724; 604.524
0.0975; 604.002
0.09776; 603.509
0.09802; 603.017
0.09828; 602.553
0.09854; 602.092
0.0988; 601.658
0.09906; 601.226
0.09932; 600.823
0.09958; 600.421
0.09984; 600.047
0.1001; 599.675
0.10036; 599.33
0.10062; 598.987
0.10088; 598.672
0.10114; 598.359
0.1014; 598.073
0.10166; 597.79
0.10192; 597.534
0.10218; 597.28
0.10244; 597.053
0.1027; 596.828
0.10296; 596.631
0.10322; 596.435
0.10348; 596.267
0.10374; 596.101
0.104; 595.963
0.10426; 595.824
0.10452; 595.714
0.10478; 595.604
0.10504; 595.522
0.1053; 595.44
0.10556; 595.386
0.10582; 595.33
0.10608; 595.299
0.10634; 595.265
0.1066; 0
0.10686; 0
0.10712; 0
0.10738; 0
0.10764; 0
0.1079; 0
0.10816; 0
0.10842; 0
0.10868; 0
0.10894; 0
0.1092; 0
0.10946; 0
0.10972; 0
0.10998; 0
0.11024; 0
0.1105; 0
0.11076; 0
0.11102; 0
0.11128; 0
0.11154; 0
0.1118; 0
0.11206; 0
0.11232; 0
0.11258; 0
0.11284; 0
0.1131; 0
0.11336; 0
0.11362; 0
0.11388; 0
0.11414; 0
0.1144; 0
0.11466; 0
0.11492; 0
0.11518; 0
0.11544; 0
0.1157; 0
0.11596; 0
0.11622; 0
0.11648; 0
0.11674; 0
0.117; 0
0.11726; 0
0.11752; 0
0.11778; 0
0.11804; 0
0.1183; 0
0.11856; 0
0.11882; 0
0.11908; 0
0.11934; 0
0.1196; 0
0.11986; 0
0.12012; 0
0.12038; 0
0.12064; 0
0.1209; 0
0.12116; 0
0.12142; 0
0.12168; 0
0.12194; 0
0.1222; 0
0.12246; 0
0.12272; 0
0.12298; 0
0.12324; 0
0.1235; 0
0.12376; 0
0.12402; 0
0.12428; 0
0.12454; 0
0.1248; 0
