0.0026; 400
0.0052; 400
0.0078; 400
0.0104; 400
0.013; 400
0.0156; 400
0.0182; 400
0.0208; 400
0.0234; 400
0.026; 400
0.0286; 400
0.0312; 400
0.0338; 400
0.0364; 400
0.039; 400
0.0416; 400
0.0442; 400
0.0468; 400
0.0494; 400
0.052; 400
0.0546; 400
0.0572; 400
0.0598; 400
0.0624; 400
0.065; 400
0.0676; 400
0.0702; 400
0.0728; 400
0.0754; 400
0.078; 400
0.0806; 400
0.0832; 400
0.0858; 400
0.0884; 400
0.091; 400
0.0936; 400
0.0962; 400
0.0988; 400
0.1014; 400
0.104; 400
0.1066; 400
0.1092; 400
0.1118; 400
0.1144; 400
0.117; 400
0.1196; 400
0.1222; 400
0.1248; 400
0.1274; 400
0.13; 400
0.1326; 400
0.1352; 400
0.1378; 400
0.1404; 400
0.143; 400
0.1456; 400
0.1482; 400
0.1508; 400
0.1534; 400
0.156; 400
0.1586; 400
0.1612; 400
0.1638; 400
0.1664; 400
0.169; 400
0.1716; 400
0.1742; 400
0.1768; 400
0.1794; 400
0.182; 400
0.1846; 400
0.1872; 400
0.1898; 400
0.1924; 400
0.195; 400
0.1976; 400
0.2002; 400
0.2028; 400
0.2054; 400
0.208; 400
0.2106; 400
0.2132; 400
0.2158; 400
0.2184; 400
0.221; 400
0.2236; 400
0.2262; 400
0.2288; 400
0.2314; 400
0.234; 400
0.2366; 400
0.2392; 400
0.2418; 400
0.2444; 400
0.247; 400
0.2496; 400
0.2522; 400
0.2548; 400
0.2574; 400
0.26; 400
0.2626; 400
0.2652; 400
0.2678; 400
0.2704; 400
0.273; 400
0.2756; 400
0.2782; 400
0.2808; 400
0.2834; 400
0.286; 400
0.2886; 400
0.2912; 400
0.2938; 400
0.2964; 400
0.299; 400
0.3016; 400
0.3042; 400
0.3068; 400
0.3094; 400
0.312; 400
0.3146; 400
0.3172; 400
0.3198; 400
0.3224; 400
0.325; 400
0.3276; 400
0.3302; 400
0.3328; 400
0.3354; 400
0.338; 400
0.3406; 400
0.3432; 400
0.3458; 400
0.3484; 400
0.351; 400
0.3536; 400
0.3562; 400
0.3588; 400
0.3614; 400
0.364; 400
0.3666; 400
0.3692; 400
0.3718; 400
0.3744; 400
0.377; 400
0.3796; 400
0.3822; 400
0.3848; 400
0.3874; 400
0.39; 400
0.3926; 400
0.3952; 400
0.3978; 400
0.4004; 400
0.403; 400
0.4056; 400
0.4082; 400
0.4108; 400
0.4134; 400
0.416; 400
0.4186; 400
0.4212; 400
0.4238; 400
0.4264; 400
0.429; 400
0.4316; 400
0.4342; 400
0.4368; 400
0.4394; 400
0.442; 400
0.4446; 400
0.4472; 400
0.4498; 400
0.4524; 400
0.455; 400
0.4576; 400
0.4602; 400
0.4628; 400
0.4654; 400
0.468; 400
0.4706; 400
0.4732; 400
0.4758; 400
0.4784; 400
0.481; 400
0.4836; 400
0.4862; 400
0.4888; 400
0.4914; 400
0.494; 400
0.4966; 400
0.4992; 400
0.5018; 400
0.5044; 400
0.507; 400
0.5096; 400
0.5122; 400.001
0.5148; 400.001
0.5174; 400.001
0.52; 400.001
0.5226; 400.001
0.5252; 400.002
0.5278; 400.002
0.5304; 400.002
0.533; 400.003
0.5356; 400.003
0.5382; 400.004
0.5408; 400.005
0.5434; 400.006
0.546; 400.007
0.5486; 400.009
0.5512; 400.011
0.5538; 400.013
0.5564; 400.015
0.559; 400.018
0.5616; 400.021
0.5642; 400.025
0.5668; 400.03
0.5694; 400.036
0.572; 400.042
0.5746; 400.05
0.5772; 400.059
0.5798; 400.069
0.5824; 400.081
0.585; 400.095
0.5876; 400.111
0.5902; 400.129
0.5928; 400.151
0.5954; 400.176
0.598; 400.204
0.6006; 400.237
0.6032; 400.274
0.6058; 400.316
0.6084; 400.365
0.611; 400.42
0.6136; 400.483
0.6162; 400.554
0.6188; 400.634
0.6214; 400.725
0.624; 400.828
0.6266; 400.943
0.6292; 401.072
0.6318; 401.218
0.6344; 401.38
0.637; 401.562
0.6396; 401.765
0.6422; 401.991
0.6448; 402.242
0.6474; 402.521
0.65; 402.83
0.6526; 403.172
0.6552; 403.549
0.6578; 403.965
0.6604; 404.422
0.663; 404.925
0.6656; 405.476
0.6682; 406.079
0.6708; 406.737
0.6734; 407.456
0.676; 408.237
0.6786; 409.086
0.6812; 410.006
0.6838; 411.001
0.6864; 412.076
0.689; 413.234
0.6916; 414.479
0.6942; 415.815
0.6968; 417.246
0.6994; 418.775
0.702; 420.405
0.7046; 422.139
0.7072; 423.98
0.7098; 425.93
0.7124; 427.99
0.715; 430.163
0.7176; 432.448
0.7202; 434.847
0.7228; 437.359
0.7254; 439.983
0.728; 442.719
0.7306; 445.564
0.7332; 448.515
0.7358; 451.571
0.7384; 454.727
0.741; 457.98
0.7436; 461.325
0.7462; 464.758
0.7488; 468.275
0.7514; 471.87
0.754; 475.539
0.7566; 479.279
0.7592; 483.086
0.7618; 486.959
0.7644; 490.895
0.767; 494.896
0.7696; 498.959
0.7722; 503.08
0.7748; 507.25
0.7774; 511.454
0.78; 515.68
0.7826; 519.914
0.7852; 524.142
0.7878; 528.349
0.7904; 532.516
0.793; 536.635
0.7956; 540.699
0.7982; 544.705
0.8008; 548.65
0.8034; 552.533
0.806; 556.352
0.8086; 560.105
0.8112; 563.788
0.8138; 567.396
0.8164; 570.935
0.819; 574.799
0.8216; 578.881
0.8242; 582.809
0.8268; 586.593
0.8294; 590.245
0.832; 593.78
0.8346; 597.213
0.8372; 600.56
0.8398; 603.845
0.8424; 607.099
0.845; 610.373
0.8476; 613.542
0.8502; 616.505
0.8528; 619.349
0.8554; 622.16
0.858; 624.969
0.8606; 627.787
0.8632; 630.62
0.8658; 633.471
0.8684; 636.345
0.871; 639.243
0.8736; 642.168
0.8762; 645.122
0.8788; 648.109
0.8814; 651.134
0.884; 654.202
0.8866; 657.443
0.8892; 660.896
0.8918; 664.356
0.8944; 667.818
0.897; 671.266
0.8996; 674.675
0.9022; 678.017
0.9048; 681.262
0.9074; 684.376
0.91; 687.331
0.9126; 690.095
0.9152; 692.641
0.9178; 694.944
0.9204; 696.982
0.923; 698.738
0.9256; 700.198
0.9282; 701.354
0.9308; 702.2
0.9334; 702.736
0.936; 702.966
0.9386; 702.898
0.9412; 702.541
0.9438; 701.911
0.9464; 701.024
0.949; 699.9
0.9516; 698.558
0.9542; 697.023
0.9568; 695.317
0.9594; 693.465
0.962; 691.494
0.9646; 689.429
0.9672; 687.297
0.9698; 685.125
0.9724; 682.939
0.975; 680.767
0.9776; 678.635
0.9802; 676.569
0.9828; 674.598
0.9854; 672.747
0.988; 671.043
0.9906; 669.51
0.9932; 668.176
0.9958; 667.061
0.9984; 666.186
1.001; 665.571
1.0036; 665.239
1.0062; 665.305
1.0088; 665.509
1.0114; 665.868
1.014; 666.394
1.0166; 667.084
1.0192; 667.932
1.0218; 668.931
1.0244; 670.073
1.027; 671.348
1.0296; 672.745
1.0322; 674.253
1.0348; 675.856
1.0374; 677.542
1.04; 679.292
1.0426; 681.087
1.0452; 682.908
1.0478; 684.888
1.0504; 687.166
1.053; 689.543
1.0556; 691.978
1.0582; 694.427
1.0608; 696.845
1.0634; 699.187
1.066; 701.408
1.0686; 703.464
1.0712; 705.316
1.0738; 706.926
1.0764; 708.263
1.079; 709.299
1.0816; 710.012
1.0842; 710.386
1.0868; 710.412
1.0894; 710.086
1.092; 709.413
1.0946; 708.401
1.0972; 707.069
1.0998; 705.438
1.1024; 703.537
1.105; 701.4
1.1076; 699.064
1.1102; 696.572
1.1128; 693.969
1.1154; 691.302
1.118; 688.62
1.1206; 685.97
1.1232; 683.401
1.1258; 680.957
1.1284; 678.681
1.131; 676.606
1.1336; 674.758
1.1362; 673.146
1.1388; 672.007
1.1414; 671.235
1.144; 670.645
1.1466; 670.294
1.1492; 670.209
1.1518; 670.362
1.1544; 670.753
1.157; 671.368
1.1596; 672.199
1.1622; 673.235
1.1648; 674.465
1.1674; 675.877
1.17; 677.457
1.1726; 679.19
1.1752; 681.062
1.1778; 683.34
1.1804; 686.109
1.183; 689.096
1.1856; 692.262
1.1882; 695.568
1.1908; 698.97
1.1934; 702.425
1.196; 705.894
1.1986; 709.336
1.2012; 712.717
1.2038; 716.003
1.2064; 719.168
1.209; 722.186
1.2116; 725.038
1.2142; 727.708
1.2168; 730.186
1.2194; 732.462
1.222; 734.534
1.2246; 736.398
1.2272; 738.058
1.2298; 739.514
1.2324; 740.772
1.235; 741.837
1.2376; 742.714
1.2402; 743.409
1.2428; 743.925
1.2454; 744.267
1.248; 744.437
