0.00026; 300.042
0.00052; 300.042
0.00078; 300.042
0.00104; 300.043
0.0013; 300.043
0.00156; 300.043
0.00182; 300.044
0.00208; 300.045
0.00234; 300.046
0.0026; 300.047
0.00286; 300.048
0.00312; 300.05
0.00338; 300.051
0.00364; 300.053
0.0039; 300.054
0.00416; 300.056
0.00442; 300.059
0.00468; 300.061
0.00494; 300.063
0.0052; 300.066
0.00546; 300.069
0.00572; 300.072
0.00598; 300.075
0.00624; 300.078
0.0065; 300.082
0.00676; 300.085
0.00702; 300.089
0.00728; 300.093
0.00754; 300.098
0.0078; 300.102
0.00806; 300.107
0.00832; 300.112
0.00858; 300.117
0.00884; 300.123
0.0091; 300.128
0.00936; 300.134
0.00962; 300.14
0.00988; 300.147
0.01014; 300.153
0.0104; 300.16
0.01066; 300.168
0.01092; 300.175
0.01118; 300.183
0.01144; 300.191
0.0117; 300.2
0.01196; 300.208
0.01222; 300.218
0.01248; 300.227
0.01274; 300.237
0.013; 300.247
0.01326; 300.258
0.01352; 300.269
0.01378; 300.28
0.01404; 300.292
0.0143; 300.305
0.01456; 300.317
0.01482; 300.331
0.01508; 300.344
0.01534; 300.359
0.0156; 300.373
0.01586; 300.389
0.01612; 300.404
0.01638; 300.421
0.01664; 300.438
0.0169; 300.455
0.01716; 300.473
0.01742; 300.492
0.01768; 300.511
0.01794; 300.531
0.0182; 300.552
0.01846; 300.574
0.01872; 300.596
0.01898; 300.619
0.01924; 300.643
0.0195; 300.667
0.01976; 300.693
0.02002; 300.719
0.02028; 300.746
0.02054; 300.774
0.0208; 300.803
0.02106; 300.833
0.02132; 300.864
0.02158; 300.896
0.02184; 300.928
0.0221; 300.962
0.02236; 300.998
0.02262; 301.034
0.02288; 301.071
0.02314; 301.11
0.0234; 301.15
0.02366; 301.191
0.02392; 301.233
0.02418; 301.277
0.02444; 301.322
0.0247; 301.369
0.02496; 301.417
0.02522; 301.466
0.02548; 301.517
0.02574; 301.57
0.026; 301.624
0.02626; 301.68
0.02652; 301.738
0.02678; 301.797
0.02704; 301.859
0.0273; 301.922
0.02756; 301.987
0.02782; 302.054
0.02808; 302.123
0.02834; 302.194
0.0286; 302.267
0.02886; 302.342
0.02912; 302.42
0.02938; 302.5
0.02964; 302.582
0.0299; 302.666
0.03016; 302.754
0.03042; 302.843
0.03068; 302.936
0.03094; 303.031
0.0312; 303.128
0.03146; 303.229
0.03172; 303.332
0.03198; 303.438
0.03224; 303.548
0.0325; 303.66
0.03276; 303.776
0.03302; 303.895
0.03328; 304.017
0.03354; 304.143
0.0338; 304.272
0.03406; 304.405
0.03432; 304.541
0.03458; 304.682
0.03484; 304.826
0.0351; 304.974
0.03536; 305.126
0.03562; 305.282
0.03588; 305.442
0.03614; 305.607
0.0364; 305.776
0.03666; 305.95
0.03692; 306.128
0.03718; 306.312
0.03744; 306.499
0.0377; 306.692
0.03796; 306.89
0.03822; 307.094
0.03848; 307.302
0.03874; 307.516
0.039; 307.735
0.03926; 307.961
0.03952; 308.191
0.03978; 308.428
0.04004; 308.671
0.0403; 308.92
0.04056; 309.175
0.04082; 309.437
0.04108; 309.706
0.04134; 309.981
0.0416; 310.262
0.04186; 310.551
0.04212; 310.847
0.04238; 311.151
0.04264; 311.461
0.0429; 311.78
0.04316; 312.106
0.04342; 312.44
0.04368; 312.782
0.04394; 313.132
0.0442; 313.49
0.04446; 313.857
0.04472; 314.233
0.04498; 314.618
0.04524; 315.012
0.0455; 315.415
0.04576; 315.827
0.04602; 316.249
0.04628; 316.68
0.04654; 317.122
0.0468; 317.574
0.04706; 318.036
0.04732; 318.508
0.04758; 318.992
0.04784; 319.486
0.0481; 319.991
0.04836; 320.507
0.04862; 321.035
0.04888; 321.575
0.04914; 322.126
0.0494; 322.69
0.04966; 323.266
0.04992; 323.854
0.05018; 324.455
0.05044; 325.069
0.0507; 325.697
0.05096; 326.337
0.05122; 326.991
0.05148; 327.659
0.05174; 328.341
0.052; 329.037
0.05226; 329.748
0.05252; 330.473
0.05278; 331.214
0.05304; 331.969
0.0533; 332.74
0.05356; 333.527
0.05382; 334.33
0.05408; 335.148
0.05434; 335.983
0.0546; 336.835
0.05486; 337.704
0.05512; 338.589
0.05538; 339.492
0.05564; 340.413
0.0559; 341.351
0.05616; 342.308
0.05642; 343.283
0.05668; 344.276
0.05694; 345.289
0.0572; 346.32
0.05746; 347.371
0.05772; 348.442
0.05798; 349.532
0.05824; 350.643
0.0585; 351.774
0.05876; 352.925
0.05902; 354.098
0.05928; 355.292
0.05954; 356.507
0.0598; 357.744
0.06006; 359.003
0.06032; 360.284
0.06058; 361.588
0.06084; 362.914
0.0611; 364.264
0.06136; 365.636
0.06162; 367.033
0.06188; 368.453
0.06214; 369.897
0.0624; 371.365
0.06266; 372.859
0.06292; 374.377
0.06318; 375.92
0.06344; 377.488
0.0637; 379.082
0.06396; 380.702
0.06422; 382.348
0.06448; 384.021
0.06474; 385.72
0.065; 387.446
0.06526; 389.199
0.06552; 390.98
0.06578; 392.788
0.06604; 394.624
0.0663; 396.488
0.06656; 398.381
0.06682; 400.302
0.06708; 402.252
0.06734; 404.231
0.0676; 406.239
0.06786; 408.277
0.06812; 410.344
0.06838; 412.442
0.06864; 414.57
0.0689; 416.728
0.06916; 418.917
0.06942; 421.136
0.06968; 423.387
0.06994; 425.669
0.0702; 427.982
0.07046; 430.327
0.07072; 432.704
0.07098; 435.112
0.07124; 437.553
0.0715; 440.026
0.07176; 442.532
0.07202; 445.071
0.07228; 447.642
0.07254; 450.247
0.0728; 452.885
0.07306; 455.556
0.07332; 458.26
0.07358; 460.998
0.07384; 463.77
0.0741; 466.576
0.07436; 469.416
0.07462; 472.289
0.07488; 475.197
0.07514; 478.14
0.0754; 481.117
0.07566; 484.128
0.07592; 487.174
0.07618; 490.255
0.07644; 493.37
0.0767; 496.521
0.07696; 499.706
0.07722; 502.926
0.07748; 506.181
0.07774; 509.471
0.078; 512.797
0.07826; 516.157
0.07852; 519.553
0.07878; 522.984
0.07904; 526.45
0.0793; 529.951
0.07956; 533.487
0.07982; 537.058
0.08008; 540.665
0.08034; 544.306
0.0806; 547.983
0.08086; 551.695
0.08112; 555.441
0.08138; 559.223
0.08164; 563.039
0.0819; 566.89
0.08216; 570.776
0.08242; 574.696
0.08268; 578.651
0.08294; 582.64
0.0832; 586.664
0.08346; 590.721
0.08372; 594.813
0.08398; 598.938
0.08424; 603.097
0.0845; 607.289
0.08476; 611.515
0.08502; 615.774
0.08528; 620.066
0.08554; 624.391
0.0858; 628.748
0.08606; 633.138
0.08632; 637.56
0.08658; 642.014
0.08684; 646.5
0.0871; 651.017
0.08736; 655.565
0.08762; 660.144
0.08788; 664.754
0.08814; 669.395
0.0884; 674.065
0.08866; 678.765
0.08892; 683.495
0.08918; 688.254
0.08944; 693.042
0.0897; 697.859
0.08996; 702.703
0.09022; 707.576
0.09048; 712.477
0.09074; 717.404
0.091; 722.358
0.09126; 727.339
0.09152; 732.346
0.09178; 737.379
0.09204; 742.436
0.0923; 747.519
0.09256; 752.626
0.09282; 757.758
0.09308; 762.913
0.09334; 768.091
0.0936; 773.292
0.09386; 778.515
0.09412; 783.761
0.09438; 789.027
0.09464; 794.315
0.0949; 799.623
0.09516; 804.951
0.09542; 810.299
0.09568; 815.666
0.09594; 821.051
0.0962; 826.454
0.09646; 831.875
0.09672; 837.313
0.09698; 842.768
0.09724; 848.239
0.0975; 853.725
0.09776; 859.226
0.09802; 864.742
0.09828; 870.271
0.09854; 875.814
0.0988; 881.37
0.09906; 886.938
0.09932; 892.518
0.09958; 898.109
0.09984; 903.71
0.1001; 909.322
0.10036; 914.943
0.10062; 920.573
0.10088; 926.211
0.10114; 931.857
0.1014; 937.51
0.10166; 943.17
0.10192; 948.836
0.10218; 954.507
0.10244; 960.183
0.1027; 965.863
0.10296; 971.547
0.10322; 977.234
0.10348; 982.923
0.10374; 988.614
0.104; 994.307
0.10426; 1000
0.10452; 1000
0.10478; 1000
0.10504; 1000
0.1053; 1000
0.10556; 1000
0.10582; 1000
0.10608; 1000
0.10634; 1000
0.1066; 1000
0.10686; 1000
0.10712; 1000
0.10738; 1000
0.10764; 1000
0.1079; 1000
0.10816; 1000
0.10842; 1000
0.10868; 1000
0.10894; 1000
0.1092; 1000
0.10946; 1000
0.10972; 1000
0.10998; 1000
0.11024; 1000
0.1105; 1000
0.11076; 1000
0.11102; 1000
0.11128; 1000
0.11154; 1000
0.1118; 1000
0.11206; 1000
0.11232; 1000
0.11258; 1000
0.11284; 1000
0.1131; 1000
0.11336; 1000
0.11362; 1000
0.11388; 1000
0.11414; 1000
0.1144; 1000
0.11466; 1000
0.11492; 1000
0.11518; 1000
0.11544; 1000
0.1157; 1000
0.11596; 1000
0.11622; 1000
0.11648; 1000
0.11674; 1000
0.117; 1000
0.11726; 1000
0.11752; 1000
0.11778; 1000
0.11804; 1000
0.1183; 1000
0.11856; 1000
0.11882; 1000
0.11908; 1000
0.11934; 1000
0.1196; 1000
0.11986; 1000
0.12012; 1000
0.12038; 1000
0.12064; 1000
0.1209; 1000
0.12116; 1000
0.12142; 1000
0.12168; 1000
0.12194; 1000
0.1222; 1000
0.12246; 1000
0.12272; 1000
0.12298; 1000
0.12324; 1000
0.1235; 1000
0.12376; 1000
0.12402; 1000
0.12428; 1000
0.12454; 1000
0.1248; 1000
