0.00026; 0
0.00052; 0
0.00078; 0
0.00104; 0
0.0013; 0
0.00156; 0
0.00182; 0
0.00208; 0
0.00234; 0
0.0026; 0
0.00286; 0
0.00312; 0
0.00338; 0
0.00364; 0
0.0039; 0
0.00416; 0
0.00442; 0
0.00468; 0
0.00494; 0
0.0052; 0
0.00546; 0
0.00572; 0
0.00598; 0
0.00624; 0
0.0065; 0
0.00676; 0
0.00702; 0
0.00728; 0
0.00754; 0
0.0078; 0
0.00806; 0
0.00832; 0
0.00858; 0
0.00884; 0
0.0091; 0
0.00936; 0
0.00962; 0
0.00988; 0
0.01014; 0
0.0104; 0
0.01066; 0
0.01092; 0
0.01118; 0
0.01144; 0
0.0117; 0
0.01196; 0
0.01222; 0
0.01248; 0
0.01274; 0
0.013; 0
0.01326; 0
0.01352; 0
0.01378; 0
0.01404; 0
0.0143; 0
0.01456; 0
0.01482; 0
0.01508; 0
0.01534; 0
0.0156; 0
0.01586; 0
0.01612; 0
0.01638; 0
0.01664; 0
0.0169; 0
0.01716; 0
0.01742; 0
0.01768; 0
0.01794; 0
0.0182; 0
0.01846; 0
0.01872; 0
0.01898; 0
0.01924; 0
0.0195; 0
0.01976; 0
0.02002; 0
0.02028; 0
0.02054; 0
0.0208; 0
0.02106; 0
0.02132; 0
0.02158; 0
0.02184; 0
0.0221; 0
0.02236; 0
0.02262; 0
0.02288; 0
0.02314; 0
0.0234; 0
0.02366; 0
0.02392; 0
0.02418; 0
0.02444; 0
0.0247; 0
0.02496; 0
0.02522; 0
0.02548; 0
0.02574; 0
0.026; 0
0.02626; 0
0.02652; 0
0.02678; 0
0.02704; 0
0.0273; 0
0.02756; 0
0.02782; 0
0.02808; 0
0.02834; 0
0.0286; 0
0.02886; 0
0.02912; 0
0.02938; 0
0.02964; 0
0.0299; 0
0.03016; 0
0.03042; 0
0.03068; 0
0.03094; 0
0.0312; 0
0.03146; 0
0.03172; 0
0.03198; 0
0.03224; 0
0.0325; 0
0.03276; 873.196
0.03302; 873.196
0.03328; 873.175
0.03354; 873.155
0.0338; 873.116
0.03406; 873.077
0.03432; 873.019
0.03458; 872.962
0.03484; 872.886
0.0351; 872.81
0.03536; 872.715
0.03562; 872.621
0.03588; 872.507
0.03614; 872.394
0.0364; 872.261
0.03666; 872.129
0.03692; 871.978
0.03718; 871.827
0.03744; 871.657
0.0377; 871.487
0.03796; 871.298
0.03822; 871.111
0.03848; 870.901
0.03874; 870.693
0.039; 870.464
0.03926; 870.237
0.03952; 869.988
0.03978; 869.74
0.04004; 869.472
0.0403; 869.206
0.04056; 868.918
0.04082; 868.631
0.04108; 868.322
0.04134; 868.015
0.0416; 867.686
0.04186; 867.359
0.04212; 867.009
0.04238; 866.661
0.04264; 866.29
0.0429; 865.921
0.04316; 865.529
0.04342; 865.139
0.04368; 864.726
0.04394; 864.315
0.0442; 863.881
0.04446; 863.447
0.04472; 862.992
0.04498; 862.536
0.04524; 862.058
0.0455; 861.581
0.04576; 861.081
0.04602; 860.581
0.04628; 860.058
0.04654; 859.535
0.0468; 858.989
0.04706; 858.443
0.04732; 857.874
0.04758; 857.304
0.04784; 856.712
0.0481; 856.119
0.04836; 855.502
0.04862; 854.885
0.04888; 854.244
0.04914; 853.602
0.0494; 852.937
0.04966; 852.27
0.04992; 851.58
0.05018; 850.887
0.05044; 850.171
0.0507; 849.453
0.05096; 848.711
0.05122; 847.966
0.05148; 847.197
0.05174; 846.426
0.052; 845.63
0.05226; 844.831
0.05252; 844.007
0.05278; 843.18
0.05304; 842.328
0.0533; 841.472
0.05356; 840.591
0.05382; 839.705
0.05408; 838.795
0.05434; 837.879
0.0546; 836.938
0.05486; 835.991
0.05512; 835.02
0.05538; 834.041
0.05564; 833.037
0.0559; 832.026
0.05616; 830.989
0.05642; 829.945
0.05668; 828.875
0.05694; 827.796
0.0572; 826.691
0.05746; 825.576
0.05772; 824.435
0.05798; 823.285
0.05824; 822.107
0.0585; 820.92
0.05876; 819.704
0.05902; 818.476
0.05928; 817.222
0.05954; 815.955
0.0598; 814.661
0.06006; 813.354
0.06032; 812.018
0.06058; 810.668
0.06084; 809.29
0.0611; 807.896
0.06136; 806.475
0.06162; 805.037
0.06188; 803.57
0.06214; 802.086
0.0624; 800.573
0.06266; 799.042
0.06292; 797.482
0.06318; 795.903
0.06344; 794.295
0.0637; 792.668
0.06396; 791.012
0.06422; 789.335
0.06448; 787.629
0.06474; 785.903
0.065; 784.148
0.06526; 782.372
0.06552; 780.567
0.06578; 778.742
0.06604; 776.889
0.0663; 775.016
0.06656; 773.116
0.06682; 771.197
0.06708; 769.252
0.06734; 767.289
0.0676; 765.302
0.06786; 763.298
0.06812; 761.274
0.06838; 759.233
0.06864; 757.175
0.0689; 755.104
0.06916; 753.018
0.06942; 750.921
0.06968; 748.813
0.06994; 746.697
0.0702; 744.575
0.07046; 742.448
0.07072; 740.318
0.07098; 738.186
0.07124; 736.056
0.0715; 733.927
0.07176; 731.803
0.07202; 729.683
0.07228; 727.572
0.07254; 725.468
0.0728; 723.376
0.07306; 721.293
0.07332; 719.225
0.07358; 717.166
0.07384; 715.126
0.0741; 713.097
0.07436; 711.088
0.07462; 709.091
0.07488; 707.116
0.07514; 705.153
0.0754; 703.213
0.07566; 701.287
0.07592; 699.384
0.07618; 697.494
0.07644; 695.629
0.0767; 693.778
0.07696; 691.951
0.07722; 690.137
0.07748; 688.35
0.07774; 686.574
0.078; 684.825
0.07826; 683.088
0.07852; 681.376
0.07878; 679.677
0.07904; 678.003
0.0793; 676.341
0.07956; 674.706
0.07982; 673.081
0.08008; 671.482
0.08034; 669.894
0.0806; 668.332
0.08086; 666.78
0.08112; 665.255
0.08138; 663.738
0.08164; 662.248
0.0819; 660.767
0.08216; 659.312
0.08242; 657.865
0.08268; 656.446
0.08294; 655.034
0.0832; 653.649
0.08346; 652.27
0.08372; 650.919
0.08398; 649.574
0.08424; 648.257
0.0845; 646.945
0.08476; 645.661
0.08502; 644.382
0.08528; 643.132
0.08554; 641.885
0.0858; 640.667
0.08606; 639.453
0.08632; 638.268
0.08658; 637.085
0.08684; 635.932
0.0871; 634.782
0.08736; 633.661
0.08762; 632.542
0.08788; 631.453
0.08814; 630.366
0.0884; 629.309
0.08866; 628.253
0.08892; 627.227
0.08918; 626.203
0.08944; 625.209
0.0897; 624.216
0.08996; 623.253
0.09022; 622.29
0.09048; 621.359
0.09074; 620.428
0.091; 619.527
0.09126; 618.627
0.09152; 617.758
0.09178; 616.888
0.09204; 616.05
0.0923; 615.211
0.09256; 614.404
0.09282; 613.596
0.09308; 612.82
0.09334; 612.042
0.0936; 611.297
0.09386; 610.55
0.09412; 609.835
0.09438; 609.118
0.09464; 608.434
0.0949; 607.748
0.09516; 607.095
0.09542; 606.44
0.09568; 605.817
0.09594; 605.193
0.0962; 604.601
0.09646; 604.007
0.09672; 603.446
0.09698; 602.882
0.09724; 602.352
0.0975; 601.819
0.09776; 601.319
0.09802; 600.816
0.09828; 600.347
0.09854; 599.875
0.0988; 599.436
0.09906; 598.994
0.09932; 598.585
0.09958; 598.174
0.09984; 597.796
0.1001; 597.415
0.10036; 597.066
0.10062; 596.715
0.10088; 596.397
0.10114; 596.076
0.1014; 595.788
0.10166; 595.497
0.10192; 595.24
0.10218; 594.979
0.10244; 594.752
0.1027; 594.521
0.10296; 594.323
0.10322; 594.122
0.10348; 593.954
0.10374; 593.783
0.104; 593.644
0.10426; 593.501
0.10452; 593.392
0.10478; 593.278
0.10504; 593.198
0.1053; 593.113
0.10556; 593.06
0.10582; 593.002
0.10608; 592.973
0.10634; 592.937
0.1066; 0
0.10686; 0
0.10712; 0
0.10738; 0
0.10764; 0
0.1079; 0
0.10816; 0
0.10842; 0
0.10868; 0
0.10894; 0
0.1092; 0
0.10946; 0
0.10972; 0
0.10998; 0
0.11024; 0
0.1105; 0
0.11076; 0
0.11102; 0
0.11128; 0
0.11154; 0
0.1118; 0
0.11206; 0
0.11232; 0
0.11258; 0
0.11284; 0
0.1131; 0
0.11336; 0
0.11362; 0
0.11388; 0
0.11414; 0
0.1144; 0
0.11466; 0
0.11492; 0
0.11518; 0
0.11544; 0
0.1157; 0
0.11596; 0
0.11622; 0
0.11648; 0
0.11674; 0
0.117; 0
0.11726; 0
0.11752; 0
0.11778; 0
0.11804; 0
0.1183; 0
0.11856; 0
0.11882; 0
0.11908; 0
0.11934; 0
0.1196; 0
0.11986; 0
0.12012; 0
0.12038; 0
0.12064; 0
0.1209; 0
0.12116; 0
0.12142; 0
0.12168; 0
0.12194; 0
0.1222; 0
0.12246; 0
0.12272; 0
0.12298; 0
0.12324; 0
0.1235; 0
0.12376; 0
0.12402; 0
0.12428; 0
0.12454; 0
0.1248; 0
