0.0026; 400
0.0052; 400
0.0078; 400
0.0104; 400
0.013; 400
0.0156; 400
0.0182; 400
0.0208; 400
0.0234; 400
0.026; 400
0.0286; 400
0.0312; 400
0.0338; 400
0.0364; 400
0.039; 400
0.0416; 400
0.0442; 400
0.0468; 400
0.0494; 400
0.052; 400
0.0546; 400
0.0572; 400
0.0598; 400
0.0624; 400
0.065; 400
0.0676; 400
0.0702; 400
0.0728; 400
0.0754; 400
0.078; 400
0.0806; 400
0.0832; 400
0.0858; 400
0.0884; 400
0.091; 400
0.0936; 400
0.0962; 400
0.0988; 400
0.1014; 400
0.104; 400
0.1066; 400
0.1092; 400
0.1118; 400
0.1144; 400
0.117; 400
0.1196; 400
0.1222; 400
0.1248; 400
0.1274; 400
0.13; 400
0.1326; 400
0.1352; 400
0.1378; 400
0.1404; 400
0.143; 400
0.1456; 400
0.1482; 400
0.1508; 400
0.1534; 400
0.156; 400
0.1586; 400
0.1612; 400
0.1638; 400
0.1664; 400
0.169; 400
0.1716; 400
0.1742; 400
0.1768; 400
0.1794; 400
0.182; 400
0.1846; 400
0.1872; 400
0.1898; 400
0.1924; 400
0.195; 400
0.1976; 400
0.2002; 400
0.2028; 400
0.2054; 400
0.208; 400
0.2106; 400
0.2132; 400
0.2158; 400
0.2184; 400
0.221; 400
0.2236; 400
0.2262; 400
0.2288; 400
0.2314; 400
0.234; 400
0.2366; 400
0.2392; 400
0.2418; 400
0.2444; 400
0.247; 400
0.2496; 400
0.2522; 400
0.2548; 400
0.2574; 400
0.26; 400
0.2626; 400
0.2652; 400
0.2678; 400
0.2704; 400
0.273; 400
0.2756; 400.001
0.2782; 400.001
0.2808; 400.001
0.2834; 400.001
0.286; 400.001
0.2886; 400.001
0.2912; 400.001
0.2938; 400.001
0.2964; 400.001
0.299; 400.002
0.3016; 400.002
0.3042; 400.002
0.3068; 400.002
0.3094; 400.002
0.312; 400.002
0.3146; 400.003
0.3172; 400.003
0.3198; 400.003
0.3224; 400.003
0.325; 400.004
0.3276; 400.004
0.3302; 400.004
0.3328; 400.005
0.3354; 400.005
0.338; 400.006
0.3406; 400.006
0.3432; 400.007
0.3458; 400.007
0.3484; 400.008
0.351; 400.009
0.3536; 400.01
0.3562; 400.01
0.3588; 400.011
0.3614; 400.013
0.364; 400.014
0.3666; 400.015
0.3692; 400.017
0.3718; 400.018
0.3744; 400.02
0.377; 400.022
0.3796; 400.024
0.3822; 400.026
0.3848; 400.029
0.3874; 400.032
0.39; 400.035
0.3926; 400.038
0.3952; 400.042
0.3978; 400.046
0.4004; 400.05
0.403; 400.055
0.4056; 400.061
0.4082; 400.066
0.4108; 400.073
0.4134; 400.08
0.416; 400.087
0.4186; 400.096
0.4212; 400.105
0.4238; 400.114
0.4264; 400.125
0.429; 400.137
0.4316; 400.149
0.4342; 400.163
0.4368; 400.178
0.4394; 400.194
0.442; 400.212
0.4446; 400.231
0.4472; 400.251
0.4498; 400.273
0.4524; 400.297
0.455; 400.323
0.4576; 400.351
0.4602; 400.382
0.4628; 400.414
0.4654; 400.45
0.468; 400.487
0.4706; 400.528
0.4732; 400.572
0.4758; 400.619
0.4784; 400.67
0.481; 400.724
0.4836; 400.782
0.4862; 400.845
0.4888; 400.912
0.4914; 400.983
0.494; 401.06
0.4966; 401.142
0.4992; 401.229
0.5018; 401.323
0.5044; 401.422
0.507; 401.529
0.5096; 401.642
0.5122; 401.762
0.5148; 401.89
0.5174; 402.027
0.52; 402.171
0.5226; 402.325
0.5252; 402.488
0.5278; 402.661
0.5304; 402.844
0.533; 403.038
0.5356; 403.243
0.5382; 403.46
0.5408; 403.69
0.5434; 403.932
0.546; 404.188
0.5486; 404.457
0.5512; 404.741
0.5538; 405.04
0.5564; 405.355
0.559; 405.686
0.5616; 406.035
0.5642; 406.4
0.5668; 406.784
0.5694; 407.187
0.572; 407.609
0.5746; 408.051
0.5772; 408.514
0.5798; 408.998
0.5824; 409.505
0.585; 410.034
0.5876; 410.586
0.5902; 411.163
0.5928; 411.764
0.5954; 412.39
0.598; 413.043
0.6006; 413.722
0.6032; 414.429
0.6058; 415.163
0.6084; 415.926
0.611; 416.718
0.6136; 417.539
0.6162; 418.391
0.6188; 419.274
0.6214; 420.188
0.624; 421.133
0.6266; 422.112
0.6292; 423.123
0.6318; 424.167
0.6344; 425.245
0.637; 426.357
0.6396; 427.504
0.6422; 428.685
0.6448; 429.902
0.6474; 431.154
0.65; 432.442
0.6526; 433.765
0.6552; 435.125
0.6578; 436.521
0.6604; 437.953
0.663; 439.421
0.6656; 440.926
0.6682; 442.468
0.6708; 444.045
0.6734; 445.659
0.676; 447.309
0.6786; 448.995
0.6812; 450.717
0.6838; 452.474
0.6864; 454.267
0.689; 456.094
0.6916; 457.956
0.6942; 459.851
0.6968; 461.781
0.6994; 463.743
0.702; 465.738
0.7046; 467.764
0.7072; 469.822
0.7098; 471.91
0.7124; 474.029
0.715; 476.176
0.7176; 478.351
0.7202; 480.555
0.7228; 482.784
0.7254; 485.04
0.728; 487.32
0.7306; 489.625
0.7332; 491.953
0.7358; 494.303
0.7384; 496.675
0.741; 499.067
0.7436; 501.48
0.7462; 503.912
0.7488; 506.363
0.7514; 508.834
0.754; 511.325
0.7566; 513.837
0.7592; 516.371
0.7618; 518.929
0.7644; 521.515
0.767; 524.132
0.7696; 526.781
0.7722; 529.463
0.7748; 532.175
0.7774; 534.913
0.78; 537.671
0.7826; 540.444
0.7852; 543.225
0.7878; 546.006
0.7904; 548.779
0.793; 551.539
0.7956; 554.283
0.7982; 557.009
0.8008; 559.716
0.8034; 562.405
0.806; 565.075
0.8086; 567.725
0.8112; 570.358
0.8138; 572.975
0.8164; 575.594
0.819; 578.454
0.8216; 581.515
0.8242; 584.548
0.8268; 587.549
0.8294; 590.52
0.832; 593.464
0.8346; 596.381
0.8372; 599.274
0.8398; 602.143
0.8424; 604.994
0.845; 607.848
0.8476; 610.565
0.8502; 613.069
0.8528; 615.448
0.8554; 617.774
0.858; 620.066
0.8606; 622.332
0.8632; 624.573
0.8658; 626.789
0.8684; 628.982
0.871; 631.152
0.8736; 633.299
0.8762; 635.425
0.8788; 637.534
0.8814; 639.627
0.884; 641.7
0.8866; 643.789
0.8892; 645.905
0.8918; 647.936
0.8944; 649.892
0.897; 651.782
0.8996; 653.607
0.9022; 655.368
0.9048; 657.065
0.9074; 658.697
0.91; 660.265
0.9126; 661.768
0.9152; 663.206
0.9178; 664.579
0.9204; 665.888
0.923; 667.133
0.9256; 668.316
0.9282; 669.437
0.9308; 670.499
0.9334; 671.503
0.936; 672.451
0.9386; 673.346
0.9412; 674.19
0.9438; 674.985
0.9464; 675.734
0.949; 676.44
0.9516; 677.106
0.9542; 677.734
0.9568; 678.326
0.9594; 678.886
0.962; 679.417
0.9646; 679.921
0.9672; 680.4
0.9698; 680.858
0.9724; 681.297
0.975; 681.72
0.9776; 682.127
0.9802; 682.522
0.9828; 682.904
0.9854; 683.277
0.988; 683.639
0.9906; 683.993
0.9932; 684.339
0.9958; 684.676
0.9984; 685.004
1.001; 685.32
1.0036; 685.633
1.0062; 685.998
1.0088; 686.354
1.0114; 686.718
1.014; 687.089
1.0166; 687.462
1.0192; 687.834
1.0218; 688.205
1.0244; 688.574
1.027; 688.938
1.0296; 689.298
1.0322; 689.652
1.0348; 689.998
1.0374; 690.337
1.04; 690.667
1.0426; 690.988
1.0452; 691.296
1.0478; 691.618
1.0504; 691.942
1.053; 692.245
1.0556; 692.531
1.0582; 692.802
1.0608; 693.059
1.0634; 693.304
1.066; 693.539
1.0686; 693.764
1.0712; 693.98
1.0738; 694.187
1.0764; 694.387
1.079; 694.58
1.0816; 694.768
1.0842; 694.95
1.0868; 695.129
1.0894; 695.304
1.092; 695.478
1.0946; 695.65
1.0972; 695.823
1.0998; 695.998
1.1024; 696.175
1.105; 696.355
1.1076; 696.54
1.1102; 696.73
1.1128; 696.928
1.1154; 697.132
1.118; 697.345
1.1206; 697.568
1.1232; 697.801
1.1258; 698.047
1.1284; 698.307
1.131; 698.581
1.1336; 698.866
1.1362; 699.148
1.1388; 699.485
1.1414; 699.874
1.144; 700.269
1.1466; 700.687
1.1492; 701.132
1.1518; 701.59
1.1544; 702.061
1.157; 702.54
1.1596; 703.027
1.1622; 703.52
1.1648; 704.016
1.1674; 704.515
1.17; 705.015
1.1726; 705.512
1.1752; 706.003
1.1778; 706.583
1.1804; 707.254
1.183; 707.923
1.1856; 708.591
1.1882; 709.256
1.1908; 709.916
1.1934; 710.571
1.196; 711.218
1.1986; 711.855
1.2012; 712.481
1.2038; 713.093
1.2064; 713.689
1.209; 714.266
1.2116; 714.822
1.2142; 715.355
1.2168; 715.861
1.2194; 716.34
1.222; 716.787
1.2246; 717.202
1.2272; 717.581
1.2298; 717.924
1.2324; 718.228
1.235; 718.491
1.2376; 718.713
1.2402; 718.892
1.2428; 719.027
1.2454; 719.118
1.248; 719.163
