0.00026; 361.164
0.00052; 361.168
0.00078; 361.176
0.00104; 361.188
0.0013; 361.212
0.00156; 361.239
0.00182; 361.278
0.00208; 361.32
0.00234; 361.374
0.0026; 361.432
0.00286; 361.501
0.00312; 361.574
0.00338; 361.658
0.00364; 361.746
0.0039; 361.846
0.00416; 361.949
0.00442; 362.063
0.00468; 362.182
0.00494; 362.311
0.0052; 362.445
0.00546; 362.59
0.00572; 362.739
0.00598; 362.899
0.00624; 363.063
0.0065; 363.239
0.00676; 363.418
0.00702; 363.609
0.00728; 363.803
0.00754; 364.009
0.0078; 364.219
0.00806; 364.44
0.00832; 364.665
0.00858; 364.902
0.00884; 365.142
0.0091; 365.394
0.00936; 365.65
0.00962; 365.917
0.00988; 366.188
0.01014; 366.47
0.0104; 366.757
0.01066; 367.055
0.01092; 367.357
0.01118; 367.67
0.01144; 367.988
0.0117; 368.317
0.01196; 368.649
0.01222; 368.994
0.01248; 369.342
0.01274; 369.702
0.013; 370.066
0.01326; 370.441
0.01352; 370.82
0.01378; 371.211
0.01404; 371.606
0.0143; 372.013
0.01456; 372.423
0.01482; 372.846
0.01508; 373.272
0.01534; 373.71
0.0156; 374.152
0.01586; 374.605
0.01612; 375.063
0.01638; 375.532
0.01664; 376.006
0.0169; 376.491
0.01716; 376.98
0.01742; 377.481
0.01768; 377.986
0.01794; 378.504
0.0182; 379.024
0.01846; 379.557
0.01872; 380.094
0.01898; 380.644
0.01924; 381.196
0.0195; 381.761
0.01976; 382.331
0.02002; 382.912
0.02028; 383.497
0.02054; 384.094
0.0208; 384.696
0.02106; 385.309
0.02132; 385.927
0.02158; 386.556
0.02184; 387.19
0.0221; 387.836
0.02236; 388.486
0.02262; 389.148
0.02288; 389.815
0.02314; 390.493
0.0234; 391.176
0.02366; 391.872
0.02392; 392.571
0.02418; 393.283
0.02444; 393.998
0.0247; 394.726
0.02496; 395.459
0.02522; 396.203
0.02548; 396.952
0.02574; 397.714
0.026; 398.479
0.02626; 399.257
0.02652; 400.04
0.02678; 400.834
0.02704; 401.634
0.0273; 402.445
0.02756; 403.261
0.02782; 404.089
0.02808; 404.922
0.02834; 405.768
0.0286; 406.617
0.02886; 407.479
0.02912; 408.346
0.02938; 409.225
0.02964; 410.109
0.0299; 411.006
0.03016; 411.906
0.03042; 412.82
0.03068; 413.737
0.03094; 414.668
0.0312; 415.603
0.03146; 416.551
0.03172; 417.503
0.03198; 418.468
0.03224; 419.438
0.0325; 420.42
0.03276; 421.407
0.03302; 422.406
0.03328; 423.41
0.03354; 424.428
0.0338; 425.449
0.03406; 426.483
0.03432; 427.522
0.03458; 428.575
0.03484; 429.631
0.0351; 430.701
0.03536; 431.774
0.03562; 432.862
0.03588; 433.953
0.03614; 435.058
0.0364; 436.167
0.03666; 437.289
0.03692; 438.416
0.03718; 439.556
0.03744; 440.7
0.0377; 441.858
0.03796; 443.02
0.03822; 444.196
0.03848; 445.376
0.03874; 446.569
0.039; 447.767
0.03926; 448.978
0.03952; 450.194
0.03978; 451.423
0.04004; 452.656
0.0403; 453.903
0.04056; 455.155
0.04082; 456.42
0.04108; 457.689
0.04134; 458.972
0.0416; 460.259
0.04186; 461.56
0.04212; 462.865
0.04238; 464.185
0.04264; 465.508
0.0429; 466.845
0.04316; 468.186
0.04342; 469.542
0.04368; 470.901
0.04394; 472.274
0.0442; 473.652
0.04446; 475.043
0.04472; 476.438
0.04498; 477.848
0.04524; 479.262
0.0455; 480.69
0.04576; 482.121
0.04602; 483.567
0.04628; 485.017
0.04654; 486.48
0.0468; 487.949
0.04706; 489.431
0.04732; 490.917
0.04758; 492.417
0.04784; 493.922
0.0481; 495.44
0.04836; 496.962
0.04862; 498.499
0.04888; 500.04
0.04914; 501.595
0.0494; 503.153
0.04966; 504.726
0.04992; 506.304
0.05018; 507.894
0.05044; 509.49
0.0507; 511.099
0.05096; 512.712
0.05122; 514.34
0.05148; 515.971
0.05174; 517.616
0.052; 519.266
0.05226; 520.929
0.05252; 522.597
0.05278; 524.279
0.05304; 525.965
0.0533; 527.664
0.05356; 529.368
0.05382; 531.086
0.05408; 532.808
0.05434; 534.544
0.0546; 536.284
0.05486; 538.038
0.05512; 539.796
0.05538; 541.568
0.05564; 543.344
0.0559; 545.133
0.05616; 546.927
0.05642; 548.734
0.05668; 550.546
0.05694; 552.372
0.0572; 554.201
0.05746; 556.044
0.05772; 557.891
0.05798; 559.752
0.05824; 561.617
0.0585; 563.495
0.05876; 565.377
0.05902; 567.273
0.05928; 569.173
0.05954; 571.087
0.0598; 573.004
0.06006; 574.935
0.06032; 576.869
0.06058; 578.818
0.06084; 580.77
0.0611; 582.736
0.06136; 584.705
0.06162; 586.688
0.06188; 588.674
0.06214; 590.675
0.0624; 592.678
0.06266; 594.695
0.06292; 596.716
0.06318; 598.75
0.06344; 600.788
0.0637; 602.838
0.06396; 604.893
0.06422; 606.96
0.06448; 609.032
0.06474; 611.116
0.065; 613.204
0.06526; 615.305
0.06552; 617.41
0.06578; 619.527
0.06604; 621.648
0.0663; 623.782
0.06656; 625.919
0.06682; 628.069
0.06708; 630.223
0.06734; 632.388
0.0676; 634.558
0.06786; 636.74
0.06812; 638.926
0.06838; 641.124
0.06864; 643.326
0.0689; 645.54
0.06916; 647.758
0.06942; 649.987
0.06968; 652.22
0.06994; 654.465
0.0702; 656.714
0.07046; 658.975
0.07072; 661.239
0.07098; 663.514
0.07124; 665.794
0.0715; 668.084
0.07176; 670.379
0.07202; 672.685
0.07228; 674.994
0.07254; 677.314
0.0728; 679.638
0.07306; 681.974
0.07332; 684.312
0.07358; 686.662
0.07384; 689.015
0.0741; 691.379
0.07436; 693.747
0.07462; 696.125
0.07488; 698.507
0.07514; 700.899
0.0754; 703.294
0.07566; 705.7
0.07592; 708.109
0.07618; 710.529
0.07644; 712.952
0.0767; 715.385
0.07696; 717.821
0.07722; 720.268
0.07748; 722.717
0.07774; 725.177
0.078; 727.639
0.07826; 730.112
0.07852; 732.587
0.07878; 735.072
0.07904; 737.56
0.0793; 740.058
0.07956; 742.559
0.07982; 745.069
0.08008; 747.581
0.08034; 750.103
0.0806; 752.628
0.08086; 755.162
0.08112; 757.699
0.08138; 760.245
0.08164; 762.793
0.0819; 765.35
0.08216; 767.91
0.08242; 770.479
0.08268; 773.05
0.08294; 775.629
0.0832; 778.211
0.08346; 780.801
0.08372; 783.394
0.08398; 785.995
0.08424; 788.599
0.0845; 791.21
0.08476; 793.824
0.08502; 796.445
0.08528; 799.069
0.08554; 801.701
0.0858; 804.335
0.08606; 806.976
0.08632; 809.619
0.08658; 812.27
0.08684; 814.923
0.0871; 817.583
0.08736; 820.245
0.08762; 822.914
0.08788; 825.585
0.08814; 828.262
0.0884; 830.942
0.08866; 833.628
0.08892; 836.316
0.08918; 839.01
0.08944; 841.707
0.0897; 844.409
0.08996; 847.113
0.09022; 849.823
0.09048; 852.535
0.09074; 855.253
0.091; 857.972
0.09126; 860.697
0.09152; 863.423
0.09178; 866.155
0.09204; 868.888
0.0923; 871.627
0.09256; 874.367
0.09282; 877.112
0.09308; 879.858
0.09334; 882.609
0.0936; 885.362
0.09386; 888.119
0.09412; 890.877
0.09438; 893.64
0.09464; 896.404
0.0949; 899.172
0.09516; 901.941
0.09542; 904.715
0.09568; 907.489
0.09594; 910.267
0.0962; 913.046
0.09646; 915.829
0.09672; 918.613
0.09698; 921.399
0.09724; 924.187
0.0975; 926.978
0.09776; 929.77
0.09802; 932.564
0.09828; 935.36
0.09854; 938.158
0.0988; 940.957
0.09906; 943.758
0.09932; 946.56
0.09958; 949.365
0.09984; 952.17
0.1001; 954.976
0.10036; 957.784
0.10062; 960.593
0.10088; 963.403
0.10114; 966.214
0.1014; 969.025
0.10166; 971.838
0.10192; 974.652
0.10218; 977.466
0.10244; 980.281
0.1027; 983.097
0.10296; 985.913
0.10322; 988.729
0.10348; 991.547
0.10374; 994.364
0.104; 997.182
0.10426; 1000
0.10452; 1000
0.10478; 1000
0.10504; 1000
0.1053; 1000
0.10556; 1000
0.10582; 1000
0.10608; 1000
0.10634; 1000
0.1066; 1000
0.10686; 1000
0.10712; 1000
0.10738; 1000
0.10764; 1000
0.1079; 1000
0.10816; 1000
0.10842; 1000
0.10868; 1000
0.10894; 1000
0.1092; 1000
0.10946; 1000
0.10972; 1000
0.10998; 1000
0.11024; 1000
0.1105; 1000
0.11076; 1000
0.11102; 1000
0.11128; 1000
0.11154; 1000
0.1118; 1000
0.11206; 1000
0.11232; 1000
0.11258; 1000
0.11284; 1000
0.1131; 1000
0.11336; 1000
0.11362; 1000
0.11388; 1000
0.11414; 1000
0.1144; 1000
0.11466; 1000
0.11492; 1000
0.11518; 1000
0.11544; 1000
0.1157; 1000
0.11596; 1000
0.11622; 1000
0.11648; 1000
0.11674; 1000
0.117; 1000
0.11726; 1000
0.11752; 1000
0.11778; 1000
0.11804; 1000
0.1183; 1000
0.11856; 1000
0.11882; 1000
0.11908; 1000
0.11934; 1000
0.1196; 1000
0.11986; 1000
0.12012; 1000
0.12038; 1000
0.12064; 1000
0.1209; 1000
0.12116; 1000
0.12142; 1000
0.12168; 1000
0.12194; 1000
0.1222; 1000
0.12246; 1000
0.12272; 1000
0.12298; 1000
0.12324; 1000
0.1235; 1000
0.12376; 1000
0.12402; 1000
0.12428; 1000
0.12454; 1000
0.1248; 1000
