0.00026; 0
0.00052; 0
0.00078; 0
0.00104; 0
0.0013; 0
0.00156; 0
0.00182; 0
0.00208; 0
0.00234; 0
0.0026; 0
0.00286; 0
0.00312; 0
0.00338; 0
0.00364; 0
0.0039; 0
0.00416; 0
0.00442; 0
0.00468; 0
0.00494; 0
0.0052; 0
0.00546; 0
0.00572; 0
0.00598; 0
0.00624; 0
0.0065; 0
0.00676; 0
0.00702; 0
0.00728; 0
0.00754; 0
0.0078; 0
0.00806; 0
0.00832; 0
0.00858; 0
0.00884; 0
0.0091; 0
0.00936; 0
0.00962; 0
0.00988; 0
0.01014; 0
0.0104; 0
0.01066; 0
0.01092; 0
0.01118; 0
0.01144; 0
0.0117; 0
0.01196; 0
0.01222; 0
0.01248; 0
0.01274; 0
0.013; 0
0.01326; 0
0.01352; 0
0.01378; 0
0.01404; 0
0.0143; 0
0.01456; 0
0.01482; 0
0.01508; 0
0.01534; 0
0.0156; 0
0.01586; 0
0.01612; 0
0.01638; 0
0.01664; 0
0.0169; 0
0.01716; 0
0.01742; 0
0.01768; 0
0.01794; 0
0.0182; 0
0.01846; 0
0.01872; 0
0.01898; 0
0.01924; 0
0.0195; 0
0.01976; 0
0.02002; 0
0.02028; 0
0.02054; 0
0.0208; 0
0.02106; 0
0.02132; 0
0.02158; 0
0.02184; 0
0.0221; 0
0.02236; 0
0.02262; 0
0.02288; 0
0.02314; 0
0.0234; 0
0.02366; 0
0.02392; 0
0.02418; 0
0.02444; 0
0.0247; 0
0.02496; 0
0.02522; 0
0.02548; 0
0.02574; 0
0.026; 0
0.02626; 0
0.02652; 0
0.02678; 0
0.02704; 0
0.0273; 0
0.02756; 0
0.02782; 0
0.02808; 0
0.02834; 0
0.0286; 0
0.02886; 0
0.02912; 0
0.02938; 0
0.02964; 0
0.0299; 0
0.03016; 0
0.03042; 0
0.03068; 0
0.03094; 0
0.0312; 0
0.03146; 0
0.03172; 0
0.03198; 0
0.03224; 0
0.0325; 0
0.03276; 875.806
0.03302; 875.805
0.03328; 875.784
0.03354; 875.763
0.0338; 875.723
0.03406; 875.683
0.03432; 875.625
0.03458; 875.566
0.03484; 875.489
0.0351; 875.411
0.03536; 875.315
0.03562; 875.218
0.03588; 875.102
0.03614; 874.986
0.0364; 874.852
0.03666; 874.717
0.03692; 874.563
0.03718; 874.408
0.03744; 874.235
0.0377; 874.062
0.03796; 873.869
0.03822; 873.676
0.03848; 873.464
0.03874; 873.251
0.039; 873.019
0.03926; 872.785
0.03952; 872.533
0.03978; 872.28
0.04004; 872.008
0.0403; 871.734
0.04056; 871.441
0.04082; 871.147
0.04108; 870.834
0.04134; 870.519
0.0416; 870.185
0.04186; 869.849
0.04212; 869.495
0.04238; 869.138
0.04264; 868.762
0.0429; 868.383
0.04316; 867.986
0.04342; 867.586
0.04368; 867.168
0.04394; 866.746
0.0442; 866.305
0.04446; 865.862
0.04472; 865.399
0.04498; 864.933
0.04524; 864.447
0.0455; 863.959
0.04576; 863.451
0.04602; 862.94
0.04628; 862.409
0.04654; 861.874
0.0468; 861.32
0.04706; 860.762
0.04732; 860.184
0.04758; 859.602
0.04784; 859
0.0481; 858.394
0.04836; 857.767
0.04862; 857.137
0.04888; 856.486
0.04914; 855.83
0.0494; 855.154
0.04966; 854.472
0.04992; 853.77
0.05018; 853.062
0.05044; 852.334
0.0507; 851.599
0.05096; 850.845
0.05122; 850.083
0.05148; 849.301
0.05174; 848.513
0.052; 847.703
0.05226; 846.887
0.05252; 846.049
0.05278; 845.203
0.05304; 844.336
0.0533; 843.462
0.05356; 842.565
0.05382; 841.661
0.05408; 840.734
0.05434; 839.799
0.0546; 838.841
0.05486; 837.874
0.05512; 836.884
0.05538; 835.884
0.05564; 834.862
0.0559; 833.829
0.05616; 832.774
0.05642; 831.707
0.05668; 830.616
0.05694; 829.515
0.0572; 828.389
0.05746; 827.251
0.05772; 826.088
0.05798; 824.913
0.05824; 823.713
0.0585; 822.5
0.05876; 821.261
0.05902; 820.008
0.05928; 818.729
0.05954; 817.435
0.0598; 816.116
0.06006; 814.78
0.06032; 813.418
0.06058; 812.039
0.06084; 810.634
0.0611; 809.211
0.06136; 807.76
0.06162; 806.291
0.06188; 804.795
0.06214; 803.279
0.0624; 801.736
0.06266; 800.172
0.06292; 798.58
0.06318; 796.968
0.06344; 795.327
0.0637; 793.664
0.06396; 791.973
0.06422; 790.26
0.06448; 788.519
0.06474; 786.755
0.065; 784.962
0.06526; 783.147
0.06552; 781.305
0.06578; 779.439
0.06604; 777.547
0.0663; 775.633
0.06656; 773.692
0.06682; 771.73
0.06708; 769.743
0.06734; 767.736
0.0676; 765.706
0.06786; 763.657
0.06812; 761.588
0.06838; 759.502
0.06864; 757.398
0.0689; 755.279
0.06916; 753.147
0.06942; 751.002
0.06968; 748.847
0.06994; 746.683
0.0702; 744.512
0.07046; 742.336
0.07072; 740.157
0.07098; 737.976
0.07124; 735.796
0.0715; 733.618
0.07176; 731.444
0.07202; 729.275
0.07228; 727.114
0.07254; 724.961
0.0728; 722.819
0.07306; 720.686
0.07332; 718.568
0.07358; 716.461
0.07384; 714.371
0.0741; 712.294
0.07436; 710.235
0.07462; 708.191
0.07488; 706.166
0.07514; 704.156
0.0754; 702.168
0.07566; 700.195
0.07592; 698.244
0.07618; 696.309
0.07644; 694.397
0.0767; 692.499
0.07696; 690.626
0.07722; 688.768
0.07748; 686.933
0.07774; 685.114
0.078; 683.319
0.07826; 681.538
0.07852; 679.782
0.07878; 678.04
0.07904; 676.322
0.0793; 674.618
0.07956; 672.939
0.07982; 671.272
0.08008; 669.631
0.08034; 668.002
0.0806; 666.398
0.08086; 664.806
0.08112; 663.239
0.08138; 661.684
0.08164; 660.154
0.0819; 658.635
0.08216; 657.14
0.08242; 655.656
0.08268; 654.197
0.08294; 652.748
0.0832; 651.325
0.08346; 649.911
0.08372; 648.521
0.08398; 647.141
0.08424; 645.787
0.0845; 644.441
0.08476; 643.12
0.08502; 641.808
0.08528; 640.521
0.08554; 639.242
0.0858; 637.988
0.08606; 636.742
0.08632; 635.522
0.08658; 634.309
0.08684; 633.122
0.0871; 631.941
0.08736; 630.786
0.08762; 629.639
0.08788; 628.517
0.08814; 627.402
0.0884; 626.312
0.08866; 625.229
0.08892; 624.172
0.08918; 623.12
0.08944; 622.095
0.0897; 621.076
0.08996; 620.083
0.09022; 619.095
0.09048; 618.134
0.09074; 617.178
0.091; 616.249
0.09126; 615.325
0.09152; 614.427
0.09178; 613.535
0.09204; 612.669
0.0923; 611.809
0.09256; 610.975
0.09282; 610.146
0.09308; 609.344
0.09334; 608.546
0.0936; 607.776
0.09386; 607.01
0.09412; 606.272
0.09438; 605.537
0.09464; 604.83
0.0949; 604.127
0.09516; 603.452
0.09542; 602.78
0.09568; 602.137
0.09594; 601.497
0.0962; 600.884
0.09646; 600.276
0.09672; 599.695
0.09698; 599.118
0.09724; 598.568
0.0975; 598.023
0.09776; 597.505
0.09802; 596.991
0.09828; 596.504
0.09854; 596.021
0.0988; 595.565
0.09906; 595.113
0.09932; 594.689
0.09958; 594.268
0.09984; 593.875
0.1001; 593.486
0.10036; 593.125
0.10062; 592.766
0.10088; 592.436
0.10114; 592.108
0.1014; 591.808
0.10166; 591.512
0.10192; 591.244
0.10218; 590.978
0.10244; 590.74
0.1027; 590.505
0.10296; 590.298
0.10322; 590.093
0.10348; 589.917
0.10374; 589.743
0.104; 589.596
0.10426; 589.453
0.10452; 589.337
0.10478; 589.224
0.10504; 589.138
0.1053; 589.054
0.10556; 588.997
0.10582; 588.939
0.10608; 588.906
0.10634; 588.872
0.1066; 0
0.10686; 0
0.10712; 0
0.10738; 0
0.10764; 0
0.1079; 0
0.10816; 0
0.10842; 0
0.10868; 0
0.10894; 0
0.1092; 0
0.10946; 0
0.10972; 0
0.10998; 0
0.11024; 0
0.1105; 0
0.11076; 0
0.11102; 0
0.11128; 0
0.11154; 0
0.1118; 0
0.11206; 0
0.11232; 0
0.11258; 0
0.11284; 0
0.1131; 0
0.11336; 0
0.11362; 0
0.11388; 0
0.11414; 0
0.1144; 0
0.11466; 0
0.11492; 0
0.11518; 0
0.11544; 0
0.1157; 0
0.11596; 0
0.11622; 0
0.11648; 0
0.11674; 0
0.117; 0
0.11726; 0
0.11752; 0
0.11778; 0
0.11804; 0
0.1183; 0
0.11856; 0
0.11882; 0
0.11908; 0
0.11934; 0
0.1196; 0
0.11986; 0
0.12012; 0
0.12038; 0
0.12064; 0
0.1209; 0
0.12116; 0
0.12142; 0
0.12168; 0
0.12194; 0
0.1222; 0
0.12246; 0
0.12272; 0
0.12298; 0
0.12324; 0
0.1235; 0
0.12376; 0
0.12402; 0
0.12428; 0
0.12454; 0
0.1248; 0
