0.00026; 0
0.00052; 0
0.00078; 0
0.00104; 0
0.0013; 0
0.00156; 0
0.00182; 0
0.00208; 0
0.00234; 0
0.0026; 0
0.00286; 0
0.00312; 0
0.00338; 0
0.00364; 0
0.0039; 0
0.00416; 0
0.00442; 0
0.00468; 0
0.00494; 0
0.0052; 0
0.00546; 0
0.00572; 0
0.00598; 0
0.00624; 0
0.0065; 0
0.00676; 0
0.00702; 0
0.00728; 0
0.00754; 0
0.0078; 0
0.00806; 0
0.00832; 0
0.00858; 0
0.00884; 0
0.0091; 0
0.00936; 0
0.00962; 0
0.00988; 0
0.01014; 0
0.0104; 0
0.01066; 0
0.01092; 0
0.01118; 0
0.01144; 0
0.0117; 0
0.01196; 0
0.01222; 0
0.01248; 0
0.01274; 0
0.013; 0
0.01326; 0
0.01352; 0
0.01378; 0
0.01404; 0
0.0143; 0
0.01456; 0
0.01482; 0
0.01508; 0
0.01534; 0
0.0156; 0
0.01586; 0
0.01612; 0
0.01638; 0
0.01664; 0
0.0169; 0
0.01716; 0
0.01742; 0
0.01768; 0
0.01794; 0
0.0182; 0
0.01846; 0
0.01872; 0
0.01898; 0
0.01924; 0
0.0195; 0
0.01976; 0
0.02002; 0
0.02028; 0
0.02054; 0
0.0208; 0
0.02106; 0
0.02132; 0
0.02158; 0
0.02184; 0
0.0221; 0
0.02236; 0
0.02262; 0
0.02288; 0
0.02314; 0
0.0234; 0
0.02366; 0
0.02392; 0
0.02418; 0
0.02444; 0
0.0247; 0
0.02496; 0
0.02522; 0
0.02548; 0
0.02574; 0
0.026; 0
0.02626; 0
0.02652; 0
0.02678; 0
0.02704; 0
0.0273; 0
0.02756; 0
0.02782; 0
0.02808; 0
0.02834; 0
0.0286; 0
0.02886; 0
0.02912; 0
0.02938; 0
0.02964; 0
0.0299; 0
0.03016; 0
0.03042; 0
0.03068; 0
0.03094; 0
0.0312; 0
0.03146; 0
0.03172; 0
0.03198; 0
0.03224; 0
0.0325; 0
0.03276; 871.798
0.03302; 871.79
0.03328; 871.775
0.03354; 871.75
0.0338; 871.717
0.03406; 871.673
0.03432; 871.622
0.03458; 871.559
0.03484; 871.49
0.0351; 871.409
0.03536; 871.32
0.03562; 871.221
0.03588; 871.114
0.03614; 870.996
0.0364; 870.871
0.03666; 870.734
0.03692; 870.59
0.03718; 870.434
0.03744; 870.271
0.0377; 870.097
0.03796; 869.916
0.03822; 869.722
0.03848; 869.521
0.03874; 869.309
0.039; 869.088
0.03926; 868.856
0.03952; 868.617
0.03978; 868.365
0.04004; 868.106
0.0403; 867.835
0.04056; 867.556
0.04082; 867.265
0.04108; 866.966
0.04134; 866.655
0.0416; 866.336
0.04186; 866.005
0.04212; 865.666
0.04238; 865.314
0.04264; 864.954
0.0429; 864.583
0.04316; 864.202
0.04342; 863.809
0.04368; 863.407
0.04394; 862.993
0.0442; 862.57
0.04446; 862.134
0.04472; 861.69
0.04498; 861.232
0.04524; 860.766
0.0455; 860.287
0.04576; 859.798
0.04602; 859.297
0.04628; 858.786
0.04654; 858.262
0.0468; 857.729
0.04706; 857.182
0.04732; 856.625
0.04758; 856.055
0.04784; 855.475
0.0481; 854.881
0.04836; 854.278
0.04862; 853.66
0.04888; 853.033
0.04914; 852.391
0.0494; 851.739
0.04966; 851.072
0.04992; 850.395
0.05018; 849.704
0.05044; 849.001
0.0507; 848.284
0.05096; 847.556
0.05122; 846.813
0.05148; 846.059
0.05174; 845.289
0.052; 844.507
0.05226; 843.71
0.05252; 842.901
0.05278; 842.077
0.05304; 841.24
0.0533; 840.387
0.05356; 839.521
0.05382; 838.639
0.05408; 837.745
0.05434; 836.833
0.0546; 835.908
0.05486; 834.966
0.05512; 834.01
0.05538; 833.036
0.05564; 832.049
0.0559; 831.043
0.05616; 830.022
0.05642; 828.984
0.05668; 827.931
0.05694; 826.859
0.0572; 825.771
0.05746; 824.664
0.05772; 823.54
0.05798; 822.397
0.05824; 821.238
0.0585; 820.058
0.05876; 818.86
0.05902; 817.642
0.05928; 816.407
0.05954; 815.15
0.0598; 813.874
0.06006; 812.577
0.06032; 811.26
0.06058; 809.922
0.06084; 808.563
0.0611; 807.181
0.06136; 805.779
0.06162; 804.354
0.06188; 802.907
0.06214; 801.437
0.0624; 799.944
0.06266; 798.428
0.06292; 796.889
0.06318; 795.325
0.06344; 793.739
0.0637; 792.127
0.06396; 790.493
0.06422; 788.833
0.06448; 787.149
0.06474; 785.44
0.065; 783.708
0.06526; 781.95
0.06552; 780.169
0.06578; 778.364
0.06604; 776.535
0.0663; 774.682
0.06656; 772.806
0.06682; 770.908
0.06708; 768.988
0.06734; 767.046
0.0676; 765.085
0.06786; 763.104
0.06812; 761.105
0.06838; 759.088
0.06864; 757.056
0.0689; 755.008
0.06916; 752.948
0.06942; 750.877
0.06968; 748.795
0.06994; 746.705
0.0702; 744.609
0.07046; 742.508
0.07072; 740.405
0.07098; 738.3
0.07124; 736.195
0.0715; 734.094
0.07176; 731.996
0.07202; 729.904
0.07228; 727.819
0.07254; 725.743
0.0728; 723.676
0.07306; 721.621
0.07332; 719.577
0.07358; 717.548
0.07384; 715.532
0.0741; 713.532
0.07436; 711.546
0.07462; 709.579
0.07488; 707.626
0.07514; 705.692
0.0754; 703.775
0.07566; 701.877
0.07592; 699.997
0.07618; 698.136
0.07644; 696.292
0.0767; 694.469
0.07696; 692.663
0.07722; 690.878
0.07748; 689.11
0.07774; 687.363
0.078; 685.633
0.07826; 683.924
0.07852; 682.232
0.07878; 680.561
0.07904; 678.906
0.0793; 677.272
0.07956; 675.654
0.07982; 674.057
0.08008; 672.476
0.08034; 670.915
0.0806; 669.37
0.08086; 667.845
0.08112; 666.336
0.08138; 664.847
0.08164; 663.372
0.0819; 661.918
0.08216; 660.478
0.08242; 659.059
0.08268; 657.654
0.08294; 656.268
0.0832; 654.897
0.08346; 653.545
0.08372; 652.207
0.08398; 650.889
0.08424; 649.584
0.0845; 648.299
0.08476; 647.027
0.08502; 645.774
0.08528; 644.534
0.08554; 643.314
0.0858; 642.106
0.08606; 640.918
0.08632; 639.742
0.08658; 638.586
0.08684; 637.442
0.0871; 636.317
0.08736; 635.205
0.08762; 634.112
0.08788; 633.03
0.08814; 631.968
0.0884; 630.918
0.08866; 629.887
0.08892; 628.868
0.08918; 627.868
0.08944; 626.88
0.0897; 625.911
0.08996; 624.954
0.09022; 624.016
0.09048; 623.089
0.09074; 622.181
0.091; 621.285
0.09126; 620.408
0.09152; 619.542
0.09178; 618.696
0.09204; 617.86
0.0923; 617.045
0.09256; 616.239
0.09282; 615.454
0.09308; 614.679
0.09334; 613.925
0.0936; 613.18
0.09386; 612.456
0.09412; 611.742
0.09438; 611.048
0.09464; 610.363
0.0949; 609.7
0.09516; 609.046
0.09542; 608.412
0.09568; 607.788
0.09594; 607.185
0.0962; 606.591
0.09646; 606.018
0.09672; 605.454
0.09698; 604.911
0.09724; 604.377
0.0975; 603.864
0.09776; 603.361
0.09802; 602.878
0.09828; 602.404
0.09854; 601.951
0.0988; 601.508
0.09906; 601.084
0.09932; 600.67
0.09958; 600.277
0.09984; 599.893
0.1001; 599.53
0.10036; 599.176
0.10062; 598.842
0.10088; 598.517
0.10114; 598.213
0.1014; 597.918
0.10166; 597.643
0.10192; 597.378
0.10218; 597.132
0.10244; 596.896
0.1027; 596.68
0.10296; 596.473
0.10322; 596.287
0.10348; 596.11
0.10374; 595.953
0.104; 595.805
0.10426; 595.677
0.10452; 595.558
0.10478; 595.457
0.10504; 595.365
0.1053; 595.293
0.10556; 595.229
0.10582; 595.183
0.10608; 595.142
0.10634; 595.117
0.1066; 0
0.10686; 0
0.10712; 0
0.10738; 0
0.10764; 0
0.1079; 0
0.10816; 0
0.10842; 0
0.10868; 0
0.10894; 0
0.1092; 0
0.10946; 0
0.10972; 0
0.10998; 0
0.11024; 0
0.1105; 0
0.11076; 0
0.11102; 0
0.11128; 0
0.11154; 0
0.1118; 0
0.11206; 0
0.11232; 0
0.11258; 0
0.11284; 0
0.1131; 0
0.11336; 0
0.11362; 0
0.11388; 0
0.11414; 0
0.1144; 0
0.11466; 0
0.11492; 0
0.11518; 0
0.11544; 0
0.1157; 0
0.11596; 0
0.11622; 0
0.11648; 0
0.11674; 0
0.117; 0
0.11726; 0
0.11752; 0
0.11778; 0
0.11804; 0
0.1183; 0
0.11856; 0
0.11882; 0
0.11908; 0
0.11934; 0
0.1196; 0
0.11986; 0
0.12012; 0
0.12038; 0
0.12064; 0
0.1209; 0
0.12116; 0
0.12142; 0
0.12168; 0
0.12194; 0
0.1222; 0
0.12246; 0
0.12272; 0
0.12298; 0
0.12324; 0
0.1235; 0
0.12376; 0
0.12402; 0
0.12428; 0
0.12454; 0
0.1248; 0
