0.0026; 400
0.0052; 400
0.0078; 400
0.0104; 400
0.013; 400
0.0156; 400
0.0182; 400
0.0208; 400
0.0234; 400
0.026; 400
0.0286; 400
0.0312; 400
0.0338; 400
0.0364; 400
0.039; 400
0.0416; 400
0.0442; 400
0.0468; 400
0.0494; 400
0.052; 400
0.0546; 400
0.0572; 400
0.0598; 400
0.0624; 400
0.065; 400
0.0676; 400
0.0702; 400
0.0728; 400
0.0754; 400
0.078; 400
0.0806; 400
0.0832; 400
0.0858; 400
0.0884; 400
0.091; 400
0.0936; 400
0.0962; 400
0.0988; 400
0.1014; 400
0.104; 400
0.1066; 400
0.1092; 400
0.1118; 400
0.1144; 400
0.117; 400
0.1196; 400
0.1222; 400
0.1248; 400
0.1274; 400
0.13; 400
0.1326; 400
0.1352; 400
0.1378; 400
0.1404; 400
0.143; 400
0.1456; 400
0.1482; 400
0.1508; 400
0.1534; 400
0.156; 400
0.1586; 400
0.1612; 400
0.1638; 400
0.1664; 400
0.169; 400
0.1716; 400
0.1742; 400
0.1768; 400
0.1794; 400
0.182; 400
0.1846; 400
0.1872; 400
0.1898; 400
0.1924; 400
0.195; 400
0.1976; 400
0.2002; 400
0.2028; 400
0.2054; 400
0.208; 400
0.2106; 400
0.2132; 400
0.2158; 400
0.2184; 400
0.221; 400
0.2236; 400
0.2262; 400
0.2288; 400
0.2314; 400
0.234; 400
0.2366; 400.001
0.2392; 400.001
0.2418; 400.001
0.2444; 400.001
0.247; 400.001
0.2496; 400.001
0.2522; 400.001
0.2548; 400.002
0.2574; 400.002
0.26; 400.002
0.2626; 400.002
0.2652; 400.002
0.2678; 400.002
0.2704; 400.003
0.273; 400.003
0.2756; 400.003
0.2782; 400.003
0.2808; 400.003
0.2834; 400.004
0.286; 400.004
0.2886; 400.004
0.2912; 400.004
0.2938; 400.005
0.2964; 400.005
0.299; 400.006
0.3016; 400.006
0.3042; 400.007
0.3068; 400.007
0.3094; 400.008
0.312; 400.009
0.3146; 400.009
0.3172; 400.01
0.3198; 400.011
0.3224; 400.012
0.325; 400.013
0.3276; 400.014
0.3302; 400.015
0.3328; 400.017
0.3354; 400.018
0.338; 400.02
0.3406; 400.022
0.3432; 400.023
0.3458; 400.025
0.3484; 400.028
0.351; 400.03
0.3536; 400.033
0.3562; 400.036
0.3588; 400.039
0.3614; 400.042
0.364; 400.046
0.3666; 400.05
0.3692; 400.054
0.3718; 400.059
0.3744; 400.064
0.377; 400.07
0.3796; 400.076
0.3822; 400.082
0.3848; 400.089
0.3874; 400.097
0.39; 400.105
0.3926; 400.114
0.3952; 400.124
0.3978; 400.135
0.4004; 400.146
0.403; 400.158
0.4056; 400.171
0.4082; 400.186
0.4108; 400.201
0.4134; 400.218
0.416; 400.235
0.4186; 400.254
0.4212; 400.275
0.4238; 400.297
0.4264; 400.321
0.429; 400.346
0.4316; 400.374
0.4342; 400.403
0.4368; 400.434
0.4394; 400.468
0.442; 400.504
0.4446; 400.542
0.4472; 400.583
0.4498; 400.627
0.4524; 400.674
0.455; 400.724
0.4576; 400.777
0.4602; 400.834
0.4628; 400.895
0.4654; 400.959
0.468; 401.028
0.4706; 401.101
0.4732; 401.178
0.4758; 401.261
0.4784; 401.348
0.481; 401.441
0.4836; 401.54
0.4862; 401.644
0.4888; 401.755
0.4914; 401.872
0.494; 401.996
0.4966; 402.127
0.4992; 402.265
0.5018; 402.412
0.5044; 402.566
0.507; 402.729
0.5096; 402.901
0.5122; 403.082
0.5148; 403.273
0.5174; 403.474
0.52; 403.685
0.5226; 403.907
0.5252; 404.141
0.5278; 404.386
0.5304; 404.643
0.533; 404.914
0.5356; 405.197
0.5382; 405.494
0.5408; 405.805
0.5434; 406.131
0.546; 406.471
0.5486; 406.828
0.5512; 407.2
0.5538; 407.589
0.5564; 407.995
0.559; 408.418
0.5616; 408.86
0.5642; 409.321
0.5668; 409.8
0.5694; 410.3
0.572; 410.819
0.5746; 411.359
0.5772; 411.921
0.5798; 412.504
0.5824; 413.11
0.585; 413.738
0.5876; 414.39
0.5902; 415.066
0.5928; 415.766
0.5954; 416.491
0.598; 417.241
0.6006; 418.017
0.6032; 418.819
0.6058; 419.648
0.6084; 420.504
0.611; 421.387
0.6136; 422.298
0.6162; 423.238
0.6188; 424.207
0.6214; 425.204
0.624; 426.231
0.6266; 427.287
0.6292; 428.374
0.6318; 429.491
0.6344; 430.638
0.637; 431.816
0.6396; 433.025
0.6422; 434.266
0.6448; 435.537
0.6474; 436.84
0.65; 438.175
0.6526; 439.541
0.6552; 440.939
0.6578; 442.368
0.6604; 443.829
0.663; 445.322
0.6656; 446.846
0.6682; 448.402
0.6708; 449.99
0.6734; 451.608
0.676; 453.257
0.6786; 454.938
0.6812; 456.648
0.6838; 458.389
0.6864; 460.16
0.689; 461.961
0.6916; 463.79
0.6942; 465.648
0.6968; 467.535
0.6994; 469.449
0.702; 471.391
0.7046; 473.359
0.7072; 475.354
0.7098; 477.374
0.7124; 479.419
0.715; 481.488
0.7176; 483.581
0.7202; 485.696
0.7228; 487.834
0.7254; 489.993
0.728; 492.173
0.7306; 494.373
0.7332; 496.592
0.7358; 498.829
0.7384; 501.083
0.741; 503.355
0.7436; 505.644
0.7462; 507.949
0.7488; 510.269
0.7514; 512.606
0.754; 514.96
0.7566; 517.331
0.7592; 519.72
0.7618; 522.131
0.7644; 524.566
0.767; 527.027
0.7696; 529.516
0.7722; 532.034
0.7748; 534.577
0.7774; 537.142
0.78; 539.723
0.7826; 542.316
0.7852; 544.914
0.7878; 547.511
0.7904; 550.099
0.793; 552.673
0.7956; 555.231
0.7982; 557.772
0.8008; 560.295
0.8034; 562.8
0.806; 565.288
0.8086; 567.758
0.8112; 570.211
0.8138; 572.65
0.8164; 575.091
0.819; 577.759
0.8216; 580.614
0.8242; 583.439
0.8268; 586.232
0.8294; 588.995
0.832; 591.732
0.8346; 594.444
0.8372; 597.132
0.8398; 599.799
0.8424; 602.451
0.845; 605.106
0.8476; 607.636
0.8502; 609.97
0.8528; 612.189
0.8554; 614.362
0.858; 616.509
0.8606; 618.634
0.8632; 620.741
0.8658; 622.829
0.8684; 624.899
0.871; 626.953
0.8736; 628.99
0.8762; 631.014
0.8788; 633.025
0.8814; 635.029
0.884; 637.018
0.8866; 639.021
0.8892; 641.059
0.8918; 643.022
0.8944; 644.922
0.897; 646.766
0.8996; 648.557
0.9022; 650.295
0.9048; 651.98
0.9074; 653.612
0.91; 655.191
0.9126; 656.716
0.9152; 658.186
0.9178; 659.602
0.9204; 660.963
0.923; 662.269
0.9256; 663.521
0.9282; 664.72
0.9308; 665.867
0.9334; 666.963
0.936; 668.009
0.9386; 669.006
0.9412; 669.957
0.9438; 670.864
0.9464; 671.727
0.949; 672.549
0.9516; 673.331
0.9542; 674.077
0.9568; 674.787
0.9594; 675.465
0.962; 676.112
0.9646; 676.729
0.9672; 677.321
0.9698; 677.888
0.9724; 678.432
0.975; 678.956
0.9776; 679.461
0.9802; 679.948
0.9828; 680.419
0.9854; 680.875
0.988; 681.316
0.9906; 681.744
0.9932; 682.158
0.9958; 682.558
0.9984; 682.944
1.001; 683.313
1.0036; 683.674
1.0062; 684.083
1.0088; 684.481
1.0114; 684.886
1.014; 685.296
1.0166; 685.707
1.0192; 686.117
1.0218; 686.524
1.0244; 686.927
1.027; 687.325
1.0296; 687.718
1.0322; 688.105
1.0348; 688.485
1.0374; 688.857
1.04; 689.221
1.0426; 689.575
1.0452; 689.918
1.0478; 690.278
1.0504; 690.644
1.053; 690.991
1.0556; 691.323
1.0582; 691.642
1.0608; 691.952
1.0634; 692.252
1.066; 692.545
1.0686; 692.832
1.0712; 693.114
1.0738; 693.391
1.0764; 693.664
1.079; 693.934
1.0816; 694.201
1.0842; 694.467
1.0868; 694.731
1.0894; 694.994
1.092; 695.257
1.0946; 695.52
1.0972; 695.785
1.0998; 696.05
1.1024; 696.318
1.105; 696.587
1.1076; 696.86
1.1102; 697.135
1.1128; 697.413
1.1154; 697.694
1.118; 697.979
1.1206; 698.268
1.1232; 698.562
1.1258; 698.862
1.1284; 699.168
1.131; 699.482
1.1336; 699.798
1.1362; 700.102
1.1388; 700.453
1.1414; 700.848
1.144; 701.244
1.1466; 701.657
1.1492; 702.091
1.1518; 702.531
1.1544; 702.978
1.157; 703.429
1.1596; 703.881
1.1622; 704.333
1.1648; 704.785
1.1674; 705.233
1.17; 705.677
1.1726; 706.114
1.1752; 706.54
1.1778; 707.044
1.1804; 707.626
1.183; 708.196
1.1856; 708.757
1.1882; 709.307
1.1908; 709.847
1.1934; 710.374
1.196; 710.889
1.1986; 711.391
1.2012; 711.878
1.2038; 712.35
1.2064; 712.806
1.209; 713.243
1.2116; 713.661
1.2142; 714.059
1.2168; 714.434
1.2194; 714.787
1.222; 715.115
1.2246; 715.418
1.2272; 715.693
1.2298; 715.941
1.2324; 716.16
1.235; 716.35
1.2376; 716.509
1.2402; 716.637
1.2428; 716.734
1.2454; 716.798
1.248; 716.83
