0.00026; 0
0.00052; 0
0.00078; 0
0.00104; 0
0.0013; 0
0.00156; 0
0.00182; 0
0.00208; 0
0.00234; 0
0.0026; 0
0.00286; 0
0.00312; 0
0.00338; 0
0.00364; 0
0.0039; 0
0.00416; 0
0.00442; 0
0.00468; 0
0.00494; 0
0.0052; 0
0.00546; 0
0.00572; 0
0.00598; 0
0.00624; 0
0.0065; 0
0.00676; 0
0.00702; 0
0.00728; 0
0.00754; 0
0.0078; 0
0.00806; 0
0.00832; 0
0.00858; 0
0.00884; 0
0.0091; 0
0.00936; 0
0.00962; 0
0.00988; 0
0.01014; 0
0.0104; 0
0.01066; 0
0.01092; 0
0.01118; 0
0.01144; 0
0.0117; 0
0.01196; 0
0.01222; 0
0.01248; 0
0.01274; 0
0.013; 0
0.01326; 0
0.01352; 0
0.01378; 0
0.01404; 0
0.0143; 0
0.01456; 0
0.01482; 0
0.01508; 0
0.01534; 0
0.0156; 0
0.01586; 0
0.01612; 0
0.01638; 0
0.01664; 0
0.0169; 0
0.01716; 0
0.01742; 0
0.01768; 0
0.01794; 0
0.0182; 0
0.01846; 0
0.01872; 0
0.01898; 0
0.01924; 0
0.0195; 0
0.01976; 0
0.02002; 0
0.02028; 0
0.02054; 0
0.0208; 0
0.02106; 0
0.02132; 0
0.02158; 0
0.02184; 0
0.0221; 0
0.02236; 0
0.02262; 0
0.02288; 0
0.02314; 0
0.0234; 0
0.02366; 0
0.02392; 0
0.02418; 0
0.02444; 0
0.0247; 0
0.02496; 0
0.02522; 0
0.02548; 0
0.02574; 0
0.026; 0
0.02626; 0
0.02652; 0
0.02678; 0
0.02704; 0
0.0273; 0
0.02756; 0
0.02782; 0
0.02808; 0
0.02834; 0
0.0286; 0
0.02886; 0
0.02912; 0
0.02938; 0
0.02964; 0
0.0299; 0
0.03016; 0
0.03042; 0
0.03068; 0
0.03094; 0
0.0312; 0
0.03146; 0
0.03172; 0
0.03198; 0
0.03224; 0
0.0325; 0
0.03276; 880.892
0.03302; 880.884
0.03328; 880.869
0.03354; 880.841
0.0338; 880.806
0.03406; 880.759
0.03432; 880.704
0.03458; 880.637
0.03484; 880.563
0.0351; 880.476
0.03536; 880.382
0.03562; 880.276
0.03588; 880.162
0.03614; 880.036
0.0364; 879.903
0.03666; 879.757
0.03692; 879.604
0.03718; 879.438
0.03744; 879.265
0.0377; 879.079
0.03796; 878.886
0.03822; 878.68
0.03848; 878.466
0.03874; 878.24
0.039; 878.005
0.03926; 877.758
0.03952; 877.503
0.03978; 877.235
0.04004; 876.96
0.0403; 876.671
0.04056; 876.374
0.04082; 876.064
0.04108; 875.746
0.04134; 875.414
0.0416; 875.074
0.04186; 874.721
0.04212; 874.36
0.04238; 873.984
0.04264; 873.601
0.0429; 873.204
0.04316; 872.798
0.04342; 872.379
0.04368; 871.951
0.04394; 871.509
0.0442; 871.058
0.04446; 870.593
0.04472; 870.119
0.04498; 869.631
0.04524; 869.134
0.0455; 868.622
0.04576; 868.101
0.04602; 867.566
0.04628; 867.021
0.04654; 866.461
0.0468; 865.892
0.04706; 865.308
0.04732; 864.715
0.04758; 864.106
0.04784; 863.487
0.0481; 862.853
0.04836; 862.209
0.04862; 861.549
0.04888; 860.88
0.04914; 860.194
0.0494; 859.498
0.04966; 858.786
0.04992; 858.063
0.05018; 857.324
0.05044; 856.574
0.0507; 855.808
0.05096; 855.03
0.05122; 854.235
0.05148; 853.429
0.05174; 852.606
0.052; 851.771
0.05226; 850.919
0.05252; 850.055
0.05278; 849.173
0.05304; 848.278
0.0533; 847.366
0.05356; 846.44
0.05382; 845.497
0.05408; 844.54
0.05434; 843.565
0.0546; 842.575
0.05486; 841.567
0.05512; 840.545
0.05538; 839.503
0.05564; 838.446
0.0559; 837.37
0.05616; 836.278
0.05642; 835.166
0.05668; 834.038
0.05694; 832.889
0.0572; 831.724
0.05746; 830.539
0.05772; 829.335
0.05798; 828.111
0.05824; 826.868
0.0585; 825.603
0.05876; 824.32
0.05902; 823.015
0.05928; 821.69
0.05954; 820.342
0.0598; 818.974
0.06006; 817.583
0.06032; 816.17
0.06058; 814.734
0.06084; 813.276
0.0611; 811.793
0.06136; 810.288
0.06162; 808.758
0.06188; 807.204
0.06214; 805.625
0.0624; 804.022
0.06266; 802.393
0.06292; 800.74
0.06318; 799.059
0.06344; 797.354
0.0637; 795.622
0.06396; 793.864
0.06422; 792.079
0.06448; 790.268
0.06474; 788.43
0.065; 786.566
0.06526; 784.674
0.06552; 782.757
0.06578; 780.812
0.06604; 778.843
0.0663; 776.847
0.06656; 774.826
0.06682; 772.78
0.06708; 770.711
0.06734; 768.618
0.0676; 766.503
0.06786; 764.366
0.06812; 762.209
0.06838; 760.032
0.06864; 757.838
0.0689; 755.628
0.06916; 753.403
0.06942; 751.165
0.06968; 748.916
0.06994; 746.657
0.0702; 744.391
0.07046; 742.119
0.07072; 739.843
0.07098; 737.565
0.07124; 735.288
0.0715; 733.012
0.07176; 730.74
0.07202; 728.474
0.07228; 726.214
0.07254; 723.964
0.0728; 721.723
0.07306; 719.494
0.07332; 717.277
0.07358; 715.074
0.07384; 712.886
0.0741; 710.714
0.07436; 708.557
0.07462; 706.419
0.07488; 704.297
0.07514; 702.195
0.0754; 700.11
0.07566; 698.045
0.07592; 695.999
0.07618; 693.973
0.07644; 691.966
0.0767; 689.981
0.07696; 688.014
0.07722; 686.068
0.07748; 684.141
0.07774; 682.236
0.078; 680.35
0.07826; 678.485
0.07852; 676.638
0.07878; 674.814
0.07904; 673.007
0.0793; 671.222
0.07956; 669.455
0.07982; 667.709
0.08008; 665.981
0.08034; 664.274
0.0806; 662.584
0.08086; 660.916
0.08112; 659.265
0.08138; 657.634
0.08164; 656.02
0.0819; 654.427
0.08216; 652.851
0.08242; 651.295
0.08268; 649.755
0.08294; 648.236
0.0832; 646.732
0.08346; 645.249
0.08372; 643.782
0.08398; 642.335
0.08424; 640.903
0.0845; 639.491
0.08476; 638.095
0.08502; 636.718
0.08528; 635.357
0.08554; 634.015
0.0858; 632.688
0.08606; 631.381
0.08632; 630.089
0.08658; 628.817
0.08684; 627.558
0.0871; 626.32
0.08736; 625.096
0.08762; 623.892
0.08788; 622.702
0.08814; 621.531
0.0884; 620.375
0.08866; 619.238
0.08892; 618.116
0.08918; 617.013
0.08944; 615.924
0.0897; 614.854
0.08996; 613.798
0.09022; 612.763
0.09048; 611.74
0.09074; 610.738
0.091; 609.749
0.09126; 608.78
0.09152; 607.825
0.09178; 606.889
0.09204; 605.967
0.0923; 605.064
0.09256; 604.175
0.09282; 603.306
0.09308; 602.45
0.09334; 601.615
0.0936; 600.792
0.09386; 599.99
0.09412; 599.201
0.09438; 598.432
0.09464; 597.676
0.0949; 596.94
0.09516; 596.217
0.09542; 595.515
0.09568; 594.825
0.09594; 594.156
0.0962; 593.499
0.09646; 592.863
0.09672; 592.24
0.09698; 591.637
0.09724; 591.047
0.0975; 590.477
0.09776; 589.921
0.09802; 589.384
0.09828; 588.86
0.09854; 588.357
0.0988; 587.867
0.09906; 587.396
0.09932; 586.939
0.09958; 586.501
0.09984; 586.077
0.1001; 585.672
0.10036; 585.281
0.10062; 584.91
0.10088; 584.551
0.10114; 584.212
0.1014; 583.885
0.10166; 583.581
0.10192; 583.286
0.10218; 583.015
0.10244; 582.754
0.1027; 582.515
0.10296; 582.286
0.10322; 582.08
0.10348; 581.883
0.10374; 581.709
0.104; 581.545
0.10426; 581.402
0.10452; 581.27
0.10478; 581.159
0.10504; 581.058
0.1053; 580.979
0.10556; 580.908
0.10582; 580.858
0.10608; 580.813
0.10634; 580.786
0.1066; 0
0.10686; 0
0.10712; 0
0.10738; 0
0.10764; 0
0.1079; 0
0.10816; 0
0.10842; 0
0.10868; 0
0.10894; 0
0.1092; 0
0.10946; 0
0.10972; 0
0.10998; 0
0.11024; 0
0.1105; 0
0.11076; 0
0.11102; 0
0.11128; 0
0.11154; 0
0.1118; 0
0.11206; 0
0.11232; 0
0.11258; 0
0.11284; 0
0.1131; 0
0.11336; 0
0.11362; 0
0.11388; 0
0.11414; 0
0.1144; 0
0.11466; 0
0.11492; 0
0.11518; 0
0.11544; 0
0.1157; 0
0.11596; 0
0.11622; 0
0.11648; 0
0.11674; 0
0.117; 0
0.11726; 0
0.11752; 0
0.11778; 0
0.11804; 0
0.1183; 0
0.11856; 0
0.11882; 0
0.11908; 0
0.11934; 0
0.1196; 0
0.11986; 0
0.12012; 0
0.12038; 0
0.12064; 0
0.1209; 0
0.12116; 0
0.12142; 0
0.12168; 0
0.12194; 0
0.1222; 0
0.12246; 0
0.12272; 0
0.12298; 0
0.12324; 0
0.1235; 0
0.12376; 0
0.12402; 0
0.12428; 0
0.12454; 0
0.1248; 0
