0.00026; 0
0.00052; 0
0.00078; 0
0.00104; 0
0.0013; 0
0.00156; 0
0.00182; 0
0.00208; 0
0.00234; 0
0.0026; 0
0.00286; 0
0.00312; 0
0.00338; 0
0.00364; 0
0.0039; 0
0.00416; 0
0.00442; 0
0.00468; 0
0.00494; 0
0.0052; 0
0.00546; 0
0.00572; 0
0.00598; 0
0.00624; 0
0.0065; 0
0.00676; 0
0.00702; 0
0.00728; 0
0.00754; 0
0.0078; 0
0.00806; 0
0.00832; 0
0.00858; 0
0.00884; 0
0.0091; 0
0.00936; 0
0.00962; 0
0.00988; 0
0.01014; 0
0.0104; 0
0.01066; 0
0.01092; 0
0.01118; 0
0.01144; 0
0.0117; 0
0.01196; 0
0.01222; 0
0.01248; 0
0.01274; 0
0.013; 0
0.01326; 0
0.01352; 0
0.01378; 0
0.01404; 0
0.0143; 0
0.01456; 0
0.01482; 0
0.01508; 0
0.01534; 0
0.0156; 0
0.01586; 0
0.01612; 0
0.01638; 0
0.01664; 0
0.0169; 0
0.01716; 0
0.01742; 0
0.01768; 0
0.01794; 0
0.0182; 0
0.01846; 0
0.01872; 0
0.01898; 0
0.01924; 0
0.0195; 0
0.01976; 0
0.02002; 0
0.02028; 0
0.02054; 0
0.0208; 0
0.02106; 0
0.02132; 0
0.02158; 0
0.02184; 0
0.0221; 0
0.02236; 0
0.02262; 0
0.02288; 0
0.02314; 0
0.0234; 0
0.02366; 0
0.02392; 0
0.02418; 0
0.02444; 0
0.0247; 0
0.02496; 0
0.02522; 0
0.02548; 0
0.02574; 0
0.026; 0
0.02626; 0
0.02652; 0
0.02678; 0
0.02704; 0
0.0273; 0
0.02756; 0
0.02782; 0
0.02808; 0
0.02834; 0
0.0286; 0
0.02886; 0
0.02912; 0
0.02938; 0
0.02964; 0
0.0299; 0
0.03016; 0
0.03042; 0
0.03068; 0
0.03094; 0
0.0312; 0
0.03146; 0
0.03172; 0
0.03198; 0
0.03224; 0
0.0325; 0
0.03276; 870.47
0.03302; 870.466
0.03328; 870.449
0.03354; 870.427
0.0338; 870.39
0.03406; 870.35
0.03432; 870.296
0.03458; 870.237
0.03484; 870.165
0.0351; 870.088
0.03536; 869.997
0.03562; 869.902
0.03588; 869.793
0.03614; 869.68
0.0364; 869.553
0.03666; 869.421
0.03692; 869.275
0.03718; 869.125
0.03744; 868.96
0.0377; 868.791
0.03796; 868.608
0.03822; 868.42
0.03848; 868.217
0.03874; 868.01
0.039; 867.789
0.03926; 867.562
0.03952; 867.322
0.03978; 867.076
0.04004; 866.816
0.0403; 866.551
0.04056; 866.272
0.04082; 865.987
0.04108; 865.687
0.04134; 865.383
0.0416; 865.064
0.04186; 864.739
0.04212; 864.399
0.04238; 864.054
0.04264; 863.694
0.0429; 863.329
0.04316; 862.948
0.04342; 862.562
0.04368; 862.161
0.04394; 861.754
0.0442; 861.332
0.04446; 860.904
0.04472; 860.461
0.04498; 860.011
0.04524; 859.546
0.0455; 859.075
0.04576; 858.588
0.04602; 858.095
0.04628; 857.586
0.04654; 857.071
0.0468; 856.539
0.04706; 856.001
0.04732; 855.447
0.04758; 854.886
0.04784; 854.309
0.0481; 853.724
0.04836; 853.124
0.04862; 852.515
0.04888; 851.891
0.04914; 851.258
0.0494; 850.61
0.04966; 849.953
0.04992; 849.28
0.05018; 848.598
0.05044; 847.9
0.0507; 847.193
0.05096; 846.47
0.05122; 845.737
0.05148; 844.987
0.05174; 844.228
0.052; 843.452
0.05226; 842.665
0.05252; 841.862
0.05278; 841.048
0.05304; 840.218
0.0533; 839.376
0.05356; 838.517
0.05382; 837.647
0.05408; 836.758
0.05434; 835.858
0.0546; 834.94
0.05486; 834.01
0.05512; 833.061
0.05538; 832.1
0.05564; 831.12
0.0559; 830.128
0.05616; 829.115
0.05642; 828.091
0.05668; 827.045
0.05694; 825.987
0.0572; 824.907
0.05746; 823.814
0.05772; 822.7
0.05798; 821.571
0.05824; 820.421
0.0585; 819.256
0.05876; 818.069
0.05902; 816.866
0.05928; 815.641
0.05954; 814.4
0.0598; 813.135
0.06006; 811.854
0.06032; 810.549
0.06058; 809.227
0.06084; 807.88
0.0611; 806.517
0.06136; 805.127
0.06162; 803.719
0.06188; 802.285
0.06214; 800.833
0.0624; 799.355
0.06266; 797.857
0.06292; 796.332
0.06318; 794.788
0.06344; 793.216
0.0637; 791.624
0.06396; 790.005
0.06422; 788.365
0.06448; 786.698
0.06474; 785.01
0.065; 783.295
0.06526; 781.559
0.06552; 779.796
0.06578; 778.011
0.06604; 776.201
0.0663; 774.37
0.06656; 772.515
0.06682; 770.639
0.06708; 768.739
0.06734; 766.821
0.0676; 764.881
0.06786; 762.923
0.06812; 760.946
0.06838; 758.953
0.06864; 756.943
0.0689; 754.92
0.06916; 752.883
0.06942; 750.836
0.06968; 748.779
0.06994; 746.713
0.0702; 744.642
0.07046; 742.565
0.07072; 740.487
0.07098; 738.406
0.07124; 736.328
0.0715; 734.25
0.07176; 732.178
0.07202; 730.11
0.07228; 728.051
0.07254; 725.999
0.0728; 723.959
0.07306; 721.927
0.07332; 719.91
0.07358; 717.904
0.07384; 715.914
0.0741; 713.937
0.07436; 711.978
0.07462; 710.032
0.07488; 708.107
0.07514; 706.195
0.0754; 704.304
0.07566; 702.427
0.07592; 700.573
0.07618; 698.733
0.07644; 696.915
0.0767; 695.113
0.07696; 693.333
0.07722; 691.568
0.07748; 689.825
0.07774; 688.098
0.078; 686.393
0.07826; 684.703
0.07852; 683.036
0.07878; 681.383
0.07904; 679.753
0.0793; 678.137
0.07956; 676.544
0.07982; 674.964
0.08008; 673.407
0.08034; 671.863
0.0806; 670.343
0.08086; 668.834
0.08112; 667.349
0.08138; 665.876
0.08164; 664.425
0.0819; 662.987
0.08216; 661.571
0.08242; 660.166
0.08268; 658.784
0.08294; 657.413
0.0832; 656.065
0.08346; 654.728
0.08372; 653.413
0.08398; 652.108
0.08424; 650.826
0.0845; 649.554
0.08476; 648.304
0.08502; 647.064
0.08528; 645.846
0.08554; 644.638
0.0858; 643.452
0.08606; 642.276
0.08632; 641.122
0.08658; 639.977
0.08684; 638.854
0.0871; 637.74
0.08736; 636.649
0.08762; 635.565
0.08788; 634.505
0.08814; 633.453
0.0884; 632.423
0.08866; 631.401
0.08892; 630.402
0.08918; 629.411
0.08944; 628.443
0.0897; 627.482
0.08996; 626.544
0.09022; 625.614
0.09048; 624.706
0.09074; 623.806
0.091; 622.928
0.09126; 622.058
0.09152; 621.211
0.09178; 620.37
0.09204; 619.554
0.0923; 618.743
0.09256; 617.957
0.09282; 617.176
0.09308; 616.42
0.09334; 615.669
0.0936; 614.943
0.09386; 614.222
0.09412; 613.525
0.09438; 612.835
0.09464; 612.168
0.0949; 611.507
0.09516; 610.869
0.09542; 610.239
0.09568; 609.631
0.09594; 609.03
0.0962; 608.453
0.09646; 607.881
0.09672; 607.334
0.09698; 606.792
0.09724; 606.274
0.0975; 605.761
0.09776; 605.273
0.09802; 604.79
0.09828; 604.331
0.09854; 603.878
0.0988; 603.449
0.09906; 603.025
0.09932; 602.625
0.09958; 602.23
0.09984; 601.86
0.1001; 601.495
0.10036; 601.154
0.10062; 600.818
0.10088; 600.506
0.10114; 600.199
0.1014; 599.917
0.10166; 599.639
0.10192; 599.386
0.10218; 599.137
0.10244; 598.913
0.1027; 598.693
0.10296; 598.498
0.10322; 598.306
0.10348; 598.139
0.10374; 597.977
0.104; 597.838
0.10426; 597.704
0.10452; 597.594
0.10478; 597.488
0.10504; 597.406
0.1053; 597.327
0.10556; 597.271
0.10582; 597.219
0.10608; 597.187
0.10634; 597.156
0.1066; 0
0.10686; 0
0.10712; 0
0.10738; 0
0.10764; 0
0.1079; 0
0.10816; 0
0.10842; 0
0.10868; 0
0.10894; 0
0.1092; 0
0.10946; 0
0.10972; 0
0.10998; 0
0.11024; 0
0.1105; 0
0.11076; 0
0.11102; 0
0.11128; 0
0.11154; 0
0.1118; 0
0.11206; 0
0.11232; 0
0.11258; 0
0.11284; 0
0.1131; 0
0.11336; 0
0.11362; 0
0.11388; 0
0.11414; 0
0.1144; 0
0.11466; 0
0.11492; 0
0.11518; 0
0.11544; 0
0.1157; 0
0.11596; 0
0.11622; 0
0.11648; 0
0.11674; 0
0.117; 0
0.11726; 0
0.11752; 0
0.11778; 0
0.11804; 0
0.1183; 0
0.11856; 0
0.11882; 0
0.11908; 0
0.11934; 0
0.1196; 0
0.11986; 0
0.12012; 0
0.12038; 0
0.12064; 0
0.1209; 0
0.12116; 0
0.12142; 0
0.12168; 0
0.12194; 0
0.1222; 0
0.12246; 0
0.12272; 0
0.12298; 0
0.12324; 0
0.1235; 0
0.12376; 0
0.12402; 0
0.12428; 0
0.12454; 0
0.1248; 0
