0.00026; 0
0.00052; 0
0.00078; 0
0.00104; 0
0.0013; 0
0.00156; 0
0.00182; 0
0.00208; 0
0.00234; 0
0.0026; 0
0.00286; 0
0.00312; 0
0.00338; 0
0.00364; 0
0.0039; 0
0.00416; 0
0.00442; 0
0.00468; 0
0.00494; 0
0.0052; 0
0.00546; 0
0.00572; 0
0.00598; 0
0.00624; 0
0.0065; 0
0.00676; 0
0.00702; 0
0.00728; 0
0.00754; 0
0.0078; 0
0.00806; 0
0.00832; 0
0.00858; 0
0.00884; 0
0.0091; 0
0.00936; 0
0.00962; 0
0.00988; 0
0.01014; 0
0.0104; 0
0.01066; 0
0.01092; 0
0.01118; 0
0.01144; 0
0.0117; 0
0.01196; 0
0.01222; 0
0.01248; 0
0.01274; 0
0.013; 0
0.01326; 0
0.01352; 0
0.01378; 0
0.01404; 0
0.0143; 0
0.01456; 0
0.01482; 0
0.01508; 0
0.01534; 0
0.0156; 0
0.01586; 0
0.01612; 0
0.01638; 0
0.01664; 0
0.0169; 0
0.01716; 0
0.01742; 0
0.01768; 0
0.01794; 0
0.0182; 0
0.01846; 0
0.01872; 0
0.01898; 0
0.01924; 0
0.0195; 0
0.01976; 0
0.02002; 0
0.02028; 0
0.02054; 0
0.0208; 0
0.02106; 0
0.02132; 0
0.02158; 0
0.02184; 0
0.0221; 0
0.02236; 0
0.02262; 0
0.02288; 0
0.02314; 0
0.0234; 0
0.02366; 0
0.02392; 0
0.02418; 0
0.02444; 0
0.0247; 0
0.02496; 0
0.02522; 0
0.02548; 0
0.02574; 0
0.026; 0
0.02626; 0
0.02652; 0
0.02678; 0
0.02704; 0
0.0273; 0
0.02756; 0
0.02782; 0
0.02808; 0
0.02834; 0
0.0286; 0
0.02886; 0
0.02912; 0
0.02938; 0
0.02964; 0
0.0299; 0
0.03016; 0
0.03042; 0
0.03068; 0
0.03094; 0
0.0312; 0
0.03146; 0
0.03172; 0
0.03198; 0
0.03224; 0
0.0325; 0
0.03276; 899.188
0.03302; 899.18
0.03328; 899.162
0.03354; 899.133
0.0338; 899.092
0.03406; 899.041
0.03432; 898.979
0.03458; 898.905
0.03484; 898.821
0.0351; 898.726
0.03536; 898.62
0.03562; 898.502
0.03588; 898.374
0.03614; 898.235
0.0364; 898.084
0.03666; 897.923
0.03692; 897.75
0.03718; 897.567
0.03744; 897.372
0.0377; 897.165
0.03796; 896.948
0.03822; 896.719
0.03848; 896.478
0.03874; 896.226
0.039; 895.963
0.03926; 895.687
0.03952; 895.4
0.03978; 895.101
0.04004; 894.791
0.0403; 894.468
0.04056; 894.134
0.04082; 893.787
0.04108; 893.429
0.04134; 893.058
0.0416; 892.676
0.04186; 892.281
0.04212; 891.875
0.04238; 891.455
0.04264; 891.024
0.0429; 890.58
0.04316; 890.123
0.04342; 889.653
0.04368; 889.171
0.04394; 888.677
0.0442; 888.169
0.04446; 887.649
0.04472; 887.115
0.04498; 886.568
0.04524; 886.009
0.0455; 885.435
0.04576; 884.849
0.04602; 884.249
0.04628; 883.635
0.04654; 883.008
0.0468; 882.366
0.04706; 881.711
0.04732; 881.042
0.04758; 880.359
0.04784; 879.661
0.0481; 878.949
0.04836; 878.223
0.04862; 877.482
0.04888; 876.726
0.04914; 875.956
0.0494; 875.171
0.04966; 874.37
0.04992; 873.554
0.05018; 872.723
0.05044; 871.877
0.0507; 871.014
0.05096; 870.136
0.05122; 869.242
0.05148; 868.332
0.05174; 867.405
0.052; 866.462
0.05226; 865.502
0.05252; 864.525
0.05278; 863.531
0.05304; 862.52
0.0533; 861.491
0.05356; 860.445
0.05382; 859.381
0.05408; 858.298
0.05434; 857.197
0.0546; 856.078
0.05486; 854.939
0.05512; 853.782
0.05538; 852.605
0.05564; 851.408
0.0559; 850.192
0.05616; 848.955
0.05642; 847.698
0.05668; 846.42
0.05694; 845.121
0.0572; 843.8
0.05746; 842.457
0.05772; 841.093
0.05798; 839.706
0.05824; 838.296
0.0585; 836.863
0.05876; 835.407
0.05902; 833.927
0.05928; 832.422
0.05954; 830.893
0.0598; 829.339
0.06006; 827.76
0.06032; 826.154
0.06058; 824.523
0.06084; 822.865
0.0611; 821.179
0.06136; 819.467
0.06162; 817.726
0.06188; 815.958
0.06214; 814.161
0.0624; 812.335
0.06266; 810.479
0.06292; 808.594
0.06318; 806.679
0.06344; 804.734
0.0637; 802.758
0.06396; 800.751
0.06422; 798.714
0.06448; 796.645
0.06474; 794.545
0.065; 792.414
0.06526; 790.251
0.06552; 788.057
0.06578; 785.833
0.06604; 783.577
0.0663; 781.292
0.06656; 778.976
0.06682; 776.63
0.06708; 774.257
0.06734; 771.855
0.0676; 769.426
0.06786; 766.972
0.06812; 764.493
0.06838; 761.991
0.06864; 759.467
0.0689; 756.923
0.06916; 754.361
0.06942; 751.782
0.06968; 749.189
0.06994; 746.584
0.0702; 743.968
0.07046; 741.345
0.07072; 738.715
0.07098; 736.082
0.07124; 733.448
0.0715; 730.814
0.07176; 728.183
0.07202; 725.557
0.07228; 722.937
0.07254; 720.326
0.0728; 717.725
0.07306; 715.136
0.07332; 712.559
0.07358; 709.998
0.07384; 707.452
0.0741; 704.922
0.07436; 702.41
0.07462; 699.917
0.07488; 697.442
0.07514; 694.988
0.0754; 692.553
0.07566; 690.14
0.07592; 687.748
0.07618; 685.377
0.07644; 683.028
0.0767; 680.7
0.07696; 678.395
0.07722; 676.112
0.07748; 673.851
0.07774; 671.613
0.078; 669.397
0.07826; 667.203
0.07852; 665.031
0.07878; 662.882
0.07904; 660.755
0.0793; 658.649
0.07956; 656.566
0.07982; 654.505
0.08008; 652.465
0.08034; 650.447
0.0806; 648.451
0.08086; 646.476
0.08112; 644.522
0.08138; 642.589
0.08164; 640.678
0.0819; 638.787
0.08216; 636.918
0.08242; 635.07
0.08268; 633.242
0.08294; 631.434
0.0832; 629.648
0.08346; 627.881
0.08372; 626.136
0.08398; 624.41
0.08424; 622.705
0.0845; 621.02
0.08476; 619.355
0.08502; 617.71
0.08528; 616.085
0.08554; 614.48
0.0858; 612.895
0.08606; 611.329
0.08632; 609.784
0.08658; 608.258
0.08684; 606.753
0.0871; 605.267
0.08736; 603.801
0.08762; 602.354
0.08788; 600.927
0.08814; 599.52
0.0884; 598.133
0.08866; 596.765
0.08892; 595.416
0.08918; 594.087
0.08944; 592.778
0.0897; 591.489
0.08996; 590.219
0.09022; 588.969
0.09048; 587.738
0.09074; 586.527
0.091; 585.335
0.09126; 584.164
0.09152; 583.011
0.09178; 581.879
0.09204; 580.766
0.0923; 579.674
0.09256; 578.6
0.09282; 577.547
0.09308; 576.512
0.09334; 575.499
0.0936; 574.504
0.09386; 573.53
0.09412; 572.575
0.09438; 571.641
0.09464; 570.725
0.0949; 569.831
0.09516; 568.955
0.09542; 568.1
0.09568; 567.264
0.09594; 566.449
0.0962; 565.653
0.09646; 564.877
0.09672; 564.121
0.09698; 563.386
0.09724; 562.67
0.0975; 561.974
0.09776; 561.298
0.09802; 560.642
0.09828; 560.006
0.09854; 559.39
0.0988; 558.794
0.09906; 558.218
0.09932; 557.663
0.09958; 557.128
0.09984; 556.612
0.1001; 556.117
0.10036; 555.64
0.10062; 555.184
0.10088; 554.748
0.10114; 554.332
0.1014; 553.936
0.10166; 553.561
0.10192; 553.205
0.10218; 552.87
0.10244; 552.553
0.1027; 552.257
0.10296; 551.981
0.10322; 551.725
0.10348; 551.488
0.10374; 551.271
0.104; 551.073
0.10426; 550.896
0.10452; 550.737
0.10478; 550.598
0.10504; 550.477
0.1053; 550.377
0.10556; 550.293
0.10582; 550.227
0.10608; 550.174
0.10634; 550.136
0.1066; 0
0.10686; 0
0.10712; 0
0.10738; 0
0.10764; 0
0.1079; 0
0.10816; 0
0.10842; 0
0.10868; 0
0.10894; 0
0.1092; 0
0.10946; 0
0.10972; 0
0.10998; 0
0.11024; 0
0.1105; 0
0.11076; 0
0.11102; 0
0.11128; 0
0.11154; 0
0.1118; 0
0.11206; 0
0.11232; 0
0.11258; 0
0.11284; 0
0.1131; 0
0.11336; 0
0.11362; 0
0.11388; 0
0.11414; 0
0.1144; 0
0.11466; 0
0.11492; 0
0.11518; 0
0.11544; 0
0.1157; 0
0.11596; 0
0.11622; 0
0.11648; 0
0.11674; 0
0.117; 0
0.11726; 0
0.11752; 0
0.11778; 0
0.11804; 0
0.1183; 0
0.11856; 0
0.11882; 0
0.11908; 0
0.11934; 0
0.1196; 0
0.11986; 0
0.12012; 0
0.12038; 0
0.12064; 0
0.1209; 0
0.12116; 0
0.12142; 0
0.12168; 0
0.12194; 0
0.1222; 0
0.12246; 0
0.12272; 0
0.12298; 0
0.12324; 0
0.1235; 0
0.12376; 0
0.12402; 0
0.12428; 0
0.12454; 0
0.1248; 0
