0.00026; 300
0.00052; 300
0.00078; 300
0.00104; 300
0.0013; 300
0.00156; 300
0.00182; 300
0.00208; 300
0.00234; 300.001
0.0026; 300.001
0.00286; 300.001
0.00312; 300.002
0.00338; 300.002
0.00364; 300.003
0.0039; 300.003
0.00416; 300.004
0.00442; 300.005
0.00468; 300.005
0.00494; 300.006
0.0052; 300.007
0.00546; 300.008
0.00572; 300.01
0.00598; 300.011
0.00624; 300.012
0.0065; 300.014
0.00676; 300.015
0.00702; 300.017
0.00728; 300.018
0.00754; 300.02
0.0078; 300.022
0.00806; 300.024
0.00832; 300.026
0.00858; 300.029
0.00884; 300.031
0.0091; 300.033
0.00936; 300.036
0.00962; 300.039
0.00988; 300.042
0.01014; 300.045
0.0104; 300.048
0.01066; 300.052
0.01092; 300.055
0.01118; 300.059
0.01144; 300.063
0.0117; 300.067
0.01196; 300.071
0.01222; 300.076
0.01248; 300.08
0.01274; 300.085
0.013; 300.091
0.01326; 300.096
0.01352; 300.102
0.01378; 300.107
0.01404; 300.114
0.0143; 300.12
0.01456; 300.127
0.01482; 300.134
0.01508; 300.141
0.01534; 300.148
0.0156; 300.156
0.01586; 300.165
0.01612; 300.173
0.01638; 300.182
0.01664; 300.191
0.0169; 300.201
0.01716; 300.211
0.01742; 300.222
0.01768; 300.232
0.01794; 300.244
0.0182; 300.255
0.01846; 300.268
0.01872; 300.28
0.01898; 300.294
0.01924; 300.307
0.0195; 300.322
0.01976; 300.336
0.02002; 300.352
0.02028; 300.368
0.02054; 300.384
0.0208; 300.402
0.02106; 300.42
0.02132; 300.438
0.02158; 300.457
0.02184; 300.477
0.0221; 300.498
0.02236; 300.52
0.02262; 300.542
0.02288; 300.565
0.02314; 300.589
0.0234; 300.614
0.02366; 300.639
0.02392; 300.666
0.02418; 300.694
0.02444; 300.722
0.0247; 300.752
0.02496; 300.783
0.02522; 300.814
0.02548; 300.847
0.02574; 300.881
0.026; 300.917
0.02626; 300.953
0.02652; 300.991
0.02678; 301.03
0.02704; 301.071
0.0273; 301.113
0.02756; 301.156
0.02782; 301.201
0.02808; 301.247
0.02834; 301.295
0.0286; 301.344
0.02886; 301.395
0.02912; 301.448
0.02938; 301.503
0.02964; 301.559
0.0299; 301.618
0.03016; 301.678
0.03042; 301.74
0.03068; 301.804
0.03094; 301.871
0.0312; 301.939
0.03146; 302.01
0.03172; 302.083
0.03198; 302.158
0.03224; 302.236
0.0325; 302.316
0.03276; 302.399
0.03302; 302.485
0.03328; 302.573
0.03354; 302.663
0.0338; 302.757
0.03406; 302.854
0.03432; 302.954
0.03458; 303.056
0.03484; 303.162
0.0351; 303.271
0.03536; 303.384
0.03562; 303.499
0.03588; 303.619
0.03614; 303.742
0.0364; 303.869
0.03666; 303.999
0.03692; 304.133
0.03718; 304.271
0.03744; 304.414
0.0377; 304.56
0.03796; 304.711
0.03822; 304.866
0.03848; 305.026
0.03874; 305.19
0.039; 305.359
0.03926; 305.532
0.03952; 305.712
0.03978; 305.895
0.04004; 306.085
0.0403; 306.279
0.04056; 306.48
0.04082; 306.685
0.04108; 306.896
0.04134; 307.113
0.0416; 307.337
0.04186; 307.566
0.04212; 307.802
0.04238; 308.043
0.04264; 308.293
0.0429; 308.547
0.04316; 308.81
0.04342; 309.079
0.04368; 309.356
0.04394; 309.639
0.0442; 309.932
0.04446; 310.23
0.04472; 310.538
0.04498; 310.852
0.04524; 311.176
0.0455; 311.506
0.04576; 311.847
0.04602; 312.195
0.04628; 312.554
0.04654; 312.92
0.0468; 313.297
0.04706; 313.681
0.04732; 314.078
0.04758; 314.482
0.04784; 314.898
0.0481; 315.322
0.04836; 315.76
0.04862; 316.205
0.04888; 316.664
0.04914; 317.131
0.0494; 317.613
0.04966; 318.103
0.04992; 318.608
0.05018; 319.122
0.05044; 319.651
0.0507; 320.189
0.05096; 320.744
0.05122; 321.308
0.05148; 321.888
0.05174; 322.479
0.052; 323.086
0.05226; 323.704
0.05252; 324.34
0.05278; 324.986
0.05304; 325.65
0.0533; 326.326
0.05356; 327.021
0.05382; 327.727
0.05408; 328.452
0.05434; 329.19
0.0546; 329.947
0.05486; 330.717
0.05512; 331.508
0.05538; 332.312
0.05564; 333.136
0.0559; 333.975
0.05616; 334.835
0.05642; 335.709
0.05668; 336.606
0.05694; 337.517
0.0572; 338.451
0.05746; 339.4
0.05772; 340.373
0.05798; 341.361
0.05824; 342.374
0.0585; 343.402
0.05876; 344.455
0.05902; 345.525
0.05928; 346.621
0.05954; 347.733
0.0598; 348.873
0.06006; 350.029
0.06032; 351.212
0.06058; 352.414
0.06084; 353.643
0.0611; 354.89
0.06136; 356.166
0.06162; 357.46
0.06188; 358.784
0.06214; 360.127
0.0624; 361.5
0.06266; 362.893
0.06292; 364.316
0.06318; 365.759
0.06344; 367.234
0.0637; 368.729
0.06396; 370.258
0.06422; 371.806
0.06448; 373.388
0.06474; 374.992
0.065; 376.628
0.06526; 378.286
0.06552; 379.979
0.06578; 381.695
0.06604; 383.445
0.0663; 385.219
0.06656; 387.028
0.06682; 388.86
0.06708; 390.729
0.06734; 392.621
0.0676; 394.55
0.06786; 396.503
0.06812; 398.494
0.06838; 400.509
0.06864; 402.563
0.0689; 404.642
0.06916; 406.759
0.06942; 408.902
0.06968; 411.084
0.06994; 413.293
0.0702; 415.541
0.07046; 417.815
0.07072; 420.13
0.07098; 422.471
0.07124; 424.854
0.0715; 427.264
0.07176; 429.715
0.07202; 432.193
0.07228; 434.714
0.07254; 437.263
0.0728; 439.854
0.07306; 442.473
0.07332; 445.135
0.07358; 447.826
0.07384; 450.56
0.0741; 453.322
0.07436; 456.128
0.07462; 458.963
0.07488; 461.843
0.07514; 464.751
0.0754; 467.703
0.07566; 470.684
0.07592; 473.711
0.07618; 476.767
0.07644; 479.868
0.0767; 482.999
0.07696; 486.175
0.07722; 489.381
0.07748; 492.632
0.07774; 495.914
0.078; 499.241
0.07826; 502.597
0.07852; 506
0.07878; 509.431
0.07904; 512.909
0.0793; 516.417
0.07956; 519.971
0.07982; 523.555
0.08008; 527.186
0.08034; 530.846
0.0806; 534.552
0.08086; 538.287
0.08112; 542.07
0.08138; 545.881
0.08164; 549.739
0.0819; 553.627
0.08216; 557.56
0.08242; 561.523
0.08268; 565.531
0.08294; 569.568
0.0832; 573.651
0.08346; 577.762
0.08372; 581.92
0.08398; 586.105
0.08424; 590.336
0.0845; 594.595
0.08476; 598.899
0.08502; 603.23
0.08528; 607.606
0.08554; 612.009
0.0858; 616.456
0.08606; 620.931
0.08632; 625.449
0.08658; 629.994
0.08684; 634.581
0.0871; 639.195
0.08736; 643.851
0.08762; 648.534
0.08788; 653.257
0.08814; 658.007
0.0884; 662.797
0.08866; 667.613
0.08892; 672.468
0.08918; 677.348
0.08944; 682.267
0.0897; 687.21
0.08996; 692.192
0.09022; 697.197
0.09048; 702.24
0.09074; 707.306
0.091; 712.408
0.09126; 717.533
0.09152; 722.692
0.09178; 727.874
0.09204; 733.091
0.0923; 738.328
0.09256; 743.598
0.09282; 748.889
0.09308; 754.212
0.09334; 759.555
0.0936; 764.929
0.09386; 770.322
0.09412; 775.745
0.09438; 781.186
0.09464; 786.655
0.0949; 792.141
0.09516; 797.655
0.09542; 803.186
0.09568; 808.742
0.09594; 814.315
0.0962; 819.912
0.09646; 825.523
0.09672; 831.158
0.09698; 836.807
0.09724; 842.478
0.0975; 848.162
0.09776; 853.866
0.09802; 859.583
0.09828; 865.319
0.09854; 871.065
0.0988; 876.83
0.09906; 882.604
0.09932; 888.395
0.09958; 894.195
0.09984; 900.01
0.1001; 905.833
0.10036; 911.669
0.10062; 917.512
0.10088; 923.366
0.10114; 929.228
0.1014; 935.098
0.10166; 940.974
0.10192; 946.859
0.10218; 952.748
0.10244; 958.643
0.1027; 964.542
0.10296; 970.446
0.10322; 976.352
0.10348; 982.262
0.10374; 988.173
0.104; 994.086
0.10426; 1000
0.10452; 1000
0.10478; 1000
0.10504; 1000
0.1053; 1000
0.10556; 1000
0.10582; 1000
0.10608; 1000
0.10634; 1000
0.1066; 1000
0.10686; 1000
0.10712; 1000
0.10738; 1000
0.10764; 1000
0.1079; 1000
0.10816; 1000
0.10842; 1000
0.10868; 1000
0.10894; 1000
0.1092; 1000
0.10946; 1000
0.10972; 1000
0.10998; 1000
0.11024; 1000
0.1105; 1000
0.11076; 1000
0.11102; 1000
0.11128; 1000
0.11154; 1000
0.1118; 1000
0.11206; 1000
0.11232; 1000
0.11258; 1000
0.11284; 1000
0.1131; 1000
0.11336; 1000
0.11362; 1000
0.11388; 1000
0.11414; 1000
0.1144; 1000
0.11466; 1000
0.11492; 1000
0.11518; 1000
0.11544; 1000
0.1157; 1000
0.11596; 1000
0.11622; 1000
0.11648; 1000
0.11674; 1000
0.117; 1000
0.11726; 1000
0.11752; 1000
0.11778; 1000
0.11804; 1000
0.1183; 1000
0.11856; 1000
0.11882; 1000
0.11908; 1000
0.11934; 1000
0.1196; 1000
0.11986; 1000
0.12012; 1000
0.12038; 1000
0.12064; 1000
0.1209; 1000
0.12116; 1000
0.12142; 1000
0.12168; 1000
0.12194; 1000
0.1222; 1000
0.12246; 1000
0.12272; 1000
0.12298; 1000
0.12324; 1000
0.1235; 1000
0.12376; 1000
0.12402; 1000
0.12428; 1000
0.12454; 1000
0.1248; 1000
