0.00026; 0
0.00052; 0
0.00078; 0
0.00104; 0
0.0013; 0
0.00156; 0
0.00182; 0
0.00208; 0
0.00234; 0
0.0026; 0
0.00286; 0
0.00312; 0
0.00338; 0
0.00364; 0
0.0039; 0
0.00416; 0
0.00442; 0
0.00468; 0
0.00494; 0
0.0052; 0
0.00546; 0
0.00572; 0
0.00598; 0
0.00624; 0
0.0065; 0
0.00676; 0
0.00702; 0
0.00728; 0
0.00754; 0
0.0078; 0
0.00806; 0
0.00832; 0
0.00858; 0
0.00884; 0
0.0091; 0
0.00936; 0
0.00962; 0
0.00988; 0
0.01014; 0
0.0104; 0
0.01066; 0
0.01092; 0
0.01118; 0
0.01144; 0
0.0117; 0
0.01196; 0
0.01222; 0
0.01248; 0
0.01274; 0
0.013; 0
0.01326; 0
0.01352; 0
0.01378; 0
0.01404; 0
0.0143; 0
0.01456; 0
0.01482; 0
0.01508; 0
0.01534; 0
0.0156; 0
0.01586; 0
0.01612; 0
0.01638; 0
0.01664; 0
0.0169; 0
0.01716; 0
0.01742; 0
0.01768; 0
0.01794; 0
0.0182; 0
0.01846; 0
0.01872; 0
0.01898; 0
0.01924; 0
0.0195; 0
0.01976; 0
0.02002; 0
0.02028; 0
0.02054; 0
0.0208; 0
0.02106; 0
0.02132; 0
0.02158; 0
0.02184; 0
0.0221; 0
0.02236; 0
0.02262; 0
0.02288; 0
0.02314; 0
0.0234; 0
0.02366; 0
0.02392; 0
0.02418; 0
0.02444; 0
0.0247; 0
0.02496; 0
0.02522; 0
0.02548; 0
0.02574; 0
0.026; 0
0.02626; 0
0.02652; 0
0.02678; 0
0.02704; 0
0.0273; 0
0.02756; 0
0.02782; 0
0.02808; 0
0.02834; 0
0.0286; 0
0.02886; 0
0.02912; 0
0.02938; 0
0.02964; 0
0.0299; 0
0.03016; 0
0.03042; 0
0.03068; 0
0.03094; 0
0.0312; 0
0.03146; 0
0.03172; 0
0.03198; 0
0.03224; 0
0.0325; 0
0.03276; 892.88
0.03302; 892.87
0.03328; 892.855
0.03354; 892.824
0.0338; 892.788
0.03406; 892.736
0.03432; 892.679
0.03458; 892.605
0.03484; 892.527
0.0351; 892.432
0.03536; 892.333
0.03562; 892.217
0.03588; 892.096
0.03614; 891.959
0.0364; 891.817
0.03666; 891.659
0.03692; 891.495
0.03718; 891.315
0.03744; 891.13
0.0377; 890.928
0.03796; 890.721
0.03822; 890.497
0.03848; 890.267
0.03874; 890.022
0.039; 889.77
0.03926; 889.502
0.03952; 889.228
0.03978; 888.937
0.04004; 888.64
0.0403; 888.327
0.04056; 888.007
0.04082; 887.671
0.04108; 887.329
0.04134; 886.969
0.0416; 886.603
0.04186; 886.221
0.04212; 885.831
0.04238; 885.425
0.04264; 885.011
0.0429; 884.581
0.04316; 884.144
0.04342; 883.689
0.04368; 883.227
0.04394; 882.748
0.0442; 882.262
0.04446; 881.758
0.04472; 881.247
0.04498; 880.718
0.04524; 880.182
0.0455; 879.627
0.04576; 879.065
0.04602; 878.485
0.04628; 877.897
0.04654; 877.291
0.0468; 876.677
0.04706; 876.044
0.04732; 875.402
0.04758; 874.743
0.04784; 874.074
0.0481; 873.387
0.04836; 872.691
0.04862; 871.976
0.04888; 871.252
0.04914; 870.509
0.0494; 869.756
0.04966; 868.984
0.04992; 868.202
0.05018; 867.401
0.05044; 866.59
0.0507; 865.759
0.05096; 864.917
0.05122; 864.055
0.05148; 863.182
0.05174; 862.29
0.052; 861.387
0.05226; 860.462
0.05252; 859.526
0.05278; 858.568
0.05304; 857.6
0.0533; 856.609
0.05356; 855.606
0.05382; 854.582
0.05408; 853.544
0.05434; 852.485
0.0546; 851.412
0.05486; 850.316
0.05512; 849.207
0.05538; 848.074
0.05564; 846.927
0.0559; 845.757
0.05616; 844.571
0.05642; 843.362
0.05668; 842.138
0.05694; 840.888
0.0572; 839.623
0.05746; 838.333
0.05772; 837.025
0.05798; 835.692
0.05824; 834.341
0.0585; 832.964
0.05876; 831.569
0.05902; 830.147
0.05928; 828.706
0.05954; 827.237
0.0598; 825.749
0.06006; 824.232
0.06032; 822.695
0.06058; 821.129
0.06084; 819.541
0.0611; 817.924
0.06136; 816.284
0.06162; 814.615
0.06188; 812.922
0.06214; 811.198
0.0624; 809.45
0.06266; 807.672
0.06292; 805.868
0.06318; 804.033
0.06344; 802.171
0.0637; 800.279
0.06396; 798.359
0.06422; 796.408
0.06448; 794.429
0.06474; 792.418
0.065; 790.38
0.06526; 788.311
0.06552; 786.214
0.06578; 784.085
0.06604; 781.929
0.0663; 779.743
0.06656; 777.53
0.06682; 775.289
0.06708; 773.021
0.06734; 770.726
0.0676; 768.406
0.06786; 766.062
0.06812; 763.695
0.06838; 761.305
0.06864; 758.896
0.0689; 756.468
0.06916; 754.023
0.06942; 751.563
0.06968; 749.09
0.06994; 746.605
0.0702; 744.111
0.07046; 741.61
0.07072; 739.104
0.07098; 736.595
0.07124; 734.085
0.0715; 731.576
0.07176; 729.07
0.07202; 726.57
0.07228; 724.076
0.07254; 721.591
0.0728; 719.116
0.07306; 716.653
0.07332; 714.202
0.07358; 711.766
0.07384; 709.345
0.0741; 706.941
0.07436; 704.553
0.07462; 702.184
0.07488; 699.833
0.07514; 697.503
0.0754; 695.19
0.07566; 692.9
0.07592; 690.628
0.07618; 688.379
0.07644; 686.149
0.0767; 683.943
0.07696; 681.756
0.07722; 679.593
0.07748; 677.448
0.07774; 675.328
0.078; 673.227
0.07826; 671.15
0.07852; 669.092
0.07878; 667.058
0.07904; 665.043
0.0793; 663.052
0.07956; 661.079
0.07982; 659.131
0.08008; 657.2
0.08034; 655.293
0.0806; 653.404
0.08086; 651.54
0.08112; 649.691
0.08138; 647.868
0.08164; 646.06
0.0819; 644.277
0.08216; 642.51
0.08242; 640.768
0.08268; 639.04
0.08294; 637.338
0.0832; 635.65
0.08346; 633.987
0.08372; 632.338
0.08398; 630.714
0.08424; 629.105
0.0845; 627.519
0.08476; 625.948
0.08502; 624.401
0.08528; 622.868
0.08554; 621.359
0.0858; 619.863
0.08606; 618.393
0.08632; 616.935
0.08658; 615.502
0.08684; 614.083
0.0871; 612.688
0.08736; 611.305
0.08762; 609.948
0.08788; 608.603
0.08814; 607.283
0.0884; 605.975
0.08866; 604.693
0.08892; 603.423
0.08918; 602.177
0.08944; 600.944
0.0897; 599.737
0.08996; 598.541
0.09022; 597.371
0.09048; 596.212
0.09074; 595.079
0.091; 593.957
0.09126; 592.861
0.09152; 591.777
0.09178; 590.718
0.09204; 589.671
0.0923; 588.649
0.09256; 587.639
0.09282; 586.656
0.09308; 585.683
0.09334; 584.736
0.0936; 583.8
0.09386; 582.891
0.09412; 581.993
0.09438; 581.121
0.09464; 580.26
0.0949; 579.426
0.09516; 578.603
0.09542; 577.806
0.09568; 577.019
0.09594; 576.26
0.0962; 575.512
0.09646; 574.79
0.09672; 574.079
0.09698; 573.395
0.09724; 572.721
0.0975; 572.075
0.09776; 571.439
0.09802; 570.829
0.09828; 570.23
0.09854; 569.659
0.0988; 569.098
0.09906; 568.564
0.09932; 568.04
0.09958; 567.544
0.09984; 567.058
0.1001; 566.599
0.10036; 566.151
0.10062; 565.73
0.10088; 565.319
0.10114; 564.936
0.1014; 564.562
0.10166; 564.216
0.10192; 563.88
0.10218; 563.57
0.10244; 563.271
0.1027; 562.998
0.10296; 562.736
0.10322; 562.501
0.10348; 562.275
0.10374; 562.078
0.104; 561.889
0.10426; 561.726
0.10452; 561.572
0.10478; 561.448
0.10504; 561.33
0.1053; 561.24
0.10556; 561.156
0.10582; 561.1
0.10608; 561.046
0.10634; 561.018
0.1066; 0
0.10686; 0
0.10712; 0
0.10738; 0
0.10764; 0
0.1079; 0
0.10816; 0
0.10842; 0
0.10868; 0
0.10894; 0
0.1092; 0
0.10946; 0
0.10972; 0
0.10998; 0
0.11024; 0
0.1105; 0
0.11076; 0
0.11102; 0
0.11128; 0
0.11154; 0
0.1118; 0
0.11206; 0
0.11232; 0
0.11258; 0
0.11284; 0
0.1131; 0
0.11336; 0
0.11362; 0
0.11388; 0
0.11414; 0
0.1144; 0
0.11466; 0
0.11492; 0
0.11518; 0
0.11544; 0
0.1157; 0
0.11596; 0
0.11622; 0
0.11648; 0
0.11674; 0
0.117; 0
0.11726; 0
0.11752; 0
0.11778; 0
0.11804; 0
0.1183; 0
0.11856; 0
0.11882; 0
0.11908; 0
0.11934; 0
0.1196; 0
0.11986; 0
0.12012; 0
0.12038; 0
0.12064; 0
0.1209; 0
0.12116; 0
0.12142; 0
0.12168; 0
0.12194; 0
0.1222; 0
0.12246; 0
0.12272; 0
0.12298; 0
0.12324; 0
0.1235; 0
0.12376; 0
0.12402; 0
0.12428; 0
0.12454; 0
0.1248; 0
