0.00026; 424.851
0.00052; 424.858
0.00078; 424.866
0.00104; 424.881
0.0013; 424.905
0.00156; 424.936
0.00182; 424.976
0.00208; 425.025
0.00234; 425.081
0.0026; 425.146
0.00286; 425.219
0.00312; 425.3
0.00338; 425.389
0.00364; 425.486
0.0039; 425.592
0.00416; 425.706
0.00442; 425.828
0.00468; 425.958
0.00494; 426.096
0.0052; 426.242
0.00546; 426.397
0.00572; 426.56
0.00598; 426.731
0.00624; 426.91
0.0065; 427.097
0.00676; 427.293
0.00702; 427.496
0.00728; 427.708
0.00754; 427.928
0.0078; 428.156
0.00806; 428.393
0.00832; 428.637
0.00858; 428.89
0.00884; 429.15
0.0091; 429.419
0.00936; 429.696
0.00962; 429.982
0.00988; 430.275
0.01014; 430.576
0.0104; 430.886
0.01066; 431.204
0.01092; 431.529
0.01118; 431.863
0.01144; 432.205
0.0117; 432.555
0.01196; 432.913
0.01222; 433.279
0.01248; 433.654
0.01274; 434.036
0.013; 434.427
0.01326; 434.826
0.01352; 435.232
0.01378; 435.647
0.01404; 436.07
0.0143; 436.501
0.01456; 436.941
0.01482; 437.388
0.01508; 437.843
0.01534; 438.307
0.0156; 438.778
0.01586; 439.258
0.01612; 439.745
0.01638; 440.241
0.01664; 440.745
0.0169; 441.257
0.01716; 441.777
0.01742; 442.305
0.01768; 442.841
0.01794; 443.385
0.0182; 443.937
0.01846; 444.498
0.01872; 445.066
0.01898; 445.642
0.01924; 446.227
0.0195; 446.819
0.01976; 447.419
0.02002; 448.028
0.02028; 448.644
0.02054; 449.269
0.0208; 449.901
0.02106; 450.542
0.02132; 451.191
0.02158; 451.847
0.02184; 452.512
0.0221; 453.185
0.02236; 453.865
0.02262; 454.554
0.02288; 455.251
0.02314; 455.955
0.0234; 456.668
0.02366; 457.389
0.02392; 458.117
0.02418; 458.854
0.02444; 459.598
0.0247; 460.351
0.02496; 461.111
0.02522; 461.88
0.02548; 462.656
0.02574; 463.441
0.026; 464.233
0.02626; 465.033
0.02652; 465.842
0.02678; 466.658
0.02704; 467.482
0.0273; 468.314
0.02756; 469.154
0.02782; 470.002
0.02808; 470.858
0.02834; 471.722
0.0286; 472.594
0.02886; 473.474
0.02912; 474.361
0.02938; 475.257
0.02964; 476.16
0.0299; 477.072
0.03016; 477.991
0.03042; 478.918
0.03068; 479.853
0.03094; 480.796
0.0312; 481.747
0.03146; 482.705
0.03172; 483.672
0.03198; 484.646
0.03224; 485.628
0.0325; 486.618
0.03276; 487.616
0.03302; 488.621
0.03328; 489.635
0.03354; 490.656
0.0338; 491.685
0.03406; 492.722
0.03432; 493.767
0.03458; 494.82
0.03484; 495.88
0.0351; 496.948
0.03536; 498.024
0.03562; 499.107
0.03588; 500.199
0.03614; 501.298
0.0364; 502.405
0.03666; 503.519
0.03692; 504.642
0.03718; 505.772
0.03744; 506.909
0.0377; 508.055
0.03796; 509.208
0.03822; 510.368
0.03848; 511.537
0.03874; 512.713
0.039; 513.896
0.03926; 515.087
0.03952; 516.286
0.03978; 517.493
0.04004; 518.707
0.0403; 519.928
0.04056; 521.158
0.04082; 522.394
0.04108; 523.639
0.04134; 524.891
0.0416; 526.15
0.04186; 527.417
0.04212; 528.692
0.04238; 529.974
0.04264; 531.263
0.0429; 532.56
0.04316; 533.865
0.04342; 535.176
0.04368; 536.496
0.04394; 537.823
0.0442; 539.157
0.04446; 540.499
0.04472; 541.848
0.04498; 543.205
0.04524; 544.569
0.0455; 545.94
0.04576; 547.319
0.04602; 548.705
0.04628; 550.099
0.04654; 551.499
0.0468; 552.907
0.04706; 554.323
0.04732; 555.745
0.04758; 557.175
0.04784; 558.612
0.0481; 560.057
0.04836; 561.508
0.04862; 562.967
0.04888; 564.433
0.04914; 565.906
0.0494; 567.386
0.04966; 568.873
0.04992; 570.368
0.05018; 571.869
0.05044; 573.378
0.0507; 574.894
0.05096; 576.416
0.05122; 577.946
0.05148; 579.483
0.05174; 581.027
0.052; 582.578
0.05226; 584.136
0.05252; 585.7
0.05278; 587.272
0.05304; 588.85
0.0533; 590.436
0.05356; 592.028
0.05382; 593.628
0.05408; 595.234
0.05434; 596.847
0.0546; 598.466
0.05486; 600.093
0.05512; 601.726
0.05538; 603.367
0.05564; 605.013
0.0559; 606.667
0.05616; 608.327
0.05642; 609.994
0.05668; 611.668
0.05694; 613.348
0.0572; 615.035
0.05746; 616.729
0.05772; 618.429
0.05798; 620.135
0.05824; 621.849
0.0585; 623.568
0.05876; 625.295
0.05902; 627.028
0.05928; 628.767
0.05954; 630.512
0.0598; 632.264
0.06006; 634.023
0.06032; 635.787
0.06058; 637.558
0.06084; 639.336
0.0611; 641.119
0.06136; 642.909
0.06162; 644.705
0.06188; 646.507
0.06214; 648.316
0.0624; 650.13
0.06266; 651.951
0.06292; 653.777
0.06318; 655.61
0.06344; 657.449
0.0637; 659.294
0.06396; 661.145
0.06422; 663.002
0.06448; 664.865
0.06474; 666.734
0.065; 668.608
0.06526; 670.489
0.06552; 672.375
0.06578; 674.267
0.06604; 676.165
0.0663; 678.069
0.06656; 679.978
0.06682; 681.893
0.06708; 683.814
0.06734; 685.741
0.0676; 687.673
0.06786; 689.611
0.06812; 691.554
0.06838; 693.503
0.06864; 695.458
0.0689; 697.418
0.06916; 699.383
0.06942; 701.354
0.06968; 703.33
0.06994; 705.312
0.0702; 707.299
0.07046; 709.291
0.07072; 711.288
0.07098; 713.291
0.07124; 715.299
0.0715; 717.312
0.07176; 719.33
0.07202; 721.354
0.07228; 723.382
0.07254; 725.416
0.0728; 727.455
0.07306; 729.498
0.07332; 731.547
0.07358; 733.6
0.07384; 735.658
0.0741; 737.722
0.07436; 739.79
0.07462; 741.863
0.07488; 743.94
0.07514; 746.022
0.0754; 748.109
0.07566; 750.201
0.07592; 752.297
0.07618; 754.398
0.07644; 756.504
0.0767; 758.614
0.07696; 760.728
0.07722; 762.847
0.07748; 764.97
0.07774; 767.098
0.078; 769.23
0.07826; 771.367
0.07852; 773.507
0.07878; 775.652
0.07904; 777.801
0.0793; 779.954
0.07956; 782.112
0.07982; 784.273
0.08008; 786.439
0.08034; 788.608
0.0806; 790.782
0.08086; 792.959
0.08112; 795.14
0.08138; 797.325
0.08164; 799.514
0.0819; 801.707
0.08216; 803.904
0.08242; 806.104
0.08268; 808.308
0.08294; 810.515
0.0832; 812.726
0.08346; 814.941
0.08372; 817.159
0.08398; 819.381
0.08424; 821.606
0.0845; 823.834
0.08476; 826.066
0.08502; 828.301
0.08528; 830.54
0.08554; 832.781
0.0858; 835.026
0.08606; 837.274
0.08632; 839.526
0.08658; 841.78
0.08684; 844.037
0.0871; 846.297
0.08736; 848.561
0.08762; 850.827
0.08788; 853.096
0.08814; 855.368
0.0884; 857.643
0.08866; 859.92
0.08892; 862.2
0.08918; 864.483
0.08944; 866.769
0.0897; 869.057
0.08996; 871.347
0.09022; 873.64
0.09048; 875.936
0.09074; 878.234
0.091; 880.534
0.09126; 882.837
0.09152; 885.142
0.09178; 887.449
0.09204; 889.759
0.0923; 892.07
0.09256; 894.384
0.09282; 896.7
0.09308; 899.018
0.09334; 901.338
0.0936; 903.66
0.09386; 905.983
0.09412; 908.309
0.09438; 910.636
0.09464; 912.966
0.0949; 915.297
0.09516; 917.629
0.09542; 919.964
0.09568; 922.3
0.09594; 924.637
0.0962; 926.976
0.09646; 929.316
0.09672; 931.658
0.09698; 934.001
0.09724; 936.346
0.0975; 938.692
0.09776; 941.039
0.09802; 943.387
0.09828; 945.737
0.09854; 948.088
0.0988; 950.44
0.09906; 952.792
0.09932; 955.146
0.09958; 957.501
0.09984; 959.857
0.1001; 962.213
0.10036; 964.57
0.10062; 966.928
0.10088; 969.287
0.10114; 971.646
0.1014; 974.006
0.10166; 976.367
0.10192; 978.728
0.10218; 981.09
0.10244; 983.452
0.1027; 985.815
0.10296; 988.179
0.10322; 990.542
0.10348; 992.906
0.10374; 995.271
0.104; 997.635
0.10426; 1000
0.10452; 1000
0.10478; 1000
0.10504; 1000
0.1053; 1000
0.10556; 1000
0.10582; 1000
0.10608; 1000
0.10634; 1000
0.1066; 1000
0.10686; 1000
0.10712; 1000
0.10738; 1000
0.10764; 1000
0.1079; 1000
0.10816; 1000
0.10842; 1000
0.10868; 1000
0.10894; 1000
0.1092; 1000
0.10946; 1000
0.10972; 1000
0.10998; 1000
0.11024; 1000
0.1105; 1000
0.11076; 1000
0.11102; 1000
0.11128; 1000
0.11154; 1000
0.1118; 1000
0.11206; 1000
0.11232; 1000
0.11258; 1000
0.11284; 1000
0.1131; 1000
0.11336; 1000
0.11362; 1000
0.11388; 1000
0.11414; 1000
0.1144; 1000
0.11466; 1000
0.11492; 1000
0.11518; 1000
0.11544; 1000
0.1157; 1000
0.11596; 1000
0.11622; 1000
0.11648; 1000
0.11674; 1000
0.117; 1000
0.11726; 1000
0.11752; 1000
0.11778; 1000
0.11804; 1000
0.1183; 1000
0.11856; 1000
0.11882; 1000
0.11908; 1000
0.11934; 1000
0.1196; 1000
0.11986; 1000
0.12012; 1000
0.12038; 1000
0.12064; 1000
0.1209; 1000
0.12116; 1000
0.12142; 1000
0.12168; 1000
0.12194; 1000
0.1222; 1000
0.12246; 1000
0.12272; 1000
0.12298; 1000
0.12324; 1000
0.1235; 1000
0.12376; 1000
0.12402; 1000
0.12428; 1000
0.12454; 1000
0.1248; 1000
