0.00026; 0
0.00052; 0
0.00078; 0
0.00104; 0
0.0013; 0
0.00156; 0
0.00182; 0
0.00208; 0
0.00234; 0
0.0026; 0
0.00286; 0
0.00312; 0
0.00338; 0
0.00364; 0
0.0039; 0
0.00416; 0
0.00442; 0
0.00468; 0
0.00494; 0
0.0052; 0
0.00546; 0
0.00572; 0
0.00598; 0
0.00624; 0
0.0065; 0
0.00676; 0
0.00702; 0
0.00728; 0
0.00754; 0
0.0078; 0
0.00806; 0
0.00832; 0
0.00858; 0
0.00884; 0
0.0091; 0
0.00936; 0
0.00962; 0
0.00988; 0
0.01014; 0
0.0104; 0
0.01066; 0
0.01092; 0
0.01118; 0
0.01144; 0
0.0117; 0
0.01196; 0
0.01222; 0
0.01248; 0
0.01274; 0
0.013; 0
0.01326; 0
0.01352; 0
0.01378; 0
0.01404; 0
0.0143; 0
0.01456; 0
0.01482; 0
0.01508; 0
0.01534; 0
0.0156; 0
0.01586; 0
0.01612; 0
0.01638; 0
0.01664; 0
0.0169; 0
0.01716; 0
0.01742; 0
0.01768; 0
0.01794; 0
0.0182; 0
0.01846; 0
0.01872; 0
0.01898; 0
0.01924; 0
0.0195; 0
0.01976; 0
0.02002; 0
0.02028; 0
0.02054; 0
0.0208; 0
0.02106; 0
0.02132; 0
0.02158; 0
0.02184; 0
0.0221; 0
0.02236; 0
0.02262; 0
0.02288; 0
0.02314; 0
0.0234; 0
0.02366; 0
0.02392; 0
0.02418; 0
0.02444; 0
0.0247; 0
0.02496; 0
0.02522; 0
0.02548; 0
0.02574; 0
0.026; 0
0.02626; 0
0.02652; 0
0.02678; 0
0.02704; 0
0.0273; 0
0.02756; 0
0.02782; 0
0.02808; 0
0.02834; 0
0.0286; 0
0.02886; 0
0.02912; 0
0.02938; 0
0.02964; 0
0.0299; 0
0.03016; 0
0.03042; 0
0.03068; 0
0.03094; 0
0.0312; 0
0.03146; 0
0.03172; 0
0.03198; 0
0.03224; 0
0.0325; 0
0.03276; 897.905
0.03302; 897.896
0.03328; 897.878
0.03354; 897.848
0.0338; 897.808
0.03406; 897.757
0.03432; 897.695
0.03458; 897.622
0.03484; 897.539
0.0351; 897.444
0.03536; 897.339
0.03562; 897.222
0.03588; 897.095
0.03614; 896.956
0.0364; 896.808
0.03666; 896.647
0.03692; 896.476
0.03718; 896.292
0.03744; 896.099
0.0377; 895.893
0.03796; 895.678
0.03822; 895.45
0.03848; 895.211
0.03874; 894.96
0.039; 894.699
0.03926; 894.425
0.03952; 894.14
0.03978; 893.843
0.04004; 893.536
0.0403; 893.215
0.04056; 892.884
0.04082; 892.54
0.04108; 892.185
0.04134; 891.817
0.0416; 891.438
0.04186; 891.046
0.04212; 890.643
0.04238; 890.226
0.04264; 889.798
0.0429; 889.357
0.04316; 888.904
0.04342; 888.438
0.04368; 887.961
0.04394; 887.469
0.0442; 886.966
0.04446; 886.45
0.04472; 885.921
0.04498; 885.378
0.04524; 884.823
0.0455; 884.254
0.04576; 883.672
0.04602; 883.077
0.04628; 882.468
0.04654; 881.846
0.0468; 881.21
0.04706; 880.56
0.04732; 879.896
0.04758; 879.218
0.04784; 878.526
0.0481; 877.82
0.04836; 877.099
0.04862; 876.364
0.04888; 875.614
0.04914; 874.85
0.0494; 874.071
0.04966; 873.276
0.04992; 872.467
0.05018; 871.642
0.05044; 870.803
0.0507; 869.947
0.05096; 869.076
0.05122; 868.188
0.05148; 867.285
0.05174; 866.365
0.052; 865.43
0.05226; 864.477
0.05252; 863.508
0.05278; 862.522
0.05304; 861.519
0.0533; 860.498
0.05356; 859.46
0.05382; 858.403
0.05408; 857.33
0.05434; 856.237
0.0546; 855.127
0.05486; 853.997
0.05512; 852.849
0.05538; 851.681
0.05564; 850.494
0.0559; 849.287
0.05616; 848.061
0.05642; 846.813
0.05668; 845.546
0.05694; 844.257
0.0572; 842.947
0.05746; 841.616
0.05772; 840.262
0.05798; 838.887
0.05824; 837.489
0.0585; 836.068
0.05876; 834.623
0.05902; 833.155
0.05928; 831.663
0.05954; 830.147
0.0598; 828.606
0.06006; 827.039
0.06032; 825.447
0.06058; 823.829
0.06084; 822.185
0.0611; 820.514
0.06136; 818.816
0.06162; 817.091
0.06188; 815.337
0.06214; 813.555
0.0624; 811.745
0.06266; 809.906
0.06292; 808.037
0.06318; 806.139
0.06344; 804.211
0.0637; 802.252
0.06396; 800.263
0.06422; 798.243
0.06448; 796.193
0.06474; 794.111
0.065; 791.999
0.06526; 789.855
0.06552; 787.681
0.06578; 785.476
0.06604; 783.241
0.0663; 780.975
0.06656; 778.681
0.06682; 776.357
0.06708; 774.004
0.06734; 771.624
0.0676; 769.218
0.06786; 766.786
0.06812; 764.33
0.06838; 761.851
0.06864; 759.35
0.0689; 756.83
0.06916; 754.292
0.06942; 751.737
0.06968; 749.169
0.06994; 746.588
0.0702; 743.997
0.07046; 741.399
0.07072; 738.795
0.07098; 736.187
0.07124; 733.578
0.0715; 730.97
0.07176; 728.365
0.07202; 725.764
0.07228; 723.17
0.07254; 720.585
0.0728; 718.01
0.07306; 715.446
0.07332; 712.896
0.07358; 710.36
0.07384; 707.839
0.0741; 705.335
0.07436; 702.849
0.07462; 700.381
0.07488; 697.932
0.07514; 695.503
0.0754; 693.094
0.07566; 690.705
0.07592; 688.338
0.07618; 685.992
0.07644; 683.667
0.0767; 681.364
0.07696; 679.084
0.07722; 676.825
0.07748; 674.589
0.07774; 672.374
0.078; 670.182
0.07826; 668.012
0.07852; 665.864
0.07878; 663.738
0.07904; 661.634
0.0793; 659.552
0.07956; 657.492
0.07982; 655.453
0.08008; 653.436
0.08034; 651.441
0.0806; 649.467
0.08086; 647.514
0.08112; 645.582
0.08138; 643.672
0.08164; 641.782
0.0819; 639.914
0.08216; 638.066
0.08242; 636.239
0.08268; 634.432
0.08294; 632.646
0.0832; 630.88
0.08346; 629.135
0.08372; 627.41
0.08398; 625.705
0.08424; 624.02
0.0845; 622.355
0.08476; 620.71
0.08502; 619.084
0.08528; 617.479
0.08554; 615.894
0.0858; 614.328
0.08606; 612.782
0.08632; 611.256
0.08658; 609.749
0.08684; 608.262
0.0871; 606.795
0.08736; 605.347
0.08762; 603.918
0.08788; 602.509
0.08814; 601.119
0.0884; 599.749
0.08866; 598.398
0.08892; 597.067
0.08918; 595.755
0.08944; 594.463
0.0897; 593.189
0.08996; 591.935
0.09022; 590.7
0.09048; 589.485
0.09074; 588.29
0.091; 587.114
0.09126; 585.957
0.09152; 584.82
0.09178; 583.702
0.09204; 582.604
0.0923; 581.525
0.09256; 580.465
0.09282; 579.426
0.09308; 578.405
0.09334; 577.404
0.0936; 576.423
0.09386; 575.461
0.09412; 574.518
0.09438; 573.595
0.09464; 572.692
0.0949; 571.809
0.09516; 570.945
0.09542; 570.101
0.09568; 569.276
0.09594; 568.471
0.0962; 567.686
0.09646; 566.921
0.09672; 566.175
0.09698; 565.449
0.09724; 564.743
0.0975; 564.057
0.09776; 563.39
0.09802; 562.743
0.09828; 562.115
0.09854; 561.508
0.0988; 560.921
0.09906; 560.353
0.09932; 559.805
0.09958; 559.277
0.09984; 558.768
0.1001; 558.28
0.10036; 557.81
0.10062; 557.361
0.10088; 556.931
0.10114; 556.52
0.1014; 556.13
0.10166; 555.76
0.10192; 555.409
0.10218; 555.077
0.10244; 554.765
0.1027; 554.473
0.10296; 554.2
0.10322; 553.947
0.10348; 553.713
0.10374; 553.498
0.104; 553.303
0.10426; 553.127
0.10452; 552.971
0.10478; 552.833
0.10504; 552.714
0.1053; 552.614
0.10556; 552.532
0.10582; 552.467
0.10608; 552.416
0.10634; 552.379
0.1066; 0
0.10686; 0
0.10712; 0
0.10738; 0
0.10764; 0
0.1079; 0
0.10816; 0
0.10842; 0
0.10868; 0
0.10894; 0
0.1092; 0
0.10946; 0
0.10972; 0
0.10998; 0
0.11024; 0
0.1105; 0
0.11076; 0
0.11102; 0
0.11128; 0
0.11154; 0
0.1118; 0
0.11206; 0
0.11232; 0
0.11258; 0
0.11284; 0
0.1131; 0
0.11336; 0
0.11362; 0
0.11388; 0
0.11414; 0
0.1144; 0
0.11466; 0
0.11492; 0
0.11518; 0
0.11544; 0
0.1157; 0
0.11596; 0
0.11622; 0
0.11648; 0
0.11674; 0
0.117; 0
0.11726; 0
0.11752; 0
0.11778; 0
0.11804; 0
0.1183; 0
0.11856; 0
0.11882; 0
0.11908; 0
0.11934; 0
0.1196; 0
0.11986; 0
0.12012; 0
0.12038; 0
0.12064; 0
0.1209; 0
0.12116; 0
0.12142; 0
0.12168; 0
0.12194; 0
0.1222; 0
0.12246; 0
0.12272; 0
0.12298; 0
0.12324; 0
0.1235; 0
0.12376; 0
0.12402; 0
0.12428; 0
0.12454; 0
0.1248; 0
