0.0026; 400
0.0052; 400
0.0078; 400
0.0104; 400
0.013; 400
0.0156; 400
0.0182; 400
0.0208; 400
0.0234; 400
0.026; 400
0.0286; 400
0.0312; 400
0.0338; 400
0.0364; 400
0.039; 400
0.0416; 400
0.0442; 400
0.0468; 400
0.0494; 400
0.052; 400
0.0546; 400
0.0572; 400
0.0598; 400
0.0624; 400
0.065; 400
0.0676; 400
0.0702; 400
0.0728; 400
0.0754; 400
0.078; 400
0.0806; 400
0.0832; 400
0.0858; 400
0.0884; 400
0.091; 400
0.0936; 400
0.0962; 400
0.0988; 400
0.1014; 400
0.104; 400
0.1066; 400
0.1092; 400
0.1118; 400
0.1144; 400
0.117; 400
0.1196; 400
0.1222; 400
0.1248; 400
0.1274; 400
0.13; 400
0.1326; 400
0.1352; 400
0.1378; 400
0.1404; 400
0.143; 400
0.1456; 400
0.1482; 400
0.1508; 400
0.1534; 400
0.156; 400
0.1586; 400
0.1612; 400
0.1638; 400
0.1664; 400
0.169; 400
0.1716; 400
0.1742; 400
0.1768; 400
0.1794; 400
0.182; 400
0.1846; 400
0.1872; 400
0.1898; 400
0.1924; 400
0.195; 400
0.1976; 400
0.2002; 400
0.2028; 400
0.2054; 400
0.208; 400
0.2106; 400
0.2132; 400
0.2158; 400
0.2184; 400
0.221; 400
0.2236; 400
0.2262; 400
0.2288; 400
0.2314; 400
0.234; 400
0.2366; 400
0.2392; 400
0.2418; 400
0.2444; 400
0.247; 400
0.2496; 400
0.2522; 400
0.2548; 400
0.2574; 400
0.26; 400
0.2626; 400
0.2652; 400
0.2678; 400
0.2704; 400
0.273; 400
0.2756; 400
0.2782; 400
0.2808; 400
0.2834; 400
0.286; 400
0.2886; 400
0.2912; 400
0.2938; 400
0.2964; 400
0.299; 400
0.3016; 400
0.3042; 400
0.3068; 400
0.3094; 400
0.312; 400
0.3146; 400
0.3172; 400
0.3198; 400
0.3224; 400
0.325; 400
0.3276; 400
0.3302; 400
0.3328; 400
0.3354; 400
0.338; 400
0.3406; 400
0.3432; 400
0.3458; 400
0.3484; 400
0.351; 400.001
0.3536; 400.001
0.3562; 400.001
0.3588; 400.001
0.3614; 400.001
0.364; 400.001
0.3666; 400.001
0.3692; 400.001
0.3718; 400.001
0.3744; 400.001
0.377; 400.002
0.3796; 400.002
0.3822; 400.002
0.3848; 400.002
0.3874; 400.003
0.39; 400.003
0.3926; 400.003
0.3952; 400.004
0.3978; 400.004
0.4004; 400.004
0.403; 400.005
0.4056; 400.006
0.4082; 400.006
0.4108; 400.007
0.4134; 400.008
0.416; 400.009
0.4186; 400.01
0.4212; 400.011
0.4238; 400.012
0.4264; 400.014
0.429; 400.015
0.4316; 400.017
0.4342; 400.019
0.4368; 400.021
0.4394; 400.024
0.442; 400.027
0.4446; 400.03
0.4472; 400.033
0.4498; 400.037
0.4524; 400.042
0.455; 400.046
0.4576; 400.052
0.4602; 400.058
0.4628; 400.064
0.4654; 400.072
0.468; 400.08
0.4706; 400.089
0.4732; 400.099
0.4758; 400.11
0.4784; 400.122
0.481; 400.136
0.4836; 400.151
0.4862; 400.167
0.4888; 400.186
0.4914; 400.205
0.494; 400.227
0.4966; 400.251
0.4992; 400.278
0.5018; 400.307
0.5044; 400.338
0.507; 400.373
0.5096; 400.41
0.5122; 400.452
0.5148; 400.497
0.5174; 400.545
0.52; 400.599
0.5226; 400.657
0.5252; 400.72
0.5278; 400.788
0.5304; 400.862
0.533; 400.942
0.5356; 401.029
0.5382; 401.123
0.5408; 401.224
0.5434; 401.333
0.546; 401.451
0.5486; 401.578
0.5512; 401.715
0.5538; 401.862
0.5564; 402.02
0.559; 402.189
0.5616; 402.371
0.5642; 402.565
0.5668; 402.773
0.5694; 402.996
0.572; 403.233
0.5746; 403.487
0.5772; 403.757
0.5798; 404.045
0.5824; 404.352
0.585; 404.677
0.5876; 405.023
0.5902; 405.39
0.5928; 405.78
0.5954; 406.192
0.598; 406.628
0.6006; 407.09
0.6032; 407.577
0.6058; 408.091
0.6084; 408.633
0.611; 409.205
0.6136; 409.806
0.6162; 410.438
0.6188; 411.102
0.6214; 411.8
0.624; 412.531
0.6266; 413.297
0.6292; 414.099
0.6318; 414.938
0.6344; 415.815
0.637; 416.73
0.6396; 417.685
0.6422; 418.68
0.6448; 419.716
0.6474; 420.795
0.65; 421.916
0.6526; 423.08
0.6552; 424.288
0.6578; 425.541
0.6604; 426.838
0.663; 428.182
0.6656; 429.571
0.6682; 431.006
0.6708; 432.489
0.6734; 434.018
0.676; 435.594
0.6786; 437.217
0.6812; 438.887
0.6838; 440.605
0.6864; 442.369
0.689; 444.181
0.6916; 446.039
0.6942; 447.943
0.6968; 449.893
0.6994; 451.888
0.702; 453.928
0.7046; 456.012
0.7072; 458.14
0.7098; 460.311
0.7124; 462.523
0.715; 464.777
0.7176; 467.07
0.7202; 469.402
0.7228; 471.773
0.7254; 474.18
0.728; 476.623
0.7306; 479.1
0.7332; 481.611
0.7358; 484.153
0.7384; 486.727
0.741; 489.33
0.7436; 491.962
0.7462; 494.622
0.7488; 497.31
0.7514; 500.024
0.754; 502.767
0.7566; 505.537
0.7592; 508.338
0.7618; 511.17
0.7644; 514.039
0.767; 516.947
0.7696; 519.897
0.7722; 522.89
0.7748; 525.922
0.7774; 528.989
0.78; 532.083
0.7826; 535.2
0.7852; 538.33
0.7878; 541.464
0.7904; 544.593
0.793; 547.708
0.7956; 550.806
0.7982; 553.886
0.8008; 556.944
0.8034; 559.981
0.806; 562.996
0.8086; 565.988
0.8112; 568.958
0.8138; 571.91
0.8164; 574.861
0.819; 578.081
0.8216; 581.533
0.8242; 584.964
0.8268; 588.366
0.8294; 591.742
0.832; 595.094
0.8346; 598.421
0.8372; 601.724
0.8398; 605.004
0.8424; 608.268
0.845; 611.536
0.8476; 614.651
0.8502; 617.518
0.8528; 620.24
0.8554; 622.893
0.858; 625.499
0.8606; 628.066
0.8632; 630.595
0.8658; 633.086
0.8684; 635.54
0.871; 637.957
0.8736; 640.338
0.8762; 642.682
0.8788; 644.994
0.8814; 647.275
0.884; 649.522
0.8866; 651.79
0.8892; 654.071
0.8918; 656.243
0.8944; 658.318
0.897; 660.301
0.8996; 662.195
0.9022; 664
0.9048; 665.714
0.9074; 667.337
0.91; 668.87
0.9126; 670.311
0.9152; 671.66
0.9178; 672.919
0.9204; 674.088
0.923; 675.169
0.9256; 676.165
0.9282; 677.077
0.9308; 677.909
0.9334; 678.665
0.936; 679.348
0.9386; 679.962
0.9412; 680.512
0.9438; 681.003
0.9464; 681.439
0.949; 681.826
0.9516; 682.167
0.9542; 682.469
0.9568; 682.737
0.9594; 682.976
0.962; 683.19
0.9646; 683.386
0.9672; 683.567
0.9698; 683.738
0.9724; 683.904
0.975; 684.069
0.9776; 684.237
0.9802; 684.411
0.9828; 684.593
0.9854; 684.787
0.988; 684.994
0.9906; 685.216
0.9932; 685.454
0.9958; 685.709
0.9984; 685.979
1.001; 686.264
1.0036; 686.569
1.0062; 686.94
1.0088; 687.311
1.0114; 687.698
1.014; 688.101
1.0166; 688.515
1.0192; 688.936
1.0218; 689.363
1.0244; 689.793
1.027; 690.223
1.0296; 690.653
1.0322; 691.079
1.0348; 691.5
1.0374; 691.913
1.04; 692.316
1.0426; 692.706
1.0452; 693.081
1.0478; 693.47
1.0504; 693.862
1.053; 694.228
1.0556; 694.568
1.0582; 694.88
1.0608; 695.166
1.0634; 695.423
1.066; 695.651
1.0686; 695.85
1.0712; 696.018
1.0738; 696.156
1.0764; 696.264
1.079; 696.341
1.0816; 696.39
1.0842; 696.411
1.0868; 696.406
1.0894; 696.376
1.092; 696.326
1.0946; 696.257
1.0972; 696.173
1.0998; 696.077
1.1024; 695.973
1.105; 695.864
1.1076; 695.756
1.1102; 695.651
1.1128; 695.554
1.1154; 695.47
1.118; 695.402
1.1206; 695.354
1.1232; 695.331
1.1258; 695.337
1.1284; 695.375
1.131; 695.449
1.1336; 695.557
1.1362; 695.685
1.1388; 695.907
1.1414; 696.206
1.144; 696.529
1.1466; 696.895
1.1492; 697.308
1.1518; 697.755
1.1544; 698.236
1.157; 698.746
1.1596; 699.282
1.1622; 699.844
1.1648; 700.429
1.1674; 701.034
1.17; 701.658
1.1726; 702.298
1.1752; 702.949
1.1778; 703.725
1.1804; 704.641
1.183; 705.588
1.1856; 706.564
1.1882; 707.566
1.1908; 708.589
1.1934; 709.628
1.196; 710.678
1.1986; 711.734
1.2012; 712.79
1.2038; 713.84
1.2064; 714.877
1.209; 715.896
1.2116; 716.889
1.2142; 717.85
1.2168; 718.773
1.2194; 719.651
1.222; 720.48
1.2246; 721.252
1.2272; 721.964
1.2298; 722.609
1.2324; 723.184
1.235; 723.685
1.2376; 724.107
1.2402; 724.449
1.2428; 724.707
1.2454; 724.88
1.248; 724.967
