0.00026; 0
0.00052; 0
0.00078; 0
0.00104; 0
0.0013; 0
0.00156; 0
0.00182; 0
0.00208; 0
0.00234; 0
0.0026; 0
0.00286; 0
0.00312; 0
0.00338; 0
0.00364; 0
0.0039; 0
0.00416; 0
0.00442; 0
0.00468; 0
0.00494; 0
0.0052; 0
0.00546; 0
0.00572; 0
0.00598; 0
0.00624; 0
0.0065; 0
0.00676; 0
0.00702; 0
0.00728; 0
0.00754; 0
0.0078; 0
0.00806; 0
0.00832; 0
0.00858; 0
0.00884; 0
0.0091; 0
0.00936; 0
0.00962; 0
0.00988; 0
0.01014; 0
0.0104; 0
0.01066; 0
0.01092; 0
0.01118; 0
0.01144; 0
0.0117; 0
0.01196; 0
0.01222; 0
0.01248; 0
0.01274; 0
0.013; 0
0.01326; 0
0.01352; 0
0.01378; 0
0.01404; 0
0.0143; 0
0.01456; 0
0.01482; 0
0.01508; 0
0.01534; 0
0.0156; 0
0.01586; 0
0.01612; 0
0.01638; 0
0.01664; 0
0.0169; 0
0.01716; 0
0.01742; 0
0.01768; 0
0.01794; 0
0.0182; 0
0.01846; 0
0.01872; 0
0.01898; 0
0.01924; 0
0.0195; 0
0.01976; 0
0.02002; 0
0.02028; 0
0.02054; 0
0.0208; 0
0.02106; 0
0.02132; 0
0.02158; 0
0.02184; 0
0.0221; 0
0.02236; 0
0.02262; 0
0.02288; 0
0.02314; 0
0.0234; 0
0.02366; 0
0.02392; 0
0.02418; 0
0.02444; 0
0.0247; 0
0.02496; 0
0.02522; 0
0.02548; 0
0.02574; 0
0.026; 0
0.02626; 0
0.02652; 0
0.02678; 0
0.02704; 0
0.0273; 0
0.02756; 0
0.02782; 0
0.02808; 0
0.02834; 0
0.0286; 0
0.02886; 0
0.02912; 0
0.02938; 0
0.02964; 0
0.0299; 0
0.03016; 0
0.03042; 0
0.03068; 0
0.03094; 0
0.0312; 0
0.03146; 0
0.03172; 0
0.03198; 0
0.03224; 0
0.0325; 0
0.03276; 891.97
0.03302; 891.973
0.03328; 891.947
0.03354; 891.928
0.0338; 891.88
0.03406; 891.84
0.03432; 891.772
0.03458; 891.71
0.03484; 891.621
0.0351; 891.538
0.03536; 891.428
0.03562; 891.324
0.03588; 891.193
0.03614; 891.068
0.0364; 890.915
0.03666; 890.769
0.03692; 890.595
0.03718; 890.427
0.03744; 890.231
0.0377; 890.042
0.03796; 889.824
0.03822; 889.613
0.03848; 889.374
0.03874; 889.141
0.039; 888.88
0.03926; 888.625
0.03952; 888.341
0.03978; 888.063
0.04004; 887.757
0.0403; 887.457
0.04056; 887.128
0.04082; 886.805
0.04108; 886.453
0.04134; 886.107
0.0416; 885.732
0.04186; 885.362
0.04212; 884.964
0.04238; 884.571
0.04264; 884.149
0.0429; 883.732
0.04316; 883.287
0.04342; 882.845
0.04368; 882.376
0.04394; 881.91
0.0442; 881.416
0.04446; 880.926
0.04472; 880.407
0.04498; 879.891
0.04524; 879.347
0.0455; 878.806
0.04576; 878.237
0.04602; 877.671
0.04628; 877.075
0.04654; 876.483
0.0468; 875.861
0.04706; 875.243
0.04732; 874.595
0.04758; 873.949
0.04784; 873.274
0.0481; 872.601
0.04836; 871.899
0.04862; 871.198
0.04888; 870.469
0.04914; 869.74
0.0494; 868.981
0.04966; 868.223
0.04992; 867.436
0.05018; 866.649
0.05044; 865.833
0.0507; 865.016
0.05096; 864.17
0.05122; 863.323
0.05148; 862.446
0.05174; 861.567
0.052; 860.659
0.05226; 859.749
0.05252; 858.809
0.05278; 857.867
0.05304; 856.894
0.0533; 855.918
0.05356; 854.912
0.05382; 853.902
0.05408; 852.862
0.05434; 851.817
0.0546; 850.742
0.05486; 849.661
0.05512; 848.55
0.05538; 847.433
0.05564; 846.284
0.0559; 845.129
0.05616; 843.943
0.05642; 842.749
0.05668; 841.523
0.05694; 840.29
0.0572; 839.024
0.05746; 837.749
0.05772; 836.442
0.05798; 835.125
0.05824; 833.775
0.0585; 832.413
0.05876; 831.019
0.05902; 829.613
0.05928; 828.174
0.05954; 826.721
0.0598; 825.235
0.06006; 823.734
0.06032; 822.2
0.06058; 820.65
0.06084; 819.066
0.0611; 817.465
0.06136; 815.83
0.06162; 814.176
0.06188; 812.488
0.06214; 810.781
0.0624; 809.039
0.06266; 807.276
0.06292; 805.479
0.06318; 803.66
0.06344; 801.806
0.0637; 799.93
0.06396; 798.018
0.06422; 796.083
0.06448; 794.113
0.06474; 792.119
0.065; 790.091
0.06526; 788.038
0.06552; 785.951
0.06578; 783.84
0.06604; 781.695
0.0663; 779.526
0.06656; 777.325
0.06682; 775.1
0.06708; 772.845
0.06734; 770.567
0.0676; 768.261
0.06786; 765.934
0.06812; 763.581
0.06838; 761.209
0.06864; 758.816
0.0689; 756.405
0.06916; 753.976
0.06942; 751.533
0.06968; 749.076
0.06994; 746.608
0.0702; 744.132
0.07046; 741.648
0.07072; 739.159
0.07098; 736.667
0.07124; 734.176
0.0715; 731.684
0.07176; 729.197
0.07202; 726.713
0.07228; 724.238
0.07254; 721.769
0.0728; 719.313
0.07306; 716.866
0.07332; 714.435
0.07358; 712.015
0.07384; 709.614
0.0741; 707.224
0.07436; 704.857
0.07462; 702.503
0.07488; 700.173
0.07514; 697.855
0.0754; 695.565
0.07566; 693.287
0.07592; 691.037
0.07618; 688.801
0.07644; 686.593
0.0767; 684.398
0.07696; 682.233
0.07722; 680.081
0.07748; 677.959
0.07774; 675.849
0.078; 673.771
0.07826; 671.704
0.07852; 669.668
0.07878; 667.644
0.07904; 665.651
0.0793; 663.669
0.07956; 661.719
0.07982; 659.778
0.08008; 657.871
0.08034; 655.972
0.0806; 654.106
0.08086; 652.248
0.08112; 650.423
0.08138; 648.606
0.08164; 646.822
0.0819; 645.045
0.08216; 643.302
0.08242; 641.564
0.08268; 639.861
0.08294; 638.162
0.0832; 636.499
0.08346; 634.839
0.08372; 633.214
0.08398; 631.593
0.08424; 630.008
0.0845; 628.425
0.08476; 626.877
0.08502; 625.332
0.08528; 623.824
0.08554; 622.316
0.0858; 620.846
0.08606; 619.376
0.08632; 617.943
0.08658; 616.51
0.08684; 615.115
0.0871; 613.72
0.08736; 612.362
0.08762; 611.004
0.08788; 609.684
0.08814; 608.362
0.0884; 607.079
0.08866; 605.795
0.08892; 604.549
0.08918; 603.301
0.08944; 602.093
0.0897; 600.882
0.08996; 599.711
0.09022; 598.537
0.09048; 597.403
0.09074; 596.265
0.091; 595.168
0.09126; 594.068
0.09152; 593.008
0.09178; 591.944
0.09204; 590.922
0.0923; 589.895
0.09256; 588.91
0.09282; 587.919
0.09308; 586.97
0.09334; 586.015
0.0936; 585.105
0.09386; 584.188
0.09412; 583.315
0.09438; 582.434
0.09464; 581.599
0.0949; 580.755
0.09516; 579.956
0.09542; 579.147
0.09568; 578.387
0.09594; 577.616
0.0962; 576.894
0.09646; 576.16
0.09672; 575.474
0.09698; 574.777
0.09724; 574.13
0.0975; 573.47
0.09776; 572.859
0.09802; 572.237
0.09828; 571.664
0.09854; 571.078
0.0988; 570.542
0.09906; 569.994
0.09932; 569.495
0.09958; 568.984
0.09984; 568.523
0.1001; 568.048
0.10036; 567.624
0.10062; 567.187
0.10088; 566.8
0.10114; 566.4
0.1014; 566.05
0.10166; 565.687
0.10192; 565.374
0.10218; 565.048
0.10244; 564.772
0.1027; 564.482
0.10296; 564.243
0.10322; 563.99
0.10348; 563.787
0.10374; 563.569
0.104; 563.404
0.10426; 563.222
0.10452; 563.093
0.10478; 562.948
0.10504; 562.853
0.1053; 562.743
0.10556; 562.683
0.10582; 562.605
0.10608; 562.573
0.10634; 562.524
0.1066; 0
0.10686; 0
0.10712; 0
0.10738; 0
0.10764; 0
0.1079; 0
0.10816; 0
0.10842; 0
0.10868; 0
0.10894; 0
0.1092; 0
0.10946; 0
0.10972; 0
0.10998; 0
0.11024; 0
0.1105; 0
0.11076; 0
0.11102; 0
0.11128; 0
0.11154; 0
0.1118; 0
0.11206; 0
0.11232; 0
0.11258; 0
0.11284; 0
0.1131; 0
0.11336; 0
0.11362; 0
0.11388; 0
0.11414; 0
0.1144; 0
0.11466; 0
0.11492; 0
0.11518; 0
0.11544; 0
0.1157; 0
0.11596; 0
0.11622; 0
0.11648; 0
0.11674; 0
0.117; 0
0.11726; 0
0.11752; 0
0.11778; 0
0.11804; 0
0.1183; 0
0.11856; 0
0.11882; 0
0.11908; 0
0.11934; 0
0.1196; 0
0.11986; 0
0.12012; 0
0.12038; 0
0.12064; 0
0.1209; 0
0.12116; 0
0.12142; 0
0.12168; 0
0.12194; 0
0.1222; 0
0.12246; 0
0.12272; 0
0.12298; 0
0.12324; 0
0.1235; 0
0.12376; 0
0.12402; 0
0.12428; 0
0.12454; 0
0.1248; 0
