0.0026; 400
0.0052; 400
0.0078; 400
0.0104; 400
0.013; 400
0.0156; 400
0.0182; 400
0.0208; 400
0.0234; 400
0.026; 400
0.0286; 400
0.0312; 400
0.0338; 400
0.0364; 400
0.039; 400
0.0416; 400
0.0442; 400
0.0468; 400
0.0494; 400
0.052; 400
0.0546; 400
0.0572; 400
0.0598; 400
0.0624; 400
0.065; 400
0.0676; 400
0.0702; 400
0.0728; 400
0.0754; 400
0.078; 400
0.0806; 400
0.0832; 400
0.0858; 400
0.0884; 400
0.091; 400
0.0936; 400
0.0962; 400
0.0988; 400
0.1014; 400
0.104; 400
0.1066; 400
0.1092; 400
0.1118; 400
0.1144; 400
0.117; 400
0.1196; 400
0.1222; 400
0.1248; 400
0.1274; 400
0.13; 400
0.1326; 400
0.1352; 400
0.1378; 400
0.1404; 400
0.143; 400
0.1456; 400
0.1482; 400
0.1508; 400
0.1534; 400
0.156; 400
0.1586; 400
0.1612; 400
0.1638; 400
0.1664; 400
0.169; 400
0.1716; 400
0.1742; 400
0.1768; 400
0.1794; 400
0.182; 400
0.1846; 400
0.1872; 400
0.1898; 400
0.1924; 400
0.195; 400
0.1976; 400
0.2002; 400
0.2028; 400
0.2054; 400
0.208; 400
0.2106; 400
0.2132; 400
0.2158; 400
0.2184; 400
0.221; 400
0.2236; 400
0.2262; 400
0.2288; 400
0.2314; 400
0.234; 400
0.2366; 400
0.2392; 400
0.2418; 400
0.2444; 400
0.247; 400
0.2496; 400
0.2522; 400
0.2548; 400
0.2574; 400
0.26; 400
0.2626; 400
0.2652; 400
0.2678; 400
0.2704; 400
0.273; 400
0.2756; 400
0.2782; 400
0.2808; 400
0.2834; 400
0.286; 400
0.2886; 400
0.2912; 400
0.2938; 400
0.2964; 400
0.299; 400
0.3016; 400
0.3042; 400
0.3068; 400
0.3094; 400
0.312; 400
0.3146; 400
0.3172; 400
0.3198; 400
0.3224; 400
0.325; 400
0.3276; 400
0.3302; 400
0.3328; 400
0.3354; 400
0.338; 400
0.3406; 400
0.3432; 400
0.3458; 400
0.3484; 400
0.351; 400
0.3536; 400
0.3562; 400
0.3588; 400
0.3614; 400
0.364; 400
0.3666; 400
0.3692; 400
0.3718; 400
0.3744; 400
0.377; 400
0.3796; 400
0.3822; 400
0.3848; 400
0.3874; 400
0.39; 400
0.3926; 400
0.3952; 400
0.3978; 400
0.4004; 400
0.403; 400
0.4056; 400
0.4082; 400
0.4108; 400
0.4134; 400
0.416; 400
0.4186; 400
0.4212; 400
0.4238; 400
0.4264; 400
0.429; 400
0.4316; 400
0.4342; 400
0.4368; 400
0.4394; 400
0.442; 400
0.4446; 400
0.4472; 400
0.4498; 400
0.4524; 400
0.455; 400
0.4576; 400
0.4602; 400
0.4628; 400
0.4654; 400
0.468; 400
0.4706; 400
0.4732; 400
0.4758; 400
0.4784; 400
0.481; 400
0.4836; 400
0.4862; 400
0.4888; 400
0.4914; 400
0.494; 400
0.4966; 400
0.4992; 400
0.5018; 400
0.5044; 400
0.507; 400
0.5096; 400
0.5122; 400
0.5148; 400
0.5174; 400
0.52; 400
0.5226; 400
0.5252; 400
0.5278; 400
0.5304; 400
0.533; 400
0.5356; 400
0.5382; 400
0.5408; 400
0.5434; 400
0.546; 400
0.5486; 400
0.5512; 400
0.5538; 400
0.5564; 400
0.559; 400
0.5616; 400
0.5642; 400
0.5668; 400
0.5694; 400
0.572; 400
0.5746; 400
0.5772; 400
0.5798; 400
0.5824; 400
0.585; 400
0.5876; 400
0.5902; 400
0.5928; 400
0.5954; 400
0.598; 400
0.6006; 400
0.6032; 400
0.6058; 400
0.6084; 400
0.611; 400
0.6136; 400
0.6162; 400
0.6188; 400
0.6214; 400
0.624; 400
0.6266; 400
0.6292; 400
0.6318; 400
0.6344; 400
0.637; 400
0.6396; 400
0.6422; 400
0.6448; 400
0.6474; 400
0.65; 400
0.6526; 400
0.6552; 400
0.6578; 400
0.6604; 400
0.663; 400
0.6656; 400
0.6682; 400
0.6708; 400
0.6734; 400
0.676; 400
0.6786; 400
0.6812; 400
0.6838; 400
0.6864; 400
0.689; 400.001
0.6916; 400.001
0.6942; 400.002
0.6968; 400.003
0.6994; 400.005
0.702; 400.008
0.7046; 400.013
0.7072; 400.021
0.7098; 400.034
0.7124; 400.055
0.715; 400.088
0.7176; 400.139
0.7202; 400.219
0.7228; 400.34
0.7254; 400.522
0.728; 400.794
0.7306; 401.192
0.7332; 401.766
0.7358; 402.58
0.7384; 403.714
0.741; 405.261
0.7436; 407.325
0.7462; 410.012
0.7488; 413.418
0.7514; 417.613
0.754; 422.614
0.7566; 428.367
0.7592; 434.727
0.7618; 441.452
0.7644; 448.206
0.767; 454.595
0.7696; 460.206
0.7722; 464.663
0.7748; 467.662
0.7774; 469.04
0.78; 468.802
0.7826; 467.145
0.7852; 464.456
0.7878; 461.295
0.7904; 458.348
0.793; 456.403
0.7956; 456.305
0.7982; 458.897
0.8008; 464.953
0.8034; 475.11
0.806; 489.773
0.8086; 509.025
0.8112; 532.541
0.8138; 559.583
0.8164; 589.2
0.819; 621.736
0.8216; 654.111
0.8242; 681.42
0.8268; 702.02
0.8294; 715.642
0.832; 722.616
0.8346; 723.293
0.8372; 717.719
0.8398; 705.624
0.8424; 686.696
0.845; 661.016
0.8476; 631.517
0.8502; 602.281
0.8528; 573.962
0.8554; 547.713
0.858; 524.832
0.8606; 506.437
0.8632; 493.334
0.8658; 485.989
0.8684; 484.56
0.871; 488.938
0.8736; 498.772
0.8762; 513.483
0.8788; 532.28
0.8814; 554.224
0.884; 578.336
0.8866; 605.749
0.8892; 633.194
0.8918; 657.553
0.8944; 678.344
0.897; 695.523
0.8996; 709.364
0.9022; 720.298
0.9048; 728.773
0.9074; 735.204
0.91; 739.961
0.9126; 743.378
0.9152; 745.754
0.9178; 747.352
0.9204; 748.392
0.923; 749.047
0.9256; 749.446
0.9282; 749.681
0.9308; 749.813
0.9334; 749.882
0.936; 749.912
0.9386; 749.914
0.9412; 749.894
0.9438; 749.852
0.9464; 749.783
0.949; 749.677
0.9516; 749.523
0.9542; 749.305
0.9568; 749.003
0.9594; 748.597
0.962; 748.066
0.9646; 747.389
0.9672; 746.542
0.9698; 745.492
0.9724; 744.178
0.975; 742.496
0.9776; 740.276
0.9802; 737.263
0.9828; 733.101
0.9854; 727.332
0.988; 719.4
0.9906; 708.693
0.9932; 694.63
0.9958; 676.824
0.9984; 655.327
1.001; 630.89
1.0036; 605.123
1.0062; 582.07
1.0088; 561.094
1.0114; 541.383
1.014; 523.605
1.0166; 508.195
1.0192; 495.514
1.0218; 485.909
1.0244; 479.734
1.027; 477.355
1.0296; 479.133
1.0322; 485.383
1.0348; 496.311
1.0374; 511.928
1.04; 531.95
1.0426; 555.729
1.0452; 582.234
1.0478; 612.54
1.0504; 645.013
1.053; 673.949
1.0556; 697.507
1.0582; 715.301
1.0608; 727.927
1.0634; 736.429
1.066; 741.905
1.0686; 745.3
1.0712; 747.337
1.0738; 748.523
1.0764; 749.196
1.079; 749.568
1.0816; 749.768
1.0842; 749.868
1.0868; 749.911
1.0894; 749.913
1.092; 749.877
1.0946; 749.794
1.0972; 749.637
1.0998; 749.362
1.1024; 748.897
1.105; 748.134
1.1076; 746.92
1.1102; 745.045
1.1128; 742.241
1.1154; 738.183
1.118; 732.501
1.1206; 724.807
1.1232; 714.721
1.1258; 701.924
1.1284; 686.234
1.131; 667.717
1.1336; 646.828
1.1362; 624.526
1.1388; 604.185
1.1414; 586.391
1.144; 569.582
1.1466; 554.398
1.1492; 541.416
1.1518; 530.84
1.1544; 523.114
1.157; 518.658
1.1596; 517.919
1.1622; 521.303
1.1648; 529.061
1.1674; 541.201
1.17; 557.405
1.1726; 577.002
1.1752; 599.063
1.1778; 624.392
1.1804; 651.825
1.183; 677.105
1.1856; 698.434
1.1882; 715.144
1.1908; 727.41
1.1934; 735.913
1.196; 741.518
1.1986; 745.052
1.2012; 747.195
1.2038; 748.45
1.2064; 749.163
1.209; 749.558
1.2116; 749.771
1.2142; 749.883
1.2168; 749.941
1.2194; 749.971
1.222; 749.986
1.2246; 749.993
1.2272; 749.997
1.2298; 749.998
1.2324; 749.999
1.235; 750
1.2376; 750
1.2402; 750
1.2428; 750
1.2454; 750
1.248; 750
