0.00026; 0
0.00052; 0
0.00078; 0
0.00104; 0
0.0013; 0
0.00156; 0
0.00182; 0
0.00208; 0
0.00234; 0
0.0026; 0
0.00286; 0
0.00312; 0
0.00338; 0
0.00364; 0
0.0039; 0
0.00416; 0
0.00442; 0
0.00468; 0
0.00494; 0
0.0052; 0
0.00546; 0
0.00572; 0
0.00598; 0
0.00624; 0
0.0065; 0
0.00676; 0
0.00702; 0
0.00728; 0
0.00754; 0
0.0078; 0
0.00806; 0
0.00832; 0
0.00858; 0
0.00884; 0
0.0091; 0
0.00936; 0
0.00962; 0
0.00988; 0
0.01014; 0
0.0104; 0
0.01066; 0
0.01092; 0
0.01118; 0
0.01144; 0
0.0117; 0
0.01196; 0
0.01222; 0
0.01248; 0
0.01274; 0
0.013; 0
0.01326; 0
0.01352; 0
0.01378; 0
0.01404; 0
0.0143; 0
0.01456; 0
0.01482; 0
0.01508; 0
0.01534; 0
0.0156; 0
0.01586; 0
0.01612; 0
0.01638; 0
0.01664; 0
0.0169; 0
0.01716; 0
0.01742; 0
0.01768; 0
0.01794; 0
0.0182; 0
0.01846; 0
0.01872; 0
0.01898; 0
0.01924; 0
0.0195; 0
0.01976; 0
0.02002; 0
0.02028; 0
0.02054; 0
0.0208; 0
0.02106; 0
0.02132; 0
0.02158; 0
0.02184; 0
0.0221; 0
0.02236; 0
0.02262; 0
0.02288; 0
0.02314; 0
0.0234; 0
0.02366; 0
0.02392; 0
0.02418; 0
0.02444; 0
0.0247; 0
0.02496; 0
0.02522; 0
0.02548; 0
0.02574; 0
0.026; 0
0.02626; 0
0.02652; 0
0.02678; 0
0.02704; 0
0.0273; 0
0.02756; 0
0.02782; 0
0.02808; 0
0.02834; 0
0.0286; 0
0.02886; 0
0.02912; 0
0.02938; 0
0.02964; 0
0.0299; 0
0.03016; 0
0.03042; 0
0.03068; 0
0.03094; 0
0.0312; 0
0.03146; 0
0.03172; 0
0.03198; 0
0.03224; 0
0.0325; 0
0.03276; 874.504
0.03302; 874.493
0.03328; 874.482
0.03354; 874.451
0.0338; 874.422
0.03406; 874.373
0.03432; 874.324
0.03458; 874.256
0.03484; 874.189
0.0351; 874.103
0.03536; 874.018
0.03562; 873.912
0.03588; 873.808
0.03614; 873.683
0.0364; 873.559
0.03666; 873.416
0.03692; 873.273
0.03718; 873.11
0.03744; 872.949
0.0377; 872.767
0.03796; 872.586
0.03822; 872.384
0.03848; 872.183
0.03874; 871.962
0.039; 871.742
0.03926; 871.501
0.03952; 871.261
0.03978; 871
0.04004; 870.74
0.0403; 870.459
0.04056; 870.179
0.04082; 869.878
0.04108; 869.578
0.04134; 869.256
0.0416; 868.935
0.04186; 868.593
0.04212; 868.251
0.04238; 867.888
0.04264; 867.525
0.0429; 867.141
0.04316; 866.757
0.04342; 866.352
0.04368; 865.946
0.04394; 865.52
0.0442; 865.092
0.04446; 864.644
0.04472; 864.194
0.04498; 863.724
0.04524; 863.252
0.0455; 862.76
0.04576; 862.266
0.04602; 861.751
0.04628; 861.234
0.04654; 860.695
0.0468; 860.155
0.04706; 859.593
0.04732; 859.029
0.04758; 858.443
0.04784; 857.855
0.0481; 857.247
0.04836; 856.634
0.04862; 856.001
0.04888; 855.364
0.04914; 854.706
0.0494; 854.044
0.04966; 853.361
0.04992; 852.673
0.05018; 851.964
0.05044; 851.251
0.0507; 850.516
0.05096; 849.776
0.05122; 849.015
0.05148; 848.248
0.05174; 847.46
0.052; 846.665
0.05226; 845.849
0.05252; 845.027
0.05278; 844.182
0.05304; 843.331
0.0533; 842.457
0.05356; 841.577
0.05382; 840.674
0.05408; 839.763
0.05434; 838.829
0.0546; 837.888
0.05486; 836.923
0.05512; 835.95
0.05538; 834.954
0.05564; 833.948
0.0559; 832.919
0.05616; 831.88
0.05642; 830.818
0.05668; 829.744
0.05694; 828.647
0.0572; 827.539
0.05746; 826.406
0.05772; 825.261
0.05798; 824.091
0.05824; 822.909
0.0585; 821.702
0.05876; 820.482
0.05902; 819.235
0.05928; 817.975
0.05954; 816.689
0.0598; 815.388
0.06006; 814.061
0.06032; 812.717
0.06058; 811.348
0.06084; 809.961
0.0611; 808.548
0.06136; 807.117
0.06162; 805.659
0.06188; 804.182
0.06214; 802.678
0.0624; 801.154
0.06266; 799.602
0.06292; 798.031
0.06318; 796.431
0.06344; 794.811
0.0637; 793.162
0.06396; 791.492
0.06422; 789.794
0.06448; 788.074
0.06474; 786.325
0.065; 784.555
0.06526; 782.757
0.06552; 780.936
0.06578; 779.088
0.06604; 777.219
0.0663; 775.322
0.06656; 773.404
0.06682; 771.461
0.06708; 769.498
0.06734; 767.511
0.0676; 765.504
0.06786; 763.476
0.06812; 761.431
0.06838; 759.366
0.06864; 757.286
0.0689; 755.191
0.06916; 753.082
0.06942; 750.961
0.06968; 748.83
0.06994; 746.69
0.0702; 744.543
0.07046; 742.392
0.07072; 740.237
0.07098; 738.082
0.07124; 735.926
0.0715; 733.773
0.07176; 731.623
0.07202; 729.48
0.07228; 727.343
0.07254; 725.216
0.0728; 723.097
0.07306; 720.992
0.07332; 718.896
0.07358; 716.817
0.07384; 714.749
0.0741; 712.699
0.07436; 710.662
0.07462; 708.645
0.07488; 706.641
0.07514; 704.659
0.0754; 702.691
0.07566; 700.746
0.07592; 698.815
0.07618; 696.907
0.07644; 695.014
0.0767; 693.144
0.07696; 691.289
0.07722; 689.459
0.07748; 687.642
0.07774; 685.85
0.078; 684.073
0.07826; 682.32
0.07852; 680.58
0.07878; 678.866
0.07904; 677.164
0.0793; 675.488
0.07956; 673.824
0.07982; 672.185
0.08008; 670.559
0.08034; 668.958
0.0806; 667.368
0.08086; 665.803
0.08112; 664.25
0.08138; 662.721
0.08164; 661.204
0.0819; 659.711
0.08216; 658.229
0.08242; 656.771
0.08268; 655.324
0.08294; 653.902
0.0832; 652.489
0.08346; 651.101
0.08372; 649.722
0.08398; 648.369
0.08424; 647.024
0.0845; 645.704
0.08476; 644.392
0.08502; 643.106
0.08528; 641.827
0.08554; 640.574
0.0858; 639.329
0.08606; 638.109
0.08632; 636.896
0.08658; 635.708
0.08684; 634.528
0.0871; 633.373
0.08736; 632.225
0.08762; 631.102
0.08788; 629.986
0.08814; 628.895
0.0884; 627.811
0.08866; 626.752
0.08892; 625.699
0.08918; 624.673
0.08944; 623.651
0.0897; 622.657
0.08996; 621.667
0.09022; 620.705
0.09048; 619.746
0.09074; 618.816
0.091; 617.888
0.09126; 616.989
0.09152; 616.093
0.09178; 615.226
0.09204; 614.361
0.0923; 613.524
0.09256; 612.691
0.09282; 611.885
0.09308; 611.082
0.09334; 610.308
0.0936; 609.536
0.09386; 608.794
0.09412; 608.051
0.09438; 607.341
0.09464; 606.631
0.0949; 605.952
0.09516; 605.272
0.09542; 604.623
0.09568; 603.973
0.09594; 603.357
0.0962; 602.738
0.09646; 602.153
0.09672; 601.565
0.09698; 601.011
0.09724; 600.454
0.0975; 599.932
0.09776; 599.406
0.09802; 598.914
0.09828; 598.419
0.09854; 597.958
0.0988; 597.493
0.09906; 597.064
0.09932; 596.63
0.09958; 596.232
0.09984; 595.828
0.1001; 595.461
0.10036; 595.088
0.10062; 594.751
0.10088; 594.409
0.10114; 594.103
0.1014; 593.791
0.10166; 593.515
0.10192; 593.234
0.10218; 592.989
0.10244; 592.738
0.1027; 592.523
0.10296; 592.303
0.10322; 592.117
0.10348; 591.926
0.10374; 591.771
0.104; 591.61
0.10426; 591.485
0.10452; 591.354
0.10478; 591.259
0.10504; 591.157
0.1053; 591.09
0.10556; 591.016
0.10582; 590.976
0.10608; 590.926
0.10634; 590.911
0.1066; 0
0.10686; 0
0.10712; 0
0.10738; 0
0.10764; 0
0.1079; 0
0.10816; 0
0.10842; 0
0.10868; 0
0.10894; 0
0.1092; 0
0.10946; 0
0.10972; 0
0.10998; 0
0.11024; 0
0.1105; 0
0.11076; 0
0.11102; 0
0.11128; 0
0.11154; 0
0.1118; 0
0.11206; 0
0.11232; 0
0.11258; 0
0.11284; 0
0.1131; 0
0.11336; 0
0.11362; 0
0.11388; 0
0.11414; 0
0.1144; 0
0.11466; 0
0.11492; 0
0.11518; 0
0.11544; 0
0.1157; 0
0.11596; 0
0.11622; 0
0.11648; 0
0.11674; 0
0.117; 0
0.11726; 0
0.11752; 0
0.11778; 0
0.11804; 0
0.1183; 0
0.11856; 0
0.11882; 0
0.11908; 0
0.11934; 0
0.1196; 0
0.11986; 0
0.12012; 0
0.12038; 0
0.12064; 0
0.1209; 0
0.12116; 0
0.12142; 0
0.12168; 0
0.12194; 0
0.1222; 0
0.12246; 0
0.12272; 0
0.12298; 0
0.12324; 0
0.1235; 0
0.12376; 0
0.12402; 0
0.12428; 0
0.12454; 0
0.1248; 0
