0.00026; 0
0.00052; 0
0.00078; 0
0.00104; 0
0.0013; 0
0.00156; 0
0.00182; 0
0.00208; 0
0.00234; 0
0.0026; 0
0.00286; 0
0.00312; 0
0.00338; 0
0.00364; 0
0.0039; 0
0.00416; 0
0.00442; 0
0.00468; 0
0.00494; 0
0.0052; 0
0.00546; 0
0.00572; 0
0.00598; 0
0.00624; 0
0.0065; 0
0.00676; 0
0.00702; 0
0.00728; 0
0.00754; 0
0.0078; 0
0.00806; 0
0.00832; 0
0.00858; 0
0.00884; 0
0.0091; 0
0.00936; 0
0.00962; 0
0.00988; 0
0.01014; 0
0.0104; 0
0.01066; 0
0.01092; 0
0.01118; 0
0.01144; 0
0.0117; 0
0.01196; 0
0.01222; 0
0.01248; 0
0.01274; 0
0.013; 0
0.01326; 0
0.01352; 0
0.01378; 0
0.01404; 0
0.0143; 0
0.01456; 0
0.01482; 0
0.01508; 0
0.01534; 0
0.0156; 0
0.01586; 0
0.01612; 0
0.01638; 0
0.01664; 0
0.0169; 0
0.01716; 0
0.01742; 0
0.01768; 0
0.01794; 0
0.0182; 0
0.01846; 0
0.01872; 0
0.01898; 0
0.01924; 0
0.0195; 0
0.01976; 0
0.02002; 0
0.02028; 0
0.02054; 0
0.0208; 0
0.02106; 0
0.02132; 0
0.02158; 0
0.02184; 0
0.0221; 0
0.02236; 0
0.02262; 0
0.02288; 0
0.02314; 0
0.0234; 0
0.02366; 0
0.02392; 0
0.02418; 0
0.02444; 0
0.0247; 0
0.02496; 0
0.02522; 0
0.02548; 0
0.02574; 0
0.026; 0
0.02626; 0
0.02652; 0
0.02678; 0
0.02704; 0
0.0273; 0
0.02756; 0
0.02782; 0
0.02808; 0
0.02834; 0
0.0286; 0
0.02886; 0
0.02912; 0
0.02938; 0
0.02964; 0
0.0299; 0
0.03016; 0
0.03042; 0
0.03068; 0
0.03094; 0
0.0312; 0
0.03146; 0
0.03172; 0
0.03198; 0
0.03224; 0
0.0325; 0
0.03276; 882.254
0.03302; 882.253
0.03328; 882.231
0.03354; 882.21
0.0338; 882.168
0.03406; 882.127
0.03432; 882.066
0.03458; 882.005
0.03484; 881.923
0.0351; 881.843
0.03536; 881.742
0.03562; 881.641
0.03588; 881.52
0.03614; 881.4
0.0364; 881.259
0.03666; 881.119
0.03692; 880.958
0.03718; 880.797
0.03744; 880.616
0.0377; 880.436
0.03796; 880.234
0.03822; 880.033
0.03848; 879.81
0.03874; 879.589
0.039; 879.345
0.03926; 879.103
0.03952; 878.839
0.03978; 878.575
0.04004; 878.29
0.0403; 878.005
0.04056; 877.699
0.04082; 877.393
0.04108; 877.065
0.04134; 876.737
0.0416; 876.387
0.04186; 876.038
0.04212; 875.666
0.04238; 875.294
0.04264; 874.9
0.0429; 874.506
0.04316; 874.09
0.04342; 873.674
0.04368; 873.235
0.04394; 872.795
0.0442; 872.334
0.04446; 871.871
0.04472; 871.386
0.04498; 870.9
0.04524; 870.391
0.0455; 869.881
0.04576; 869.349
0.04602; 868.815
0.04628; 868.259
0.04654; 867.701
0.0468; 867.121
0.04706; 866.538
0.04732; 865.932
0.04758; 865.324
0.04784; 864.693
0.0481; 864.06
0.04836; 863.404
0.04862; 862.744
0.04888; 862.062
0.04914; 861.376
0.0494; 860.668
0.04966; 859.955
0.04992; 859.22
0.05018; 858.48
0.05044; 857.717
0.0507; 856.95
0.05096; 856.159
0.05122; 855.363
0.05148; 854.543
0.05174; 853.718
0.052; 852.87
0.05226; 852.015
0.05252; 851.137
0.05278; 850.252
0.05304; 849.344
0.0533; 848.428
0.05356; 847.488
0.05382; 846.541
0.05408; 845.569
0.05434; 844.59
0.0546; 843.585
0.05486; 842.572
0.05512; 841.535
0.05538; 840.488
0.05564; 839.415
0.0559; 838.333
0.05616; 837.226
0.05642; 836.108
0.05668; 834.963
0.05694; 833.808
0.0572; 832.627
0.05746; 831.434
0.05772; 830.214
0.05798; 828.982
0.05824; 827.722
0.0585; 826.449
0.05876; 825.148
0.05902; 823.834
0.05928; 822.491
0.05954; 821.134
0.0598; 819.747
0.06006; 818.346
0.06032; 816.915
0.06058; 815.468
0.06084; 813.991
0.0611; 812.496
0.06136; 810.972
0.06162; 809.43
0.06188; 807.857
0.06214; 806.264
0.0624; 804.642
0.06266; 802.999
0.06292; 801.325
0.06318; 799.63
0.06344; 797.904
0.0637; 796.156
0.06396; 794.377
0.06422; 792.576
0.06448; 790.743
0.06474; 788.887
0.065; 787.001
0.06526; 785.091
0.06552; 783.151
0.06578; 781.188
0.06604; 779.195
0.0663; 777.179
0.06656; 775.134
0.06682; 773.067
0.06708; 770.974
0.06734; 768.859
0.0676; 766.719
0.06786; 764.559
0.06812; 762.377
0.06838; 760.177
0.06864; 757.958
0.0689; 755.723
0.06916; 753.473
0.06942; 751.21
0.06968; 748.935
0.06994; 746.65
0.0702; 744.358
0.07046; 742.06
0.07072; 739.758
0.07098; 737.453
0.07124; 735.15
0.0715; 732.847
0.07176; 730.549
0.07202; 728.255
0.07228; 725.97
0.07254; 723.692
0.0728; 721.426
0.07306; 719.169
0.07332; 716.927
0.07358; 714.696
0.07384; 712.484
0.0741; 710.283
0.07436; 708.103
0.07462; 705.936
0.07488; 703.791
0.07514; 701.66
0.0754; 699.552
0.07566; 697.459
0.07592; 695.391
0.07618; 693.337
0.07644; 691.308
0.0767; 689.294
0.07696; 687.306
0.07722; 685.332
0.07748; 683.385
0.07774; 681.451
0.078; 679.545
0.07826; 677.652
0.07852; 675.786
0.07878; 673.934
0.07904; 672.108
0.0793; 670.296
0.07956; 668.511
0.07982; 666.737
0.08008; 664.992
0.08034; 663.257
0.0806; 661.551
0.08086; 659.855
0.08112; 658.188
0.08138; 656.53
0.08164; 654.901
0.0819; 653.281
0.08216; 651.689
0.08242; 650.106
0.08268; 648.552
0.08294; 647.006
0.0832; 645.488
0.08346; 643.979
0.08372; 642.498
0.08398; 641.024
0.08424; 639.579
0.0845; 638.141
0.08476; 636.732
0.08502; 635.33
0.08528; 633.956
0.08554; 632.589
0.0858; 631.25
0.08606; 629.918
0.08632; 628.614
0.08658; 627.316
0.08684; 626.047
0.0871; 624.784
0.08736; 623.55
0.08762; 622.321
0.08788; 621.121
0.08814; 619.926
0.0884; 618.761
0.08866; 617.6
0.08892; 616.469
0.08918; 615.342
0.08944; 614.245
0.0897; 613.152
0.08996; 612.09
0.09022; 611.03
0.09048; 610.002
0.09074; 608.976
0.091; 607.982
0.09126; 606.99
0.09152; 606.029
0.09178; 605.071
0.09204; 604.143
0.0923; 603.217
0.09256; 602.325
0.09282; 601.434
0.09308; 600.575
0.09334; 599.717
0.0936; 598.892
0.09386; 598.065
0.09412; 597.276
0.09438; 596.484
0.09464; 595.728
0.0949; 594.97
0.09516; 594.248
0.09542; 593.523
0.09568; 592.835
0.09594; 592.144
0.0962; 591.489
0.09646; 590.832
0.09672; 590.211
0.09698; 589.587
0.09724; 589
0.0975; 588.41
0.09776; 587.857
0.09802; 587.3
0.09828; 586.781
0.09854; 586.258
0.0988; 585.772
0.09906; 585.282
0.09932; 584.83
0.09958; 584.374
0.09984; 583.955
0.1001; 583.533
0.10036; 583.148
0.10062; 582.758
0.10088; 582.406
0.10114; 582.05
0.1014; 581.732
0.10166; 581.409
0.10192; 581.124
0.10218; 580.835
0.10244; 580.583
0.1027; 580.326
0.10296; 580.107
0.10322; 579.883
0.10348; 579.697
0.10374; 579.506
0.104; 579.353
0.10426; 579.194
0.10452; 579.073
0.10478; 578.947
0.10504; 578.858
0.1053; 578.763
0.10556; 578.705
0.10582; 578.639
0.10608; 578.608
0.10634; 578.567
0.1066; 0
0.10686; 0
0.10712; 0
0.10738; 0
0.10764; 0
0.1079; 0
0.10816; 0
0.10842; 0
0.10868; 0
0.10894; 0
0.1092; 0
0.10946; 0
0.10972; 0
0.10998; 0
0.11024; 0
0.1105; 0
0.11076; 0
0.11102; 0
0.11128; 0
0.11154; 0
0.1118; 0
0.11206; 0
0.11232; 0
0.11258; 0
0.11284; 0
0.1131; 0
0.11336; 0
0.11362; 0
0.11388; 0
0.11414; 0
0.1144; 0
0.11466; 0
0.11492; 0
0.11518; 0
0.11544; 0
0.1157; 0
0.11596; 0
0.11622; 0
0.11648; 0
0.11674; 0
0.117; 0
0.11726; 0
0.11752; 0
0.11778; 0
0.11804; 0
0.1183; 0
0.11856; 0
0.11882; 0
0.11908; 0
0.11934; 0
0.1196; 0
0.11986; 0
0.12012; 0
0.12038; 0
0.12064; 0
0.1209; 0
0.12116; 0
0.12142; 0
0.12168; 0
0.12194; 0
0.1222; 0
0.12246; 0
0.12272; 0
0.12298; 0
0.12324; 0
0.1235; 0
0.12376; 0
0.12402; 0
0.12428; 0
0.12454; 0
0.1248; 0
