0.00026; 414.191
0.00052; 414.201
0.00078; 414.204
0.00104; 414.222
0.0013; 414.242
0.00156; 414.277
0.00182; 414.313
0.00208; 414.363
0.00234; 414.416
0.0026; 414.483
0.00286; 414.552
0.00312; 414.634
0.00338; 414.72
0.00364; 414.819
0.0039; 414.921
0.00416; 415.036
0.00442; 415.154
0.00468; 415.286
0.00494; 415.42
0.0052; 415.569
0.00546; 415.719
0.00572; 415.884
0.00598; 416.051
0.00624; 416.232
0.0065; 416.415
0.00676; 416.612
0.00702; 416.812
0.00728; 417.026
0.00754; 417.242
0.0078; 417.472
0.00806; 417.704
0.00832; 417.95
0.00858; 418.199
0.00884; 418.462
0.0091; 418.727
0.00936; 419.006
0.00962; 419.287
0.00988; 419.582
0.01014; 419.88
0.0104; 420.191
0.01066; 420.505
0.01092; 420.833
0.01118; 421.164
0.01144; 421.508
0.0117; 421.854
0.01196; 422.215
0.01222; 422.577
0.01248; 422.954
0.01274; 423.333
0.013; 423.726
0.01326; 424.122
0.01352; 424.531
0.01378; 424.943
0.01404; 425.368
0.0143; 425.796
0.01456; 426.238
0.01482; 426.683
0.01508; 427.141
0.01534; 427.602
0.0156; 428.076
0.01586; 428.553
0.01612; 429.044
0.01638; 429.538
0.01664; 430.045
0.0169; 430.555
0.01716; 431.078
0.01742; 431.604
0.01768; 432.144
0.01794; 432.686
0.0182; 433.242
0.01846; 433.801
0.01872; 434.373
0.01898; 434.948
0.01924; 435.537
0.0195; 436.128
0.01976; 436.733
0.02002; 437.341
0.02028; 437.962
0.02054; 438.586
0.0208; 439.223
0.02106; 439.863
0.02132; 440.516
0.02158; 441.172
0.02184; 441.842
0.0221; 442.514
0.02236; 443.2
0.02262; 443.888
0.02288; 444.591
0.02314; 445.295
0.0234; 446.014
0.02366; 446.735
0.02392; 447.469
0.02418; 448.206
0.02444; 448.957
0.0247; 449.71
0.02496; 450.477
0.02522; 451.247
0.02548; 452.029
0.02574; 452.815
0.026; 453.614
0.02626; 454.416
0.02652; 455.232
0.02678; 456.05
0.02704; 456.881
0.0273; 457.715
0.02756; 458.563
0.02782; 459.413
0.02808; 460.277
0.02834; 461.143
0.0286; 462.023
0.02886; 462.905
0.02912; 463.801
0.02938; 464.7
0.02964; 465.612
0.0299; 466.527
0.03016; 467.455
0.03042; 468.385
0.03068; 469.329
0.03094; 470.276
0.0312; 471.236
0.03146; 472.199
0.03172; 473.175
0.03198; 474.153
0.03224; 475.145
0.0325; 476.14
0.03276; 477.148
0.03302; 478.158
0.03328; 479.182
0.03354; 480.208
0.0338; 481.248
0.03406; 482.29
0.03432; 483.345
0.03458; 484.404
0.03484; 485.475
0.0351; 486.549
0.03536; 487.637
0.03562; 488.726
0.03588; 489.83
0.03614; 490.936
0.0364; 492.054
0.03666; 493.176
0.03692; 494.31
0.03718; 495.448
0.03744; 496.598
0.0377; 497.751
0.03796; 498.917
0.03822; 500.086
0.03848; 501.268
0.03874; 502.452
0.039; 503.65
0.03926; 504.85
0.03952; 506.063
0.03978; 507.279
0.04004; 508.508
0.0403; 509.739
0.04056; 510.984
0.04082; 512.231
0.04108; 513.49
0.04134; 514.753
0.0416; 516.028
0.04186; 517.306
0.04212; 518.597
0.04238; 519.89
0.04264; 521.197
0.0429; 522.505
0.04316; 523.827
0.04342; 525.151
0.04368; 526.488
0.04394; 527.828
0.0442; 529.18
0.04446; 530.534
0.04472; 531.902
0.04498; 533.271
0.04524; 534.654
0.0455; 536.039
0.04576; 537.437
0.04602; 538.837
0.04628; 540.25
0.04654; 541.665
0.0468; 543.093
0.04706; 544.523
0.04732; 545.966
0.04758; 547.412
0.04784; 548.87
0.0481; 550.33
0.04836; 551.803
0.04862; 553.278
0.04888; 554.766
0.04914; 556.256
0.0494; 557.758
0.04966; 559.263
0.04992; 560.781
0.05018; 562.3
0.05044; 563.833
0.0507; 565.367
0.05096; 566.914
0.05122; 568.463
0.05148; 570.024
0.05174; 571.588
0.052; 573.164
0.05226; 574.742
0.05252; 576.332
0.05278; 577.925
0.05304; 579.529
0.0533; 581.136
0.05356; 582.755
0.05382; 584.376
0.05408; 586.009
0.05434; 587.645
0.0546; 589.292
0.05486; 590.942
0.05512; 592.603
0.05538; 594.267
0.05564; 595.942
0.0559; 597.62
0.05616; 599.309
0.05642; 601.001
0.05668; 602.704
0.05694; 604.409
0.0572; 606.126
0.05746; 607.845
0.05772; 609.576
0.05798; 611.309
0.05824; 613.053
0.0585; 614.799
0.05876; 616.557
0.05902; 618.317
0.05928; 620.088
0.05954; 621.862
0.0598; 623.646
0.06006; 625.433
0.06032; 627.231
0.06058; 629.031
0.06084; 630.841
0.0611; 632.654
0.06136; 634.479
0.06162; 636.305
0.06188; 638.142
0.06214; 639.981
0.0624; 641.831
0.06266; 643.683
0.06292; 645.545
0.06318; 647.41
0.06344; 649.285
0.0637; 651.162
0.06396; 653.05
0.06422; 654.94
0.06448; 656.841
0.06474; 658.743
0.065; 660.656
0.06526; 662.571
0.06552; 664.496
0.06578; 666.423
0.06604; 668.36
0.0663; 670.299
0.06656; 672.249
0.06682; 674.2
0.06708; 676.161
0.06734; 678.124
0.0676; 680.097
0.06786; 682.071
0.06812; 684.056
0.06838; 686.043
0.06864; 688.039
0.0689; 690.037
0.06916; 692.045
0.06942; 694.054
0.06968; 696.073
0.06994; 698.094
0.0702; 700.124
0.07046; 702.156
0.07072; 704.197
0.07098; 706.24
0.07124; 708.293
0.0715; 710.347
0.07176; 712.41
0.07202; 714.475
0.07228; 716.549
0.07254; 718.624
0.0728; 720.708
0.07306; 722.794
0.07332; 724.889
0.07358; 726.986
0.07384; 729.091
0.0741; 731.198
0.07436; 733.313
0.07462; 735.43
0.07488; 737.555
0.07514; 739.682
0.0754; 741.817
0.07566; 743.954
0.07592; 746.099
0.07618; 748.246
0.07644; 750.4
0.0767; 752.557
0.07696; 754.721
0.07722; 756.886
0.07748; 759.059
0.07774; 761.234
0.078; 763.417
0.07826; 765.601
0.07852; 767.792
0.07878; 769.985
0.07904; 772.185
0.0793; 774.387
0.07956; 776.596
0.07982; 778.807
0.08008; 781.024
0.08034; 783.243
0.0806; 785.469
0.08086; 787.697
0.08112; 789.931
0.08138; 792.167
0.08164; 794.409
0.0819; 796.653
0.08216; 798.903
0.08242; 801.155
0.08268; 803.413
0.08294; 805.672
0.0832; 807.938
0.08346; 810.205
0.08372; 812.478
0.08398; 814.752
0.08424; 817.033
0.0845; 819.315
0.08476; 821.602
0.08502; 823.891
0.08528; 826.185
0.08554; 828.481
0.0858; 830.782
0.08606; 833.084
0.08632; 835.392
0.08658; 837.701
0.08684; 840.016
0.0871; 842.331
0.08736; 844.652
0.08762; 846.973
0.08788; 849.3
0.08814; 851.628
0.0884; 853.96
0.08866; 856.294
0.08892; 858.632
0.08918; 860.972
0.08944; 863.316
0.0897; 865.661
0.08996; 868.01
0.09022; 870.36
0.09048; 872.715
0.09074; 875.07
0.091; 877.43
0.09126; 879.79
0.09152; 882.155
0.09178; 884.52
0.09204; 886.889
0.0923; 889.259
0.09256; 891.633
0.09282; 894.007
0.09308; 896.386
0.09334; 898.764
0.0936; 901.147
0.09386; 903.529
0.09412; 905.916
0.09438; 908.303
0.09464; 910.692
0.0949; 913.083
0.09516; 915.477
0.09542; 917.871
0.09568; 920.268
0.09594; 922.665
0.0962; 925.065
0.09646; 927.466
0.09672; 929.869
0.09698; 932.273
0.09724; 934.679
0.0975; 937.086
0.09776; 939.495
0.09802; 941.904
0.09828; 944.315
0.09854; 946.727
0.0988; 949.14
0.09906; 951.554
0.09932; 953.97
0.09958; 956.386
0.09984; 958.803
0.1001; 961.221
0.10036; 963.641
0.10062; 966.06
0.10088; 968.481
0.10114; 970.902
0.1014; 973.325
0.10166; 975.747
0.10192; 978.171
0.10218; 980.594
0.10244; 983.019
0.1027; 985.443
0.10296; 987.869
0.10322; 990.294
0.10348; 992.72
0.10374; 995.146
0.104; 997.573
0.10426; 1000
0.10452; 1000
0.10478; 1000
0.10504; 1000
0.1053; 1000
0.10556; 1000
0.10582; 1000
0.10608; 1000
0.10634; 1000
0.1066; 1000
0.10686; 1000
0.10712; 1000
0.10738; 1000
0.10764; 1000
0.1079; 1000
0.10816; 1000
0.10842; 1000
0.10868; 1000
0.10894; 1000
0.1092; 1000
0.10946; 1000
0.10972; 1000
0.10998; 1000
0.11024; 1000
0.1105; 1000
0.11076; 1000
0.11102; 1000
0.11128; 1000
0.11154; 1000
0.1118; 1000
0.11206; 1000
0.11232; 1000
0.11258; 1000
0.11284; 1000
0.1131; 1000
0.11336; 1000
0.11362; 1000
0.11388; 1000
0.11414; 1000
0.1144; 1000
0.11466; 1000
0.11492; 1000
0.11518; 1000
0.11544; 1000
0.1157; 1000
0.11596; 1000
0.11622; 1000
0.11648; 1000
0.11674; 1000
0.117; 1000
0.11726; 1000
0.11752; 1000
0.11778; 1000
0.11804; 1000
0.1183; 1000
0.11856; 1000
0.11882; 1000
0.11908; 1000
0.11934; 1000
0.1196; 1000
0.11986; 1000
0.12012; 1000
0.12038; 1000
0.12064; 1000
0.1209; 1000
0.12116; 1000
0.12142; 1000
0.12168; 1000
0.12194; 1000
0.1222; 1000
0.12246; 1000
0.12272; 1000
0.12298; 1000
0.12324; 1000
0.1235; 1000
0.12376; 1000
0.12402; 1000
0.12428; 1000
0.12454; 1000
0.1248; 1000
