0.00026; 529.326
0.00052; 529.335
0.00078; 529.337
0.00104; 529.353
0.0013; 529.37
0.00156; 529.4
0.00182; 529.432
0.00208; 529.476
0.00234; 529.522
0.0026; 529.581
0.00286; 529.641
0.00312; 529.714
0.00338; 529.789
0.00364; 529.876
0.0039; 529.966
0.00416; 530.067
0.00442; 530.171
0.00468; 530.287
0.00494; 530.405
0.0052; 530.536
0.00546; 530.669
0.00572; 530.814
0.00598; 530.96
0.00624; 531.12
0.0065; 531.281
0.00676; 531.455
0.00702; 531.63
0.00728; 531.818
0.00754; 532.008
0.0078; 532.211
0.00806; 532.415
0.00832; 532.631
0.00858; 532.849
0.00884; 533.08
0.0091; 533.313
0.00936; 533.558
0.00962; 533.805
0.00988; 534.064
0.01014; 534.326
0.0104; 534.599
0.01066; 534.875
0.01092; 535.163
0.01118; 535.452
0.01144; 535.754
0.0117; 536.058
0.01196; 536.374
0.01222; 536.692
0.01248; 537.023
0.01274; 537.355
0.013; 537.7
0.01326; 538.046
0.01352; 538.405
0.01378; 538.766
0.01404; 539.138
0.0143; 539.513
0.01456; 539.9
0.01482; 540.289
0.01508; 540.69
0.01534; 541.092
0.0156; 541.508
0.01586; 541.925
0.01612; 542.354
0.01638; 542.784
0.01664; 543.227
0.0169; 543.672
0.01716; 544.129
0.01742; 544.588
0.01768; 545.059
0.01794; 545.532
0.0182; 546.017
0.01846; 546.503
0.01872; 547.002
0.01898; 547.503
0.01924; 548.016
0.0195; 548.53
0.01976; 549.056
0.02002; 549.584
0.02028; 550.125
0.02054; 550.667
0.0208; 551.221
0.02106; 551.776
0.02132; 552.344
0.02158; 552.914
0.02184; 553.495
0.0221; 554.078
0.02236; 554.673
0.02262; 555.27
0.02288; 555.879
0.02314; 556.489
0.0234; 557.111
0.02366; 557.735
0.02392; 558.371
0.02418; 559.008
0.02444; 559.657
0.0247; 560.308
0.02496; 560.971
0.02522; 561.635
0.02548; 562.311
0.02574; 562.989
0.026; 563.679
0.02626; 564.37
0.02652; 565.073
0.02678; 565.778
0.02704; 566.494
0.0273; 567.211
0.02756; 567.941
0.02782; 568.672
0.02808; 569.414
0.02834; 570.159
0.0286; 570.915
0.02886; 571.672
0.02912; 572.441
0.02938; 573.212
0.02964; 573.994
0.0299; 574.777
0.03016; 575.573
0.03042; 576.37
0.03068; 577.178
0.03094; 577.988
0.0312; 578.809
0.03146; 579.632
0.03172; 580.466
0.03198; 581.302
0.03224; 582.149
0.0325; 582.998
0.03276; 583.858
0.03302; 584.72
0.03328; 585.593
0.03354; 586.467
0.0338; 587.353
0.03406; 588.24
0.03432; 589.138
0.03458; 590.038
0.03484; 590.949
0.0351; 591.861
0.03536; 592.785
0.03562; 593.709
0.03588; 594.646
0.03614; 595.583
0.0364; 596.532
0.03666; 597.482
0.03692; 598.443
0.03718; 599.405
0.03744; 600.379
0.0377; 601.353
0.03796; 602.339
0.03822; 603.326
0.03848; 604.324
0.03874; 605.323
0.039; 606.334
0.03926; 607.345
0.03952; 608.367
0.03978; 609.391
0.04004; 610.425
0.0403; 611.461
0.04056; 612.507
0.04082; 613.555
0.04108; 614.613
0.04134; 615.673
0.0416; 616.743
0.04186; 617.815
0.04212; 618.897
0.04238; 619.981
0.04264; 621.074
0.0429; 622.17
0.04316; 623.275
0.04342; 624.382
0.04368; 625.499
0.04394; 626.618
0.0442; 627.747
0.04446; 628.876
0.04472; 630.017
0.04498; 631.159
0.04524; 632.311
0.0455; 633.463
0.04576; 634.627
0.04602; 635.791
0.04628; 636.966
0.04654; 638.142
0.0468; 639.328
0.04706; 640.515
0.04732; 641.712
0.04758; 642.911
0.04784; 644.119
0.0481; 645.329
0.04836; 646.548
0.04862; 647.769
0.04888; 648.999
0.04914; 650.23
0.0494; 651.472
0.04966; 652.714
0.04992; 653.966
0.05018; 655.219
0.05044; 656.482
0.0507; 657.747
0.05096; 659.02
0.05122; 660.295
0.05148; 661.58
0.05174; 662.865
0.052; 664.16
0.05226; 665.456
0.05252; 666.762
0.05278; 668.068
0.05304; 669.384
0.0533; 670.701
0.05356; 672.027
0.05382; 673.355
0.05408; 674.691
0.05434; 676.029
0.0546; 677.376
0.05486; 678.723
0.05512; 680.08
0.05538; 681.438
0.05564; 682.805
0.0559; 684.173
0.05616; 685.55
0.05642; 686.927
0.05668; 688.314
0.05694; 689.702
0.0572; 691.098
0.05746; 692.496
0.05772; 693.902
0.05798; 695.309
0.05824; 696.725
0.0585; 698.141
0.05876; 699.566
0.05902; 700.993
0.05928; 702.427
0.05954; 703.863
0.0598; 705.307
0.06006; 706.752
0.06032; 708.205
0.06058; 709.66
0.06084; 711.122
0.0611; 712.586
0.06136; 714.057
0.06162; 715.53
0.06188; 717.01
0.06214; 718.492
0.0624; 719.981
0.06266; 721.472
0.06292; 722.97
0.06318; 724.469
0.06344; 725.976
0.0637; 727.484
0.06396; 729
0.06422; 730.516
0.06448; 732.041
0.06474; 733.566
0.065; 735.099
0.06526; 736.632
0.06552; 738.173
0.06578; 739.715
0.06604; 741.265
0.0663; 742.815
0.06656; 744.372
0.06682; 745.931
0.06708; 747.497
0.06734; 749.063
0.0676; 750.637
0.06786; 752.212
0.06812; 753.793
0.06838; 755.376
0.06864; 756.965
0.0689; 758.555
0.06916; 760.152
0.06942; 761.75
0.06968; 763.355
0.06994; 764.961
0.0702; 766.573
0.07046; 768.186
0.07072; 769.806
0.07098; 771.426
0.07124; 773.053
0.0715; 774.681
0.07176; 776.316
0.07202; 777.951
0.07228; 779.592
0.07254; 781.234
0.0728; 782.883
0.07306; 784.532
0.07332; 786.187
0.07358; 787.843
0.07384; 789.505
0.0741; 791.168
0.07436; 792.837
0.07462; 794.507
0.07488; 796.182
0.07514; 797.858
0.0754; 799.541
0.07566; 801.223
0.07592; 802.912
0.07618; 804.601
0.07644; 806.296
0.0767; 807.991
0.07696; 809.692
0.07722; 811.394
0.07748; 813.101
0.07774; 814.809
0.078; 816.522
0.07826; 818.236
0.07852; 819.955
0.07878; 821.675
0.07904; 823.399
0.0793; 825.125
0.07956; 826.855
0.07982; 828.586
0.08008; 830.322
0.08034; 832.059
0.0806; 833.801
0.08086; 835.543
0.08112; 837.29
0.08138; 839.037
0.08164; 840.789
0.0819; 842.542
0.08216; 844.299
0.08242; 846.057
0.08268; 847.82
0.08294; 849.583
0.0832; 851.35
0.08346; 853.118
0.08372; 854.89
0.08398; 856.662
0.08424; 858.439
0.0845; 860.216
0.08476; 861.998
0.08502; 863.779
0.08528; 865.565
0.08554; 867.352
0.0858; 869.142
0.08606; 870.932
0.08632; 872.727
0.08658; 874.522
0.08684; 876.32
0.0871; 878.119
0.08736; 879.922
0.08762; 881.725
0.08788; 883.532
0.08814; 885.338
0.0884; 887.149
0.08866; 888.96
0.08892; 890.774
0.08918; 892.588
0.08944; 894.406
0.0897; 896.224
0.08996; 898.045
0.09022; 899.867
0.09048; 901.691
0.09074; 903.516
0.091; 905.344
0.09126; 907.172
0.09152; 909.003
0.09178; 910.834
0.09204; 912.668
0.0923; 914.502
0.09256; 916.339
0.09282; 918.176
0.09308; 920.016
0.09334; 921.856
0.0936; 923.698
0.09386; 925.54
0.09412; 927.385
0.09438; 929.23
0.09464; 931.078
0.0949; 932.925
0.09516; 934.775
0.09542; 936.625
0.09568; 938.477
0.09594; 940.329
0.0962; 942.182
0.09646; 944.037
0.09672; 945.892
0.09698; 947.748
0.09724; 949.606
0.0975; 951.464
0.09776; 953.323
0.09802; 955.183
0.09828; 957.044
0.09854; 958.905
0.0988; 960.768
0.09906; 962.631
0.09932; 964.495
0.09958; 966.359
0.09984; 968.224
0.1001; 970.089
0.10036; 971.956
0.10062; 973.822
0.10088; 975.69
0.10114; 977.557
0.1014; 979.425
0.10166; 981.294
0.10192; 983.163
0.10218; 985.032
0.10244; 986.902
0.1027; 988.772
0.10296; 990.643
0.10322; 992.514
0.10348; 994.385
0.10374; 996.256
0.104; 998.128
0.10426; 1000
0.10452; 1000
0.10478; 1000
0.10504; 1000
0.1053; 1000
0.10556; 1000
0.10582; 1000
0.10608; 1000
0.10634; 1000
0.1066; 1000
0.10686; 1000
0.10712; 1000
0.10738; 1000
0.10764; 1000
0.1079; 1000
0.10816; 1000
0.10842; 1000
0.10868; 1000
0.10894; 1000
0.1092; 1000
0.10946; 1000
0.10972; 1000
0.10998; 1000
0.11024; 1000
0.1105; 1000
0.11076; 1000
0.11102; 1000
0.11128; 1000
0.11154; 1000
0.1118; 1000
0.11206; 1000
0.11232; 1000
0.11258; 1000
0.11284; 1000
0.1131; 1000
0.11336; 1000
0.11362; 1000
0.11388; 1000
0.11414; 1000
0.1144; 1000
0.11466; 1000
0.11492; 1000
0.11518; 1000
0.11544; 1000
0.1157; 1000
0.11596; 1000
0.11622; 1000
0.11648; 1000
0.11674; 1000
0.117; 1000
0.11726; 1000
0.11752; 1000
0.11778; 1000
0.11804; 1000
0.1183; 1000
0.11856; 1000
0.11882; 1000
0.11908; 1000
0.11934; 1000
0.1196; 1000
0.11986; 1000
0.12012; 1000
0.12038; 1000
0.12064; 1000
0.1209; 1000
0.12116; 1000
0.12142; 1000
0.12168; 1000
0.12194; 1000
0.1222; 1000
0.12246; 1000
0.12272; 1000
0.12298; 1000
0.12324; 1000
0.1235; 1000
0.12376; 1000
0.12402; 1000
0.12428; 1000
0.12454; 1000
0.1248; 1000
