0.00026; 335.183
0.00052; 335.189
0.00078; 335.195
0.00104; 335.207
0.0013; 335.226
0.00156; 335.251
0.00182; 335.282
0.00208; 335.32
0.00234; 335.365
0.0026; 335.416
0.00286; 335.473
0.00312; 335.537
0.00338; 335.607
0.00364; 335.684
0.0039; 335.767
0.00416; 335.857
0.00442; 335.953
0.00468; 336.056
0.00494; 336.165
0.0052; 336.281
0.00546; 336.404
0.00572; 336.532
0.00598; 336.668
0.00624; 336.81
0.0065; 336.958
0.00676; 337.113
0.00702; 337.275
0.00728; 337.443
0.00754; 337.618
0.0078; 337.799
0.00806; 337.988
0.00832; 338.182
0.00858; 338.384
0.00884; 338.592
0.0091; 338.806
0.00936; 339.028
0.00962; 339.256
0.00988; 339.49
0.01014; 339.732
0.0104; 339.98
0.01066; 340.235
0.01092; 340.497
0.01118; 340.766
0.01144; 341.041
0.0117; 341.323
0.01196; 341.612
0.01222; 341.908
0.01248; 342.211
0.01274; 342.52
0.013; 342.837
0.01326; 343.16
0.01352; 343.491
0.01378; 343.828
0.01404; 344.172
0.0143; 344.524
0.01456; 344.882
0.01482; 345.247
0.01508; 345.62
0.01534; 345.999
0.0156; 346.386
0.01586; 346.779
0.01612; 347.18
0.01638; 347.588
0.01664; 348.003
0.0169; 348.426
0.01716; 348.855
0.01742; 349.292
0.01768; 349.736
0.01794; 350.188
0.0182; 350.647
0.01846; 351.113
0.01872; 351.586
0.01898; 352.067
0.01924; 352.556
0.0195; 353.052
0.01976; 353.555
0.02002; 354.066
0.02028; 354.584
0.02054; 355.11
0.0208; 355.643
0.02106; 356.184
0.02132; 356.733
0.02158; 357.29
0.02184; 357.853
0.0221; 358.425
0.02236; 359.005
0.02262; 359.592
0.02288; 360.187
0.02314; 360.789
0.0234; 361.4
0.02366; 362.018
0.02392; 362.645
0.02418; 363.279
0.02444; 363.921
0.0247; 364.572
0.02496; 365.23
0.02522; 365.896
0.02548; 366.57
0.02574; 367.253
0.026; 367.943
0.02626; 368.642
0.02652; 369.349
0.02678; 370.064
0.02704; 370.788
0.0273; 371.519
0.02756; 372.259
0.02782; 373.007
0.02808; 373.764
0.02834; 374.529
0.0286; 375.303
0.02886; 376.084
0.02912; 376.875
0.02938; 377.674
0.02964; 378.481
0.0299; 379.297
0.03016; 380.122
0.03042; 380.955
0.03068; 381.797
0.03094; 382.647
0.0312; 383.507
0.03146; 384.375
0.03172; 385.252
0.03198; 386.137
0.03224; 387.032
0.0325; 387.936
0.03276; 388.848
0.03302; 389.769
0.03328; 390.7
0.03354; 391.639
0.0338; 392.587
0.03406; 393.544
0.03432; 394.511
0.03458; 395.487
0.03484; 396.471
0.0351; 397.465
0.03536; 398.468
0.03562; 399.481
0.03588; 400.502
0.03614; 401.533
0.0364; 402.573
0.03666; 403.623
0.03692; 404.682
0.03718; 405.75
0.03744; 406.828
0.0377; 407.915
0.03796; 409.012
0.03822; 410.119
0.03848; 411.234
0.03874; 412.36
0.039; 413.495
0.03926; 414.64
0.03952; 415.794
0.03978; 416.958
0.04004; 418.132
0.0403; 419.316
0.04056; 420.509
0.04082; 421.712
0.04108; 422.925
0.04134; 424.148
0.0416; 425.381
0.04186; 426.624
0.04212; 427.876
0.04238; 429.139
0.04264; 430.411
0.0429; 431.694
0.04316; 432.987
0.04342; 434.289
0.04368; 435.602
0.04394; 436.925
0.0442; 438.258
0.04446; 439.601
0.04472; 440.954
0.04498; 442.318
0.04524; 443.692
0.0455; 445.076
0.04576; 446.47
0.04602; 447.875
0.04628; 449.29
0.04654; 450.715
0.0468; 452.15
0.04706; 453.596
0.04732; 455.053
0.04758; 456.519
0.04784; 457.996
0.0481; 459.484
0.04836; 460.982
0.04862; 462.49
0.04888; 464.009
0.04914; 465.538
0.0494; 467.078
0.04966; 468.628
0.04992; 470.189
0.05018; 471.761
0.05044; 473.343
0.0507; 474.936
0.05096; 476.539
0.05122; 478.153
0.05148; 479.777
0.05174; 481.412
0.052; 483.058
0.05226; 484.714
0.05252; 486.381
0.05278; 488.059
0.05304; 489.747
0.0533; 491.446
0.05356; 493.156
0.05382; 494.876
0.05408; 496.607
0.05434; 498.349
0.0546; 500.102
0.05486; 501.865
0.05512; 503.639
0.05538; 505.423
0.05564; 507.219
0.0559; 509.025
0.05616; 510.842
0.05642; 512.67
0.05668; 514.508
0.05694; 516.357
0.0572; 518.217
0.05746; 520.088
0.05772; 521.969
0.05798; 523.861
0.05824; 525.764
0.0585; 527.678
0.05876; 529.602
0.05902; 531.536
0.05928; 533.482
0.05954; 535.438
0.0598; 537.405
0.06006; 539.383
0.06032; 541.371
0.06058; 543.37
0.06084; 545.38
0.0611; 547.4
0.06136; 549.431
0.06162; 551.473
0.06188; 553.525
0.06214; 555.588
0.0624; 557.661
0.06266; 559.745
0.06292; 561.84
0.06318; 563.945
0.06344; 566.06
0.0637; 568.186
0.06396; 570.323
0.06422; 572.47
0.06448; 574.628
0.06474; 576.796
0.065; 578.974
0.06526; 581.163
0.06552; 583.362
0.06578; 585.572
0.06604; 587.792
0.0663; 590.022
0.06656; 592.262
0.06682; 594.513
0.06708; 596.774
0.06734; 599.045
0.0676; 601.326
0.06786; 603.618
0.06812; 605.919
0.06838; 608.231
0.06864; 610.552
0.0689; 612.884
0.06916; 615.226
0.06942; 617.577
0.06968; 619.939
0.06994; 622.311
0.0702; 624.692
0.07046; 627.083
0.07072; 629.484
0.07098; 631.895
0.07124; 634.315
0.0715; 636.745
0.07176; 639.185
0.07202; 641.634
0.07228; 644.093
0.07254; 646.562
0.0728; 649.04
0.07306; 651.527
0.07332; 654.024
0.07358; 656.53
0.07384; 659.046
0.0741; 661.57
0.07436; 664.104
0.07462; 666.647
0.07488; 669.199
0.07514; 671.761
0.0754; 674.331
0.07566; 676.91
0.07592; 679.498
0.07618; 682.095
0.07644; 684.701
0.0767; 687.315
0.07696; 689.938
0.07722; 692.57
0.07748; 695.211
0.07774; 697.86
0.078; 700.517
0.07826; 703.183
0.07852; 705.857
0.07878; 708.54
0.07904; 711.231
0.0793; 713.93
0.07956; 716.637
0.07982; 719.352
0.08008; 722.075
0.08034; 724.806
0.0806; 727.545
0.08086; 730.292
0.08112; 733.047
0.08138; 735.809
0.08164; 738.579
0.0819; 741.357
0.08216; 744.142
0.08242; 746.934
0.08268; 749.734
0.08294; 752.541
0.0832; 755.356
0.08346; 758.177
0.08372; 761.006
0.08398; 763.841
0.08424; 766.684
0.0845; 769.534
0.08476; 772.39
0.08502; 775.253
0.08528; 778.123
0.08554; 780.999
0.0858; 783.882
0.08606; 786.771
0.08632; 789.666
0.08658; 792.568
0.08684; 795.476
0.0871; 798.39
0.08736; 801.311
0.08762; 804.237
0.08788; 807.169
0.08814; 810.107
0.0884; 813.05
0.08866; 815.999
0.08892; 818.954
0.08918; 821.914
0.08944; 824.88
0.0897; 827.851
0.08996; 830.827
0.09022; 833.809
0.09048; 836.795
0.09074; 839.787
0.091; 842.783
0.09126; 845.784
0.09152; 848.79
0.09178; 851.801
0.09204; 854.816
0.0923; 857.835
0.09256; 860.859
0.09282; 863.888
0.09308; 866.92
0.09334; 869.957
0.0936; 872.997
0.09386; 876.042
0.09412; 879.09
0.09438; 882.142
0.09464; 885.198
0.0949; 888.257
0.09516; 891.32
0.09542; 894.387
0.09568; 897.456
0.09594; 900.529
0.0962; 903.605
0.09646; 906.684
0.09672; 909.766
0.09698; 912.851
0.09724; 915.938
0.0975; 919.028
0.09776; 922.121
0.09802; 925.217
0.09828; 928.314
0.09854; 931.414
0.0988; 934.516
0.09906; 937.62
0.09932; 940.726
0.09958; 943.835
0.09984; 946.945
0.1001; 950.056
0.10036; 953.169
0.10062; 956.284
0.10088; 959.401
0.10114; 962.518
0.1014; 965.637
0.10166; 968.757
0.10192; 971.878
0.10218; 975
0.10244; 978.123
0.1027; 981.246
0.10296; 984.37
0.10322; 987.495
0.10348; 990.621
0.10374; 993.747
0.104; 996.873
0.10426; 1000
0.10452; 1000
0.10478; 1000
0.10504; 1000
0.1053; 1000
0.10556; 1000
0.10582; 1000
0.10608; 1000
0.10634; 1000
0.1066; 1000
0.10686; 1000
0.10712; 1000
0.10738; 1000
0.10764; 1000
0.1079; 1000
0.10816; 1000
0.10842; 1000
0.10868; 1000
0.10894; 1000
0.1092; 1000
0.10946; 1000
0.10972; 1000
0.10998; 1000
0.11024; 1000
0.1105; 1000
0.11076; 1000
0.11102; 1000
0.11128; 1000
0.11154; 1000
0.1118; 1000
0.11206; 1000
0.11232; 1000
0.11258; 1000
0.11284; 1000
0.1131; 1000
0.11336; 1000
0.11362; 1000
0.11388; 1000
0.11414; 1000
0.1144; 1000
0.11466; 1000
0.11492; 1000
0.11518; 1000
0.11544; 1000
0.1157; 1000
0.11596; 1000
0.11622; 1000
0.11648; 1000
0.11674; 1000
0.117; 1000
0.11726; 1000
0.11752; 1000
0.11778; 1000
0.11804; 1000
0.1183; 1000
0.11856; 1000
0.11882; 1000
0.11908; 1000
0.11934; 1000
0.1196; 1000
0.11986; 1000
0.12012; 1000
0.12038; 1000
0.12064; 1000
0.1209; 1000
0.12116; 1000
0.12142; 1000
0.12168; 1000
0.12194; 1000
0.1222; 1000
0.12246; 1000
0.12272; 1000
0.12298; 1000
0.12324; 1000
0.1235; 1000
0.12376; 1000
0.12402; 1000
0.12428; 1000
0.12454; 1000
0.1248; 1000
