0.00026; 0
0.00052; 0
0.00078; 0
0.00104; 0
0.0013; 0
0.00156; 0
0.00182; 0
0.00208; 0
0.00234; 0
0.0026; 0
0.00286; 0
0.00312; 0
0.00338; 0
0.00364; 0
0.0039; 0
0.00416; 0
0.00442; 0
0.00468; 0
0.00494; 0
0.0052; 0
0.00546; 0
0.00572; 0
0.00598; 0
0.00624; 0
0.0065; 0
0.00676; 0
0.00702; 0
0.00728; 0
0.00754; 0
0.0078; 0
0.00806; 0
0.00832; 0
0.00858; 0
0.00884; 0
0.0091; 0
0.00936; 0
0.00962; 0
0.00988; 0
0.01014; 0
0.0104; 0
0.01066; 0
0.01092; 0
0.01118; 0
0.01144; 0
0.0117; 0
0.01196; 0
0.01222; 0
0.01248; 0
0.01274; 0
0.013; 0
0.01326; 0
0.01352; 0
0.01378; 0
0.01404; 0
0.0143; 0
0.01456; 0
0.01482; 0
0.01508; 0
0.01534; 0
0.0156; 0
0.01586; 0
0.01612; 0
0.01638; 0
0.01664; 0
0.0169; 0
0.01716; 0
0.01742; 0
0.01768; 0
0.01794; 0
0.0182; 0
0.01846; 0
0.01872; 0
0.01898; 0
0.01924; 0
0.0195; 0
0.01976; 0
0.02002; 0
0.02028; 0
0.02054; 0
0.0208; 0
0.02106; 0
0.02132; 0
0.02158; 0
0.02184; 0
0.0221; 0
0.02236; 0
0.02262; 0
0.02288; 0
0.02314; 0
0.0234; 0
0.02366; 0
0.02392; 0
0.02418; 0
0.02444; 0
0.0247; 0
0.02496; 0
0.02522; 0
0.02548; 0
0.02574; 0
0.026; 0
0.02626; 0
0.02652; 0
0.02678; 0
0.02704; 0
0.0273; 0
0.02756; 0
0.02782; 0
0.02808; 0
0.02834; 0
0.0286; 0
0.02886; 0
0.02912; 0
0.02938; 0
0.02964; 0
0.0299; 0
0.03016; 0
0.03042; 0
0.03068; 0
0.03094; 0
0.0312; 0
0.03146; 0
0.03172; 0
0.03198; 0
0.03224; 0
0.0325; 0
0.03276; 896.983
0.03302; 896.977
0.03328; 896.957
0.03354; 896.93
0.0338; 896.887
0.03406; 896.839
0.03432; 896.775
0.03458; 896.705
0.03484; 896.619
0.0351; 896.527
0.03536; 896.42
0.03562; 896.307
0.03588; 896.178
0.03614; 896.042
0.0364; 895.891
0.03666; 895.734
0.03692; 895.562
0.03718; 895.381
0.03744; 895.187
0.0377; 894.984
0.03796; 894.768
0.03822; 894.542
0.03848; 894.303
0.03874; 894.055
0.039; 893.794
0.03926; 893.523
0.03952; 893.238
0.03978; 892.944
0.04004; 892.637
0.0403; 892.319
0.04056; 891.989
0.04082; 891.648
0.04108; 891.293
0.04134; 890.929
0.0416; 890.551
0.04186; 890.162
0.04212; 889.76
0.04238; 889.347
0.04264; 888.92
0.0429; 888.483
0.04316; 888.031
0.04342; 887.569
0.04368; 887.092
0.04394; 886.605
0.0442; 886.103
0.04446; 885.59
0.04472; 885.063
0.04498; 884.524
0.04524; 883.97
0.0455; 883.405
0.04576; 882.825
0.04602; 882.234
0.04628; 881.627
0.04654; 881.009
0.0468; 880.375
0.04706; 879.73
0.04732; 879.069
0.04758; 878.395
0.04784; 877.706
0.0481; 877.005
0.04836; 876.288
0.04862; 875.558
0.04888; 874.812
0.04914; 874.052
0.0494; 873.277
0.04966; 872.488
0.04992; 871.683
0.05018; 870.864
0.05044; 870.028
0.0507; 869.178
0.05096; 868.311
0.05122; 867.43
0.05148; 866.531
0.05174; 865.618
0.052; 864.686
0.05226; 863.74
0.05252; 862.776
0.05278; 861.796
0.05304; 860.798
0.0533; 859.784
0.05356; 858.751
0.05382; 857.702
0.05408; 856.634
0.05434; 855.549
0.0546; 854.444
0.05486; 853.322
0.05512; 852.179
0.05538; 851.019
0.05564; 849.839
0.0559; 848.639
0.05616; 847.419
0.05642; 846.18
0.05668; 844.919
0.05694; 843.638
0.0572; 842.336
0.05746; 841.013
0.05772; 839.667
0.05798; 838.3
0.05824; 836.91
0.0585; 835.498
0.05876; 834.061
0.05902; 832.603
0.05928; 831.119
0.05954; 829.613
0.0598; 828.08
0.06006; 826.524
0.06032; 824.941
0.06058; 823.334
0.06084; 821.699
0.0611; 820.039
0.06136; 818.351
0.06162; 816.636
0.06188; 814.893
0.06214; 813.123
0.0624; 811.323
0.06266; 809.495
0.06292; 807.638
0.06318; 805.751
0.06344; 803.835
0.0637; 801.889
0.06396; 799.912
0.06422; 797.905
0.06448; 795.867
0.06474; 793.799
0.065; 791.7
0.06526; 789.571
0.06552; 787.41
0.06578; 785.22
0.06604; 782.999
0.0663; 780.749
0.06656; 778.468
0.06682; 776.16
0.06708; 773.823
0.06734; 771.459
0.0676; 769.068
0.06786; 766.653
0.06812; 764.213
0.06838; 761.75
0.06864; 759.267
0.0689; 756.763
0.06916; 754.242
0.06942; 751.705
0.06968; 749.154
0.06994; 746.591
0.0702; 744.019
0.07046; 741.438
0.07072; 738.852
0.07098; 736.262
0.07124; 733.672
0.0715; 731.082
0.07176; 728.495
0.07202; 725.913
0.07228; 723.337
0.07254; 720.77
0.0728; 718.214
0.07306; 715.669
0.07332; 713.137
0.07358; 710.619
0.07384; 708.117
0.0741; 705.631
0.07436; 703.163
0.07462; 700.713
0.07488; 698.283
0.07514; 695.871
0.0754; 693.48
0.07566; 691.109
0.07592; 688.76
0.07618; 686.431
0.07644; 684.125
0.0767; 681.839
0.07696; 679.577
0.07722; 677.335
0.07748; 675.116
0.07774; 672.919
0.078; 670.744
0.07826; 668.59
0.07852; 666.46
0.07878; 664.35
0.07904; 662.264
0.0793; 660.198
0.07956; 658.154
0.07982; 656.131
0.08008; 654.131
0.08034; 652.152
0.0806; 650.194
0.08086; 648.257
0.08112; 646.342
0.08138; 644.447
0.08164; 642.573
0.0819; 640.719
0.08216; 638.888
0.08242; 637.075
0.08268; 635.285
0.08294; 633.513
0.0832; 631.763
0.08346; 630.032
0.08372; 628.322
0.08398; 626.63
0.08424; 624.961
0.0845; 623.309
0.08476; 621.68
0.08502; 620.068
0.08528; 618.478
0.08554; 616.905
0.0858; 615.354
0.08606; 613.82
0.08632; 612.309
0.08658; 610.813
0.08684; 609.341
0.0871; 607.885
0.08736; 606.451
0.08762; 605.033
0.08788; 603.638
0.08814; 602.259
0.0884; 600.903
0.08866; 599.562
0.08892; 598.245
0.08918; 596.942
0.08944; 595.663
0.0897; 594.4
0.08996; 593.159
0.09022; 591.934
0.09048; 590.732
0.09074; 589.545
0.091; 588.382
0.09126; 587.234
0.09152; 586.109
0.09178; 585
0.09204; 583.914
0.0923; 582.843
0.09256; 581.795
0.09282; 580.763
0.09308; 579.754
0.09334; 578.761
0.0936; 577.791
0.09386; 576.836
0.09412; 575.905
0.09438; 574.989
0.09464; 574.097
0.0949; 573.22
0.09516; 572.367
0.09542; 571.528
0.09568; 570.714
0.09594; 569.914
0.0962; 569.139
0.09646; 568.379
0.09672; 567.642
0.09698; 566.921
0.09724; 566.224
0.0975; 565.541
0.09776; 564.883
0.09802; 564.24
0.09828; 563.622
0.09854; 563.018
0.0988; 562.438
0.09906; 561.873
0.09932; 561.333
0.09958; 560.807
0.09984; 560.306
0.1001; 559.82
0.10036; 559.358
0.10062; 558.91
0.10088; 558.488
0.10114; 558.079
0.1014; 557.695
0.10166; 557.326
0.10192; 556.981
0.10218; 556.65
0.10244; 556.344
0.1027; 556.052
0.10296; 555.784
0.10322; 555.531
0.10348; 555.301
0.10374; 555.086
0.104; 554.896
0.10426; 554.719
0.10452; 554.566
0.10478; 554.428
0.10504; 554.313
0.1053; 554.211
0.10556; 554.132
0.10582; 554.064
0.10608; 554.017
0.10634; 553.978
0.1066; 0
0.10686; 0
0.10712; 0
0.10738; 0
0.10764; 0
0.1079; 0
0.10816; 0
0.10842; 0
0.10868; 0
0.10894; 0
0.1092; 0
0.10946; 0
0.10972; 0
0.10998; 0
0.11024; 0
0.1105; 0
0.11076; 0
0.11102; 0
0.11128; 0
0.11154; 0
0.1118; 0
0.11206; 0
0.11232; 0
0.11258; 0
0.11284; 0
0.1131; 0
0.11336; 0
0.11362; 0
0.11388; 0
0.11414; 0
0.1144; 0
0.11466; 0
0.11492; 0
0.11518; 0
0.11544; 0
0.1157; 0
0.11596; 0
0.11622; 0
0.11648; 0
0.11674; 0
0.117; 0
0.11726; 0
0.11752; 0
0.11778; 0
0.11804; 0
0.1183; 0
0.11856; 0
0.11882; 0
0.11908; 0
0.11934; 0
0.1196; 0
0.11986; 0
0.12012; 0
0.12038; 0
0.12064; 0
0.1209; 0
0.12116; 0
0.12142; 0
0.12168; 0
0.12194; 0
0.1222; 0
0.12246; 0
0.12272; 0
0.12298; 0
0.12324; 0
0.1235; 0
0.12376; 0
0.12402; 0
0.12428; 0
0.12454; 0
0.1248; 0
