0.00026; 571.189
0.00052; 571.196
0.00078; 571.202
0.00104; 571.215
0.0013; 571.233
0.00156; 571.26
0.00182; 571.291
0.00208; 571.331
0.00234; 571.376
0.0026; 571.429
0.00286; 571.487
0.00312; 571.553
0.00338; 571.625
0.00364; 571.704
0.0039; 571.789
0.00416; 571.881
0.00442; 571.979
0.00468; 572.085
0.00494; 572.196
0.0052; 572.315
0.00546; 572.439
0.00572; 572.571
0.00598; 572.709
0.00624; 572.854
0.0065; 573.005
0.00676; 573.164
0.00702; 573.328
0.00728; 573.5
0.00754; 573.677
0.0078; 573.862
0.00806; 574.052
0.00832; 574.25
0.00858; 574.453
0.00884; 574.665
0.0091; 574.881
0.00936; 575.106
0.00962; 575.335
0.00988; 575.573
0.01014; 575.815
0.0104; 576.066
0.01066; 576.322
0.01092; 576.585
0.01118; 576.854
0.01144; 577.131
0.0117; 577.413
0.01196; 577.703
0.01222; 577.997
0.01248; 578.3
0.01274; 578.608
0.013; 578.924
0.01326; 579.245
0.01352; 579.573
0.01378; 579.907
0.01404; 580.249
0.0143; 580.596
0.01456; 580.95
0.01482; 581.309
0.01508; 581.677
0.01534; 582.049
0.0156; 582.429
0.01586; 582.815
0.01612; 583.208
0.01638; 583.606
0.01664; 584.011
0.0169; 584.422
0.01716; 584.841
0.01742; 585.265
0.01768; 585.696
0.01794; 586.132
0.0182; 586.576
0.01846; 587.026
0.01872; 587.482
0.01898; 587.944
0.01924; 588.413
0.0195; 588.888
0.01976; 589.37
0.02002; 589.857
0.02028; 590.351
0.02054; 590.851
0.0208; 591.358
0.02106; 591.87
0.02132; 592.39
0.02158; 592.914
0.02184; 593.446
0.0221; 593.984
0.02236; 594.528
0.02262; 595.078
0.02288; 595.635
0.02314; 596.197
0.0234; 596.766
0.02366; 597.341
0.02392; 597.922
0.02418; 598.509
0.02444; 599.103
0.0247; 599.702
0.02496; 600.309
0.02522; 600.92
0.02548; 601.539
0.02574; 602.163
0.026; 602.793
0.02626; 603.429
0.02652; 604.072
0.02678; 604.72
0.02704; 605.376
0.0273; 606.036
0.02756; 606.703
0.02782; 607.375
0.02808; 608.055
0.02834; 608.739
0.0286; 609.43
0.02886; 610.127
0.02912; 610.83
0.02938; 611.538
0.02964; 612.254
0.0299; 612.974
0.03016; 613.701
0.03042; 614.433
0.03068; 615.172
0.03094; 615.916
0.0312; 616.667
0.03146; 617.423
0.03172; 618.186
0.03198; 618.953
0.03224; 619.728
0.0325; 620.507
0.03276; 621.293
0.03302; 622.084
0.03328; 622.882
0.03354; 623.684
0.0338; 624.494
0.03406; 625.308
0.03432; 626.129
0.03458; 626.954
0.03484; 627.787
0.0351; 628.624
0.03536; 629.468
0.03562; 630.316
0.03588; 631.171
0.03614; 632.031
0.0364; 632.898
0.03666; 633.769
0.03692; 634.647
0.03718; 635.529
0.03744; 636.418
0.0377; 637.312
0.03796; 638.212
0.03822; 639.117
0.03848; 640.029
0.03874; 640.945
0.039; 641.867
0.03926; 642.794
0.03952; 643.728
0.03978; 644.666
0.04004; 645.611
0.0403; 646.56
0.04056; 647.515
0.04082; 648.475
0.04108; 649.441
0.04134; 650.412
0.0416; 651.389
0.04186; 652.371
0.04212; 653.359
0.04238; 654.351
0.04264; 655.35
0.0429; 656.353
0.04316; 657.362
0.04342; 658.376
0.04368; 659.395
0.04394; 660.419
0.0442; 661.45
0.04446; 662.484
0.04472; 663.525
0.04498; 664.57
0.04524; 665.622
0.0455; 666.677
0.04576; 667.738
0.04602; 668.804
0.04628; 669.876
0.04654; 670.952
0.0468; 672.034
0.04706; 673.12
0.04732; 674.212
0.04758; 675.309
0.04784; 676.411
0.0481; 677.517
0.04836; 678.629
0.04862; 679.745
0.04888; 680.867
0.04914; 681.993
0.0494; 683.125
0.04966; 684.261
0.04992; 685.403
0.05018; 686.549
0.05044; 687.7
0.0507; 688.856
0.05096; 690.017
0.05122; 691.182
0.05148; 692.353
0.05174; 693.528
0.052; 694.708
0.05226; 695.892
0.05252; 697.082
0.05278; 698.276
0.05304; 699.475
0.0533; 700.678
0.05356; 701.886
0.05382; 703.099
0.05408; 704.316
0.05434; 705.538
0.0546; 706.765
0.05486; 707.995
0.05512; 709.231
0.05538; 710.471
0.05564; 711.716
0.0559; 712.965
0.05616; 714.219
0.05642; 715.477
0.05668; 716.74
0.05694; 718.006
0.0572; 719.278
0.05746; 720.554
0.05772; 721.834
0.05798; 723.118
0.05824; 724.407
0.0585; 725.7
0.05876; 726.998
0.05902; 728.299
0.05928; 729.606
0.05954; 730.915
0.0598; 732.23
0.06006; 733.548
0.06032; 734.871
0.06058; 736.198
0.06084; 737.529
0.0611; 738.863
0.06136; 740.203
0.06162; 741.546
0.06188; 742.893
0.06214; 744.244
0.0624; 745.6
0.06266; 746.959
0.06292; 748.322
0.06318; 749.689
0.06344; 751.06
0.0637; 752.435
0.06396; 753.814
0.06422; 755.196
0.06448; 756.583
0.06474; 757.973
0.065; 759.368
0.06526; 760.765
0.06552; 762.167
0.06578; 763.572
0.06604; 764.982
0.0663; 766.394
0.06656; 767.811
0.06682; 769.231
0.06708; 770.655
0.06734; 772.082
0.0676; 773.513
0.06786; 774.947
0.06812; 776.386
0.06838; 777.827
0.06864; 779.272
0.0689; 780.72
0.06916; 782.173
0.06942; 783.628
0.06968; 785.087
0.06994; 786.549
0.0702; 788.014
0.07046; 789.483
0.07072; 790.955
0.07098; 792.431
0.07124; 793.91
0.0715; 795.392
0.07176; 796.877
0.07202; 798.365
0.07228; 799.857
0.07254; 801.352
0.0728; 802.85
0.07306; 804.351
0.07332; 805.855
0.07358; 807.362
0.07384; 808.873
0.0741; 810.386
0.07436; 811.903
0.07462; 813.422
0.07488; 814.944
0.07514; 816.469
0.0754; 817.997
0.07566; 819.528
0.07592; 821.062
0.07618; 822.599
0.07644; 824.138
0.0767; 825.681
0.07696; 827.226
0.07722; 828.773
0.07748; 830.324
0.07774; 831.877
0.078; 833.433
0.07826; 834.992
0.07852; 836.553
0.07878; 838.117
0.07904; 839.683
0.0793; 841.252
0.07956; 842.824
0.07982; 844.397
0.08008; 845.974
0.08034; 847.553
0.0806; 849.134
0.08086; 850.718
0.08112; 852.304
0.08138; 853.892
0.08164; 855.483
0.0819; 857.076
0.08216; 858.672
0.08242; 860.269
0.08268; 861.869
0.08294; 863.471
0.0832; 865.076
0.08346; 866.682
0.08372; 868.291
0.08398; 869.901
0.08424; 871.514
0.0845; 873.129
0.08476; 874.746
0.08502; 876.365
0.08528; 877.986
0.08554; 879.609
0.0858; 881.234
0.08606; 882.86
0.08632; 884.489
0.08658; 886.119
0.08684; 887.752
0.0871; 889.386
0.08736; 891.022
0.08762; 892.66
0.08788; 894.299
0.08814; 895.941
0.0884; 897.584
0.08866; 899.228
0.08892; 900.875
0.08918; 902.522
0.08944; 904.172
0.0897; 905.823
0.08996; 907.476
0.09022; 909.13
0.09048; 910.785
0.09074; 912.442
0.091; 914.101
0.09126; 915.76
0.09152; 917.422
0.09178; 919.084
0.09204; 920.748
0.0923; 922.413
0.09256; 924.08
0.09282; 925.748
0.09308; 927.417
0.09334; 929.087
0.0936; 930.758
0.09386; 932.431
0.09412; 934.105
0.09438; 935.78
0.09464; 937.456
0.0949; 939.133
0.09516; 940.811
0.09542; 942.49
0.09568; 944.17
0.09594; 945.851
0.0962; 947.533
0.09646; 949.216
0.09672; 950.9
0.09698; 952.584
0.09724; 954.27
0.0975; 955.956
0.09776; 957.643
0.09802; 959.331
0.09828; 961.019
0.09854; 962.708
0.0988; 964.398
0.09906; 966.089
0.09932; 967.78
0.09958; 969.471
0.09984; 971.164
0.1001; 972.856
0.10036; 974.55
0.10062; 976.243
0.10088; 977.938
0.10114; 979.632
0.1014; 981.328
0.10166; 983.023
0.10192; 984.72
0.10218; 986.416
0.10244; 988.113
0.1027; 989.81
0.10296; 991.508
0.10322; 993.206
0.10348; 994.904
0.10374; 996.602
0.104; 998.301
0.10426; 1000
0.10452; 1000
0.10478; 1000
0.10504; 1000
0.1053; 1000
0.10556; 1000
0.10582; 1000
0.10608; 1000
0.10634; 1000
0.1066; 1000
0.10686; 1000
0.10712; 1000
0.10738; 1000
0.10764; 1000
0.1079; 1000
0.10816; 1000
0.10842; 1000
0.10868; 1000
0.10894; 1000
0.1092; 1000
0.10946; 1000
0.10972; 1000
0.10998; 1000
0.11024; 1000
0.1105; 1000
0.11076; 1000
0.11102; 1000
0.11128; 1000
0.11154; 1000
0.1118; 1000
0.11206; 1000
0.11232; 1000
0.11258; 1000
0.11284; 1000
0.1131; 1000
0.11336; 1000
0.11362; 1000
0.11388; 1000
0.11414; 1000
0.1144; 1000
0.11466; 1000
0.11492; 1000
0.11518; 1000
0.11544; 1000
0.1157; 1000
0.11596; 1000
0.11622; 1000
0.11648; 1000
0.11674; 1000
0.117; 1000
0.11726; 1000
0.11752; 1000
0.11778; 1000
0.11804; 1000
0.1183; 1000
0.11856; 1000
0.11882; 1000
0.11908; 1000
0.11934; 1000
0.1196; 1000
0.11986; 1000
0.12012; 1000
0.12038; 1000
0.12064; 1000
0.1209; 1000
0.12116; 1000
0.12142; 1000
0.12168; 1000
0.12194; 1000
0.1222; 1000
0.12246; 1000
0.12272; 1000
0.12298; 1000
0.12324; 1000
0.1235; 1000
0.12376; 1000
0.12402; 1000
0.12428; 1000
0.12454; 1000
0.1248; 1000
