0.0026; 400
0.0052; 400
0.0078; 400
0.0104; 400
0.013; 400
0.0156; 400
0.0182; 400
0.0208; 400
0.0234; 400
0.026; 400
0.0286; 400
0.0312; 400
0.0338; 400
0.0364; 400
0.039; 400
0.0416; 400
0.0442; 400
0.0468; 400
0.0494; 400
0.052; 400
0.0546; 400
0.0572; 400
0.0598; 400
0.0624; 400
0.065; 400
0.0676; 400
0.0702; 400
0.0728; 400
0.0754; 400
0.078; 400
0.0806; 400
0.0832; 400
0.0858; 400
0.0884; 400
0.091; 400
0.0936; 400
0.0962; 400
0.0988; 400
0.1014; 400
0.104; 400
0.1066; 400
0.1092; 400
0.1118; 400
0.1144; 400
0.117; 400
0.1196; 400
0.1222; 400
0.1248; 400
0.1274; 400
0.13; 400
0.1326; 400
0.1352; 400
0.1378; 400
0.1404; 400
0.143; 400
0.1456; 400
0.1482; 400
0.1508; 400
0.1534; 400
0.156; 400
0.1586; 400
0.1612; 400
0.1638; 400
0.1664; 400
0.169; 400
0.1716; 400
0.1742; 400
0.1768; 400
0.1794; 400
0.182; 400
0.1846; 400
0.1872; 400
0.1898; 400
0.1924; 400
0.195; 400
0.1976; 400
0.2002; 400
0.2028; 400
0.2054; 400
0.208; 400
0.2106; 400
0.2132; 400
0.2158; 400
0.2184; 400
0.221; 400
0.2236; 400
0.2262; 400
0.2288; 400
0.2314; 400
0.234; 400
0.2366; 400
0.2392; 400
0.2418; 400
0.2444; 400
0.247; 400
0.2496; 400
0.2522; 400
0.2548; 400
0.2574; 400
0.26; 400
0.2626; 400
0.2652; 400
0.2678; 400
0.2704; 400
0.273; 400
0.2756; 400
0.2782; 400
0.2808; 400
0.2834; 400
0.286; 400
0.2886; 400
0.2912; 400
0.2938; 400
0.2964; 400
0.299; 400
0.3016; 400
0.3042; 400
0.3068; 400.001
0.3094; 400.001
0.312; 400.001
0.3146; 400.001
0.3172; 400.001
0.3198; 400.001
0.3224; 400.001
0.325; 400.001
0.3276; 400.001
0.3302; 400.001
0.3328; 400.002
0.3354; 400.002
0.338; 400.002
0.3406; 400.002
0.3432; 400.002
0.3458; 400.002
0.3484; 400.003
0.351; 400.003
0.3536; 400.003
0.3562; 400.004
0.3588; 400.004
0.3614; 400.004
0.364; 400.005
0.3666; 400.005
0.3692; 400.006
0.3718; 400.006
0.3744; 400.007
0.377; 400.008
0.3796; 400.009
0.3822; 400.009
0.3848; 400.01
0.3874; 400.012
0.39; 400.013
0.3926; 400.014
0.3952; 400.016
0.3978; 400.017
0.4004; 400.019
0.403; 400.021
0.4056; 400.023
0.4082; 400.026
0.4108; 400.029
0.4134; 400.032
0.416; 400.035
0.4186; 400.039
0.4212; 400.043
0.4238; 400.047
0.4264; 400.052
0.429; 400.058
0.4316; 400.064
0.4342; 400.07
0.4368; 400.078
0.4394; 400.086
0.442; 400.094
0.4446; 400.104
0.4472; 400.114
0.4498; 400.126
0.4524; 400.139
0.455; 400.152
0.4576; 400.167
0.4602; 400.184
0.4628; 400.202
0.4654; 400.221
0.468; 400.243
0.4706; 400.266
0.4732; 400.291
0.4758; 400.318
0.4784; 400.348
0.481; 400.38
0.4836; 400.415
0.4862; 400.453
0.4888; 400.494
0.4914; 400.538
0.494; 400.586
0.4966; 400.638
0.4992; 400.693
0.5018; 400.753
0.5044; 400.818
0.507; 400.888
0.5096; 400.963
0.5122; 401.044
0.5148; 401.13
0.5174; 401.223
0.52; 401.323
0.5226; 401.43
0.5252; 401.544
0.5278; 401.666
0.5304; 401.797
0.533; 401.937
0.5356; 402.086
0.5382; 402.245
0.5408; 402.414
0.5434; 402.594
0.546; 402.786
0.5486; 402.99
0.5512; 403.207
0.5538; 403.437
0.5564; 403.681
0.559; 403.939
0.5616; 404.213
0.5642; 404.503
0.5668; 404.809
0.5694; 405.133
0.572; 405.475
0.5746; 405.836
0.5772; 406.216
0.5798; 406.616
0.5824; 407.038
0.585; 407.481
0.5876; 407.947
0.5902; 408.436
0.5928; 408.95
0.5954; 409.488
0.598; 410.053
0.6006; 410.643
0.6032; 411.261
0.6058; 411.907
0.6084; 412.582
0.611; 413.287
0.6136; 414.022
0.6162; 414.788
0.6188; 415.586
0.6214; 416.417
0.624; 417.281
0.6266; 418.179
0.6292; 419.111
0.6318; 420.079
0.6344; 421.083
0.637; 422.123
0.6396; 423.2
0.6422; 424.315
0.6448; 425.467
0.6474; 426.658
0.65; 427.888
0.6526; 429.157
0.6552; 430.466
0.6578; 431.815
0.6604; 433.203
0.663; 434.632
0.6656; 436.102
0.6682; 437.612
0.6708; 439.162
0.6734; 440.753
0.676; 442.385
0.6786; 444.057
0.6812; 445.77
0.6838; 447.522
0.6864; 449.315
0.689; 451.147
0.6916; 453.018
0.6942; 454.928
0.6968; 456.877
0.6994; 458.863
0.702; 460.887
0.7046; 462.947
0.7072; 465.043
0.7098; 467.174
0.7124; 469.339
0.715; 471.539
0.7176; 473.77
0.7202; 476.034
0.7228; 478.329
0.7254; 480.654
0.728; 483.007
0.7306; 485.389
0.7332; 487.798
0.7358; 490.233
0.7384; 492.692
0.741; 495.176
0.7436; 497.684
0.7462; 500.214
0.7488; 502.767
0.7514; 505.342
0.754; 507.94
0.7566; 510.562
0.7592; 513.209
0.7618; 515.884
0.7644; 518.59
0.767; 521.33
0.7696; 524.107
0.7722; 526.921
0.7748; 529.769
0.7774; 532.646
0.78; 535.547
0.7826; 538.466
0.7852; 541.395
0.7878; 544.326
0.7904; 547.25
0.793; 550.162
0.7956; 553.057
0.7982; 555.934
0.8008; 558.792
0.8034; 561.63
0.806; 564.448
0.8086; 567.246
0.8112; 570.024
0.8138; 572.786
0.8164; 575.55
0.819; 578.566
0.8216; 581.795
0.8242; 585
0.8268; 588.174
0.8294; 591.318
0.832; 594.436
0.8346; 597.527
0.8372; 600.593
0.8398; 603.635
0.8424; 606.658
0.845; 609.684
0.8476; 612.565
0.8502; 615.218
0.8528; 617.737
0.8554; 620.196
0.858; 622.617
0.8606; 625.005
0.8632; 627.363
0.8658; 629.692
0.8684; 631.99
0.871; 634.26
0.8736; 636.502
0.8762; 638.716
0.8788; 640.906
0.8814; 643.075
0.884; 645.218
0.8866; 647.378
0.8892; 649.56
0.8918; 651.645
0.8944; 653.646
0.897; 655.571
0.8996; 657.421
0.9022; 659.196
0.9048; 660.896
0.9074; 662.522
0.91; 664.073
0.9126; 665.548
0.9152; 666.949
0.9178; 668.275
0.9204; 669.527
0.923; 670.706
0.9256; 671.815
0.9282; 672.855
0.9308; 673.828
0.9334; 674.736
0.936; 675.584
0.9386; 676.373
0.9412; 677.106
0.9438; 677.788
0.9464; 678.422
0.949; 679.01
0.9516; 679.557
0.9542; 680.066
0.9568; 680.54
0.9594; 680.984
0.962; 681.4
0.9646; 681.793
0.9672; 682.165
0.9698; 682.52
0.9724; 682.86
0.975; 683.189
0.9776; 683.51
0.9802; 683.823
0.9828; 684.132
0.9854; 684.437
0.988; 684.739
0.9906; 685.04
0.9932; 685.341
0.9958; 685.641
0.9984; 685.939
1.001; 686.234
1.0036; 686.532
1.0062; 686.886
1.0088; 687.234
1.0114; 687.592
1.014; 687.959
1.0166; 688.33
1.0192; 688.704
1.0218; 689.077
1.0244; 689.45
1.027; 689.819
1.0296; 690.184
1.0322; 690.544
1.0348; 690.898
1.0374; 691.243
1.04; 691.578
1.0426; 691.903
1.0452; 692.215
1.0478; 692.539
1.0504; 692.864
1.053; 693.165
1.0556; 693.445
1.0582; 693.707
1.0608; 693.95
1.0634; 694.176
1.066; 694.386
1.0686; 694.58
1.0712; 694.759
1.0738; 694.922
1.0764; 695.072
1.079; 695.208
1.0816; 695.332
1.0842; 695.444
1.0868; 695.547
1.0894; 695.641
1.092; 695.728
1.0946; 695.81
1.0972; 695.888
1.0998; 695.965
1.1024; 696.043
1.105; 696.122
1.1076; 696.207
1.1102; 696.297
1.1128; 696.396
1.1154; 696.505
1.118; 696.627
1.1206; 696.762
1.1232; 696.914
1.1258; 697.084
1.1284; 697.275
1.131; 697.489
1.1336; 697.721
1.1362; 697.959
1.1388; 698.264
1.1414; 698.63
1.144; 699.008
1.1466; 699.416
1.1492; 699.858
1.1518; 700.319
1.1544; 700.8
1.157; 701.298
1.1596; 701.809
1.1622; 702.332
1.1648; 702.866
1.1674; 703.408
1.17; 703.957
1.1726; 704.509
1.1752; 705.062
1.1778; 705.716
1.1804; 706.477
1.183; 707.247
1.1856; 708.026
1.1882; 708.813
1.1908; 709.603
1.1934; 710.395
1.196; 711.186
1.1986; 711.972
1.2012; 712.75
1.2038; 713.517
1.2064; 714.27
1.209; 715.003
1.2116; 715.714
1.2142; 716.398
1.2168; 717.053
1.2194; 717.673
1.222; 718.255
1.2246; 718.797
1.2272; 719.294
1.2298; 719.745
1.2324; 720.145
1.235; 720.493
1.2376; 720.786
1.2402; 721.023
1.2428; 721.201
1.2454; 721.321
1.248; 721.381
