0.00026; 630.586
0.00052; 630.589
0.00078; 630.595
0.00104; 630.603
0.0013; 630.621
0.00156; 630.641
0.00182; 630.67
0.00208; 630.701
0.00234; 630.742
0.0026; 630.785
0.00286; 630.837
0.00312; 630.891
0.00338; 630.955
0.00364; 631.021
0.0039; 631.096
0.00416; 631.173
0.00442; 631.26
0.00468; 631.348
0.00494; 631.446
0.0052; 631.546
0.00546; 631.656
0.00572; 631.767
0.00598; 631.888
0.00624; 632.011
0.0065; 632.144
0.00676; 632.278
0.00702; 632.423
0.00728; 632.568
0.00754; 632.724
0.0078; 632.881
0.00806; 633.048
0.00832; 633.217
0.00858; 633.395
0.00884; 633.575
0.0091; 633.765
0.00936; 633.956
0.00962; 634.157
0.00988; 634.36
0.01014; 634.572
0.0104; 634.786
0.01066; 635.01
0.01092; 635.235
0.01118; 635.47
0.01144; 635.706
0.0117; 635.952
0.01196; 636.2
0.01222; 636.457
0.01248; 636.716
0.01274; 636.985
0.013; 637.255
0.01326; 637.535
0.01352; 637.816
0.01378; 638.107
0.01404; 638.4
0.0143; 638.702
0.01456; 639.006
0.01482; 639.319
0.01508; 639.634
0.01534; 639.958
0.0156; 640.284
0.01586; 640.62
0.01612; 640.957
0.01638; 641.303
0.01664; 641.652
0.0169; 642.009
0.01716; 642.368
0.01742; 642.737
0.01768; 643.107
0.01794; 643.487
0.0182; 643.868
0.01846; 644.259
0.01872; 644.651
0.01898; 645.052
0.01924; 645.455
0.0195; 645.868
0.01976; 646.282
0.02002; 646.705
0.02028; 647.13
0.02054; 647.564
0.0208; 648
0.02106; 648.445
0.02132; 648.892
0.02158; 649.348
0.02184; 649.806
0.0221; 650.272
0.02236; 650.741
0.02262; 651.218
0.02288; 651.697
0.02314; 652.186
0.0234; 652.675
0.02366; 653.174
0.02392; 653.675
0.02418; 654.184
0.02444; 654.696
0.0247; 655.216
0.02496; 655.738
0.02522; 656.268
0.02548; 656.801
0.02574; 657.342
0.026; 657.885
0.02626; 658.437
0.02652; 658.99
0.02678; 659.552
0.02704; 660.116
0.0273; 660.689
0.02756; 661.264
0.02782; 661.847
0.02808; 662.432
0.02834; 663.026
0.0286; 663.621
0.02886; 664.226
0.02912; 664.831
0.02938; 665.446
0.02964; 666.062
0.0299; 666.686
0.03016; 667.313
0.03042; 667.948
0.03068; 668.584
0.03094; 669.229
0.0312; 669.876
0.03146; 670.532
0.03172; 671.188
0.03198; 671.854
0.03224; 672.521
0.0325; 673.197
0.03276; 673.874
0.03302; 674.559
0.03328; 675.246
0.03354; 675.942
0.0338; 676.639
0.03406; 677.345
0.03432; 678.052
0.03458; 678.768
0.03484; 679.484
0.0351; 680.21
0.03536; 680.936
0.03562; 681.672
0.03588; 682.408
0.03614; 683.154
0.0364; 683.9
0.03666; 684.655
0.03692; 685.411
0.03718; 686.176
0.03744; 686.941
0.0377; 687.716
0.03796; 688.491
0.03822; 689.275
0.03848; 690.06
0.03874; 690.853
0.039; 691.647
0.03926; 692.45
0.03952; 693.254
0.03978; 694.067
0.04004; 694.88
0.0403; 695.702
0.04056; 696.525
0.04082; 697.356
0.04108; 698.189
0.04134; 699.029
0.0416; 699.871
0.04186; 700.72
0.04212; 701.571
0.04238; 702.43
0.04264; 703.29
0.0429; 704.158
0.04316; 705.028
0.04342; 705.905
0.04368; 706.783
0.04394; 707.669
0.0442; 708.557
0.04446; 709.452
0.04472; 710.348
0.04498; 711.252
0.04524; 712.158
0.0455; 713.071
0.04576; 713.985
0.04602; 714.906
0.04628; 715.829
0.04654; 716.76
0.0468; 717.691
0.04706; 718.631
0.04732; 719.571
0.04758; 720.519
0.04784; 721.468
0.0481; 722.425
0.04836; 723.382
0.04862; 724.347
0.04888; 725.314
0.04914; 726.287
0.0494; 727.262
0.04966; 728.244
0.04992; 729.227
0.05018; 730.218
0.05044; 731.209
0.0507; 732.208
0.05096; 733.208
0.05122; 734.215
0.05148; 735.223
0.05174; 736.238
0.052; 737.254
0.05226; 738.277
0.05252; 739.301
0.05278; 740.333
0.05304; 741.365
0.0533; 742.405
0.05356; 743.445
0.05382; 744.492
0.05408; 745.541
0.05434; 746.596
0.0546; 747.652
0.05486; 748.715
0.05512; 749.779
0.05538; 750.85
0.05564; 751.922
0.0559; 753
0.05616; 754.08
0.05642; 755.166
0.05668; 756.253
0.05694; 757.347
0.0572; 758.441
0.05746; 759.543
0.05772; 760.645
0.05798; 761.753
0.05824; 762.863
0.0585; 763.979
0.05876; 765.096
0.05902; 766.219
0.05928; 767.343
0.05954; 768.474
0.0598; 769.605
0.06006; 770.743
0.06032; 771.882
0.06058; 773.026
0.06084; 774.172
0.0611; 775.324
0.06136; 776.476
0.06162; 777.635
0.06188; 778.794
0.06214; 779.96
0.0624; 781.126
0.06266; 782.299
0.06292; 783.472
0.06318; 784.651
0.06344; 785.831
0.0637; 787.017
0.06396; 788.203
0.06422; 789.395
0.06448; 790.589
0.06474; 791.787
0.065; 792.987
0.06526; 794.192
0.06552; 795.398
0.06578; 796.61
0.06604; 797.822
0.0663; 799.04
0.06656; 800.259
0.06682; 801.483
0.06708; 802.708
0.06734; 803.938
0.0676; 805.169
0.06786; 806.405
0.06812; 807.642
0.06838; 808.885
0.06864; 810.128
0.0689; 811.376
0.06916; 812.625
0.06942; 813.879
0.06968; 815.134
0.06994; 816.394
0.0702; 817.655
0.07046; 818.921
0.07072; 820.187
0.07098; 821.458
0.07124; 822.73
0.0715; 824.007
0.07176; 825.285
0.07202; 826.567
0.07228; 827.85
0.07254; 829.138
0.0728; 830.426
0.07306; 831.719
0.07332; 833.013
0.07358; 834.311
0.07384; 835.61
0.0741; 836.913
0.07436; 838.217
0.07462; 839.526
0.07488; 840.835
0.07514; 842.148
0.0754; 843.463
0.07566; 844.781
0.07592; 846.1
0.07618; 847.423
0.07644; 848.747
0.0767; 850.075
0.07696; 851.404
0.07722; 852.737
0.07748; 854.07
0.07774; 855.407
0.078; 856.745
0.07826; 858.087
0.07852; 859.429
0.07878; 860.775
0.07904; 862.122
0.0793; 863.473
0.07956; 864.824
0.07982; 866.179
0.08008; 867.534
0.08034; 868.893
0.0806; 870.253
0.08086; 871.616
0.08112; 872.98
0.08138; 874.347
0.08164; 875.715
0.0819; 877.086
0.08216; 878.458
0.08242; 879.833
0.08268; 881.208
0.08294; 882.587
0.0832; 883.966
0.08346; 885.349
0.08372; 886.732
0.08398; 888.118
0.08424; 889.504
0.0845; 890.894
0.08476; 892.284
0.08502; 893.677
0.08528; 895.071
0.08554; 896.467
0.0858; 897.864
0.08606; 899.264
0.08632; 900.664
0.08658; 902.067
0.08684; 903.47
0.0871; 904.876
0.08736; 906.283
0.08762; 907.692
0.08788; 909.101
0.08814; 910.513
0.0884; 911.926
0.08866; 913.34
0.08892; 914.756
0.08918; 916.173
0.08944; 917.591
0.0897; 919.012
0.08996; 920.432
0.09022; 921.855
0.09048; 923.279
0.09074; 924.704
0.091; 926.13
0.09126; 927.558
0.09152; 928.986
0.09178; 930.416
0.09204; 931.847
0.0923; 933.279
0.09256; 934.712
0.09282; 936.146
0.09308; 937.581
0.09334; 939.018
0.0936; 940.455
0.09386; 941.894
0.09412; 943.333
0.09438; 944.774
0.09464; 946.214
0.0949; 947.657
0.09516; 949.099
0.09542; 950.544
0.09568; 951.988
0.09594; 953.434
0.0962; 954.88
0.09646; 956.327
0.09672; 957.775
0.09698; 959.224
0.09724; 960.673
0.0975; 962.123
0.09776; 963.574
0.09802; 965.025
0.09828; 966.477
0.09854; 967.93
0.0988; 969.383
0.09906; 970.837
0.09932; 972.291
0.09958; 973.745
0.09984; 975.201
0.1001; 976.657
0.10036; 978.113
0.10062; 979.569
0.10088; 981.026
0.10114; 982.484
0.1014; 983.942
0.10166; 985.4
0.10192; 986.859
0.10218; 988.318
0.10244; 989.777
0.1027; 991.237
0.10296; 992.697
0.10322; 994.157
0.10348; 995.617
0.10374; 997.078
0.104; 998.539
0.10426; 1000
0.10452; 1000
0.10478; 1000
0.10504; 1000
0.1053; 1000
0.10556; 1000
0.10582; 1000
0.10608; 1000
0.10634; 1000
0.1066; 1000
0.10686; 1000
0.10712; 1000
0.10738; 1000
0.10764; 1000
0.1079; 1000
0.10816; 1000
0.10842; 1000
0.10868; 1000
0.10894; 1000
0.1092; 1000
0.10946; 1000
0.10972; 1000
0.10998; 1000
0.11024; 1000
0.1105; 1000
0.11076; 1000
0.11102; 1000
0.11128; 1000
0.11154; 1000
0.1118; 1000
0.11206; 1000
0.11232; 1000
0.11258; 1000
0.11284; 1000
0.1131; 1000
0.11336; 1000
0.11362; 1000
0.11388; 1000
0.11414; 1000
0.1144; 1000
0.11466; 1000
0.11492; 1000
0.11518; 1000
0.11544; 1000
0.1157; 1000
0.11596; 1000
0.11622; 1000
0.11648; 1000
0.11674; 1000
0.117; 1000
0.11726; 1000
0.11752; 1000
0.11778; 1000
0.11804; 1000
0.1183; 1000
0.11856; 1000
0.11882; 1000
0.11908; 1000
0.11934; 1000
0.1196; 1000
0.11986; 1000
0.12012; 1000
0.12038; 1000
0.12064; 1000
0.1209; 1000
0.12116; 1000
0.12142; 1000
0.12168; 1000
0.12194; 1000
0.1222; 1000
0.12246; 1000
0.12272; 1000
0.12298; 1000
0.12324; 1000
0.1235; 1000
0.12376; 1000
0.12402; 1000
0.12428; 1000
0.12454; 1000
0.1248; 1000
