0.00026; 0
0.00052; 0
0.00078; 0
0.00104; 0
0.0013; 0
0.00156; 0
0.00182; 0
0.00208; 0
0.00234; 0
0.0026; 0
0.00286; 0
0.00312; 0
0.00338; 0
0.00364; 0
0.0039; 0
0.00416; 0
0.00442; 0
0.00468; 0
0.00494; 0
0.0052; 0
0.00546; 0
0.00572; 0
0.00598; 0
0.00624; 0
0.0065; 0
0.00676; 0
0.00702; 0
0.00728; 0
0.00754; 0
0.0078; 0
0.00806; 0
0.00832; 0
0.00858; 0
0.00884; 0
0.0091; 0
0.00936; 0
0.00962; 0
0.00988; 0
0.01014; 0
0.0104; 0
0.01066; 0
0.01092; 0
0.01118; 0
0.01144; 0
0.0117; 0
0.01196; 0
0.01222; 0
0.01248; 0
0.01274; 0
0.013; 0
0.01326; 0
0.01352; 0
0.01378; 0
0.01404; 0
0.0143; 0
0.01456; 0
0.01482; 0
0.01508; 0
0.01534; 0
0.0156; 0
0.01586; 0
0.01612; 0
0.01638; 0
0.01664; 0
0.0169; 0
0.01716; 0
0.01742; 0
0.01768; 0
0.01794; 0
0.0182; 0
0.01846; 0
0.01872; 0
0.01898; 0
0.01924; 0
0.0195; 0
0.01976; 0
0.02002; 0
0.02028; 0
0.02054; 0
0.0208; 0
0.02106; 0
0.02132; 0
0.02158; 0
0.02184; 0
0.0221; 0
0.02236; 0
0.02262; 0
0.02288; 0
0.02314; 0
0.0234; 0
0.02366; 0
0.02392; 0
0.02418; 0
0.02444; 0
0.0247; 0
0.02496; 0
0.02522; 0
0.02548; 0
0.02574; 0
0.026; 0
0.02626; 0
0.02652; 0
0.02678; 0
0.02704; 0
0.0273; 0
0.02756; 0
0.02782; 0
0.02808; 0
0.02834; 0
0.0286; 0
0.02886; 0
0.02912; 0
0.02938; 0
0.02964; 0
0.0299; 0
0.03016; 0
0.03042; 0
0.03068; 0
0.03094; 0
0.0312; 0
0.03146; 0
0.03172; 0
0.03198; 0
0.03224; 0
0.0325; 0
0.03276; 873.852
0.03302; 873.847
0.03328; 873.829
0.03354; 873.806
0.0338; 873.77
0.03406; 873.728
0.03432; 873.673
0.03458; 873.613
0.03484; 873.539
0.0351; 873.46
0.03536; 873.368
0.03562; 873.269
0.03588; 873.158
0.03614; 873.041
0.0364; 872.912
0.03666; 872.776
0.03692; 872.627
0.03718; 872.472
0.03744; 872.304
0.0377; 872.13
0.03796; 871.943
0.03822; 871.749
0.03848; 871.543
0.03874; 871.33
0.039; 871.104
0.03926; 870.871
0.03952; 870.625
0.03978; 870.373
0.04004; 870.107
0.0403; 869.835
0.04056; 869.549
0.04082; 869.257
0.04108; 868.951
0.04134; 868.638
0.0416; 868.312
0.04186; 867.978
0.04212; 867.631
0.04238; 867.276
0.04264; 866.908
0.0429; 866.533
0.04316; 866.143
0.04342; 865.747
0.04368; 865.336
0.04394; 864.918
0.0442; 864.486
0.04446; 864.047
0.04472; 863.593
0.04498; 863.131
0.04524; 862.655
0.0455; 862.171
0.04576; 861.672
0.04602; 861.165
0.04628; 860.644
0.04654; 860.115
0.0468; 859.57
0.04706; 859.018
0.04732; 858.45
0.04758; 857.874
0.04784; 857.283
0.0481; 856.683
0.04836; 856.068
0.04862; 855.443
0.04888; 854.804
0.04914; 854.155
0.0494; 853.49
0.04966; 852.816
0.04992; 852.126
0.05018; 851.427
0.05044; 850.711
0.0507; 849.986
0.05096; 849.244
0.05122; 848.492
0.05148; 847.723
0.05174; 846.944
0.052; 846.148
0.05226; 845.341
0.05252; 844.517
0.05278; 843.682
0.05304; 842.829
0.0533; 841.965
0.05356; 841.084
0.05382; 840.19
0.05408; 839.279
0.05434; 838.355
0.0546; 837.413
0.05486; 836.458
0.05512; 835.485
0.05538; 834.498
0.05564; 833.492
0.0559; 832.473
0.05616; 831.434
0.05642; 830.381
0.05668; 829.308
0.05694; 828.221
0.0572; 827.113
0.05746; 825.99
0.05772; 824.847
0.05798; 823.688
0.05824; 822.507
0.0585; 821.31
0.05876; 820.092
0.05902; 818.855
0.05928; 817.598
0.05954; 816.322
0.0598; 815.024
0.06006; 813.707
0.06032; 812.367
0.06058; 811.007
0.06084; 809.625
0.0611; 808.222
0.06136; 806.795
0.06162; 805.347
0.06188; 803.875
0.06214; 802.381
0.0624; 800.863
0.06266; 799.322
0.06292; 797.756
0.06318; 796.167
0.06344; 794.553
0.0637; 792.915
0.06396; 791.252
0.06422; 789.564
0.06448; 787.851
0.06474; 786.114
0.065; 784.351
0.06526; 782.564
0.06552; 780.751
0.06578; 778.915
0.06604; 777.054
0.0663; 775.169
0.06656; 773.26
0.06682; 771.329
0.06708; 769.375
0.06734; 767.4
0.0676; 765.403
0.06786; 763.387
0.06812; 761.352
0.06838; 759.3
0.06864; 757.231
0.0689; 755.147
0.06916; 753.05
0.06942; 750.941
0.06968; 748.821
0.06994; 746.694
0.0702; 744.559
0.07046; 742.42
0.07072; 740.277
0.07098; 738.134
0.07124; 735.991
0.0715; 733.85
0.07176; 731.713
0.07202; 729.581
0.07228; 727.458
0.07254; 725.342
0.0728; 723.237
0.07306; 721.142
0.07332; 719.06
0.07358; 716.991
0.07384; 714.937
0.0741; 712.897
0.07436; 710.875
0.07462; 708.867
0.07488; 706.878
0.07514; 704.905
0.0754; 702.952
0.07566; 701.015
0.07592; 699.099
0.07618; 697.2
0.07644; 695.321
0.0767; 693.46
0.07696; 691.62
0.07722; 689.797
0.07748; 687.996
0.07774; 686.211
0.078; 684.448
0.07826; 682.702
0.07852; 680.978
0.07878; 679.27
0.07904; 677.584
0.0793; 675.913
0.07956; 674.265
0.07982; 672.632
0.08008; 671.02
0.08034; 669.424
0.0806; 667.85
0.08086; 666.29
0.08112; 664.752
0.08138; 663.228
0.08164; 661.726
0.0819; 660.237
0.08216; 658.77
0.08242; 657.317
0.08268; 655.885
0.08294; 654.466
0.0832; 653.069
0.08346; 651.684
0.08372; 650.321
0.08398; 648.97
0.08424; 647.64
0.0845; 646.323
0.08476; 645.027
0.08502; 643.743
0.08528; 642.48
0.08554; 641.228
0.0858; 639.998
0.08606; 638.779
0.08632; 637.582
0.08658; 636.395
0.08684; 635.23
0.0871; 634.076
0.08736; 632.943
0.08762; 631.821
0.08788; 630.72
0.08814; 629.629
0.0884; 628.56
0.08866; 627.501
0.08892; 626.464
0.08918; 625.436
0.08944; 624.431
0.0897; 623.435
0.08996; 622.461
0.09022; 621.496
0.09048; 620.554
0.09074; 619.62
0.091; 618.709
0.09126; 617.806
0.09152; 616.926
0.09178; 616.054
0.09204; 615.206
0.0923; 614.365
0.09256; 613.547
0.09282; 612.738
0.09308; 611.951
0.09334; 611.172
0.0936; 610.417
0.09386; 609.669
0.09412; 608.944
0.09438; 608.227
0.09464; 607.534
0.0949; 606.848
0.09516; 606.185
0.09542; 605.53
0.09568; 604.898
0.09594; 604.274
0.0962; 603.673
0.09646; 603.079
0.09672; 602.509
0.09698; 601.946
0.09724; 601.406
0.0975; 600.874
0.09776; 600.365
0.09802; 599.863
0.09828; 599.385
0.09854; 598.914
0.0988; 598.467
0.09906; 598.026
0.09932; 597.61
0.09958; 597.2
0.09984; 596.814
0.1001; 596.435
0.10036; 596.08
0.10062; 595.731
0.10088; 595.406
0.10114; 595.087
0.1014; 594.793
0.10166; 594.504
0.10192; 594.24
0.10218; 593.982
0.10244; 593.748
0.1027; 593.52
0.10296; 593.316
0.10322; 593.118
0.10348; 592.943
0.10374; 592.775
0.104; 592.631
0.10426; 592.493
0.10452; 592.378
0.10478; 592.268
0.10504; 592.182
0.1053; 592.102
0.10556; 592.043
0.10582; 591.989
0.10608; 591.955
0.10634; 591.922
0.1066; 0
0.10686; 0
0.10712; 0
0.10738; 0
0.10764; 0
0.1079; 0
0.10816; 0
0.10842; 0
0.10868; 0
0.10894; 0
0.1092; 0
0.10946; 0
0.10972; 0
0.10998; 0
0.11024; 0
0.1105; 0
0.11076; 0
0.11102; 0
0.11128; 0
0.11154; 0
0.1118; 0
0.11206; 0
0.11232; 0
0.11258; 0
0.11284; 0
0.1131; 0
0.11336; 0
0.11362; 0
0.11388; 0
0.11414; 0
0.1144; 0
0.11466; 0
0.11492; 0
0.11518; 0
0.11544; 0
0.1157; 0
0.11596; 0
0.11622; 0
0.11648; 0
0.11674; 0
0.117; 0
0.11726; 0
0.11752; 0
0.11778; 0
0.11804; 0
0.1183; 0
0.11856; 0
0.11882; 0
0.11908; 0
0.11934; 0
0.1196; 0
0.11986; 0
0.12012; 0
0.12038; 0
0.12064; 0
0.1209; 0
0.12116; 0
0.12142; 0
0.12168; 0
0.12194; 0
0.1222; 0
0.12246; 0
0.12272; 0
0.12298; 0
0.12324; 0
0.1235; 0
0.12376; 0
0.12402; 0
0.12428; 0
0.12454; 0
0.1248; 0
