0.0026; 400
0.0052; 400
0.0078; 400
0.0104; 400
0.013; 400
0.0156; 400
0.0182; 400
0.0208; 400
0.0234; 400
0.026; 400
0.0286; 400
0.0312; 400
0.0338; 400
0.0364; 400
0.039; 400
0.0416; 400
0.0442; 400
0.0468; 400
0.0494; 400
0.052; 400
0.0546; 400
0.0572; 400
0.0598; 400
0.0624; 400
0.065; 400
0.0676; 400
0.0702; 400
0.0728; 400
0.0754; 400
0.078; 400
0.0806; 400
0.0832; 400
0.0858; 400
0.0884; 400
0.091; 400
0.0936; 400
0.0962; 400
0.0988; 400
0.1014; 400
0.104; 400
0.1066; 400
0.1092; 400
0.1118; 400
0.1144; 400
0.117; 400
0.1196; 400
0.1222; 400
0.1248; 400
0.1274; 400
0.13; 400
0.1326; 400
0.1352; 400
0.1378; 400
0.1404; 400
0.143; 400
0.1456; 400
0.1482; 400
0.1508; 400
0.1534; 400
0.156; 400
0.1586; 400
0.1612; 400
0.1638; 400
0.1664; 400
0.169; 400
0.1716; 400
0.1742; 400
0.1768; 400
0.1794; 400
0.182; 400
0.1846; 400
0.1872; 400
0.1898; 400
0.1924; 400
0.195; 400
0.1976; 400
0.2002; 400
0.2028; 400
0.2054; 400
0.208; 400
0.2106; 400
0.2132; 400
0.2158; 400
0.2184; 400
0.221; 400
0.2236; 400
0.2262; 400
0.2288; 400
0.2314; 400
0.234; 400
0.2366; 400
0.2392; 400
0.2418; 400
0.2444; 400
0.247; 400
0.2496; 400
0.2522; 400
0.2548; 400
0.2574; 400
0.26; 400
0.2626; 400
0.2652; 400
0.2678; 400
0.2704; 400
0.273; 400
0.2756; 400
0.2782; 400
0.2808; 400
0.2834; 400
0.286; 400
0.2886; 400
0.2912; 400
0.2938; 400
0.2964; 400
0.299; 400
0.3016; 400
0.3042; 400
0.3068; 400
0.3094; 400
0.312; 400
0.3146; 400
0.3172; 400
0.3198; 400
0.3224; 400
0.325; 400
0.3276; 400
0.3302; 400
0.3328; 400
0.3354; 400
0.338; 400
0.3406; 400
0.3432; 400
0.3458; 400
0.3484; 400
0.351; 400
0.3536; 400
0.3562; 400
0.3588; 400
0.3614; 400
0.364; 400
0.3666; 400
0.3692; 400
0.3718; 400
0.3744; 400
0.377; 400
0.3796; 400
0.3822; 400
0.3848; 400.001
0.3874; 400.001
0.39; 400.001
0.3926; 400.001
0.3952; 400.001
0.3978; 400.001
0.4004; 400.001
0.403; 400.001
0.4056; 400.001
0.4082; 400.002
0.4108; 400.002
0.4134; 400.002
0.416; 400.002
0.4186; 400.003
0.4212; 400.003
0.4238; 400.003
0.4264; 400.004
0.429; 400.004
0.4316; 400.005
0.4342; 400.006
0.4368; 400.006
0.4394; 400.007
0.442; 400.008
0.4446; 400.009
0.4472; 400.01
0.4498; 400.012
0.4524; 400.013
0.455; 400.015
0.4576; 400.017
0.4602; 400.019
0.4628; 400.021
0.4654; 400.024
0.468; 400.027
0.4706; 400.031
0.4732; 400.035
0.4758; 400.039
0.4784; 400.044
0.481; 400.05
0.4836; 400.056
0.4862; 400.063
0.4888; 400.071
0.4914; 400.08
0.494; 400.09
0.4966; 400.101
0.4992; 400.113
0.5018; 400.127
0.5044; 400.142
0.507; 400.159
0.5096; 400.177
0.5122; 400.198
0.5148; 400.221
0.5174; 400.246
0.52; 400.274
0.5226; 400.305
0.5252; 400.339
0.5278; 400.376
0.5304; 400.417
0.533; 400.463
0.5356; 400.512
0.5382; 400.567
0.5408; 400.626
0.5434; 400.691
0.546; 400.762
0.5486; 400.84
0.5512; 400.924
0.5538; 401.016
0.5564; 401.116
0.559; 401.225
0.5616; 401.343
0.5642; 401.471
0.5668; 401.609
0.5694; 401.759
0.572; 401.92
0.5746; 402.095
0.5772; 402.283
0.5798; 402.486
0.5824; 402.704
0.585; 402.938
0.5876; 403.19
0.5902; 403.46
0.5928; 403.749
0.5954; 404.058
0.598; 404.388
0.6006; 404.741
0.6032; 405.118
0.6058; 405.519
0.6084; 405.945
0.611; 406.399
0.6136; 406.881
0.6162; 407.392
0.6188; 407.934
0.6214; 408.508
0.624; 409.115
0.6266; 409.756
0.6292; 410.432
0.6318; 411.146
0.6344; 411.897
0.637; 412.688
0.6396; 413.518
0.6422; 414.391
0.6448; 415.306
0.6474; 416.264
0.65; 417.268
0.6526; 418.317
0.6552; 419.413
0.6578; 420.558
0.6604; 421.75
0.663; 422.992
0.6656; 424.285
0.6682; 425.628
0.6708; 427.023
0.6734; 428.47
0.676; 429.97
0.6786; 431.522
0.6812; 433.128
0.6838; 434.787
0.6864; 436.5
0.689; 438.267
0.6916; 440.087
0.6942; 441.961
0.6968; 443.888
0.6994; 445.867
0.702; 447.899
0.7046; 449.983
0.7072; 452.118
0.7098; 454.304
0.7124; 456.539
0.715; 458.823
0.7176; 461.154
0.7202; 463.532
0.7228; 465.956
0.7254; 468.423
0.728; 470.934
0.7306; 473.485
0.7332; 476.077
0.7358; 478.707
0.7384; 481.374
0.741; 484.077
0.7436; 486.814
0.7462; 489.584
0.7488; 492.387
0.7514; 495.222
0.754; 498.089
0.7566; 500.988
0.7592; 503.921
0.7618; 506.891
0.7644; 509.901
0.767; 512.953
0.7696; 516.053
0.7722; 519.199
0.7748; 522.389
0.7774; 525.616
0.78; 528.874
0.7826; 532.156
0.7852; 535.453
0.7878; 538.754
0.7904; 542.049
0.793; 545.329
0.7956; 548.59
0.7982; 551.83
0.8008; 555.046
0.8034; 558.238
0.806; 561.405
0.8086; 564.545
0.8112; 567.66
0.8138; 570.752
0.8164; 573.842
0.819; 577.212
0.8216; 580.828
0.8242; 584.425
0.8268; 587.996
0.8294; 591.543
0.832; 595.068
0.8346; 598.571
0.8372; 602.053
0.8398; 605.516
0.8424; 608.966
0.845; 612.426
0.8476; 615.73
0.8502; 618.773
0.8528; 621.662
0.8554; 624.476
0.858; 627.239
0.8606; 629.956
0.8632; 632.631
0.8658; 635.264
0.8684; 637.853
0.871; 640.4
0.8736; 642.905
0.8762; 645.368
0.8788; 647.792
0.8814; 650.181
0.884; 652.53
0.8866; 654.905
0.8892; 657.292
0.8918; 659.561
0.8944; 661.723
0.897; 663.786
0.8996; 665.749
0.9022; 667.61
0.9048; 669.368
0.9074; 671.022
0.91; 672.57
0.9126; 674.011
0.9152; 675.345
0.9178; 676.571
0.9204; 677.691
0.923; 678.706
0.9256; 679.618
0.9282; 680.43
0.9308; 681.146
0.9334; 681.769
0.936; 682.304
0.9386; 682.756
0.9412; 683.131
0.9438; 683.434
0.9464; 683.672
0.949; 683.851
0.9516; 683.978
0.9542; 684.06
0.9568; 684.104
0.9594; 684.117
0.962; 684.106
0.9646; 684.078
0.9672; 684.04
0.9698; 683.998
0.9724; 683.96
0.975; 683.931
0.9776; 683.916
0.9802; 683.921
0.9828; 683.95
0.9854; 684.007
0.988; 684.096
0.9906; 684.219
0.9932; 684.38
0.9958; 684.579
0.9984; 684.816
1.001; 685.09
1.0036; 685.407
1.0062; 685.809
1.0088; 686.217
1.0114; 686.653
1.014; 687.114
1.0166; 687.595
1.0192; 688.094
1.0218; 688.605
1.0244; 689.128
1.027; 689.658
1.0296; 690.192
1.0322; 690.727
1.0348; 691.261
1.0374; 691.788
1.04; 692.307
1.0426; 692.812
1.0452; 693.301
1.0478; 693.809
1.0504; 694.332
1.053; 694.828
1.0556; 695.293
1.0582; 695.725
1.0608; 696.12
1.0634; 696.475
1.066; 696.787
1.0686; 697.052
1.0712; 697.269
1.0738; 697.435
1.0764; 697.55
1.079; 697.612
1.0816; 697.622
1.0842; 697.582
1.0868; 697.492
1.0894; 697.356
1.092; 697.177
1.0946; 696.96
1.0972; 696.708
1.0998; 696.428
1.1024; 696.125
1.105; 695.805
1.1076; 695.476
1.1102; 695.144
1.1128; 694.817
1.1154; 694.5
1.118; 694.202
1.1206; 693.93
1.1232; 693.69
1.1258; 693.49
1.1284; 693.335
1.131; 693.231
1.1336; 693.176
1.1362; 693.16
1.1388; 693.268
1.1414; 693.476
1.144; 693.72
1.1466; 694.022
1.1492; 694.389
1.1518; 694.806
1.1544; 695.272
1.157; 695.784
1.1596; 696.338
1.1622; 696.932
1.1648; 697.563
1.1674; 698.23
1.17; 698.93
1.1726; 699.658
1.1752; 700.412
1.1778; 701.317
1.1804; 702.399
1.183; 703.537
1.1856; 704.726
1.1882; 705.961
1.1908; 707.236
1.1934; 708.543
1.196; 709.873
1.1986; 711.219
1.2012; 712.572
1.2038; 713.923
1.2064; 715.263
1.209; 716.582
1.2116; 717.871
1.2142; 719.121
1.2168; 720.324
1.2194; 721.47
1.222; 722.551
1.2246; 723.561
1.2272; 724.49
1.2298; 725.334
1.2324; 726.086
1.235; 726.741
1.2376; 727.293
1.2402; 727.74
1.2428; 728.078
1.2454; 728.304
1.248; 728.418
