0.0026; 400
0.0052; 400
0.0078; 400
0.0104; 400
0.013; 400
0.0156; 400
0.0182; 400
0.0208; 400
0.0234; 400
0.026; 400
0.0286; 400
0.0312; 400
0.0338; 400
0.0364; 400
0.039; 400
0.0416; 400
0.0442; 400
0.0468; 400
0.0494; 400
0.052; 400
0.0546; 400
0.0572; 400
0.0598; 400
0.0624; 400
0.065; 400
0.0676; 400
0.0702; 400
0.0728; 400
0.0754; 400
0.078; 400
0.0806; 400
0.0832; 400
0.0858; 400
0.0884; 400
0.091; 400
0.0936; 400
0.0962; 400
0.0988; 400
0.1014; 400
0.104; 400
0.1066; 400
0.1092; 400
0.1118; 400
0.1144; 400
0.117; 400
0.1196; 400
0.1222; 400
0.1248; 400
0.1274; 400
0.13; 400
0.1326; 400
0.1352; 400
0.1378; 400
0.1404; 400
0.143; 400
0.1456; 400
0.1482; 400
0.1508; 400
0.1534; 400
0.156; 400
0.1586; 400
0.1612; 400
0.1638; 400
0.1664; 400
0.169; 400
0.1716; 400
0.1742; 400
0.1768; 400
0.1794; 400
0.182; 400
0.1846; 400
0.1872; 400
0.1898; 400
0.1924; 400
0.195; 400
0.1976; 400
0.2002; 400
0.2028; 400
0.2054; 400
0.208; 400
0.2106; 400
0.2132; 400
0.2158; 400
0.2184; 400
0.221; 400
0.2236; 400
0.2262; 400
0.2288; 400
0.2314; 400
0.234; 400
0.2366; 400
0.2392; 400
0.2418; 400
0.2444; 400
0.247; 400
0.2496; 400
0.2522; 400
0.2548; 400
0.2574; 400
0.26; 400
0.2626; 400
0.2652; 400
0.2678; 400
0.2704; 400
0.273; 400
0.2756; 400
0.2782; 400
0.2808; 400
0.2834; 400
0.286; 400
0.2886; 400.001
0.2912; 400.001
0.2938; 400.001
0.2964; 400.001
0.299; 400.001
0.3016; 400.001
0.3042; 400.001
0.3068; 400.001
0.3094; 400.001
0.312; 400.002
0.3146; 400.002
0.3172; 400.002
0.3198; 400.002
0.3224; 400.002
0.325; 400.002
0.3276; 400.002
0.3302; 400.003
0.3328; 400.003
0.3354; 400.003
0.338; 400.003
0.3406; 400.004
0.3432; 400.004
0.3458; 400.005
0.3484; 400.005
0.351; 400.006
0.3536; 400.006
0.3562; 400.007
0.3588; 400.007
0.3614; 400.008
0.364; 400.009
0.3666; 400.01
0.3692; 400.011
0.3718; 400.012
0.3744; 400.013
0.377; 400.014
0.3796; 400.016
0.3822; 400.017
0.3848; 400.019
0.3874; 400.021
0.39; 400.023
0.3926; 400.025
0.3952; 400.028
0.3978; 400.031
0.4004; 400.034
0.403; 400.037
0.4056; 400.041
0.4082; 400.045
0.4108; 400.05
0.4134; 400.055
0.416; 400.06
0.4186; 400.066
0.4212; 400.073
0.4238; 400.08
0.4264; 400.088
0.429; 400.096
0.4316; 400.106
0.4342; 400.116
0.4368; 400.127
0.4394; 400.139
0.442; 400.153
0.4446; 400.167
0.4472; 400.183
0.4498; 400.2
0.4524; 400.218
0.455; 400.239
0.4576; 400.26
0.4602; 400.284
0.4628; 400.31
0.4654; 400.338
0.468; 400.368
0.4706; 400.4
0.4732; 400.435
0.4758; 400.473
0.4784; 400.514
0.481; 400.558
0.4836; 400.606
0.4862; 400.657
0.4888; 400.712
0.4914; 400.771
0.494; 400.835
0.4966; 400.903
0.4992; 400.976
0.5018; 401.054
0.5044; 401.138
0.507; 401.228
0.5096; 401.324
0.5122; 401.427
0.5148; 401.536
0.5174; 401.653
0.52; 401.778
0.5226; 401.911
0.5252; 402.053
0.5278; 402.203
0.5304; 402.363
0.533; 402.534
0.5356; 402.714
0.5382; 402.906
0.5408; 403.109
0.5434; 403.325
0.546; 403.553
0.5486; 403.794
0.5512; 404.049
0.5538; 404.319
0.5564; 404.604
0.559; 404.904
0.5616; 405.22
0.5642; 405.554
0.5668; 405.905
0.5694; 406.274
0.572; 406.663
0.5746; 407.071
0.5772; 407.499
0.5798; 407.948
0.5824; 408.419
0.585; 408.913
0.5876; 409.43
0.5902; 409.97
0.5928; 410.535
0.5954; 411.125
0.598; 411.742
0.6006; 412.385
0.6032; 413.055
0.6058; 413.754
0.6084; 414.481
0.611; 415.237
0.6136; 416.024
0.6162; 416.841
0.6188; 417.69
0.6214; 418.571
0.624; 419.484
0.6266; 420.43
0.6292; 421.41
0.6318; 422.425
0.6344; 423.473
0.637; 424.557
0.6396; 425.677
0.6422; 426.832
0.6448; 428.024
0.6474; 429.253
0.65; 430.519
0.6526; 431.822
0.6552; 433.162
0.6578; 434.541
0.6604; 435.957
0.663; 437.411
0.6656; 438.903
0.6682; 440.434
0.6708; 442.002
0.6734; 443.609
0.676; 445.253
0.6786; 446.936
0.6812; 448.656
0.6838; 450.413
0.6864; 452.207
0.689; 454.039
0.6916; 455.906
0.6942; 457.81
0.6968; 459.749
0.6994; 461.723
0.702; 463.731
0.7046; 465.773
0.7072; 467.849
0.7098; 469.956
0.7124; 472.096
0.715; 474.266
0.7176; 476.467
0.7202; 478.696
0.7228; 480.954
0.7254; 483.24
0.728; 485.552
0.7306; 487.89
0.7332; 490.252
0.7358; 492.639
0.7384; 495.048
0.741; 497.479
0.7436; 499.932
0.7462; 502.406
0.7488; 504.9
0.7514; 507.415
0.754; 509.951
0.7566; 512.51
0.7592; 515.092
0.7618; 517.699
0.7644; 520.336
0.767; 523.004
0.7696; 525.707
0.7722; 528.445
0.7748; 531.214
0.7774; 534.01
0.78; 536.828
0.7826; 539.663
0.7852; 542.506
0.7878; 545.35
0.7904; 548.187
0.793; 551.01
0.7956; 553.817
0.7982; 556.607
0.8008; 559.377
0.8034; 562.129
0.806; 564.861
0.8086; 567.573
0.8112; 570.267
0.8138; 572.945
0.8164; 575.625
0.819; 578.551
0.8216; 581.682
0.8242; 584.788
0.8268; 587.861
0.8294; 590.904
0.832; 593.921
0.8346; 596.91
0.8372; 599.875
0.8398; 602.816
0.8424; 605.738
0.845; 608.663
0.8476; 611.448
0.8502; 614.013
0.8528; 616.45
0.8554; 618.83
0.858; 621.175
0.8606; 623.492
0.8632; 625.781
0.8658; 628.043
0.8684; 630.28
0.871; 632.491
0.8736; 634.677
0.8762; 636.84
0.8788; 638.981
0.8814; 641.106
0.884; 643.208
0.8866; 645.326
0.8892; 647.47
0.8918; 649.523
0.8944; 651.498
0.897; 653.402
0.8996; 655.237
0.9022; 657.004
0.9048; 658.703
0.9074; 660.333
0.91; 661.894
0.9126; 663.386
0.9152; 664.809
0.9178; 666.164
0.9204; 667.45
0.923; 668.669
0.9256; 669.822
0.9282; 670.911
0.9308; 671.938
0.9334; 672.904
0.936; 673.812
0.9386; 674.665
0.9412; 675.465
0.9438; 676.216
0.9464; 676.919
0.949; 677.579
0.9516; 678.198
0.9542; 678.778
0.9568; 679.324
0.9594; 679.839
0.962; 680.324
0.9646; 680.784
0.9672; 681.221
0.9698; 681.638
0.9724; 682.037
0.975; 682.422
0.9776; 682.795
0.9802; 683.157
0.9828; 683.509
0.9854; 683.853
0.988; 684.191
0.9906; 684.522
0.9932; 684.848
0.9958; 685.169
0.9984; 685.483
1.001; 685.788
1.0036; 686.092
1.0062; 686.449
1.0088; 686.8
1.0114; 687.158
1.014; 687.524
1.0166; 687.893
1.0192; 688.262
1.0218; 688.631
1.0244; 688.997
1.027; 689.36
1.0296; 689.718
1.0322; 690.07
1.0348; 690.415
1.0374; 690.753
1.04; 691.081
1.0426; 691.399
1.0452; 691.706
1.0478; 692.024
1.0504; 692.344
1.053; 692.642
1.0556; 692.921
1.0582; 693.184
1.0608; 693.432
1.0634; 693.666
1.066; 693.887
1.0686; 694.096
1.0712; 694.294
1.0738; 694.481
1.0764; 694.659
1.079; 694.827
1.0816; 694.987
1.0842; 695.141
1.0868; 695.288
1.0894; 695.43
1.092; 695.569
1.0946; 695.706
1.0972; 695.841
1.0998; 695.978
1.1024; 696.116
1.105; 696.258
1.1076; 696.404
1.1102; 696.557
1.1128; 696.717
1.1154; 696.885
1.118; 697.064
1.1206; 697.254
1.1232; 697.458
1.1258; 697.676
1.1284; 697.911
1.131; 698.163
1.1336; 698.429
1.1362; 698.696
1.1388; 699.023
1.1414; 699.404
1.144; 699.793
1.1466; 700.21
1.1492; 700.655
1.1518; 701.116
1.1544; 701.592
1.157; 702.08
1.1596; 702.577
1.1622; 703.083
1.1648; 703.595
1.1674; 704.112
1.17; 704.631
1.1726; 705.151
1.1752; 705.667
1.1778; 706.277
1.1804; 706.984
1.183; 707.692
1.1856; 708.404
1.1882; 709.116
1.1908; 709.828
1.1934; 710.536
1.196; 711.239
1.1986; 711.934
1.2012; 712.619
1.2038; 713.291
1.2064; 713.947
1.209; 714.585
1.2116; 715.201
1.2142; 715.792
1.2168; 716.355
1.2194; 716.888
1.222; 717.388
1.2246; 717.852
1.2272; 718.277
1.2298; 718.661
1.2324; 719.002
1.235; 719.298
1.2376; 719.547
1.2402; 719.748
1.2428; 719.9
1.2454; 720.002
1.248; 720.053
