0.0026; 400
0.0052; 400
0.0078; 400
0.0104; 400
0.013; 400
0.0156; 400
0.0182; 400
0.0208; 400
0.0234; 400
0.026; 400
0.0286; 400
0.0312; 400
0.0338; 400
0.0364; 400
0.039; 400
0.0416; 400
0.0442; 400
0.0468; 400
0.0494; 400
0.052; 400
0.0546; 400
0.0572; 400
0.0598; 400
0.0624; 400
0.065; 400
0.0676; 400
0.0702; 400
0.0728; 400
0.0754; 400
0.078; 400
0.0806; 400
0.0832; 400
0.0858; 400
0.0884; 400
0.091; 400
0.0936; 400
0.0962; 400
0.0988; 400
0.1014; 400
0.104; 400
0.1066; 400
0.1092; 400
0.1118; 400
0.1144; 400
0.117; 400
0.1196; 400
0.1222; 400
0.1248; 400
0.1274; 400
0.13; 400
0.1326; 400
0.1352; 400
0.1378; 400
0.1404; 400
0.143; 400
0.1456; 400
0.1482; 400
0.1508; 400
0.1534; 400
0.156; 400
0.1586; 400
0.1612; 400
0.1638; 400
0.1664; 400
0.169; 400
0.1716; 400
0.1742; 400
0.1768; 400
0.1794; 400
0.182; 400
0.1846; 400
0.1872; 400
0.1898; 400
0.1924; 400
0.195; 400
0.1976; 400
0.2002; 400
0.2028; 400
0.2054; 400
0.208; 400
0.2106; 400
0.2132; 400
0.2158; 400
0.2184; 400
0.221; 400
0.2236; 400
0.2262; 400
0.2288; 400
0.2314; 400
0.234; 400
0.2366; 400
0.2392; 400
0.2418; 400
0.2444; 400
0.247; 400
0.2496; 400
0.2522; 400
0.2548; 400
0.2574; 400
0.26; 400
0.2626; 400
0.2652; 400
0.2678; 400
0.2704; 400
0.273; 400
0.2756; 400
0.2782; 400
0.2808; 400
0.2834; 400
0.286; 400
0.2886; 400
0.2912; 400
0.2938; 400
0.2964; 400
0.299; 400
0.3016; 400
0.3042; 400
0.3068; 400
0.3094; 400
0.312; 400
0.3146; 400
0.3172; 400
0.3198; 400
0.3224; 400
0.325; 400
0.3276; 400
0.3302; 400
0.3328; 400
0.3354; 400
0.338; 400
0.3406; 400
0.3432; 400
0.3458; 400
0.3484; 400
0.351; 400
0.3536; 400
0.3562; 400
0.3588; 400
0.3614; 400
0.364; 400
0.3666; 400
0.3692; 400
0.3718; 400
0.3744; 400
0.377; 400
0.3796; 400
0.3822; 400
0.3848; 400
0.3874; 400
0.39; 400
0.3926; 400
0.3952; 400
0.3978; 400
0.4004; 400
0.403; 400
0.4056; 400
0.4082; 400
0.4108; 400
0.4134; 400
0.416; 400
0.4186; 400
0.4212; 400
0.4238; 400
0.4264; 400
0.429; 400
0.4316; 400.001
0.4342; 400.001
0.4368; 400.001
0.4394; 400.001
0.442; 400.001
0.4446; 400.001
0.4472; 400.001
0.4498; 400.001
0.4524; 400.002
0.455; 400.002
0.4576; 400.002
0.4602; 400.002
0.4628; 400.003
0.4654; 400.003
0.468; 400.003
0.4706; 400.004
0.4732; 400.005
0.4758; 400.005
0.4784; 400.006
0.481; 400.007
0.4836; 400.008
0.4862; 400.009
0.4888; 400.011
0.4914; 400.012
0.494; 400.014
0.4966; 400.016
0.4992; 400.019
0.5018; 400.022
0.5044; 400.025
0.507; 400.029
0.5096; 400.033
0.5122; 400.038
0.5148; 400.043
0.5174; 400.05
0.52; 400.057
0.5226; 400.065
0.5252; 400.074
0.5278; 400.085
0.5304; 400.097
0.533; 400.11
0.5356; 400.125
0.5382; 400.142
0.5408; 400.161
0.5434; 400.182
0.546; 400.206
0.5486; 400.233
0.5512; 400.264
0.5538; 400.297
0.5564; 400.335
0.559; 400.376
0.5616; 400.423
0.5642; 400.474
0.5668; 400.532
0.5694; 400.595
0.572; 400.665
0.5746; 400.742
0.5772; 400.828
0.5798; 400.922
0.5824; 401.025
0.585; 401.139
0.5876; 401.263
0.5902; 401.4
0.5928; 401.549
0.5954; 401.712
0.598; 401.89
0.6006; 402.083
0.6032; 402.294
0.6058; 402.523
0.6084; 402.772
0.611; 403.041
0.6136; 403.332
0.6162; 403.647
0.6188; 403.987
0.6214; 404.353
0.624; 404.747
0.6266; 405.171
0.6292; 405.626
0.6318; 406.114
0.6344; 406.636
0.637; 407.195
0.6396; 407.791
0.6422; 408.428
0.6448; 409.105
0.6474; 409.826
0.65; 410.592
0.6526; 411.405
0.6552; 412.266
0.6578; 413.178
0.6604; 414.141
0.663; 415.158
0.6656; 416.231
0.6682; 417.36
0.6708; 418.547
0.6734; 419.793
0.676; 421.101
0.6786; 422.471
0.6812; 423.904
0.6838; 425.402
0.6864; 426.965
0.689; 428.594
0.6916; 430.289
0.6942; 432.052
0.6968; 433.883
0.6994; 435.781
0.702; 437.747
0.7046; 439.781
0.7072; 441.882
0.7098; 444.051
0.7124; 446.286
0.715; 448.587
0.7176; 450.952
0.7202; 453.382
0.7228; 455.873
0.7254; 458.426
0.728; 461.038
0.7306; 463.707
0.7332; 466.433
0.7358; 469.212
0.7384; 472.043
0.741; 474.923
0.7436; 477.852
0.7462; 480.826
0.7488; 483.844
0.7514; 486.905
0.754; 490.007
0.7566; 493.152
0.7592; 496.338
0.7618; 499.568
0.7644; 502.845
0.767; 506.171
0.7696; 509.549
0.7722; 512.98
0.7748; 516.458
0.7774; 519.975
0.78; 523.524
0.7826; 527.094
0.7852; 530.677
0.7878; 534.259
0.7904; 537.827
0.793; 541.373
0.7956; 544.891
0.7982; 548.379
0.8008; 551.833
0.8034; 555.253
0.806; 558.637
0.8086; 561.985
0.8112; 565.295
0.8138; 568.571
0.8164; 571.831
0.819; 575.388
0.8216; 579.206
0.8242; 582.996
0.8268; 586.753
0.8294; 590.484
0.832; 594.191
0.8346; 597.879
0.8372; 601.549
0.8398; 605.208
0.8424; 608.864
0.845; 612.546
0.8476; 616.08
0.8502; 619.346
0.8528; 622.452
0.8554; 625.481
0.858; 628.456
0.8606; 631.387
0.8632; 634.274
0.8658; 637.117
0.8684; 639.918
0.871; 642.676
0.8736; 645.391
0.8762; 648.064
0.8788; 650.697
0.8814; 653.295
0.884; 655.856
0.8866; 658.463
0.8892; 661.102
0.8918; 663.626
0.8944; 666.043
0.897; 668.358
0.8996; 670.566
0.9022; 672.663
0.9048; 674.641
0.9074; 676.496
0.91; 678.222
0.9126; 679.814
0.9152; 681.267
0.9178; 682.579
0.9204; 683.745
0.923; 684.767
0.9256; 685.643
0.9282; 686.374
0.9308; 686.964
0.9334; 687.417
0.936; 687.736
0.9386; 687.928
0.9412; 688
0.9438; 687.96
0.9464; 687.818
0.949; 687.582
0.9516; 687.263
0.9542; 686.873
0.9568; 686.423
0.9594; 685.924
0.962; 685.39
0.9646; 684.832
0.9672; 684.262
0.9698; 683.692
0.9724; 683.135
0.975; 682.602
0.9776; 682.104
0.9802; 681.651
0.9828; 681.252
0.9854; 680.918
0.988; 680.655
0.9906; 680.471
0.9932; 680.374
0.9958; 680.366
0.9984; 680.453
1.001; 680.634
1.0036; 680.917
1.0062; 681.347
1.0088; 681.807
1.0114; 682.322
1.014; 682.893
1.0166; 683.514
1.0192; 684.18
1.0218; 684.886
1.0244; 685.627
1.027; 686.398
1.0296; 687.194
1.0322; 688.008
1.0348; 688.836
1.0374; 689.669
1.04; 690.503
1.0426; 691.328
1.0452; 692.139
1.0478; 692.993
1.0504; 693.909
1.053; 694.809
1.0556; 695.682
1.0582; 696.517
1.0608; 697.302
1.0634; 698.026
1.066; 698.677
1.0686; 699.247
1.0712; 699.725
1.0738; 700.103
1.0764; 700.376
1.079; 700.538
1.0816; 700.587
1.0842; 700.521
1.0868; 700.341
1.0894; 700.049
1.092; 699.651
1.0946; 699.154
1.0972; 698.564
1.0998; 697.894
1.1024; 697.153
1.105; 696.354
1.1076; 695.512
1.1102; 694.642
1.1128; 693.757
1.1154; 692.875
1.118; 692.011
1.1206; 691.179
1.1232; 690.396
1.1258; 689.675
1.1284; 689.03
1.131; 688.47
1.1336; 688.001
1.1362; 687.616
1.1388; 687.431
1.1414; 687.406
1.144; 687.447
1.1466; 687.585
1.1492; 687.832
1.1518; 688.17
1.1544; 688.598
1.157; 689.112
1.1596; 689.706
1.1622; 690.377
1.1648; 691.123
1.1674; 691.938
1.17; 692.818
1.1726; 693.758
1.1752; 694.752
1.1778; 695.963
1.1804; 697.434
1.183; 699.012
1.1856; 700.686
1.1882; 702.446
1.1908; 704.277
1.1934; 706.166
1.196; 708.096
1.1986; 710.054
1.2012; 712.023
1.2038; 713.988
1.2064; 715.934
1.209; 717.845
1.2116; 719.707
1.2142; 721.507
1.2168; 723.231
1.2194; 724.868
1.222; 726.407
1.2246; 727.836
1.2272; 729.148
1.2298; 730.333
1.2324; 731.386
1.235; 732.299
1.2376; 733.068
1.2402; 733.688
1.2428; 734.156
1.2454; 734.469
1.248; 734.626
