0.0026; 400
0.0052; 400
0.0078; 400
0.0104; 400
0.013; 400
0.0156; 400
0.0182; 400
0.0208; 400
0.0234; 400
0.026; 400
0.0286; 400
0.0312; 400
0.0338; 400
0.0364; 400
0.039; 400
0.0416; 400
0.0442; 400
0.0468; 400
0.0494; 400
0.052; 400
0.0546; 400
0.0572; 400
0.0598; 400
0.0624; 400
0.065; 400
0.0676; 400
0.0702; 400
0.0728; 400
0.0754; 400
0.078; 400
0.0806; 400
0.0832; 400
0.0858; 400
0.0884; 400
0.091; 400
0.0936; 400
0.0962; 400
0.0988; 400
0.1014; 400
0.104; 400
0.1066; 400
0.1092; 400
0.1118; 400
0.1144; 400
0.117; 400
0.1196; 400
0.1222; 400
0.1248; 400
0.1274; 400
0.13; 400
0.1326; 400
0.1352; 400
0.1378; 400
0.1404; 400
0.143; 400
0.1456; 400
0.1482; 400
0.1508; 400
0.1534; 400
0.156; 400
0.1586; 400
0.1612; 400
0.1638; 400
0.1664; 400
0.169; 400
0.1716; 400
0.1742; 400
0.1768; 400
0.1794; 400
0.182; 400
0.1846; 400
0.1872; 400
0.1898; 400
0.1924; 400
0.195; 400
0.1976; 400
0.2002; 400
0.2028; 400
0.2054; 400
0.208; 400
0.2106; 400
0.2132; 400
0.2158; 400
0.2184; 400
0.221; 400
0.2236; 400
0.2262; 400
0.2288; 400
0.2314; 400
0.234; 400
0.2366; 400
0.2392; 400
0.2418; 400
0.2444; 400
0.247; 400
0.2496; 400
0.2522; 400
0.2548; 400
0.2574; 400
0.26; 400
0.2626; 400
0.2652; 400
0.2678; 400
0.2704; 400
0.273; 400
0.2756; 400
0.2782; 400
0.2808; 400
0.2834; 400
0.286; 400
0.2886; 400
0.2912; 400
0.2938; 400
0.2964; 400
0.299; 400
0.3016; 400
0.3042; 400
0.3068; 400.001
0.3094; 400.001
0.312; 400.001
0.3146; 400.001
0.3172; 400.001
0.3198; 400.001
0.3224; 400.001
0.325; 400.001
0.3276; 400.001
0.3302; 400.001
0.3328; 400.002
0.3354; 400.002
0.338; 400.002
0.3406; 400.002
0.3432; 400.002
0.3458; 400.002
0.3484; 400.003
0.351; 400.003
0.3536; 400.003
0.3562; 400.003
0.3588; 400.004
0.3614; 400.004
0.364; 400.005
0.3666; 400.005
0.3692; 400.006
0.3718; 400.006
0.3744; 400.007
0.377; 400.008
0.3796; 400.008
0.3822; 400.009
0.3848; 400.01
0.3874; 400.011
0.39; 400.013
0.3926; 400.014
0.3952; 400.015
0.3978; 400.017
0.4004; 400.019
0.403; 400.021
0.4056; 400.023
0.4082; 400.025
0.4108; 400.028
0.4134; 400.031
0.416; 400.034
0.4186; 400.038
0.4212; 400.042
0.4238; 400.046
0.4264; 400.051
0.429; 400.057
0.4316; 400.063
0.4342; 400.069
0.4368; 400.076
0.4394; 400.084
0.442; 400.093
0.4446; 400.102
0.4472; 400.112
0.4498; 400.124
0.4524; 400.136
0.455; 400.15
0.4576; 400.164
0.4602; 400.181
0.4628; 400.198
0.4654; 400.218
0.468; 400.239
0.4706; 400.261
0.4732; 400.286
0.4758; 400.313
0.4784; 400.342
0.481; 400.374
0.4836; 400.409
0.4862; 400.446
0.4888; 400.487
0.4914; 400.53
0.494; 400.578
0.4966; 400.629
0.4992; 400.684
0.5018; 400.743
0.5044; 400.808
0.507; 400.877
0.5096; 400.951
0.5122; 401.031
0.5148; 401.116
0.5174; 401.209
0.52; 401.307
0.5226; 401.413
0.5252; 401.526
0.5278; 401.648
0.5304; 401.777
0.533; 401.916
0.5356; 402.064
0.5382; 402.221
0.5408; 402.389
0.5434; 402.568
0.546; 402.759
0.5486; 402.961
0.5512; 403.177
0.5538; 403.405
0.5564; 403.648
0.559; 403.905
0.5616; 404.177
0.5642; 404.465
0.5668; 404.77
0.5694; 405.092
0.572; 405.432
0.5746; 405.791
0.5772; 406.169
0.5798; 406.568
0.5824; 406.987
0.585; 407.428
0.5876; 407.892
0.5902; 408.38
0.5928; 408.891
0.5954; 409.428
0.598; 409.99
0.6006; 410.578
0.6032; 411.194
0.6058; 411.838
0.6084; 412.511
0.611; 413.214
0.6136; 413.947
0.6162; 414.711
0.6188; 415.507
0.6214; 416.336
0.624; 417.198
0.6266; 418.094
0.6292; 419.024
0.6318; 419.99
0.6344; 420.992
0.637; 422.03
0.6396; 423.106
0.6422; 424.218
0.6448; 425.369
0.6474; 426.559
0.65; 427.787
0.6526; 429.055
0.6552; 430.362
0.6578; 431.71
0.6604; 433.097
0.663; 434.525
0.6656; 435.993
0.6682; 437.502
0.6708; 439.052
0.6734; 440.642
0.676; 442.273
0.6786; 443.945
0.6812; 445.657
0.6838; 447.41
0.6864; 449.202
0.689; 451.034
0.6916; 452.905
0.6942; 454.816
0.6968; 456.764
0.6994; 458.751
0.702; 460.775
0.7046; 462.836
0.7072; 464.932
0.7098; 467.064
0.7124; 469.231
0.715; 471.431
0.7176; 473.664
0.7202; 475.929
0.7228; 478.225
0.7254; 480.551
0.728; 482.907
0.7306; 485.29
0.7332; 487.7
0.7358; 490.137
0.7384; 492.599
0.741; 495.085
0.7436; 497.594
0.7462; 500.127
0.7488; 502.682
0.7514; 505.259
0.754; 507.86
0.7566; 510.484
0.7592; 513.134
0.7618; 515.811
0.7644; 518.52
0.767; 521.263
0.7696; 524.042
0.7722; 526.859
0.7748; 529.71
0.7774; 532.591
0.78; 535.495
0.7826; 538.417
0.7852; 541.349
0.7878; 544.284
0.7904; 547.212
0.793; 550.126
0.7956; 553.025
0.7982; 555.905
0.8008; 558.767
0.8034; 561.608
0.806; 564.429
0.8086; 567.231
0.8112; 570.012
0.8138; 572.777
0.8164; 575.544
0.819; 578.564
0.8216; 581.797
0.8242; 585.006
0.8268; 588.183
0.8294; 591.331
0.832; 594.453
0.8346; 597.548
0.8372; 600.618
0.8398; 603.664
0.8424; 606.691
0.845; 609.721
0.8476; 612.606
0.8502; 615.262
0.8528; 617.785
0.8554; 620.247
0.858; 622.67
0.8606; 625.062
0.8632; 627.422
0.8658; 629.753
0.8684; 632.055
0.871; 634.327
0.8736; 636.57
0.8762; 638.787
0.8788; 640.979
0.8814; 643.149
0.884; 645.294
0.8866; 647.456
0.8892; 649.639
0.8918; 651.725
0.8944; 653.728
0.897; 655.653
0.8996; 657.504
0.9022; 659.279
0.9048; 660.979
0.9074; 662.605
0.91; 664.155
0.9126; 665.63
0.9152; 667.03
0.9178; 668.355
0.9204; 669.605
0.923; 670.783
0.9256; 671.89
0.9282; 672.928
0.9308; 673.899
0.9334; 674.805
0.936; 675.65
0.9386; 676.436
0.9412; 677.167
0.9438; 677.846
0.9464; 678.477
0.949; 679.062
0.9516; 679.606
0.9542; 680.112
0.9568; 680.584
0.9594; 681.024
0.962; 681.438
0.9646; 681.828
0.9672; 682.197
0.9698; 682.549
0.9724; 682.887
0.975; 683.214
0.9776; 683.532
0.9802; 683.844
0.9828; 684.151
0.9854; 684.454
0.988; 684.755
0.9906; 685.055
0.9932; 685.355
0.9958; 685.654
0.9984; 685.952
1.001; 686.246
1.0036; 686.545
1.0062; 686.898
1.0088; 687.246
1.0114; 687.605
1.014; 687.972
1.0166; 688.343
1.0192; 688.717
1.0218; 689.091
1.0244; 689.464
1.027; 689.834
1.0296; 690.2
1.0322; 690.56
1.0348; 690.914
1.0374; 691.26
1.04; 691.596
1.0426; 691.921
1.0452; 692.234
1.0478; 692.558
1.0504; 692.883
1.053; 693.184
1.0556; 693.465
1.0582; 693.727
1.0608; 693.97
1.0634; 694.197
1.066; 694.406
1.0686; 694.6
1.0712; 694.778
1.0738; 694.94
1.0764; 695.089
1.079; 695.224
1.0816; 695.346
1.0842; 695.457
1.0868; 695.558
1.0894; 695.65
1.092; 695.735
1.0946; 695.814
1.0972; 695.891
1.0998; 695.965
1.1024; 696.04
1.105; 696.117
1.1076; 696.199
1.1102; 696.287
1.1128; 696.383
1.1154; 696.49
1.118; 696.609
1.1206; 696.742
1.1232; 696.891
1.1258; 697.059
1.1284; 697.249
1.131; 697.46
1.1336; 697.691
1.1362; 697.927
1.1388; 698.232
1.1414; 698.597
1.144; 698.974
1.1466; 699.382
1.1492; 699.823
1.1518; 700.285
1.1544; 700.766
1.157; 701.264
1.1596; 701.775
1.1622; 702.299
1.1648; 702.834
1.1674; 703.377
1.17; 703.927
1.1726; 704.481
1.1752; 705.035
1.1778; 705.691
1.1804; 706.454
1.183; 707.227
1.1856; 708.009
1.1882; 708.798
1.1908; 709.592
1.1934; 710.387
1.196; 711.182
1.1986; 711.972
1.2012; 712.754
1.2038; 713.525
1.2064; 714.281
1.209; 715.019
1.2116; 715.734
1.2142; 716.422
1.2168; 717.08
1.2194; 717.704
1.222; 718.29
1.2246; 718.835
1.2272; 719.335
1.2298; 719.788
1.2324; 720.191
1.235; 720.541
1.2376; 720.836
1.2402; 721.074
1.2428; 721.254
1.2454; 721.375
1.248; 721.435
