0.00026; 0
0.00052; 0
0.00078; 0
0.00104; 0
0.0013; 0
0.00156; 0
0.00182; 0
0.00208; 0
0.00234; 0
0.0026; 0
0.00286; 0
0.00312; 0
0.00338; 0
0.00364; 0
0.0039; 0
0.00416; 0
0.00442; 0
0.00468; 0
0.00494; 0
0.0052; 0
0.00546; 0
0.00572; 0
0.00598; 0
0.00624; 0
0.0065; 0
0.00676; 0
0.00702; 0
0.00728; 0
0.00754; 0
0.0078; 0
0.00806; 0
0.00832; 0
0.00858; 0
0.00884; 0
0.0091; 0
0.00936; 0
0.00962; 0
0.00988; 0
0.01014; 0
0.0104; 0
0.01066; 0
0.01092; 0
0.01118; 0
0.01144; 0
0.0117; 0
0.01196; 0
0.01222; 0
0.01248; 0
0.01274; 0
0.013; 0
0.01326; 0
0.01352; 0
0.01378; 0
0.01404; 0
0.0143; 0
0.01456; 0
0.01482; 0
0.01508; 0
0.01534; 0
0.0156; 0
0.01586; 0
0.01612; 0
0.01638; 0
0.01664; 0
0.0169; 0
0.01716; 0
0.01742; 0
0.01768; 0
0.01794; 0
0.0182; 0
0.01846; 0
0.01872; 0
0.01898; 0
0.01924; 0
0.0195; 0
0.01976; 0
0.02002; 0
0.02028; 0
0.02054; 0
0.0208; 0
0.02106; 0
0.02132; 0
0.02158; 0
0.02184; 0
0.0221; 0
0.02236; 0
0.02262; 0
0.02288; 0
0.02314; 0
0.0234; 0
0.02366; 0
0.02392; 0
0.02418; 0
0.02444; 0
0.0247; 0
0.02496; 0
0.02522; 0
0.02548; 0
0.02574; 0
0.026; 0
0.02626; 0
0.02652; 0
0.02678; 0
0.02704; 0
0.0273; 0
0.02756; 0
0.02782; 0
0.02808; 0
0.02834; 0
0.0286; 0
0.02886; 0
0.02912; 0
0.02938; 0
0.02964; 0
0.0299; 0
0.03016; 0
0.03042; 0
0.03068; 0
0.03094; 0
0.0312; 0
0.03146; 0
0.03172; 0
0.03198; 0
0.03224; 0
0.0325; 0
0.03276; 876.577
0.03302; 876.573
0.03328; 876.554
0.03354; 876.531
0.0338; 876.493
0.03406; 876.451
0.03432; 876.394
0.03458; 876.333
0.03484; 876.257
0.0351; 876.176
0.03536; 876.082
0.03562; 875.982
0.03588; 875.868
0.03614; 875.75
0.0364; 875.616
0.03666; 875.478
0.03692; 875.326
0.03718; 875.168
0.03744; 874.996
0.0377; 874.819
0.03796; 874.628
0.03822; 874.431
0.03848; 874.22
0.03874; 874.004
0.039; 873.772
0.03926; 873.536
0.03952; 873.284
0.03978; 873.027
0.04004; 872.756
0.0403; 872.479
0.04056; 872.187
0.04082; 871.889
0.04108; 871.576
0.04134; 871.258
0.0416; 870.924
0.04186; 870.585
0.04212; 870.23
0.04238; 869.869
0.04264; 869.494
0.0429; 869.111
0.04316; 868.714
0.04342; 868.31
0.04368; 867.891
0.04394; 867.465
0.0442; 867.024
0.04446; 866.576
0.04472; 866.113
0.04498; 865.643
0.04524; 865.157
0.0455; 864.664
0.04576; 864.155
0.04602; 863.639
0.04628; 863.107
0.04654; 862.567
0.0468; 862.012
0.04706; 861.448
0.04732; 860.869
0.04758; 860.281
0.04784; 859.678
0.0481; 859.067
0.04836; 858.439
0.04862; 857.802
0.04888; 857.149
0.04914; 856.488
0.0494; 855.809
0.04966; 855.122
0.04992; 854.417
0.05018; 853.704
0.05044; 852.973
0.0507; 852.233
0.05096; 851.476
0.05122; 850.709
0.05148; 849.924
0.05174; 849.129
0.052; 848.317
0.05226; 847.494
0.05252; 846.653
0.05278; 845.801
0.05304; 844.931
0.0533; 844.049
0.05356; 843.149
0.05382; 842.238
0.05408; 841.307
0.05434; 840.365
0.0546; 839.403
0.05486; 838.429
0.05512; 837.435
0.05538; 836.428
0.05564; 835.401
0.0559; 834.361
0.05616; 833.301
0.05642; 832.226
0.05668; 831.131
0.05694; 830.021
0.0572; 828.89
0.05746; 827.744
0.05772; 826.576
0.05798; 825.392
0.05824; 824.187
0.0585; 822.965
0.05876; 821.72
0.05902; 820.458
0.05928; 819.174
0.05954; 817.871
0.0598; 816.545
0.06006; 815.2
0.06032; 813.831
0.06058; 812.443
0.06084; 811.03
0.0611; 809.597
0.06136; 808.139
0.06162; 806.66
0.06188; 805.156
0.06214; 803.63
0.0624; 802.078
0.06266; 800.504
0.06292; 798.904
0.06318; 797.28
0.06344; 795.63
0.0637; 793.957
0.06396; 792.256
0.06422; 790.532
0.06448; 788.78
0.06474; 787.005
0.065; 785.202
0.06526; 783.375
0.06552; 781.522
0.06578; 779.644
0.06604; 777.741
0.0663; 775.814
0.06656; 773.862
0.06682; 771.887
0.06708; 769.888
0.06734; 767.868
0.0676; 765.825
0.06786; 763.763
0.06812; 761.681
0.06838; 759.581
0.06864; 757.464
0.0689; 755.331
0.06916; 753.185
0.06942; 751.026
0.06968; 748.857
0.06994; 746.679
0.0702; 744.494
0.07046; 742.303
0.07072; 740.11
0.07098; 737.915
0.07124; 735.72
0.0715; 733.527
0.07176; 731.339
0.07202; 729.155
0.07228; 726.98
0.07254; 724.812
0.0728; 722.655
0.07306; 720.508
0.07332; 718.375
0.07358; 716.254
0.07384; 714.149
0.0741; 712.058
0.07436; 709.985
0.07462; 707.927
0.07488; 705.888
0.07514; 703.864
0.0754; 701.861
0.07566; 699.875
0.07592; 697.909
0.07618; 695.961
0.07644; 694.034
0.0767; 692.124
0.07696; 690.236
0.07722; 688.365
0.07748; 686.517
0.07774; 684.685
0.078; 682.876
0.07826; 681.083
0.07852; 679.313
0.07878; 677.56
0.07904; 675.828
0.0793; 674.113
0.07956; 672.42
0.07982; 670.743
0.08008; 669.088
0.08034; 667.448
0.0806; 665.831
0.08086; 664.229
0.08112; 662.648
0.08138; 661.083
0.08164; 659.539
0.0819; 658.009
0.08216; 656.502
0.08242; 655.008
0.08268; 653.536
0.08294; 652.077
0.0832; 650.641
0.08346; 649.217
0.08372; 647.816
0.08398; 646.427
0.08424; 645.06
0.0845; 643.705
0.08476; 642.372
0.08502; 641.051
0.08528; 639.752
0.08554; 638.464
0.0858; 637.199
0.08606; 635.945
0.08632; 634.714
0.08658; 633.493
0.08684; 632.294
0.0871; 631.106
0.08736; 629.94
0.08762; 628.785
0.08788; 627.652
0.08814; 626.53
0.0884; 625.429
0.08866; 624.339
0.08892; 623.271
0.08918; 622.214
0.08944; 621.178
0.0897; 620.152
0.08996; 619.149
0.09022; 618.155
0.09048; 617.184
0.09074; 616.222
0.091; 615.283
0.09126; 614.354
0.09152; 613.447
0.09178; 612.551
0.09204; 611.676
0.0923; 610.81
0.09256; 609.967
0.09282; 609.133
0.09308; 608.322
0.09334; 607.52
0.0936; 606.74
0.09386; 605.97
0.09412; 605.223
0.09438; 604.485
0.09464; 603.769
0.0949; 603.062
0.09516; 602.379
0.09542; 601.704
0.09568; 601.052
0.09594; 600.408
0.0962; 599.788
0.09646; 599.176
0.09672; 598.587
0.09698; 598.007
0.09724; 597.451
0.0975; 596.902
0.09776; 596.377
0.09802; 595.861
0.09828; 595.367
0.09854; 594.882
0.0988; 594.42
0.09906; 593.966
0.09932; 593.536
0.09958; 593.114
0.09984; 592.716
0.1001; 592.325
0.10036; 591.958
0.10062; 591.599
0.10088; 591.263
0.10114; 590.935
0.1014; 590.631
0.10166; 590.334
0.10192; 590.061
0.10218; 589.795
0.10244; 589.553
0.1027; 589.318
0.10296; 589.107
0.10322; 588.904
0.10348; 588.723
0.10374; 588.551
0.104; 588.401
0.10426; 588.258
0.10452; 588.139
0.10478; 588.026
0.10504; 587.937
0.1053; 587.854
0.10556; 587.793
0.10582; 587.738
0.10608; 587.701
0.10634; 587.668
0.1066; 0
0.10686; 0
0.10712; 0
0.10738; 0
0.10764; 0
0.1079; 0
0.10816; 0
0.10842; 0
0.10868; 0
0.10894; 0
0.1092; 0
0.10946; 0
0.10972; 0
0.10998; 0
0.11024; 0
0.1105; 0
0.11076; 0
0.11102; 0
0.11128; 0
0.11154; 0
0.1118; 0
0.11206; 0
0.11232; 0
0.11258; 0
0.11284; 0
0.1131; 0
0.11336; 0
0.11362; 0
0.11388; 0
0.11414; 0
0.1144; 0
0.11466; 0
0.11492; 0
0.11518; 0
0.11544; 0
0.1157; 0
0.11596; 0
0.11622; 0
0.11648; 0
0.11674; 0
0.117; 0
0.11726; 0
0.11752; 0
0.11778; 0
0.11804; 0
0.1183; 0
0.11856; 0
0.11882; 0
0.11908; 0
0.11934; 0
0.1196; 0
0.11986; 0
0.12012; 0
0.12038; 0
0.12064; 0
0.1209; 0
0.12116; 0
0.12142; 0
0.12168; 0
0.12194; 0
0.1222; 0
0.12246; 0
0.12272; 0
0.12298; 0
0.12324; 0
0.1235; 0
0.12376; 0
0.12402; 0
0.12428; 0
0.12454; 0
0.1248; 0
