0.00026; 0
0.00052; 0
0.00078; 0
0.00104; 0
0.0013; 0
0.00156; 0
0.00182; 0
0.00208; 0
0.00234; 0
0.0026; 0
0.00286; 0
0.00312; 0
0.00338; 0
0.00364; 0
0.0039; 0
0.00416; 0
0.00442; 0
0.00468; 0
0.00494; 0
0.0052; 0
0.00546; 0
0.00572; 0
0.00598; 0
0.00624; 0
0.0065; 0
0.00676; 0
0.00702; 0
0.00728; 0
0.00754; 0
0.0078; 0
0.00806; 0
0.00832; 0
0.00858; 0
0.00884; 0
0.0091; 0
0.00936; 0
0.00962; 0
0.00988; 0
0.01014; 0
0.0104; 0
0.01066; 0
0.01092; 0
0.01118; 0
0.01144; 0
0.0117; 0
0.01196; 0
0.01222; 0
0.01248; 0
0.01274; 0
0.013; 0
0.01326; 0
0.01352; 0
0.01378; 0
0.01404; 0
0.0143; 0
0.01456; 0
0.01482; 0
0.01508; 0
0.01534; 0
0.0156; 0
0.01586; 0
0.01612; 0
0.01638; 0
0.01664; 0
0.0169; 0
0.01716; 0
0.01742; 0
0.01768; 0
0.01794; 0
0.0182; 0
0.01846; 0
0.01872; 0
0.01898; 0
0.01924; 0
0.0195; 0
0.01976; 0
0.02002; 0
0.02028; 0
0.02054; 0
0.0208; 0
0.02106; 0
0.02132; 0
0.02158; 0
0.02184; 0
0.0221; 0
0.02236; 0
0.02262; 0
0.02288; 0
0.02314; 0
0.0234; 0
0.02366; 0
0.02392; 0
0.02418; 0
0.02444; 0
0.0247; 0
0.02496; 0
0.02522; 0
0.02548; 0
0.02574; 0
0.026; 0
0.02626; 0
0.02652; 0
0.02678; 0
0.02704; 0
0.0273; 0
0.02756; 0
0.02782; 0
0.02808; 0
0.02834; 0
0.0286; 0
0.02886; 0
0.02912; 0
0.02938; 0
0.02964; 0
0.0299; 0
0.03016; 0
0.03042; 0
0.03068; 0
0.03094; 0
0.0312; 0
0.03146; 0
0.03172; 0
0.03198; 0
0.03224; 0
0.0325; 0
0.03276; 890.638
0.03302; 890.64
0.03328; 890.615
0.03354; 890.595
0.0338; 890.548
0.03406; 890.507
0.03432; 890.44
0.03458; 890.379
0.03484; 890.291
0.0351; 890.208
0.03536; 890.099
0.03562; 889.996
0.03588; 889.866
0.03614; 889.741
0.0364; 889.59
0.03666; 889.445
0.03692; 889.272
0.03718; 889.106
0.03744; 888.912
0.0377; 888.724
0.03796; 888.509
0.03822; 888.299
0.03848; 888.062
0.03874; 887.83
0.039; 887.571
0.03926; 887.318
0.03952; 887.037
0.03978; 886.761
0.04004; 886.458
0.0403; 886.159
0.04056; 885.834
0.04082; 885.513
0.04108; 885.165
0.04134; 884.821
0.0416; 884.45
0.04186; 884.083
0.04212; 883.689
0.04238; 883.299
0.04264; 882.881
0.0429; 882.467
0.04316; 882.026
0.04342; 881.588
0.04368; 881.122
0.04394; 880.66
0.0442; 880.171
0.04446; 879.684
0.04472; 879.17
0.04498; 878.659
0.04524; 878.12
0.0455; 877.584
0.04576; 877.02
0.04602; 876.458
0.04628; 875.868
0.04654; 875.28
0.0468; 874.665
0.04706; 874.05
0.04732; 873.409
0.04758; 872.767
0.04784; 872.099
0.0481; 871.431
0.04836; 870.735
0.04862; 870.04
0.04888; 869.317
0.04914; 868.593
0.0494; 867.842
0.04966; 867.09
0.04992; 866.31
0.05018; 865.529
0.05044; 864.72
0.0507; 863.91
0.05096; 863.071
0.05122; 862.231
0.05148; 861.362
0.05174; 860.49
0.052; 859.591
0.05226; 858.688
0.05252; 857.757
0.05278; 856.822
0.05304; 855.858
0.0533; 854.89
0.05356; 853.893
0.05382; 852.892
0.05408; 851.861
0.05434; 850.825
0.0546; 849.759
0.05486; 848.688
0.05512; 847.586
0.05538; 846.479
0.05564; 845.341
0.0559; 844.196
0.05616; 843.02
0.05642; 841.837
0.05668; 840.623
0.05694; 839.4
0.0572; 838.146
0.05746; 836.882
0.05772; 835.587
0.05798; 834.281
0.05824; 832.943
0.0585; 831.594
0.05876; 830.213
0.05902; 828.82
0.05928; 827.393
0.05954; 825.954
0.0598; 824.481
0.06006; 822.994
0.06032; 821.474
0.06058; 819.938
0.06084; 818.369
0.0611; 816.782
0.06136; 815.162
0.06162; 813.524
0.06188; 811.851
0.06214; 810.16
0.0624; 808.434
0.06266; 806.688
0.06292; 804.908
0.06318; 803.106
0.06344; 801.269
0.0637; 799.411
0.06396; 797.517
0.06422; 795.6
0.06448; 793.649
0.06474; 791.675
0.065; 789.666
0.06526; 787.632
0.06552; 785.566
0.06578; 783.475
0.06604; 781.351
0.0663; 779.203
0.06656; 777.023
0.06682; 774.82
0.06708; 772.587
0.06734; 770.332
0.0676; 768.048
0.06786; 765.744
0.06812; 763.415
0.06838; 761.067
0.06864; 758.697
0.0689; 756.311
0.06916; 753.906
0.06942; 751.488
0.06968; 749.056
0.06994; 746.614
0.0702; 744.162
0.07046; 741.704
0.07072; 739.241
0.07098; 736.775
0.07124; 734.309
0.0715; 731.843
0.07176; 729.382
0.07202; 726.924
0.07228; 724.476
0.07254; 722.033
0.0728; 719.603
0.07306; 717.182
0.07332; 714.778
0.07358; 712.383
0.07384; 710.008
0.0741; 707.644
0.07436; 705.303
0.07462; 702.974
0.07488; 700.67
0.07514; 698.378
0.0754; 696.113
0.07566; 693.86
0.07592; 691.636
0.07618; 689.424
0.07644; 687.242
0.0767; 685.071
0.07696; 682.931
0.07722; 680.803
0.07748; 678.706
0.07774; 676.62
0.078; 674.566
0.07826; 672.523
0.07852; 670.512
0.07878; 668.51
0.07904; 666.542
0.0793; 664.582
0.07956; 662.656
0.07982; 660.738
0.08008; 658.854
0.08034; 656.977
0.0806; 655.134
0.08086; 653.298
0.08112; 651.496
0.08138; 649.699
0.08164; 647.938
0.0819; 646.182
0.08216; 644.461
0.08242; 642.743
0.08268; 641.062
0.08294; 639.383
0.0832; 637.741
0.08346; 636.101
0.08372; 634.498
0.08398; 632.896
0.08424; 631.332
0.0845; 629.767
0.08476; 628.241
0.08502; 626.715
0.08528; 625.227
0.08554; 623.738
0.0858; 622.287
0.08606; 620.835
0.08632; 619.422
0.08658; 618.007
0.08684; 616.631
0.0871; 615.253
0.08736; 613.915
0.08762; 612.573
0.08788; 611.272
0.08814; 609.967
0.0884; 608.702
0.08866; 607.434
0.08892; 606.207
0.08918; 604.974
0.08944; 603.784
0.0897; 602.588
0.08996; 601.434
0.09022; 600.274
0.09048; 599.157
0.09074; 598.033
0.091; 596.953
0.09126; 595.865
0.09152; 594.822
0.09178; 593.771
0.09204; 592.764
0.0923; 591.749
0.09256; 590.779
0.09282; 589.8
0.09308; 588.867
0.09334; 587.925
0.0936; 587.028
0.09386; 586.122
0.09412; 585.262
0.09438; 584.392
0.09464; 583.569
0.0949; 582.736
0.09516; 581.949
0.09542; 581.153
0.09568; 580.403
0.09594; 579.643
0.0962; 578.931
0.09646; 578.207
0.09672; 577.531
0.09698; 576.845
0.09724; 576.205
0.0975; 575.555
0.09776; 574.953
0.09802; 574.34
0.09828; 573.774
0.09854; 573.198
0.0988; 572.669
0.09906; 572.129
0.09932; 571.637
0.09958; 571.134
0.09984; 570.678
0.1001; 570.211
0.10036; 569.793
0.10062; 569.362
0.10088; 568.981
0.10114; 568.587
0.1014; 568.242
0.10166; 567.884
0.10192; 567.575
0.10218; 567.254
0.10244; 566.982
0.1027; 566.696
0.10296; 566.46
0.10322; 566.211
0.10348; 566.011
0.10374; 565.797
0.104; 565.633
0.10426; 565.455
0.10452; 565.326
0.10478; 565.184
0.10504; 565.09
0.1053; 564.982
0.10556; 564.922
0.10582; 564.846
0.10608; 564.816
0.10634; 564.768
0.1066; 0
0.10686; 0
0.10712; 0
0.10738; 0
0.10764; 0
0.1079; 0
0.10816; 0
0.10842; 0
0.10868; 0
0.10894; 0
0.1092; 0
0.10946; 0
0.10972; 0
0.10998; 0
0.11024; 0
0.1105; 0
0.11076; 0
0.11102; 0
0.11128; 0
0.11154; 0
0.1118; 0
0.11206; 0
0.11232; 0
0.11258; 0
0.11284; 0
0.1131; 0
0.11336; 0
0.11362; 0
0.11388; 0
0.11414; 0
0.1144; 0
0.11466; 0
0.11492; 0
0.11518; 0
0.11544; 0
0.1157; 0
0.11596; 0
0.11622; 0
0.11648; 0
0.11674; 0
0.117; 0
0.11726; 0
0.11752; 0
0.11778; 0
0.11804; 0
0.1183; 0
0.11856; 0
0.11882; 0
0.11908; 0
0.11934; 0
0.1196; 0
0.11986; 0
0.12012; 0
0.12038; 0
0.12064; 0
0.1209; 0
0.12116; 0
0.12142; 0
0.12168; 0
0.12194; 0
0.1222; 0
0.12246; 0
0.12272; 0
0.12298; 0
0.12324; 0
0.1235; 0
0.12376; 0
0.12402; 0
0.12428; 0
0.12454; 0
0.1248; 0
