0.0026; 400
0.0052; 400
0.0078; 400
0.0104; 400
0.013; 400
0.0156; 400
0.0182; 400
0.0208; 400
0.0234; 400
0.026; 400
0.0286; 400
0.0312; 400
0.0338; 400
0.0364; 400
0.039; 400
0.0416; 400
0.0442; 400
0.0468; 400
0.0494; 400
0.052; 400
0.0546; 400
0.0572; 400
0.0598; 400
0.0624; 400
0.065; 400
0.0676; 400
0.0702; 400
0.0728; 400
0.0754; 400
0.078; 400
0.0806; 400
0.0832; 400
0.0858; 400
0.0884; 400
0.091; 400
0.0936; 400
0.0962; 400
0.0988; 400
0.1014; 400
0.104; 400
0.1066; 400
0.1092; 400
0.1118; 400
0.1144; 400
0.117; 400
0.1196; 400
0.1222; 400
0.1248; 400
0.1274; 400
0.13; 400
0.1326; 400
0.1352; 400
0.1378; 400
0.1404; 400
0.143; 400
0.1456; 400
0.1482; 400
0.1508; 400
0.1534; 400
0.156; 400
0.1586; 400
0.1612; 400
0.1638; 400
0.1664; 400
0.169; 400
0.1716; 400
0.1742; 400
0.1768; 400
0.1794; 400
0.182; 400
0.1846; 400
0.1872; 400
0.1898; 400
0.1924; 400
0.195; 400
0.1976; 400
0.2002; 400
0.2028; 400
0.2054; 400
0.208; 400
0.2106; 400
0.2132; 400
0.2158; 400
0.2184; 400
0.221; 400
0.2236; 400
0.2262; 400
0.2288; 400
0.2314; 400
0.234; 400
0.2366; 400
0.2392; 400
0.2418; 400
0.2444; 400
0.247; 400
0.2496; 400
0.2522; 400
0.2548; 400
0.2574; 400
0.26; 400
0.2626; 400
0.2652; 400
0.2678; 400
0.2704; 400
0.273; 400
0.2756; 400
0.2782; 400
0.2808; 400
0.2834; 400
0.286; 400
0.2886; 400
0.2912; 400
0.2938; 400
0.2964; 400
0.299; 400
0.3016; 400
0.3042; 400
0.3068; 400
0.3094; 400
0.312; 400.001
0.3146; 400.001
0.3172; 400.001
0.3198; 400.001
0.3224; 400.001
0.325; 400.001
0.3276; 400.001
0.3302; 400.001
0.3328; 400.001
0.3354; 400.001
0.338; 400.002
0.3406; 400.002
0.3432; 400.002
0.3458; 400.002
0.3484; 400.002
0.351; 400.002
0.3536; 400.003
0.3562; 400.003
0.3588; 400.003
0.3614; 400.004
0.364; 400.004
0.3666; 400.004
0.3692; 400.005
0.3718; 400.005
0.3744; 400.006
0.377; 400.007
0.3796; 400.007
0.3822; 400.008
0.3848; 400.009
0.3874; 400.01
0.39; 400.011
0.3926; 400.012
0.3952; 400.013
0.3978; 400.015
0.4004; 400.016
0.403; 400.018
0.4056; 400.02
0.4082; 400.022
0.4108; 400.025
0.4134; 400.027
0.416; 400.03
0.4186; 400.033
0.4212; 400.037
0.4238; 400.041
0.4264; 400.045
0.429; 400.05
0.4316; 400.055
0.4342; 400.061
0.4368; 400.067
0.4394; 400.074
0.442; 400.082
0.4446; 400.091
0.4472; 400.1
0.4498; 400.11
0.4524; 400.122
0.455; 400.134
0.4576; 400.147
0.4602; 400.162
0.4628; 400.178
0.4654; 400.196
0.468; 400.215
0.4706; 400.236
0.4732; 400.259
0.4758; 400.284
0.4784; 400.311
0.481; 400.34
0.4836; 400.372
0.4862; 400.407
0.4888; 400.444
0.4914; 400.485
0.494; 400.529
0.4966; 400.577
0.4992; 400.628
0.5018; 400.684
0.5044; 400.744
0.507; 400.809
0.5096; 400.879
0.5122; 400.954
0.5148; 401.035
0.5174; 401.122
0.52; 401.215
0.5226; 401.315
0.5252; 401.423
0.5278; 401.538
0.5304; 401.661
0.533; 401.792
0.5356; 401.933
0.5382; 402.084
0.5408; 402.244
0.5434; 402.415
0.546; 402.598
0.5486; 402.792
0.5512; 402.999
0.5538; 403.218
0.5564; 403.451
0.559; 403.699
0.5616; 403.961
0.5642; 404.239
0.5668; 404.534
0.5694; 404.845
0.572; 405.174
0.5746; 405.522
0.5772; 405.889
0.5798; 406.276
0.5824; 406.684
0.585; 407.114
0.5876; 407.565
0.5902; 408.041
0.5928; 408.54
0.5954; 409.064
0.598; 409.613
0.6006; 410.189
0.6032; 410.793
0.6058; 411.424
0.6084; 412.084
0.611; 412.774
0.6136; 413.494
0.6162; 414.246
0.6188; 415.029
0.6214; 415.845
0.624; 416.695
0.6266; 417.579
0.6292; 418.497
0.6318; 419.452
0.6344; 420.442
0.637; 421.469
0.6396; 422.534
0.6422; 423.636
0.6448; 424.777
0.6474; 425.956
0.65; 427.175
0.6526; 428.434
0.6552; 429.733
0.6578; 431.072
0.6604; 432.452
0.663; 433.873
0.6656; 435.335
0.6682; 436.838
0.6708; 438.383
0.6734; 439.969
0.676; 441.596
0.6786; 443.264
0.6812; 444.974
0.6838; 446.724
0.6864; 448.515
0.689; 450.346
0.6916; 452.218
0.6942; 454.129
0.6968; 456.079
0.6994; 458.068
0.702; 460.094
0.7046; 462.158
0.7072; 464.259
0.7098; 466.396
0.7124; 468.568
0.715; 470.775
0.7176; 473.015
0.7202; 475.288
0.7228; 477.592
0.7254; 479.927
0.728; 482.292
0.7306; 484.685
0.7332; 487.106
0.7358; 489.554
0.7384; 492.027
0.741; 494.525
0.7436; 497.047
0.7462; 499.593
0.7488; 502.161
0.7514; 504.753
0.754; 507.368
0.7566; 510.007
0.7592; 512.672
0.7618; 515.365
0.7644; 518.09
0.767; 520.85
0.7696; 523.647
0.7722; 526.482
0.7748; 529.351
0.7774; 532.25
0.78; 535.174
0.7826; 538.116
0.7852; 541.068
0.7878; 544.023
0.7904; 546.972
0.793; 549.907
0.7956; 552.826
0.7982; 555.727
0.8008; 558.609
0.8034; 561.471
0.806; 564.312
0.8086; 567.133
0.8112; 569.934
0.8138; 572.719
0.8164; 575.506
0.819; 578.546
0.8216; 581.802
0.8242; 585.034
0.8268; 588.235
0.8294; 591.407
0.832; 594.552
0.8346; 597.672
0.8372; 600.765
0.8398; 603.835
0.8424; 606.887
0.845; 609.941
0.8476; 612.848
0.8502; 615.526
0.8528; 618.068
0.8554; 620.549
0.858; 622.991
0.8606; 625.4
0.8632; 627.777
0.8658; 630.124
0.8684; 632.44
0.871; 634.726
0.8736; 636.983
0.8762; 639.213
0.8788; 641.416
0.8814; 643.597
0.884; 645.751
0.8866; 647.924
0.8892; 650.116
0.8918; 652.21
0.8944; 654.219
0.897; 656.15
0.8996; 658.004
0.9022; 659.781
0.9048; 661.482
0.9074; 663.107
0.91; 664.654
0.9126; 666.125
0.9152; 667.52
0.9178; 668.837
0.9204; 670.08
0.923; 671.248
0.9256; 672.344
0.9282; 673.369
0.9308; 674.326
0.9334; 675.219
0.936; 676.048
0.9386; 676.818
0.9412; 677.533
0.9438; 678.194
0.9464; 678.807
0.949; 679.375
0.9516; 679.9
0.9542; 680.388
0.9568; 680.841
0.9594; 681.264
0.962; 681.66
0.9646; 682.033
0.9672; 682.385
0.9698; 682.722
0.9724; 683.045
0.975; 683.358
0.9776; 683.663
0.9802; 683.962
0.9828; 684.258
0.9854; 684.551
0.988; 684.844
0.9906; 685.137
0.9932; 685.431
0.9958; 685.726
0.9984; 686.021
1.001; 686.313
1.0036; 686.611
1.0062; 686.965
1.0088; 687.314
1.0114; 687.673
1.014; 688.042
1.0166; 688.416
1.0192; 688.792
1.0218; 689.169
1.0244; 689.544
1.027; 689.918
1.0296; 690.287
1.0322; 690.651
1.0348; 691.009
1.0374; 691.358
1.04; 691.698
1.0426; 692.026
1.0452; 692.342
1.0478; 692.67
1.0504; 692.998
1.053; 693.302
1.0556; 693.585
1.0582; 693.848
1.0608; 694.092
1.0634; 694.319
1.066; 694.527
1.0686; 694.718
1.0712; 694.893
1.0738; 695.051
1.0764; 695.194
1.079; 695.321
1.0816; 695.435
1.0842; 695.537
1.0868; 695.627
1.0894; 695.707
1.092; 695.779
1.0946; 695.845
1.0972; 695.907
1.0998; 695.966
1.1024; 696.025
1.105; 696.087
1.1076; 696.152
1.1102; 696.224
1.1128; 696.304
1.1154; 696.394
1.118; 696.498
1.1206; 696.616
1.1232; 696.751
1.1258; 696.906
1.1284; 697.084
1.131; 697.284
1.1336; 697.505
1.1362; 697.733
1.1388; 698.032
1.1414; 698.392
1.144; 698.765
1.1466; 699.17
1.1492; 699.61
1.1518; 700.071
1.1544; 700.554
1.157; 701.053
1.1596; 701.567
1.1622; 702.095
1.1648; 702.635
1.1674; 703.184
1.17; 703.741
1.1726; 704.303
1.1752; 704.867
1.1778; 705.533
1.1804; 706.31
1.183; 707.099
1.1856; 707.898
1.1882; 708.706
1.1908; 709.52
1.1934; 710.337
1.196; 711.154
1.1986; 711.968
1.2012; 712.774
1.2038; 713.57
1.2064; 714.351
1.209; 715.113
1.2116; 715.853
1.2142; 716.565
1.2168; 717.247
1.2194; 717.893
1.222; 718.501
1.2246; 719.066
1.2272; 719.585
1.2298; 720.055
1.2324; 720.473
1.235; 720.837
1.2376; 721.143
1.2402; 721.39
1.2428; 721.577
1.2454; 721.703
1.248; 721.766
