0.00026; 375.722
0.00052; 375.731
0.00078; 375.736
0.00104; 375.751
0.0013; 375.772
0.00156; 375.803
0.00182; 375.839
0.00208; 375.886
0.00234; 375.939
0.0026; 376.002
0.00286; 376.07
0.00312; 376.148
0.00338; 376.232
0.00364; 376.327
0.0039; 376.427
0.00416; 376.537
0.00442; 376.653
0.00468; 376.779
0.00494; 376.91
0.0052; 377.052
0.00546; 377.2
0.00572; 377.358
0.00598; 377.521
0.00624; 377.695
0.0065; 377.874
0.00676; 378.063
0.00702; 378.258
0.00728; 378.464
0.00754; 378.674
0.0078; 378.896
0.00806; 379.122
0.00832; 379.36
0.00858; 379.602
0.00884; 379.855
0.0091; 380.114
0.00936; 380.383
0.00962; 380.657
0.00988; 380.942
0.01014; 381.232
0.0104; 381.533
0.01066; 381.84
0.01092; 382.157
0.01118; 382.479
0.01144; 382.812
0.0117; 383.15
0.01196; 383.499
0.01222; 383.853
0.01248; 384.217
0.01274; 384.587
0.013; 384.968
0.01326; 385.354
0.01352; 385.751
0.01378; 386.153
0.01404; 386.566
0.0143; 386.985
0.01456; 387.414
0.01482; 387.848
0.01508; 388.293
0.01534; 388.743
0.0156; 389.205
0.01586; 389.671
0.01612; 390.148
0.01638; 390.631
0.01664; 391.125
0.0169; 391.623
0.01716; 392.133
0.01742; 392.648
0.01768; 393.175
0.01794; 393.706
0.0182; 394.248
0.01846; 394.796
0.01872; 395.355
0.01898; 395.918
0.01924; 396.494
0.0195; 397.074
0.01976; 397.665
0.02002; 398.261
0.02028; 398.869
0.02054; 399.482
0.0208; 400.106
0.02106; 400.735
0.02132; 401.375
0.02158; 402.02
0.02184; 402.677
0.0221; 403.339
0.02236; 404.012
0.02262; 404.69
0.02288; 405.38
0.02314; 406.075
0.0234; 406.781
0.02366; 407.492
0.02392; 408.215
0.02418; 408.943
0.02444; 409.682
0.0247; 410.426
0.02496; 411.182
0.02522; 411.943
0.02548; 412.715
0.02574; 413.493
0.026; 414.282
0.02626; 415.076
0.02652; 415.881
0.02678; 416.692
0.02704; 417.514
0.0273; 418.342
0.02756; 419.181
0.02782; 420.025
0.02808; 420.881
0.02834; 421.742
0.0286; 422.615
0.02886; 423.492
0.02912; 424.382
0.02938; 425.276
0.02964; 426.182
0.0299; 427.094
0.03016; 428.017
0.03042; 428.945
0.03068; 429.884
0.03094; 430.829
0.0312; 431.786
0.03146; 432.748
0.03172; 433.722
0.03198; 434.701
0.03224; 435.691
0.0325; 436.687
0.03276; 437.694
0.03302; 438.707
0.03328; 439.732
0.03354; 440.761
0.0338; 441.803
0.03406; 442.85
0.03432; 443.908
0.03458; 444.972
0.03484; 446.047
0.0351; 447.128
0.03536; 448.221
0.03562; 449.319
0.03588; 450.428
0.03614; 451.543
0.0364; 452.67
0.03666; 453.802
0.03692; 454.946
0.03718; 456.095
0.03744; 457.256
0.0377; 458.422
0.03796; 459.6
0.03822; 460.784
0.03848; 461.979
0.03874; 463.18
0.039; 464.392
0.03926; 465.61
0.03952; 466.839
0.03978; 468.074
0.04004; 469.321
0.0403; 470.573
0.04056; 471.837
0.04082; 473.106
0.04108; 474.387
0.04134; 475.673
0.0416; 476.972
0.04186; 478.275
0.04212; 479.59
0.04238; 480.911
0.04264; 482.244
0.0429; 483.581
0.04316; 484.931
0.04342; 486.286
0.04368; 487.653
0.04394; 489.025
0.0442; 490.409
0.04446; 491.798
0.04472; 493.199
0.04498; 494.605
0.04524; 496.024
0.0455; 497.447
0.04576; 498.883
0.04602; 500.323
0.04628; 501.776
0.04654; 503.234
0.0468; 504.703
0.04706; 506.178
0.04732; 507.665
0.04758; 509.157
0.04784; 510.661
0.0481; 512.17
0.04836; 513.691
0.04862; 515.217
0.04888; 516.755
0.04914; 518.298
0.0494; 519.853
0.04966; 521.413
0.04992; 522.985
0.05018; 524.563
0.05044; 526.152
0.0507; 527.746
0.05096; 529.352
0.05122; 530.963
0.05148; 532.586
0.05174; 534.214
0.052; 535.853
0.05226; 537.498
0.05252; 539.155
0.05278; 540.817
0.05304; 542.49
0.0533; 544.168
0.05356; 545.858
0.05382; 547.554
0.05408; 549.26
0.05434; 550.972
0.0546; 552.695
0.05486; 554.424
0.05512; 556.164
0.05538; 557.909
0.05564; 559.665
0.0559; 561.427
0.05616; 563.2
0.05642; 564.978
0.05668; 566.767
0.05694; 568.562
0.0572; 570.368
0.05746; 572.179
0.05772; 574.001
0.05798; 575.828
0.05824; 577.666
0.0585; 579.509
0.05876; 581.364
0.05902; 583.223
0.05928; 585.093
0.05954; 586.969
0.0598; 588.855
0.06006; 590.747
0.06032; 592.649
0.06058; 594.556
0.06084; 596.475
0.0611; 598.398
0.06136; 600.332
0.06162; 602.271
0.06188; 604.22
0.06214; 606.175
0.0624; 608.14
0.06266; 610.11
0.06292; 612.091
0.06318; 614.076
0.06344; 616.073
0.0637; 618.074
0.06396; 620.085
0.06422; 622.101
0.06448; 624.128
0.06474; 626.159
0.065; 628.201
0.06526; 630.248
0.06552; 632.305
0.06578; 634.366
0.06604; 636.438
0.0663; 638.514
0.06656; 640.6
0.06682; 642.691
0.06708; 644.793
0.06734; 646.898
0.0676; 649.014
0.06786; 651.134
0.06812; 653.264
0.06838; 655.399
0.06864; 657.543
0.0689; 659.692
0.06916; 661.851
0.06942; 664.013
0.06968; 666.186
0.06994; 668.363
0.0702; 670.55
0.07046; 672.741
0.07072; 674.941
0.07098; 677.146
0.07124; 679.36
0.0715; 681.578
0.07176; 683.805
0.07202; 686.037
0.07228; 688.278
0.07254; 690.523
0.0728; 692.777
0.07306; 695.035
0.07332; 697.302
0.07358; 699.573
0.07384; 701.853
0.0741; 704.137
0.07436; 706.43
0.07462; 708.727
0.07488; 711.032
0.07514; 713.342
0.0754; 715.659
0.07566; 717.981
0.07592; 720.311
0.07618; 722.645
0.07644; 724.987
0.0767; 727.334
0.07696; 729.688
0.07722; 732.046
0.07748; 734.412
0.07774; 736.781
0.078; 739.159
0.07826; 741.54
0.07852; 743.929
0.07878; 746.322
0.07904; 748.722
0.0793; 751.126
0.07956; 753.537
0.07982; 755.951
0.08008; 758.374
0.08034; 760.799
0.0806; 763.232
0.08086; 765.668
0.08112; 768.111
0.08138; 770.558
0.08164; 773.011
0.0819; 775.468
0.08216; 777.932
0.08242; 780.399
0.08268; 782.872
0.08294; 785.349
0.0832; 787.833
0.08346; 790.319
0.08372; 792.812
0.08398; 795.308
0.08424; 797.81
0.0845; 800.315
0.08476; 802.827
0.08502; 805.341
0.08528; 807.861
0.08554; 810.384
0.0858; 812.913
0.08606; 815.445
0.08632; 817.983
0.08658; 820.523
0.08684; 823.069
0.0871; 825.617
0.08736; 828.171
0.08762; 830.727
0.08788; 833.289
0.08814; 835.853
0.0884; 838.422
0.08866; 840.994
0.08892; 843.571
0.08918; 846.15
0.08944; 848.734
0.0897; 851.32
0.08996; 853.911
0.09022; 856.504
0.09048; 859.101
0.09074; 861.701
0.091; 864.305
0.09126; 866.911
0.09152; 869.522
0.09178; 872.134
0.09204; 874.751
0.0923; 877.369
0.09256; 879.992
0.09282; 882.616
0.09308; 885.244
0.09334; 887.873
0.0936; 890.507
0.09386; 893.142
0.09412; 895.78
0.09438; 898.42
0.09464; 901.063
0.0949; 903.708
0.09516; 906.356
0.09542; 909.005
0.09568; 911.657
0.09594; 914.311
0.0962; 916.968
0.09646; 919.625
0.09672; 922.286
0.09698; 924.947
0.09724; 927.611
0.0975; 930.277
0.09776; 932.944
0.09802; 935.613
0.09828; 938.283
0.09854; 940.955
0.0988; 943.629
0.09906; 946.303
0.09932; 948.98
0.09958; 951.657
0.09984; 954.336
0.1001; 957.016
0.10036; 959.697
0.10062; 962.379
0.10088; 965.062
0.10114; 967.745
0.1014; 970.43
0.10166; 973.115
0.10192; 975.802
0.10218; 978.488
0.10244; 981.176
0.1027; 983.864
0.10296; 986.552
0.10322; 989.241
0.10348; 991.93
0.10374; 994.62
0.104; 997.31
0.10426; 1000
0.10452; 1000
0.10478; 1000
0.10504; 1000
0.1053; 1000
0.10556; 1000
0.10582; 1000
0.10608; 1000
0.10634; 1000
0.1066; 1000
0.10686; 1000
0.10712; 1000
0.10738; 1000
0.10764; 1000
0.1079; 1000
0.10816; 1000
0.10842; 1000
0.10868; 1000
0.10894; 1000
0.1092; 1000
0.10946; 1000
0.10972; 1000
0.10998; 1000
0.11024; 1000
0.1105; 1000
0.11076; 1000
0.11102; 1000
0.11128; 1000
0.11154; 1000
0.1118; 1000
0.11206; 1000
0.11232; 1000
0.11258; 1000
0.11284; 1000
0.1131; 1000
0.11336; 1000
0.11362; 1000
0.11388; 1000
0.11414; 1000
0.1144; 1000
0.11466; 1000
0.11492; 1000
0.11518; 1000
0.11544; 1000
0.1157; 1000
0.11596; 1000
0.11622; 1000
0.11648; 1000
0.11674; 1000
0.117; 1000
0.11726; 1000
0.11752; 1000
0.11778; 1000
0.11804; 1000
0.1183; 1000
0.11856; 1000
0.11882; 1000
0.11908; 1000
0.11934; 1000
0.1196; 1000
0.11986; 1000
0.12012; 1000
0.12038; 1000
0.12064; 1000
0.1209; 1000
0.12116; 1000
0.12142; 1000
0.12168; 1000
0.12194; 1000
0.1222; 1000
0.12246; 1000
0.12272; 1000
0.12298; 1000
0.12324; 1000
0.1235; 1000
0.12376; 1000
0.12402; 1000
0.12428; 1000
0.12454; 1000
0.1248; 1000
