0.00026; 0
0.00052; 0
0.00078; 0
0.00104; 0
0.0013; 0
0.00156; 0
0.00182; 0
0.00208; 0
0.00234; 0
0.0026; 0
0.00286; 0
0.00312; 0
0.00338; 0
0.00364; 0
0.0039; 0
0.00416; 0
0.00442; 0
0.00468; 0
0.00494; 0
0.0052; 0
0.00546; 0
0.00572; 0
0.00598; 0
0.00624; 0
0.0065; 0
0.00676; 0
0.00702; 0
0.00728; 0
0.00754; 0
0.0078; 0
0.00806; 0
0.00832; 0
0.00858; 0
0.00884; 0
0.0091; 0
0.00936; 0
0.00962; 0
0.00988; 0
0.01014; 0
0.0104; 0
0.01066; 0
0.01092; 0
0.01118; 0
0.01144; 0
0.0117; 0
0.01196; 0
0.01222; 0
0.01248; 0
0.01274; 0
0.013; 0
0.01326; 0
0.01352; 0
0.01378; 0
0.01404; 0
0.0143; 0
0.01456; 0
0.01482; 0
0.01508; 0
0.01534; 0
0.0156; 0
0.01586; 0
0.01612; 0
0.01638; 0
0.01664; 0
0.0169; 0
0.01716; 0
0.01742; 0
0.01768; 0
0.01794; 0
0.0182; 0
0.01846; 0
0.01872; 0
0.01898; 0
0.01924; 0
0.0195; 0
0.01976; 0
0.02002; 0
0.02028; 0
0.02054; 0
0.0208; 0
0.02106; 0
0.02132; 0
0.02158; 0
0.02184; 0
0.0221; 0
0.02236; 0
0.02262; 0
0.02288; 0
0.02314; 0
0.0234; 0
0.02366; 0
0.02392; 0
0.02418; 0
0.02444; 0
0.0247; 0
0.02496; 0
0.02522; 0
0.02548; 0
0.02574; 0
0.026; 0
0.02626; 0
0.02652; 0
0.02678; 0
0.02704; 0
0.0273; 0
0.02756; 0
0.02782; 686.896
0.02808; 686.888
0.02834; 686.879
0.0286; 686.855
0.02886; 686.83
0.02912; 686.79
0.02938; 686.749
0.02964; 686.692
0.0299; 686.636
0.03016; 686.565
0.03042; 686.494
0.03068; 686.408
0.03094; 686.324
0.0312; 686.225
0.03146; 686.126
0.03172; 686.012
0.03198; 685.896
0.03224; 685.762
0.0325; 685.639
0.03276; 0
0.03302; 0
0.03328; 0
0.03354; 0
0.0338; 0
0.03406; 0
0.03432; 0
0.03458; 0
0.03484; 0
0.0351; 0
0.03536; 0
0.03562; 0
0.03588; 0
0.03614; 0
0.0364; 0
0.03666; 0
0.03692; 0
0.03718; 0
0.03744; 0
0.0377; 0
0.03796; 0
0.03822; 0
0.03848; 0
0.03874; 0
0.039; 0
0.03926; 0
0.03952; 0
0.03978; 0
0.04004; 0
0.0403; 0
0.04056; 0
0.04082; 0
0.04108; 0
0.04134; 0
0.0416; 0
0.04186; 0
0.04212; 0
0.04238; 0
0.04264; 0
0.0429; 0
0.04316; 0
0.04342; 0
0.04368; 0
0.04394; 0
0.0442; 0
0.04446; 0
0.04472; 0
0.04498; 0
0.04524; 0
0.0455; 0
0.04576; 0
0.04602; 0
0.04628; 0
0.04654; 0
0.0468; 0
0.04706; 0
0.04732; 0
0.04758; 0
0.04784; 0
0.0481; 0
0.04836; 0
0.04862; 0
0.04888; 0
0.04914; 0
0.0494; 0
0.04966; 0
0.04992; 0
0.05018; 0
0.05044; 0
0.0507; 0
0.05096; 0
0.05122; 565.664
0.05148; 565.615
0.05174; 565.531
0.052; 565.416
0.05226; 565.274
0.05252; 565.107
0.05278; 564.918
0.05304; 564.708
0.0533; 564.481
0.05356; 564.238
0.05382; 563.981
0.05408; 563.712
0.05434; 563.433
0.0546; 563.144
0.05486; 562.849
0.05512; 562.549
0.05538; 562.245
0.05564; 561.939
0.0559; 561.632
0.05616; 561.326
0.05642; 561.023
0.05668; 560.724
0.05694; 560.432
0.0572; 560.146
0.05746; 559.87
0.05772; 559.605
0.05798; 559.353
0.05824; 559.116
0.0585; 558.895
0.05876; 558.694
0.05902; 558.514
0.05928; 558.357
0.05954; 558.227
0.0598; 558.126
0.06006; 558.057
0.06032; 558.022
0.06058; 0
0.06084; 0
0.0611; 0
0.06136; 0
0.06162; 0
0.06188; 0
0.06214; 0
0.0624; 0
0.06266; 0
0.06292; 0
0.06318; 0
0.06344; 0
0.0637; 0
0.06396; 0
0.06422; 0
0.06448; 0
0.06474; 0
0.065; 0
0.06526; 0
0.06552; 0
0.06578; 0
0.06604; 0
0.0663; 0
0.06656; 0
0.06682; 0
0.06708; 0
0.06734; 0
0.0676; 0
0.06786; 0
0.06812; 0
0.06838; 0
0.06864; 0
0.0689; 0
0.06916; 0
0.06942; 0
0.06968; 0
0.06994; 0
0.0702; 0
0.07046; 0
0.07072; 0
0.07098; 0
0.07124; 0
0.0715; 0
0.07176; 0
0.07202; 0
0.07228; 0
0.07254; 0
0.0728; 0
0.07306; 0
0.07332; 0
0.07358; 0
0.07384; 0
0.0741; 0
0.07436; 0
0.07462; 0
0.07488; 0
0.07514; 0
0.0754; 0
0.07566; 0
0.07592; 0
0.07618; 0
0.07644; 0
0.0767; 0
0.07696; 0
0.07722; 0
0.07748; 0
0.07774; 0
0.078; 0
0.07826; 0
0.07852; 0
0.07878; 0
0.07904; 0
0.0793; 0
0.07956; 425.25
0.07982; 425.233
0.08008; 425.212
0.08034; 425.176
0.0806; 425.139
0.08086; 425.089
0.08112; 425.039
0.08138; 424.977
0.08164; 424.919
0.0819; 424.851
0.08216; 424.788
0.08242; 424.717
0.08268; 424.652
0.08294; 424.581
0.0832; 424.518
0.08346; 424.449
0.08372; 424.39
0.08398; 424.327
0.08424; 424.273
0.0845; 424.216
0.08476; 424.17
0.08502; 424.122
0.08528; 424.085
0.08554; 424.047
0.0858; 424.02
0.08606; 423.992
0.08632; 423.977
0.08658; 423.96
0.08684; 423.955
0.0871; 423.949
0.08736; 0
0.08762; 0
0.08788; 0
0.08814; 0
0.0884; 0
0.08866; 0
0.08892; 0
0.08918; 0
0.08944; 0
0.0897; 0
0.08996; 0
0.09022; 0
0.09048; 0
0.09074; 0
0.091; 0
0.09126; 0
0.09152; 0
0.09178; 0
0.09204; 0
0.0923; 0
0.09256; 0
0.09282; 0
0.09308; 0
0.09334; 0
0.0936; 0
0.09386; 0
0.09412; 0
0.09438; 0
0.09464; 0
0.0949; 0
0.09516; 0
0.09542; 0
0.09568; 0
0.09594; 0
0.0962; 0
0.09646; 0
0.09672; 0
0.09698; 0
0.09724; 0
0.0975; 0
0.09776; 0
0.09802; 0
0.09828; 0
0.09854; 0
0.0988; 0
0.09906; 0
0.09932; 0
0.09958; 0
0.09984; 0
0.1001; 0
0.10036; 0
0.10062; 0
0.10088; 0
0.10114; 0
0.1014; 0
0.10166; 0
0.10192; 0
0.10218; 0
0.10244; 0
0.1027; 0
0.10296; 0
0.10322; 0
0.10348; 0
0.10374; 0
0.104; 0
0.10426; 0
0.10452; 0
0.10478; 0
0.10504; 0
0.1053; 0
0.10556; 0
0.10582; 0
0.10608; 0
0.10634; 0
0.1066; 0
0.10686; 0
0.10712; 0
0.10738; 0
0.10764; 0
0.1079; 0
0.10816; 0
0.10842; 0
0.10868; 0
0.10894; 0
0.1092; 0
0.10946; 0
0.10972; 0
0.10998; 0
0.11024; 0
0.1105; 0
0.11076; 0
0.11102; 0
0.11128; 0
0.11154; 0
0.1118; 0
0.11206; 0
0.11232; 0
0.11258; 0
0.11284; 0
0.1131; 0
0.11336; 0
0.11362; 0
0.11388; 0
0.11414; 0
0.1144; 0
0.11466; 0
0.11492; 0
0.11518; 0
0.11544; 0
0.1157; 0
0.11596; 0
0.11622; 0
0.11648; 0
0.11674; 0
0.117; 0
0.11726; 0
0.11752; 0
0.11778; 0
0.11804; 0
0.1183; 0
0.11856; 0
0.11882; 0
0.11908; 0
0.11934; 0
0.1196; 0
0.11986; 0
0.12012; 0
0.12038; 0
0.12064; 0
0.1209; 0
0.12116; 0
0.12142; 0
0.12168; 0
0.12194; 0
0.1222; 0
0.12246; 0
0.12272; 0
0.12298; 0
0.12324; 0
0.1235; 0
0.12376; 0
0.12402; 0
0.12428; 0
0.12454; 0
0.1248; 0
