0.00026; 599.543
0.00052; 599.548
0.00078; 599.553
0.00104; 599.565
0.0013; 599.582
0.00156; 599.606
0.00182; 599.636
0.00208; 599.672
0.00234; 599.714
0.0026; 599.763
0.00286; 599.817
0.00312; 599.878
0.00338; 599.945
0.00364; 600.019
0.0039; 600.098
0.00416; 600.184
0.00442; 600.275
0.00468; 600.373
0.00494; 600.478
0.0052; 600.588
0.00546; 600.705
0.00572; 600.828
0.00598; 600.957
0.00624; 601.092
0.0065; 601.233
0.00676; 601.381
0.00702; 601.535
0.00728; 601.695
0.00754; 601.861
0.0078; 602.033
0.00806; 602.211
0.00832; 602.396
0.00858; 602.587
0.00884; 602.784
0.0091; 602.987
0.00936; 603.196
0.00962; 603.412
0.00988; 603.633
0.01014; 603.861
0.0104; 604.095
0.01066; 604.335
0.01092; 604.581
0.01118; 604.833
0.01144; 605.091
0.0117; 605.356
0.01196; 605.626
0.01222; 605.903
0.01248; 606.185
0.01274; 606.474
0.013; 606.769
0.01326; 607.07
0.01352; 607.377
0.01378; 607.69
0.01404; 608.009
0.0143; 608.335
0.01456; 608.666
0.01482; 609.003
0.01508; 609.346
0.01534; 609.696
0.0156; 610.051
0.01586; 610.413
0.01612; 610.78
0.01638; 611.154
0.01664; 611.533
0.0169; 611.919
0.01716; 612.31
0.01742; 612.708
0.01768; 613.111
0.01794; 613.521
0.0182; 613.936
0.01846; 614.357
0.01872; 614.784
0.01898; 615.218
0.01924; 615.657
0.0195; 616.102
0.01976; 616.553
0.02002; 617.01
0.02028; 617.472
0.02054; 617.941
0.0208; 618.416
0.02106; 618.896
0.02132; 619.382
0.02158; 619.874
0.02184; 620.372
0.0221; 620.876
0.02236; 621.386
0.02262; 621.901
0.02288; 622.422
0.02314; 622.949
0.0234; 623.482
0.02366; 624.021
0.02392; 624.565
0.02418; 625.115
0.02444; 625.671
0.0247; 626.233
0.02496; 626.801
0.02522; 627.374
0.02548; 627.953
0.02574; 628.537
0.026; 629.128
0.02626; 629.724
0.02652; 630.326
0.02678; 630.933
0.02704; 631.546
0.0273; 632.165
0.02756; 632.789
0.02782; 633.419
0.02808; 634.055
0.02834; 634.697
0.0286; 635.344
0.02886; 635.996
0.02912; 636.654
0.02938; 637.318
0.02964; 637.987
0.0299; 638.662
0.03016; 639.343
0.03042; 640.029
0.03068; 640.72
0.03094; 641.417
0.0312; 642.12
0.03146; 642.828
0.03172; 643.541
0.03198; 644.26
0.03224; 644.985
0.0325; 645.715
0.03276; 646.45
0.03302; 647.191
0.03328; 647.937
0.03354; 648.689
0.0338; 649.446
0.03406; 650.209
0.03432; 650.976
0.03458; 651.75
0.03484; 652.528
0.0351; 653.312
0.03536; 654.102
0.03562; 654.896
0.03588; 655.696
0.03614; 656.501
0.0364; 657.311
0.03666; 658.127
0.03692; 658.948
0.03718; 659.774
0.03744; 660.606
0.0377; 661.443
0.03796; 662.284
0.03822; 663.132
0.03848; 663.984
0.03874; 664.841
0.039; 665.704
0.03926; 666.572
0.03952; 667.445
0.03978; 668.323
0.04004; 669.206
0.0403; 670.094
0.04056; 670.988
0.04082; 671.886
0.04108; 672.789
0.04134; 673.698
0.0416; 674.611
0.04186; 675.53
0.04212; 676.453
0.04238; 677.382
0.04264; 678.315
0.0429; 679.254
0.04316; 680.197
0.04342; 681.145
0.04368; 682.098
0.04394; 683.056
0.0442; 684.019
0.04446; 684.987
0.04472; 685.96
0.04498; 686.937
0.04524; 687.92
0.0455; 688.907
0.04576; 689.899
0.04602; 690.896
0.04628; 691.897
0.04654; 692.904
0.0468; 693.915
0.04706; 694.93
0.04732; 695.951
0.04758; 696.976
0.04784; 698.006
0.0481; 699.041
0.04836; 700.08
0.04862; 701.124
0.04888; 702.172
0.04914; 703.225
0.0494; 704.283
0.04966; 705.345
0.04992; 706.412
0.05018; 707.483
0.05044; 708.559
0.0507; 709.64
0.05096; 710.724
0.05122; 711.814
0.05148; 712.908
0.05174; 714.006
0.052; 715.109
0.05226; 716.216
0.05252; 717.327
0.05278; 718.443
0.05304; 719.563
0.0533; 720.688
0.05356; 721.817
0.05382; 722.95
0.05408; 724.088
0.05434; 725.23
0.0546; 726.376
0.05486; 727.526
0.05512; 728.681
0.05538; 729.84
0.05564; 731.003
0.0559; 732.17
0.05616; 733.342
0.05642; 734.517
0.05668; 735.697
0.05694; 736.88
0.0572; 738.068
0.05746; 739.26
0.05772; 740.456
0.05798; 741.656
0.05824; 742.86
0.0585; 744.068
0.05876; 745.28
0.05902; 746.496
0.05928; 747.715
0.05954; 748.939
0.0598; 750.167
0.06006; 751.398
0.06032; 752.634
0.06058; 753.873
0.06084; 755.116
0.0611; 756.363
0.06136; 757.613
0.06162; 758.868
0.06188; 760.126
0.06214; 761.388
0.0624; 762.654
0.06266; 763.923
0.06292; 765.196
0.06318; 766.473
0.06344; 767.753
0.0637; 769.037
0.06396; 770.325
0.06422; 771.616
0.06448; 772.911
0.06474; 774.209
0.065; 775.511
0.06526; 776.816
0.06552; 778.125
0.06578; 779.437
0.06604; 780.752
0.0663; 782.071
0.06656; 783.394
0.06682; 784.72
0.06708; 786.049
0.06734; 787.381
0.0676; 788.717
0.06786; 790.056
0.06812; 791.399
0.06838; 792.744
0.06864; 794.093
0.0689; 795.445
0.06916; 796.801
0.06942; 798.159
0.06968; 799.521
0.06994; 800.885
0.0702; 802.253
0.07046; 803.624
0.07072; 804.998
0.07098; 806.375
0.07124; 807.756
0.0715; 809.139
0.07176; 810.525
0.07202; 811.914
0.07228; 813.307
0.07254; 814.702
0.0728; 816.1
0.07306; 817.5
0.07332; 818.904
0.07358; 820.311
0.07384; 821.72
0.0741; 823.132
0.07436; 824.547
0.07462; 825.965
0.07488; 827.385
0.07514; 828.809
0.0754; 830.235
0.07566; 831.663
0.07592; 833.094
0.07618; 834.528
0.07644; 835.965
0.0767; 837.404
0.07696; 838.845
0.07722; 840.289
0.07748; 841.736
0.07774; 843.185
0.078; 844.637
0.07826; 846.091
0.07852; 847.548
0.07878; 849.007
0.07904; 850.468
0.0793; 851.932
0.07956; 853.398
0.07982; 854.866
0.08008; 856.337
0.08034; 857.81
0.0806; 859.285
0.08086; 860.762
0.08112; 862.242
0.08138; 863.724
0.08164; 865.208
0.0819; 866.694
0.08216; 868.182
0.08242; 869.673
0.08268; 871.165
0.08294; 872.66
0.0832; 874.156
0.08346; 875.655
0.08372; 877.155
0.08398; 878.658
0.08424; 880.163
0.0845; 881.669
0.08476; 883.177
0.08502; 884.687
0.08528; 886.2
0.08554; 887.714
0.0858; 889.229
0.08606; 890.747
0.08632; 892.266
0.08658; 893.787
0.08684; 895.309
0.0871; 896.834
0.08736; 898.36
0.08762; 899.887
0.08788; 901.417
0.08814; 902.948
0.0884; 904.48
0.08866; 906.014
0.08892; 907.549
0.08918; 909.086
0.08944; 910.625
0.0897; 912.165
0.08996; 913.706
0.09022; 915.249
0.09048; 916.793
0.09074; 918.339
0.091; 919.886
0.09126; 921.434
0.09152; 922.983
0.09178; 924.534
0.09204; 926.086
0.0923; 927.639
0.09256; 929.193
0.09282; 930.749
0.09308; 932.306
0.09334; 933.863
0.0936; 935.422
0.09386; 936.982
0.09412; 938.543
0.09438; 940.105
0.09464; 941.668
0.0949; 943.232
0.09516; 944.797
0.09542; 946.363
0.09568; 947.93
0.09594; 949.498
0.0962; 951.067
0.09646; 952.636
0.09672; 954.206
0.09698; 955.778
0.09724; 957.35
0.0975; 958.922
0.09776; 960.496
0.09802; 962.07
0.09828; 963.645
0.09854; 965.22
0.0988; 966.796
0.09906; 968.373
0.09932; 969.95
0.09958; 971.527
0.09984; 973.106
0.1001; 974.684
0.10036; 976.264
0.10062; 977.844
0.10088; 979.424
0.10114; 981.004
0.1014; 982.585
0.10166; 984.167
0.10192; 985.749
0.10218; 987.331
0.10244; 988.914
0.1027; 990.497
0.10296; 992.08
0.10322; 993.663
0.10348; 995.247
0.10374; 996.831
0.104; 998.415
0.10426; 1000
0.10452; 1000
0.10478; 1000
0.10504; 1000
0.1053; 1000
0.10556; 1000
0.10582; 1000
0.10608; 1000
0.10634; 1000
0.1066; 1000
0.10686; 1000
0.10712; 1000
0.10738; 1000
0.10764; 1000
0.1079; 1000
0.10816; 1000
0.10842; 1000
0.10868; 1000
0.10894; 1000
0.1092; 1000
0.10946; 1000
0.10972; 1000
0.10998; 1000
0.11024; 1000
0.1105; 1000
0.11076; 1000
0.11102; 1000
0.11128; 1000
0.11154; 1000
0.1118; 1000
0.11206; 1000
0.11232; 1000
0.11258; 1000
0.11284; 1000
0.1131; 1000
0.11336; 1000
0.11362; 1000
0.11388; 1000
0.11414; 1000
0.1144; 1000
0.11466; 1000
0.11492; 1000
0.11518; 1000
0.11544; 1000
0.1157; 1000
0.11596; 1000
0.11622; 1000
0.11648; 1000
0.11674; 1000
0.117; 1000
0.11726; 1000
0.11752; 1000
0.11778; 1000
0.11804; 1000
0.1183; 1000
0.11856; 1000
0.11882; 1000
0.11908; 1000
0.11934; 1000
0.1196; 1000
0.11986; 1000
0.12012; 1000
0.12038; 1000
0.12064; 1000
0.1209; 1000
0.12116; 1000
0.12142; 1000
0.12168; 1000
0.12194; 1000
0.1222; 1000
0.12246; 1000
0.12272; 1000
0.12298; 1000
0.12324; 1000
0.1235; 1000
0.12376; 1000
0.12402; 1000
0.12428; 1000
0.12454; 1000
0.1248; 1000
