0.00026; 0
0.00052; 0
0.00078; 0
0.00104; 0
0.0013; 0
0.00156; 0
0.00182; 0
0.00208; 0
0.00234; 0
0.0026; 0
0.00286; 0
0.00312; 0
0.00338; 0
0.00364; 0
0.0039; 0
0.00416; 0
0.00442; 0
0.00468; 0
0.00494; 0
0.0052; 0
0.00546; 0
0.00572; 0
0.00598; 0
0.00624; 0
0.0065; 0
0.00676; 0
0.00702; 0
0.00728; 0
0.00754; 0
0.0078; 0
0.00806; 0
0.00832; 0
0.00858; 0
0.00884; 0
0.0091; 0
0.00936; 0
0.00962; 0
0.00988; 0
0.01014; 0
0.0104; 0
0.01066; 0
0.01092; 0
0.01118; 0
0.01144; 0
0.0117; 0
0.01196; 0
0.01222; 0
0.01248; 0
0.01274; 0
0.013; 0
0.01326; 0
0.01352; 0
0.01378; 0
0.01404; 0
0.0143; 0
0.01456; 0
0.01482; 0
0.01508; 0
0.01534; 0
0.0156; 0
0.01586; 0
0.01612; 0
0.01638; 0
0.01664; 0
0.0169; 0
0.01716; 0
0.01742; 0
0.01768; 0
0.01794; 0
0.0182; 0
0.01846; 0
0.01872; 0
0.01898; 0
0.01924; 0
0.0195; 0
0.01976; 0
0.02002; 0
0.02028; 0
0.02054; 0
0.0208; 0
0.02106; 0
0.02132; 0
0.02158; 0
0.02184; 0
0.0221; 0
0.02236; 0
0.02262; 0
0.02288; 0
0.02314; 0
0.0234; 0
0.02366; 0
0.02392; 0
0.02418; 0
0.02444; 0
0.0247; 0
0.02496; 0
0.02522; 0
0.02548; 0
0.02574; 0
0.026; 0
0.02626; 0
0.02652; 0
0.02678; 0
0.02704; 0
0.0273; 0
0.02756; 0
0.02782; 0
0.02808; 0
0.02834; 0
0.0286; 0
0.02886; 0
0.02912; 0
0.02938; 0
0.02964; 0
0.0299; 0
0.03016; 0
0.03042; 0
0.03068; 0
0.03094; 0
0.0312; 0
0.03146; 0
0.03172; 0
0.03198; 0
0.03224; 0
0.0325; 0
0.03276; 878.048
0.03302; 878.044
0.03328; 878.024
0.03354; 878.002
0.0338; 877.964
0.03406; 877.921
0.03432; 877.864
0.03458; 877.803
0.03484; 877.726
0.0351; 877.645
0.03536; 877.549
0.03562; 877.449
0.03588; 877.334
0.03614; 877.214
0.0364; 877.08
0.03666; 876.941
0.03692; 876.786
0.03718; 876.628
0.03744; 876.454
0.0377; 876.275
0.03796; 876.082
0.03822; 875.884
0.03848; 875.67
0.03874; 875.451
0.039; 875.217
0.03926; 874.979
0.03952; 874.724
0.03978; 874.465
0.04004; 874.191
0.0403; 873.911
0.04056; 873.616
0.04082; 873.316
0.04108; 873
0.04134; 872.678
0.0416; 872.341
0.04186; 871.998
0.04212; 871.64
0.04238; 871.275
0.04264; 870.895
0.0429; 870.51
0.04316; 870.108
0.04342; 869.7
0.04368; 869.277
0.04394; 868.847
0.0442; 868.4
0.04446; 867.949
0.04472; 867.48
0.04498; 867.005
0.04524; 866.513
0.0455; 866.016
0.04576; 865.501
0.04602; 864.98
0.04628; 864.442
0.04654; 863.897
0.0468; 863.335
0.04706; 862.766
0.04732; 862.18
0.04758; 861.587
0.04784; 860.977
0.0481; 860.359
0.04836; 859.724
0.04862; 859.081
0.04888; 858.421
0.04914; 857.753
0.0494; 857.067
0.04966; 856.373
0.04992; 855.661
0.05018; 854.94
0.05044; 854.202
0.0507; 853.454
0.05096; 852.689
0.05122; 851.914
0.05148; 851.12
0.05174; 850.317
0.052; 849.495
0.05226; 848.664
0.05252; 847.814
0.05278; 846.953
0.05304; 846.073
0.0533; 845.182
0.05356; 844.273
0.05382; 843.351
0.05408; 842.41
0.05434; 841.457
0.0546; 840.485
0.05486; 839.5
0.05512; 838.496
0.05538; 837.478
0.05564; 836.44
0.0559; 835.388
0.05616; 834.316
0.05642; 833.229
0.05668; 832.122
0.05694; 831
0.0572; 829.857
0.05746; 828.698
0.05772; 827.517
0.05798; 826.32
0.05824; 825.1
0.0585; 823.864
0.05876; 822.606
0.05902; 821.33
0.05928; 820.03
0.05954; 818.713
0.0598; 817.372
0.06006; 816.012
0.06032; 814.627
0.06058; 813.223
0.06084; 811.794
0.0611; 810.345
0.06136; 808.87
0.06162; 807.375
0.06188; 805.853
0.06214; 804.31
0.0624; 802.74
0.06266; 801.147
0.06292; 799.528
0.06318; 797.886
0.06344; 796.217
0.0637; 794.523
0.06396; 792.803
0.06422; 791.058
0.06448; 789.286
0.06474; 787.489
0.065; 785.666
0.06526; 783.817
0.06552; 781.942
0.06578; 780.042
0.06604; 778.116
0.0663; 776.165
0.06656; 774.19
0.06682; 772.191
0.06708; 770.168
0.06734; 768.123
0.0676; 766.055
0.06786; 763.968
0.06812; 761.86
0.06838; 759.734
0.06864; 757.591
0.0689; 755.432
0.06916; 753.259
0.06942; 751.073
0.06968; 748.877
0.06994; 746.671
0.0702; 744.458
0.07046; 742.24
0.07072; 740.019
0.07098; 737.795
0.07124; 735.573
0.0715; 733.352
0.07176; 731.135
0.07202; 728.923
0.07228; 726.719
0.07254; 724.523
0.0728; 722.338
0.07306; 720.163
0.07332; 718.002
0.07358; 715.853
0.07384; 713.72
0.0741; 711.601
0.07436; 709.5
0.07462; 707.414
0.07488; 705.347
0.07514; 703.296
0.0754; 701.266
0.07566; 699.253
0.07592; 697.26
0.07618; 695.285
0.07644; 693.331
0.0767; 691.396
0.07696; 689.481
0.07722; 687.585
0.07748; 685.71
0.07774; 683.853
0.078; 682.018
0.07826; 680.2
0.07852; 678.405
0.07878; 676.627
0.07904; 674.871
0.0793; 673.131
0.07956; 671.414
0.07982; 669.713
0.08008; 668.034
0.08034; 666.371
0.0806; 664.73
0.08086; 663.104
0.08112; 661.501
0.08138; 659.912
0.08164; 658.346
0.0819; 656.794
0.08216; 655.264
0.08242; 653.748
0.08268; 652.254
0.08294; 650.774
0.0832; 649.316
0.08346; 647.871
0.08372; 646.448
0.08398; 645.038
0.08424; 643.651
0.0845; 642.275
0.08476; 640.922
0.08502; 639.581
0.08528; 638.263
0.08554; 636.955
0.0858; 635.671
0.08606; 634.397
0.08632; 633.147
0.08658; 631.906
0.08684; 630.688
0.0871; 629.482
0.08736; 628.297
0.08762; 627.124
0.08788; 625.973
0.08814; 624.833
0.0884; 623.715
0.08866; 622.607
0.08892; 621.522
0.08918; 620.447
0.08944; 619.395
0.0897; 618.353
0.08996; 617.333
0.09022; 616.324
0.09048; 615.338
0.09074; 614.36
0.091; 613.407
0.09126; 612.462
0.09152; 611.541
0.09178; 610.628
0.09204; 609.739
0.0923; 608.859
0.09256; 608.003
0.09282; 607.155
0.09308; 606.331
0.09334; 605.515
0.0936; 604.724
0.09386; 603.94
0.09412; 603.181
0.09438; 602.43
0.09464; 601.703
0.0949; 600.984
0.09516; 600.289
0.09542; 599.603
0.09568; 598.941
0.09594; 598.287
0.0962; 597.656
0.09646; 597.035
0.09672; 596.436
0.09698; 595.846
0.09724; 595.28
0.0975; 594.723
0.09776; 594.189
0.09802; 593.663
0.09828; 593.162
0.09854; 592.668
0.0988; 592.199
0.09906; 591.738
0.09932; 591.3
0.09958; 590.871
0.09984; 590.466
0.1001; 590.069
0.10036; 589.695
0.10062; 589.33
0.10088; 588.989
0.10114; 588.655
0.1014; 588.345
0.10166; 588.043
0.10192; 587.765
0.10218; 587.495
0.10244; 587.249
0.1027; 587.01
0.10296; 586.795
0.10322; 586.588
0.10348; 586.404
0.10374; 586.228
0.104; 586.076
0.10426; 585.93
0.10452; 585.808
0.10478; 585.693
0.10504; 585.602
0.1053; 585.517
0.10556; 585.455
0.10582; 585.398
0.10608; 585.362
0.10634; 585.328
0.1066; 0
0.10686; 0
0.10712; 0
0.10738; 0
0.10764; 0
0.1079; 0
0.10816; 0
0.10842; 0
0.10868; 0
0.10894; 0
0.1092; 0
0.10946; 0
0.10972; 0
0.10998; 0
0.11024; 0
0.1105; 0
0.11076; 0
0.11102; 0
0.11128; 0
0.11154; 0
0.1118; 0
0.11206; 0
0.11232; 0
0.11258; 0
0.11284; 0
0.1131; 0
0.11336; 0
0.11362; 0
0.11388; 0
0.11414; 0
0.1144; 0
0.11466; 0
0.11492; 0
0.11518; 0
0.11544; 0
0.1157; 0
0.11596; 0
0.11622; 0
0.11648; 0
0.11674; 0
0.117; 0
0.11726; 0
0.11752; 0
0.11778; 0
0.11804; 0
0.1183; 0
0.11856; 0
0.11882; 0
0.11908; 0
0.11934; 0
0.1196; 0
0.11986; 0
0.12012; 0
0.12038; 0
0.12064; 0
0.1209; 0
0.12116; 0
0.12142; 0
0.12168; 0
0.12194; 0
0.1222; 0
0.12246; 0
0.12272; 0
0.12298; 0
0.12324; 0
0.1235; 0
0.12376; 0
0.12402; 0
0.12428; 0
0.12454; 0
0.1248; 0
