0.00026; 544.76
0.00052; 544.768
0.00078; 544.772
0.00104; 544.786
0.0013; 544.805
0.00156; 544.833
0.00182; 544.865
0.00208; 544.907
0.00234; 544.954
0.0026; 545.01
0.00286; 545.07
0.00312; 545.14
0.00338; 545.215
0.00364; 545.298
0.0039; 545.387
0.00416; 545.485
0.00442; 545.588
0.00468; 545.699
0.00494; 545.816
0.0052; 545.942
0.00546; 546.072
0.00572; 546.212
0.00598; 546.356
0.00624; 546.51
0.0065; 546.668
0.00676; 546.836
0.00702; 547.008
0.00728; 547.189
0.00754; 547.376
0.0078; 547.571
0.00806; 547.771
0.00832; 547.981
0.00858; 548.195
0.00884; 548.418
0.0091; 548.646
0.00936; 548.883
0.00962; 549.125
0.00988; 549.375
0.01014; 549.631
0.0104; 549.896
0.01066; 550.165
0.01092; 550.443
0.01118; 550.727
0.01144; 551.019
0.0117; 551.316
0.01196; 551.622
0.01222; 551.933
0.01248; 552.252
0.01274; 552.577
0.013; 552.911
0.01326; 553.249
0.01352; 553.596
0.01378; 553.948
0.01404; 554.309
0.0143; 554.675
0.01456; 555.049
0.01482; 555.428
0.01508; 555.816
0.01534; 556.209
0.0156; 556.611
0.01586; 557.018
0.01612; 557.433
0.01638; 557.853
0.01664; 558.282
0.0169; 558.716
0.01716; 559.158
0.01742; 559.606
0.01768; 560.061
0.01794; 560.522
0.0182; 560.991
0.01846; 561.465
0.01872; 561.948
0.01898; 562.435
0.01924; 562.931
0.0195; 563.432
0.01976; 563.942
0.02002; 564.456
0.02028; 564.979
0.02054; 565.507
0.0208; 566.043
0.02106; 566.584
0.02132; 567.134
0.02158; 567.688
0.02184; 568.251
0.0221; 568.818
0.02236; 569.394
0.02262; 569.975
0.02288; 570.564
0.02314; 571.158
0.0234; 571.76
0.02366; 572.367
0.02392; 572.982
0.02418; 573.603
0.02444; 574.231
0.0247; 574.865
0.02496; 575.506
0.02522; 576.152
0.02548; 576.807
0.02574; 577.466
0.026; 578.134
0.02626; 578.806
0.02652; 579.487
0.02678; 580.172
0.02704; 580.866
0.0273; 581.564
0.02756; 582.27
0.02782; 582.981
0.02808; 583.7
0.02834; 584.423
0.0286; 585.155
0.02886; 585.891
0.02912; 586.636
0.02938; 587.385
0.02964; 588.142
0.0299; 588.904
0.03016; 589.673
0.03042; 590.448
0.03068; 591.23
0.03094; 592.017
0.0312; 592.812
0.03146; 593.612
0.03172; 594.419
0.03198; 595.231
0.03224; 596.051
0.0325; 596.875
0.03276; 597.708
0.03302; 598.545
0.03328; 599.389
0.03354; 600.239
0.0338; 601.096
0.03406; 601.957
0.03432; 602.827
0.03458; 603.701
0.03484; 604.582
0.0351; 605.468
0.03536; 606.362
0.03562; 607.26
0.03588; 608.166
0.03614; 609.076
0.0364; 609.994
0.03666; 610.916
0.03692; 611.846
0.03718; 612.78
0.03744; 613.722
0.0377; 614.668
0.03796; 615.622
0.03822; 616.58
0.03848; 617.545
0.03874; 618.515
0.039; 619.492
0.03926; 620.474
0.03952; 621.463
0.03978; 622.456
0.04004; 623.457
0.0403; 624.462
0.04056; 625.474
0.04082; 626.491
0.04108; 627.515
0.04134; 628.543
0.0416; 629.578
0.04186; 630.618
0.04212; 631.665
0.04238; 632.716
0.04264; 633.774
0.0429; 634.836
0.04316; 635.905
0.04342; 636.979
0.04368; 638.06
0.04394; 639.145
0.0442; 640.237
0.04446; 641.333
0.04472; 642.436
0.04498; 643.543
0.04524; 644.657
0.0455; 645.775
0.04576; 646.9
0.04602; 648.029
0.04628; 649.166
0.04654; 650.306
0.0468; 651.453
0.04706; 652.604
0.04732; 653.761
0.04758; 654.923
0.04784; 656.092
0.0481; 657.264
0.04836; 658.444
0.04862; 659.627
0.04888; 660.816
0.04914; 662.01
0.0494; 663.211
0.04966; 664.415
0.04992; 665.626
0.05018; 666.841
0.05044; 668.062
0.0507; 669.287
0.05096; 670.519
0.05122; 671.754
0.05148; 672.996
0.05174; 674.242
0.052; 675.494
0.05226; 676.75
0.05252; 678.012
0.05278; 679.278
0.05304; 680.55
0.0533; 681.826
0.05356; 683.109
0.05382; 684.395
0.05408; 685.687
0.05434; 686.983
0.0546; 688.285
0.05486; 689.59
0.05512; 690.902
0.05538; 692.217
0.05564; 693.539
0.0559; 694.864
0.05616; 696.195
0.05642; 697.529
0.05668; 698.87
0.05694; 700.214
0.0572; 701.564
0.05746; 702.917
0.05772; 704.276
0.05798; 705.639
0.05824; 707.007
0.0585; 708.379
0.05876; 709.757
0.05902; 711.138
0.05928; 712.524
0.05954; 713.914
0.0598; 715.31
0.06006; 716.709
0.06032; 718.114
0.06058; 719.521
0.06084; 720.935
0.0611; 722.352
0.06136; 723.774
0.06162; 725.199
0.06188; 726.63
0.06214; 728.064
0.0624; 729.504
0.06266; 730.946
0.06292; 732.394
0.06318; 733.845
0.06344; 735.302
0.0637; 736.761
0.06396; 738.226
0.06422; 739.693
0.06448; 741.166
0.06474; 742.642
0.065; 744.123
0.06526; 745.607
0.06552; 747.096
0.06578; 748.588
0.06604; 750.085
0.0663; 751.585
0.06656; 753.09
0.06682; 754.598
0.06708; 756.111
0.06734; 757.626
0.0676; 759.147
0.06786; 760.67
0.06812; 762.198
0.06838; 763.729
0.06864; 765.264
0.0689; 766.803
0.06916; 768.346
0.06942; 769.891
0.06968; 771.442
0.06994; 772.995
0.0702; 774.552
0.07046; 776.112
0.07072; 777.677
0.07098; 779.244
0.07124; 780.816
0.0715; 782.39
0.07176; 783.969
0.07202; 785.55
0.07228; 787.135
0.07254; 788.723
0.0728; 790.315
0.07306; 791.91
0.07332; 793.509
0.07358; 795.111
0.07384; 796.716
0.0741; 798.324
0.07436; 799.936
0.07462; 801.551
0.07488; 803.169
0.07514; 804.79
0.0754; 806.415
0.07566; 808.041
0.07592; 809.672
0.07618; 811.305
0.07644; 812.942
0.0767; 814.582
0.07696; 816.224
0.07722; 817.869
0.07748; 819.518
0.07774; 821.169
0.078; 822.823
0.07826; 824.48
0.07852; 826.14
0.07878; 827.802
0.07904; 829.468
0.0793; 831.135
0.07956; 832.806
0.07982; 834.479
0.08008; 836.156
0.08034; 837.834
0.0806; 839.516
0.08086; 841.2
0.08112; 842.886
0.08138; 844.575
0.08164; 846.267
0.0819; 847.961
0.08216; 849.657
0.08242; 851.356
0.08268; 853.058
0.08294; 854.761
0.0832; 856.467
0.08346; 858.175
0.08372; 859.886
0.08398; 861.599
0.08424; 863.314
0.0845; 865.032
0.08476; 866.752
0.08502; 868.473
0.08528; 870.197
0.08554; 871.923
0.0858; 873.652
0.08606; 875.381
0.08632; 877.114
0.08658; 878.848
0.08684; 880.585
0.0871; 882.322
0.08736; 884.063
0.08762; 885.805
0.08788; 887.549
0.08814; 889.294
0.0884; 891.042
0.08866; 892.791
0.08892; 894.543
0.08918; 896.295
0.08944; 898.05
0.0897; 899.806
0.08996; 901.564
0.09022; 903.323
0.09048; 905.085
0.09074; 906.847
0.091; 908.612
0.09126; 910.377
0.09152; 912.144
0.09178; 913.913
0.09204; 915.683
0.0923; 917.455
0.09256; 919.228
0.09282; 921.002
0.09308; 922.778
0.09334; 924.555
0.0936; 926.333
0.09386; 928.112
0.09412; 929.893
0.09438; 931.675
0.09464; 933.458
0.0949; 935.242
0.09516; 937.028
0.09542; 938.814
0.09568; 940.602
0.09594; 942.39
0.0962; 944.18
0.09646; 945.97
0.09672; 947.762
0.09698; 949.554
0.09724; 951.347
0.0975; 953.141
0.09776; 954.936
0.09802; 956.732
0.09828; 958.528
0.09854; 960.325
0.0988; 962.124
0.09906; 963.922
0.09932; 965.721
0.09958; 967.521
0.09984; 969.322
0.1001; 971.123
0.10036; 972.924
0.10062; 974.727
0.10088; 976.529
0.10114; 978.333
0.1014; 980.136
0.10166; 981.94
0.10192; 983.745
0.10218; 985.55
0.10244; 987.355
0.1027; 989.16
0.10296; 990.966
0.10322; 992.772
0.10348; 994.579
0.10374; 996.386
0.104; 998.193
0.10426; 1000
0.10452; 1000
0.10478; 1000
0.10504; 1000
0.1053; 1000
0.10556; 1000
0.10582; 1000
0.10608; 1000
0.10634; 1000
0.1066; 1000
0.10686; 1000
0.10712; 1000
0.10738; 1000
0.10764; 1000
0.1079; 1000
0.10816; 1000
0.10842; 1000
0.10868; 1000
0.10894; 1000
0.1092; 1000
0.10946; 1000
0.10972; 1000
0.10998; 1000
0.11024; 1000
0.1105; 1000
0.11076; 1000
0.11102; 1000
0.11128; 1000
0.11154; 1000
0.1118; 1000
0.11206; 1000
0.11232; 1000
0.11258; 1000
0.11284; 1000
0.1131; 1000
0.11336; 1000
0.11362; 1000
0.11388; 1000
0.11414; 1000
0.1144; 1000
0.11466; 1000
0.11492; 1000
0.11518; 1000
0.11544; 1000
0.1157; 1000
0.11596; 1000
0.11622; 1000
0.11648; 1000
0.11674; 1000
0.117; 1000
0.11726; 1000
0.11752; 1000
0.11778; 1000
0.11804; 1000
0.1183; 1000
0.11856; 1000
0.11882; 1000
0.11908; 1000
0.11934; 1000
0.1196; 1000
0.11986; 1000
0.12012; 1000
0.12038; 1000
0.12064; 1000
0.1209; 1000
0.12116; 1000
0.12142; 1000
0.12168; 1000
0.12194; 1000
0.1222; 1000
0.12246; 1000
0.12272; 1000
0.12298; 1000
0.12324; 1000
0.1235; 1000
0.12376; 1000
0.12402; 1000
0.12428; 1000
0.12454; 1000
0.1248; 1000
