0.00026; 513.441
0.00052; 513.44
0.00078; 513.451
0.00104; 513.46
0.0013; 513.486
0.00156; 513.509
0.00182; 513.549
0.00208; 513.587
0.00234; 513.642
0.0026; 513.695
0.00286; 513.765
0.00312; 513.832
0.00338; 513.917
0.00364; 513.999
0.0039; 514.099
0.00416; 514.196
0.00442; 514.311
0.00468; 514.423
0.00494; 514.552
0.0052; 514.679
0.00546; 514.823
0.00572; 514.964
0.00598; 515.123
0.00624; 515.279
0.0065; 515.453
0.00676; 515.624
0.00702; 515.812
0.00728; 515.998
0.00754; 516.201
0.0078; 516.402
0.00806; 516.62
0.00832; 516.835
0.00858; 517.068
0.00884; 517.298
0.0091; 517.546
0.00936; 517.79
0.00962; 518.052
0.00988; 518.312
0.01014; 518.588
0.0104; 518.862
0.01066; 519.154
0.01092; 519.442
0.01118; 519.748
0.01144; 520.051
0.0117; 520.372
0.01196; 520.69
0.01222; 521.025
0.01248; 521.357
0.01274; 521.707
0.013; 522.054
0.01326; 522.419
0.01352; 522.78
0.01378; 523.159
0.01404; 523.535
0.0143; 523.929
0.01456; 524.319
0.01482; 524.727
0.01508; 525.132
0.01534; 525.555
0.0156; 525.974
0.01586; 526.411
0.01612; 526.845
0.01638; 527.296
0.01664; 527.744
0.0169; 528.21
0.01716; 528.673
0.01742; 529.153
0.01768; 529.63
0.01794; 530.124
0.0182; 530.615
0.01846; 531.124
0.01872; 531.63
0.01898; 532.153
0.01924; 532.673
0.0195; 533.21
0.01976; 533.745
0.02002; 534.296
0.02028; 534.845
0.02054; 535.41
0.0208; 535.973
0.02106; 536.553
0.02132; 537.13
0.02158; 537.724
0.02184; 538.315
0.0221; 538.923
0.02236; 539.528
0.02262; 540.149
0.02288; 540.769
0.02314; 541.404
0.0234; 542.038
0.02366; 542.687
0.02392; 543.334
0.02418; 543.998
0.02444; 544.659
0.0247; 545.337
0.02496; 546.012
0.02522; 546.703
0.02548; 547.392
0.02574; 548.097
0.026; 548.8
0.02626; 549.519
0.02652; 550.236
0.02678; 550.969
0.02704; 551.699
0.0273; 552.446
0.02756; 553.189
0.02782; 553.95
0.02808; 554.707
0.02834; 555.481
0.0286; 556.253
0.02886; 557.04
0.02912; 557.825
0.02938; 558.626
0.02964; 559.425
0.0299; 560.24
0.03016; 561.052
0.03042; 561.88
0.03068; 562.705
0.03094; 563.547
0.0312; 564.386
0.03146; 565.241
0.03172; 566.093
0.03198; 566.961
0.03224; 567.827
0.0325; 568.709
0.03276; 569.588
0.03302; 570.482
0.03328; 571.375
0.03354; 572.283
0.0338; 573.188
0.03406; 574.109
0.03432; 575.028
0.03458; 575.962
0.03484; 576.893
0.0351; 577.841
0.03536; 578.785
0.03562; 579.746
0.03588; 580.703
0.03614; 581.676
0.0364; 582.647
0.03666; 583.633
0.03692; 584.617
0.03718; 585.616
0.03744; 586.612
0.0377; 587.624
0.03796; 588.633
0.03822; 589.657
0.03848; 590.679
0.03874; 591.716
0.039; 592.751
0.03926; 593.8
0.03952; 594.848
0.03978; 595.91
0.04004; 596.97
0.0403; 598.044
0.04056; 599.117
0.04082; 600.204
0.04108; 601.289
0.04134; 602.388
0.0416; 603.485
0.04186; 604.597
0.04212; 605.707
0.04238; 606.831
0.04264; 607.953
0.0429; 609.089
0.04316; 610.223
0.04342; 611.371
0.04368; 612.517
0.04394; 613.678
0.0442; 614.836
0.04446; 616.008
0.04472; 617.178
0.04498; 618.362
0.04524; 619.544
0.0455; 620.74
0.04576; 621.934
0.04602; 623.142
0.04628; 624.348
0.04654; 625.567
0.0468; 626.785
0.04706; 628.016
0.04732; 629.245
0.04758; 630.488
0.04784; 631.729
0.0481; 632.983
0.04836; 634.235
0.04862; 635.501
0.04888; 636.765
0.04914; 638.042
0.0494; 639.317
0.04966; 640.606
0.04992; 641.892
0.05018; 643.192
0.05044; 644.489
0.0507; 645.801
0.05096; 647.109
0.05122; 648.431
0.05148; 649.751
0.05174; 651.084
0.052; 652.415
0.05226; 653.759
0.05252; 655.101
0.05278; 656.456
0.05304; 657.809
0.0533; 659.174
0.05356; 660.538
0.05382; 661.914
0.05408; 663.289
0.05434; 664.676
0.0546; 666.061
0.05486; 667.458
0.05512; 668.854
0.05538; 670.262
0.05564; 671.668
0.0559; 673.087
0.05616; 674.503
0.05642; 675.932
0.05668; 677.359
0.05694; 678.798
0.0572; 680.235
0.05746; 681.684
0.05772; 683.131
0.05798; 684.59
0.05824; 686.048
0.0585; 687.517
0.05876; 688.984
0.05902; 690.463
0.05928; 691.94
0.05954; 693.428
0.0598; 694.915
0.06006; 696.414
0.06032; 697.91
0.06058; 699.418
0.06084; 700.924
0.0611; 702.442
0.06136; 703.957
0.06162; 705.484
0.06188; 707.01
0.06214; 708.546
0.0624; 710.08
0.06266; 711.626
0.06292; 713.17
0.06318; 714.725
0.06344; 716.278
0.0637; 717.842
0.06396; 719.404
0.06422; 720.976
0.06448; 722.548
0.06474; 724.129
0.065; 725.709
0.06526; 727.3
0.06552; 728.888
0.06578; 730.488
0.06604; 732.085
0.0663; 733.693
0.06656; 735.299
0.06682; 736.915
0.06708; 738.53
0.06734; 740.154
0.0676; 741.777
0.06786; 743.41
0.06812; 745.041
0.06838; 746.683
0.06864; 748.322
0.0689; 749.971
0.06916; 751.619
0.06942; 753.276
0.06968; 754.932
0.06994; 756.597
0.0702; 758.261
0.07046; 759.933
0.07072; 761.605
0.07098; 763.285
0.07124; 764.965
0.0715; 766.653
0.07176; 768.339
0.07202; 770.035
0.07228; 771.729
0.07254; 773.432
0.0728; 775.134
0.07306; 776.844
0.07332; 778.553
0.07358; 780.271
0.07384; 781.987
0.0741; 783.712
0.07436; 785.435
0.07462; 787.166
0.07488; 788.896
0.07514; 790.635
0.0754; 792.372
0.07566; 794.117
0.07592; 795.861
0.07618; 797.613
0.07644; 799.363
0.0767; 801.122
0.07696; 802.879
0.07722; 804.644
0.07748; 806.407
0.07774; 808.178
0.078; 809.948
0.07826; 811.726
0.07852; 813.502
0.07878; 815.285
0.07904; 817.068
0.0793; 818.857
0.07956; 820.645
0.07982; 822.441
0.08008; 824.235
0.08034; 826.036
0.0806; 827.836
0.08086; 829.642
0.08112; 831.448
0.08138; 833.26
0.08164; 835.071
0.0819; 836.889
0.08216; 838.706
0.08242; 840.529
0.08268; 842.351
0.08294; 844.179
0.0832; 846.006
0.08346; 847.839
0.08372; 849.672
0.08398; 851.51
0.08424; 853.347
0.0845; 855.19
0.08476; 857.033
0.08502; 858.88
0.08528; 860.727
0.08554; 862.58
0.0858; 864.432
0.08606; 866.288
0.08632; 868.145
0.08658; 870.006
0.08684; 871.866
0.0871; 873.732
0.08736; 875.597
0.08762; 877.467
0.08788; 879.336
0.08814; 881.21
0.0884; 883.083
0.08866; 884.96
0.08892; 886.837
0.08918; 888.719
0.08944; 890.6
0.0897; 892.485
0.08996; 894.37
0.09022; 896.259
0.09048; 898.147
0.09074; 900.039
0.091; 901.93
0.09126; 903.826
0.09152; 905.721
0.09178; 907.62
0.09204; 909.518
0.0923; 911.42
0.09256; 913.321
0.09282; 915.226
0.09308; 917.13
0.09334; 919.038
0.0936; 920.945
0.09386; 922.855
0.09412; 924.765
0.09438; 926.678
0.09464; 928.591
0.0949; 930.506
0.09516; 932.421
0.09542; 934.339
0.09568; 936.256
0.09594; 938.176
0.0962; 940.096
0.09646; 942.018
0.09672; 943.94
0.09698; 945.863
0.09724; 947.787
0.0975; 949.713
0.09776; 951.639
0.09802; 953.566
0.09828; 955.494
0.09854; 957.423
0.0988; 959.352
0.09906; 961.283
0.09932; 963.213
0.09958; 965.145
0.09984; 967.077
0.1001; 969.01
0.10036; 970.943
0.10062; 972.878
0.10088; 974.812
0.10114; 976.747
0.1014; 978.683
0.10166; 980.619
0.10192; 982.555
0.10218; 984.492
0.10244; 986.429
0.1027; 988.367
0.10296; 990.305
0.10322; 992.244
0.10348; 994.182
0.10374; 996.121
0.104; 998.061
0.10426; 1000
0.10452; 1000
0.10478; 1000
0.10504; 1000
0.1053; 1000
0.10556; 1000
0.10582; 1000
0.10608; 1000
0.10634; 1000
0.1066; 1000
0.10686; 1000
0.10712; 1000
0.10738; 1000
0.10764; 1000
0.1079; 1000
0.10816; 1000
0.10842; 1000
0.10868; 1000
0.10894; 1000
0.1092; 1000
0.10946; 1000
0.10972; 1000
0.10998; 1000
0.11024; 1000
0.1105; 1000
0.11076; 1000
0.11102; 1000
0.11128; 1000
0.11154; 1000
0.1118; 1000
0.11206; 1000
0.11232; 1000
0.11258; 1000
0.11284; 1000
0.1131; 1000
0.11336; 1000
0.11362; 1000
0.11388; 1000
0.11414; 1000
0.1144; 1000
0.11466; 1000
0.11492; 1000
0.11518; 1000
0.11544; 1000
0.1157; 1000
0.11596; 1000
0.11622; 1000
0.11648; 1000
0.11674; 1000
0.117; 1000
0.11726; 1000
0.11752; 1000
0.11778; 1000
0.11804; 1000
0.1183; 1000
0.11856; 1000
0.11882; 1000
0.11908; 1000
0.11934; 1000
0.1196; 1000
0.11986; 1000
0.12012; 1000
0.12038; 1000
0.12064; 1000
0.1209; 1000
0.12116; 1000
0.12142; 1000
0.12168; 1000
0.12194; 1000
0.1222; 1000
0.12246; 1000
0.12272; 1000
0.12298; 1000
0.12324; 1000
0.1235; 1000
0.12376; 1000
0.12402; 1000
0.12428; 1000
0.12454; 1000
0.1248; 1000
