0.00026; 368.007
0.00052; 368.013
0.00078; 368.02
0.00104; 368.033
0.0013; 368.056
0.00156; 368.085
0.00182; 368.123
0.00208; 368.167
0.00234; 368.221
0.0026; 368.281
0.00286; 368.35
0.00312; 368.425
0.00338; 368.51
0.00364; 368.601
0.0039; 368.701
0.00416; 368.808
0.00442; 368.924
0.00468; 369.046
0.00494; 369.177
0.0052; 369.315
0.00546; 369.462
0.00572; 369.615
0.00598; 369.777
0.00624; 369.946
0.0065; 370.124
0.00676; 370.309
0.00702; 370.502
0.00728; 370.702
0.00754; 370.912
0.0078; 371.127
0.00806; 371.352
0.00832; 371.583
0.00858; 371.823
0.00884; 372.07
0.0091; 372.326
0.00936; 372.589
0.00962; 372.86
0.00988; 373.138
0.01014; 373.426
0.0104; 373.72
0.01066; 374.023
0.01092; 374.332
0.01118; 374.651
0.01144; 374.976
0.0117; 375.311
0.01196; 375.651
0.01222; 376.002
0.01248; 376.358
0.01274; 376.724
0.013; 377.096
0.01326; 377.478
0.01352; 377.866
0.01378; 378.264
0.01404; 378.668
0.0143; 379.082
0.01456; 379.501
0.01482; 379.931
0.01508; 380.367
0.01534; 380.812
0.0156; 381.264
0.01586; 381.725
0.01612; 382.193
0.01638; 382.67
0.01664; 383.153
0.0169; 383.647
0.01716; 384.147
0.01742; 384.656
0.01768; 385.172
0.01794; 385.698
0.0182; 386.229
0.01846; 386.771
0.01872; 387.319
0.01898; 387.877
0.01924; 388.441
0.0195; 389.015
0.01976; 389.595
0.02002; 390.186
0.02028; 390.782
0.02054; 391.389
0.0208; 392.001
0.02106; 392.624
0.02132; 393.253
0.02158; 393.892
0.02184; 394.538
0.0221; 395.193
0.02236; 395.855
0.02262; 396.527
0.02288; 397.205
0.02314; 397.893
0.0234; 398.588
0.02366; 399.293
0.02392; 400.004
0.02418; 400.725
0.02444; 401.453
0.0247; 402.191
0.02496; 402.935
0.02522; 403.689
0.02548; 404.45
0.02574; 405.221
0.026; 405.999
0.02626; 406.786
0.02652; 407.581
0.02678; 408.385
0.02704; 409.196
0.0273; 410.017
0.02756; 410.845
0.02782; 411.683
0.02808; 412.527
0.02834; 413.382
0.0286; 414.243
0.02886; 415.115
0.02912; 415.993
0.02938; 416.882
0.02964; 417.777
0.0299; 418.683
0.03016; 419.595
0.03042; 420.517
0.03068; 421.446
0.03094; 422.386
0.0312; 423.332
0.03146; 424.289
0.03172; 425.252
0.03198; 426.225
0.03224; 427.206
0.0325; 428.196
0.03276; 429.194
0.03302; 430.201
0.03328; 431.216
0.03354; 432.241
0.0338; 433.272
0.03406; 434.315
0.03432; 435.363
0.03458; 436.423
0.03484; 437.489
0.0351; 438.566
0.03536; 439.649
0.03562; 440.744
0.03588; 441.845
0.03614; 442.956
0.0364; 444.074
0.03666; 445.203
0.03692; 446.339
0.03718; 447.485
0.03744; 448.639
0.0377; 449.802
0.03796; 450.973
0.03822; 452.154
0.03848; 453.342
0.03874; 454.541
0.039; 455.747
0.03926; 456.963
0.03952; 458.186
0.03978; 459.42
0.04004; 460.66
0.0403; 461.912
0.04056; 463.17
0.04082; 464.439
0.04108; 465.715
0.04134; 467.001
0.0416; 468.295
0.04186; 469.599
0.04212; 470.909
0.04238; 472.231
0.04264; 473.56
0.0429; 474.899
0.04316; 476.245
0.04342; 477.602
0.04368; 478.966
0.04394; 480.34
0.0442; 481.721
0.04446; 483.114
0.04472; 484.513
0.04498; 485.922
0.04524; 487.339
0.0455; 488.766
0.04576; 490.201
0.04602; 491.646
0.04628; 493.098
0.04654; 494.56
0.0468; 496.03
0.04706; 497.51
0.04732; 498.998
0.04758; 500.496
0.04784; 502
0.0481; 503.516
0.04836; 505.039
0.04862; 506.572
0.04888; 508.112
0.04914; 509.663
0.0494; 511.221
0.04966; 512.789
0.04992; 514.364
0.05018; 515.951
0.05044; 517.543
0.0507; 519.147
0.05096; 520.758
0.05122; 522.379
0.05148; 524.007
0.05174; 525.645
0.052; 527.291
0.05226; 528.947
0.05252; 530.61
0.05278; 532.284
0.05304; 533.964
0.0533; 535.655
0.05356; 537.353
0.05382; 539.061
0.05408; 540.777
0.05434; 542.503
0.0546; 544.235
0.05486; 545.978
0.05512; 547.728
0.05538; 549.488
0.05564; 551.256
0.0559; 553.033
0.05616; 554.818
0.05642; 556.612
0.05668; 558.414
0.05694; 560.226
0.0572; 562.044
0.05746; 563.873
0.05772; 565.709
0.05798; 567.555
0.05824; 569.407
0.0585; 571.27
0.05876; 573.139
0.05902; 575.019
0.05928; 576.905
0.05954; 578.801
0.0598; 580.704
0.06006; 582.617
0.06032; 584.537
0.06058; 586.467
0.06084; 588.403
0.0611; 590.349
0.06136; 592.302
0.06162; 594.265
0.06188; 596.234
0.06214; 598.213
0.0624; 600.199
0.06266; 602.194
0.06292; 604.196
0.06318; 606.208
0.06344; 608.226
0.0637; 610.253
0.06396; 612.287
0.06422; 614.331
0.06448; 616.381
0.06474; 618.441
0.065; 620.507
0.06526; 622.582
0.06552; 624.664
0.06578; 626.755
0.06604; 628.853
0.0663; 630.959
0.06656; 633.072
0.06682; 635.195
0.06708; 637.323
0.06734; 639.461
0.0676; 641.604
0.06786; 643.757
0.06812; 645.916
0.06838; 648.084
0.06864; 650.258
0.0689; 652.441
0.06916; 654.631
0.06942; 656.829
0.06968; 659.033
0.06994; 661.245
0.0702; 663.464
0.07046; 665.692
0.07072; 667.925
0.07098; 670.167
0.07124; 672.415
0.0715; 674.671
0.07176; 676.933
0.07202; 679.204
0.07228; 681.48
0.07254; 683.764
0.0728; 686.054
0.07306; 688.353
0.07332; 690.657
0.07358; 692.969
0.07384; 695.286
0.0741; 697.612
0.07436; 699.943
0.07462; 702.282
0.07488; 704.627
0.07514; 706.979
0.0754; 709.337
0.07566; 711.702
0.07592; 714.073
0.07618; 716.452
0.07644; 718.835
0.0767; 721.226
0.07696; 723.622
0.07722; 726.026
0.07748; 728.435
0.07774; 730.851
0.078; 733.272
0.07826; 735.701
0.07852; 738.134
0.07878; 740.575
0.07904; 743.02
0.0793; 745.472
0.07956; 747.929
0.07982; 750.393
0.08008; 752.861
0.08034; 755.337
0.0806; 757.817
0.08086; 760.304
0.08112; 762.795
0.08138; 765.292
0.08164; 767.794
0.0819; 770.303
0.08216; 772.816
0.08242; 775.335
0.08268; 777.859
0.08294; 780.389
0.0832; 782.922
0.08346; 785.462
0.08372; 788.006
0.08398; 790.556
0.08424; 793.11
0.0845; 795.67
0.08476; 798.234
0.08502; 800.803
0.08528; 803.376
0.08554; 805.955
0.0858; 808.538
0.08606; 811.126
0.08632; 813.717
0.08658; 816.314
0.08684; 818.914
0.0871; 821.52
0.08736; 824.129
0.08762; 826.743
0.08788; 829.36
0.08814; 831.983
0.0884; 834.608
0.08866; 837.239
0.08892; 839.872
0.08918; 842.51
0.08944; 845.151
0.0897; 847.797
0.08996; 850.446
0.09022; 853.099
0.09048; 855.754
0.09074; 858.415
0.091; 861.077
0.09126; 863.744
0.09152; 866.414
0.09178; 869.087
0.09204; 871.763
0.0923; 874.443
0.09256; 877.125
0.09282; 879.811
0.09308; 882.499
0.09334; 885.191
0.0936; 887.885
0.09386; 890.582
0.09412; 893.282
0.09438; 895.985
0.09464; 898.689
0.0949; 901.397
0.09516; 904.107
0.09542; 906.819
0.09568; 909.534
0.09594; 912.251
0.0962; 914.97
0.09646; 917.691
0.09672; 920.414
0.09698; 923.14
0.09724; 925.867
0.0975; 928.596
0.09776; 931.327
0.09802; 934.06
0.09828; 936.794
0.09854; 939.53
0.0988; 942.268
0.09906; 945.007
0.09932; 947.747
0.09958; 950.489
0.09984; 953.232
0.1001; 955.977
0.10036; 958.722
0.10062; 961.469
0.10088; 964.216
0.10114; 966.965
0.1014; 969.714
0.10166; 972.465
0.10192; 975.216
0.10218; 977.968
0.10244; 980.72
0.1027; 983.473
0.10296; 986.227
0.10322; 988.98
0.10348; 991.735
0.10374; 994.49
0.104; 997.245
0.10426; 1000
0.10452; 1000
0.10478; 1000
0.10504; 1000
0.1053; 1000
0.10556; 1000
0.10582; 1000
0.10608; 1000
0.10634; 1000
0.1066; 1000
0.10686; 1000
0.10712; 1000
0.10738; 1000
0.10764; 1000
0.1079; 1000
0.10816; 1000
0.10842; 1000
0.10868; 1000
0.10894; 1000
0.1092; 1000
0.10946; 1000
0.10972; 1000
0.10998; 1000
0.11024; 1000
0.1105; 1000
0.11076; 1000
0.11102; 1000
0.11128; 1000
0.11154; 1000
0.1118; 1000
0.11206; 1000
0.11232; 1000
0.11258; 1000
0.11284; 1000
0.1131; 1000
0.11336; 1000
0.11362; 1000
0.11388; 1000
0.11414; 1000
0.1144; 1000
0.11466; 1000
0.11492; 1000
0.11518; 1000
0.11544; 1000
0.1157; 1000
0.11596; 1000
0.11622; 1000
0.11648; 1000
0.11674; 1000
0.117; 1000
0.11726; 1000
0.11752; 1000
0.11778; 1000
0.11804; 1000
0.1183; 1000
0.11856; 1000
0.11882; 1000
0.11908; 1000
0.11934; 1000
0.1196; 1000
0.11986; 1000
0.12012; 1000
0.12038; 1000
0.12064; 1000
0.1209; 1000
0.12116; 1000
0.12142; 1000
0.12168; 1000
0.12194; 1000
0.1222; 1000
0.12246; 1000
0.12272; 1000
0.12298; 1000
0.12324; 1000
0.1235; 1000
0.12376; 1000
0.12402; 1000
0.12428; 1000
0.12454; 1000
0.1248; 1000
