0.0026; 400
0.0052; 400
0.0078; 400
0.0104; 400
0.013; 400
0.0156; 400
0.0182; 400
0.0208; 400
0.0234; 400
0.026; 400
0.0286; 400
0.0312; 400
0.0338; 400
0.0364; 400
0.039; 400
0.0416; 400
0.0442; 400
0.0468; 400
0.0494; 400
0.052; 400
0.0546; 400
0.0572; 400
0.0598; 400
0.0624; 400
0.065; 400
0.0676; 400
0.0702; 400
0.0728; 400
0.0754; 400
0.078; 400
0.0806; 400
0.0832; 400
0.0858; 400
0.0884; 400
0.091; 400
0.0936; 400
0.0962; 400
0.0988; 400
0.1014; 400
0.104; 400
0.1066; 400
0.1092; 400
0.1118; 400
0.1144; 400
0.117; 400
0.1196; 400
0.1222; 400
0.1248; 400
0.1274; 400
0.13; 400
0.1326; 400
0.1352; 400
0.1378; 400
0.1404; 400
0.143; 400
0.1456; 400
0.1482; 400
0.1508; 400
0.1534; 400
0.156; 400
0.1586; 400
0.1612; 400
0.1638; 400
0.1664; 400
0.169; 400
0.1716; 400
0.1742; 400
0.1768; 400
0.1794; 400
0.182; 400
0.1846; 400
0.1872; 400
0.1898; 400
0.1924; 400
0.195; 400
0.1976; 400
0.2002; 400
0.2028; 400
0.2054; 400
0.208; 400
0.2106; 400
0.2132; 400
0.2158; 400
0.2184; 400
0.221; 400
0.2236; 400
0.2262; 400
0.2288; 400
0.2314; 400
0.234; 400
0.2366; 400
0.2392; 400
0.2418; 400
0.2444; 400
0.247; 400
0.2496; 400
0.2522; 400.001
0.2548; 400.001
0.2574; 400.001
0.26; 400.001
0.2626; 400.001
0.2652; 400.001
0.2678; 400.001
0.2704; 400.001
0.273; 400.002
0.2756; 400.002
0.2782; 400.002
0.2808; 400.002
0.2834; 400.002
0.286; 400.002
0.2886; 400.002
0.2912; 400.003
0.2938; 400.003
0.2964; 400.003
0.299; 400.003
0.3016; 400.004
0.3042; 400.004
0.3068; 400.004
0.3094; 400.005
0.312; 400.005
0.3146; 400.005
0.3172; 400.006
0.3198; 400.006
0.3224; 400.007
0.325; 400.008
0.3276; 400.008
0.3302; 400.009
0.3328; 400.01
0.3354; 400.011
0.338; 400.012
0.3406; 400.013
0.3432; 400.014
0.3458; 400.015
0.3484; 400.016
0.351; 400.018
0.3536; 400.019
0.3562; 400.021
0.3588; 400.023
0.3614; 400.025
0.364; 400.028
0.3666; 400.03
0.3692; 400.033
0.3718; 400.036
0.3744; 400.039
0.377; 400.043
0.3796; 400.047
0.3822; 400.051
0.3848; 400.056
0.3874; 400.061
0.39; 400.066
0.3926; 400.072
0.3952; 400.079
0.3978; 400.086
0.4004; 400.094
0.403; 400.102
0.4056; 400.111
0.4082; 400.121
0.4108; 400.132
0.4134; 400.143
0.416; 400.156
0.4186; 400.169
0.4212; 400.184
0.4238; 400.2
0.4264; 400.217
0.429; 400.235
0.4316; 400.255
0.4342; 400.277
0.4368; 400.3
0.4394; 400.325
0.442; 400.351
0.4446; 400.38
0.4472; 400.411
0.4498; 400.444
0.4524; 400.48
0.455; 400.518
0.4576; 400.559
0.4602; 400.603
0.4628; 400.65
0.4654; 400.7
0.468; 400.754
0.4706; 400.812
0.4732; 400.873
0.4758; 400.939
0.4784; 401.009
0.481; 401.083
0.4836; 401.163
0.4862; 401.247
0.4888; 401.337
0.4914; 401.433
0.494; 401.535
0.4966; 401.643
0.4992; 401.758
0.5018; 401.88
0.5044; 402.009
0.507; 402.146
0.5096; 402.291
0.5122; 402.444
0.5148; 402.606
0.5174; 402.778
0.52; 402.959
0.5226; 403.15
0.5252; 403.352
0.5278; 403.564
0.5304; 403.789
0.533; 404.025
0.5356; 404.273
0.5382; 404.535
0.5408; 404.81
0.5434; 405.098
0.546; 405.402
0.5486; 405.72
0.5512; 406.053
0.5538; 406.403
0.5564; 406.769
0.559; 407.153
0.5616; 407.554
0.5642; 407.973
0.5668; 408.412
0.5694; 408.869
0.572; 409.347
0.5746; 409.845
0.5772; 410.365
0.5798; 410.906
0.5824; 411.47
0.585; 412.056
0.5876; 412.666
0.5902; 413.3
0.5928; 413.959
0.5954; 414.643
0.598; 415.352
0.6006; 416.088
0.6032; 416.851
0.6058; 417.641
0.6084; 418.458
0.611; 419.304
0.6136; 420.179
0.6162; 421.083
0.6188; 422.017
0.6214; 422.981
0.624; 423.975
0.6266; 425.001
0.6292; 426.058
0.6318; 427.146
0.6344; 428.266
0.637; 429.419
0.6396; 430.604
0.6422; 431.822
0.6448; 433.072
0.6474; 434.356
0.65; 435.674
0.6526; 437.025
0.6552; 438.409
0.6578; 439.827
0.6604; 441.279
0.663; 442.765
0.6656; 444.284
0.6682; 445.836
0.6708; 447.422
0.6734; 449.042
0.676; 450.695
0.6786; 452.38
0.6812; 454.099
0.6838; 455.85
0.6864; 457.633
0.689; 459.447
0.6916; 461.293
0.6942; 463.17
0.6968; 465.078
0.6994; 467.015
0.702; 468.982
0.7046; 470.978
0.7072; 473.002
0.7098; 475.054
0.7124; 477.133
0.715; 479.238
0.7176; 481.368
0.7202; 483.524
0.7228; 485.703
0.7254; 487.906
0.728; 490.131
0.7306; 492.377
0.7332; 494.645
0.7358; 496.932
0.7384; 499.239
0.741; 501.564
0.7436; 503.907
0.7462; 506.268
0.7488; 508.647
0.7514; 511.043
0.754; 513.456
0.7566; 515.889
0.7592; 518.342
0.7618; 520.818
0.7644; 523.319
0.767; 525.848
0.7696; 528.407
0.7722; 530.996
0.7748; 533.613
0.7774; 536.253
0.78; 538.911
0.7826; 541.582
0.7852; 544.259
0.7878; 546.936
0.7904; 549.604
0.793; 552.259
0.7956; 554.897
0.7982; 557.518
0.8008; 560.12
0.8034; 562.705
0.806; 565.271
0.8086; 567.819
0.8112; 570.35
0.8138; 572.866
0.8164; 575.384
0.819; 578.135
0.8216; 581.078
0.8242; 583.993
0.8268; 586.875
0.8294; 589.728
0.832; 592.553
0.8346; 595.353
0.8372; 598.128
0.8398; 600.881
0.8424; 603.617
0.845; 606.357
0.8476; 608.966
0.8502; 611.372
0.8528; 613.659
0.8554; 615.896
0.858; 618.104
0.8606; 620.29
0.8632; 622.453
0.8658; 624.596
0.8684; 626.718
0.871; 628.821
0.8736; 630.906
0.8762; 632.973
0.8788; 635.027
0.8814; 637.069
0.884; 639.094
0.8866; 641.135
0.8892; 643.207
0.8918; 645.199
0.8944; 647.125
0.897; 648.989
0.8996; 650.796
0.9022; 652.545
0.9048; 654.237
0.9074; 655.871
0.91; 657.447
0.9126; 658.964
0.9152; 660.423
0.9178; 661.823
0.9204; 663.164
0.923; 664.447
0.9256; 665.672
0.9282; 666.84
0.9308; 667.953
0.9334; 669.013
0.936; 670.02
0.9386; 670.977
0.9412; 671.885
0.9438; 672.746
0.9464; 673.564
0.949; 674.339
0.9516; 675.074
0.9542; 675.772
0.9568; 676.434
0.9594; 677.063
0.962; 677.662
0.9646; 678.233
0.9672; 678.778
0.9698; 679.299
0.9724; 679.799
0.975; 680.28
0.9776; 680.743
0.9802; 681.19
0.9828; 681.623
0.9854; 682.041
0.988; 682.447
0.9906; 682.841
0.9932; 683.223
0.9958; 683.593
0.9984; 683.95
1.001; 684.293
1.0036; 684.629
1.0062; 685.015
1.0088; 685.391
1.0114; 685.774
1.014; 686.163
1.0166; 686.552
1.0192; 686.941
1.0218; 687.328
1.0244; 687.711
1.027; 688.09
1.0296; 688.463
1.0322; 688.831
1.0348; 689.192
1.0374; 689.545
1.04; 689.889
1.0426; 690.224
1.0452; 690.547
1.0478; 690.886
1.0504; 691.229
1.053; 691.552
1.0556; 691.86
1.0582; 692.154
1.0608; 692.437
1.0634; 692.71
1.066; 692.975
1.0686; 693.233
1.0712; 693.484
1.0738; 693.729
1.0764; 693.97
1.079; 694.206
1.0816; 694.439
1.0842; 694.669
1.0868; 694.897
1.0894; 695.124
1.092; 695.35
1.0946; 695.577
1.0972; 695.805
1.0998; 696.034
1.1024; 696.266
1.105; 696.501
1.1076; 696.74
1.1102; 696.983
1.1128; 697.23
1.1154; 697.483
1.118; 697.742
1.1206; 698.007
1.1232; 698.279
1.1258; 698.56
1.1284; 698.851
1.131; 699.151
1.1336; 699.457
1.1362; 699.756
1.1388; 700.104
1.1414; 700.498
1.144; 700.896
1.1466; 701.314
1.1492; 701.754
1.1518; 702.203
1.1544; 702.661
1.157; 703.125
1.1596; 703.593
1.1622; 704.063
1.1648; 704.534
1.1674; 705.004
1.17; 705.471
1.1726; 705.933
1.1752; 706.386
1.1778; 706.921
1.1804; 707.539
1.183; 708.149
1.1856; 708.752
1.1882; 709.348
1.1908; 709.935
1.1934; 710.513
1.196; 711.08
1.1986; 711.634
1.2012; 712.176
1.2038; 712.702
1.2064; 713.212
1.209; 713.704
1.2116; 714.175
1.2142; 714.625
1.2168; 715.052
1.2194; 715.453
1.222; 715.827
1.2246; 716.173
1.2272; 716.488
1.2298; 716.773
1.2324; 717.024
1.235; 717.242
1.2376; 717.426
1.2402; 717.573
1.2428; 717.685
1.2454; 717.759
1.248; 717.796
