0.0026; 400
0.0052; 400
0.0078; 400
0.0104; 400
0.013; 400
0.0156; 400
0.0182; 400
0.0208; 400
0.0234; 400
0.026; 400
0.0286; 400
0.0312; 400
0.0338; 400
0.0364; 400
0.039; 400
0.0416; 400
0.0442; 400
0.0468; 400
0.0494; 400
0.052; 400
0.0546; 400
0.0572; 400
0.0598; 400
0.0624; 400
0.065; 400
0.0676; 400
0.0702; 400
0.0728; 400
0.0754; 400
0.078; 400
0.0806; 400
0.0832; 400
0.0858; 400
0.0884; 400
0.091; 400
0.0936; 400
0.0962; 400
0.0988; 400
0.1014; 400
0.104; 400
0.1066; 400
0.1092; 400
0.1118; 400
0.1144; 400
0.117; 400
0.1196; 400
0.1222; 400
0.1248; 400
0.1274; 400
0.13; 400
0.1326; 400
0.1352; 400
0.1378; 400
0.1404; 400
0.143; 400
0.1456; 400
0.1482; 400
0.1508; 400
0.1534; 400
0.156; 400
0.1586; 400
0.1612; 400
0.1638; 400
0.1664; 400
0.169; 400
0.1716; 400
0.1742; 400
0.1768; 400
0.1794; 400
0.182; 400
0.1846; 400
0.1872; 400
0.1898; 400
0.1924; 400
0.195; 400
0.1976; 400
0.2002; 400
0.2028; 400
0.2054; 400
0.208; 400
0.2106; 400
0.2132; 400
0.2158; 400
0.2184; 400
0.221; 400
0.2236; 400
0.2262; 400
0.2288; 400
0.2314; 400
0.234; 400
0.2366; 400
0.2392; 400
0.2418; 400
0.2444; 400
0.247; 400
0.2496; 400
0.2522; 400
0.2548; 400
0.2574; 400
0.26; 400
0.2626; 400
0.2652; 400
0.2678; 400
0.2704; 400
0.273; 400
0.2756; 400
0.2782; 400
0.2808; 400
0.2834; 400
0.286; 400
0.2886; 400
0.2912; 400
0.2938; 400
0.2964; 400
0.299; 400
0.3016; 400
0.3042; 400
0.3068; 400
0.3094; 400
0.312; 400
0.3146; 400
0.3172; 400
0.3198; 400
0.3224; 400
0.325; 400
0.3276; 400
0.3302; 400
0.3328; 400
0.3354; 400
0.338; 400
0.3406; 400
0.3432; 400
0.3458; 400
0.3484; 400
0.351; 400
0.3536; 400
0.3562; 400
0.3588; 400
0.3614; 400.001
0.364; 400.001
0.3666; 400.001
0.3692; 400.001
0.3718; 400.001
0.3744; 400.001
0.377; 400.001
0.3796; 400.001
0.3822; 400.001
0.3848; 400.002
0.3874; 400.002
0.39; 400.002
0.3926; 400.002
0.3952; 400.003
0.3978; 400.003
0.4004; 400.003
0.403; 400.004
0.4056; 400.004
0.4082; 400.004
0.4108; 400.005
0.4134; 400.006
0.416; 400.006
0.4186; 400.007
0.4212; 400.008
0.4238; 400.009
0.4264; 400.01
0.429; 400.011
0.4316; 400.013
0.4342; 400.014
0.4368; 400.016
0.4394; 400.018
0.442; 400.02
0.4446; 400.022
0.4472; 400.025
0.4498; 400.028
0.4524; 400.032
0.455; 400.035
0.4576; 400.04
0.4602; 400.044
0.4628; 400.05
0.4654; 400.055
0.468; 400.062
0.4706; 400.069
0.4732; 400.077
0.4758; 400.086
0.4784; 400.096
0.481; 400.108
0.4836; 400.12
0.4862; 400.133
0.4888; 400.148
0.4914; 400.165
0.494; 400.183
0.4966; 400.203
0.4992; 400.225
0.5018; 400.249
0.5044; 400.276
0.507; 400.305
0.5096; 400.337
0.5122; 400.373
0.5148; 400.411
0.5174; 400.453
0.52; 400.499
0.5226; 400.549
0.5252; 400.604
0.5278; 400.663
0.5304; 400.728
0.533; 400.798
0.5356; 400.875
0.5382; 400.957
0.5408; 401.047
0.5434; 401.144
0.546; 401.249
0.5486; 401.363
0.5512; 401.485
0.5538; 401.617
0.5564; 401.759
0.559; 401.912
0.5616; 402.077
0.5642; 402.254
0.5668; 402.443
0.5694; 402.647
0.572; 402.864
0.5746; 403.097
0.5772; 403.346
0.5798; 403.612
0.5824; 403.896
0.585; 404.198
0.5876; 404.52
0.5902; 404.862
0.5928; 405.226
0.5954; 405.613
0.598; 406.022
0.6006; 406.457
0.6032; 406.916
0.6058; 407.403
0.6084; 407.916
0.611; 408.459
0.6136; 409.031
0.6162; 409.634
0.6188; 410.269
0.6214; 410.936
0.624; 411.637
0.6266; 412.374
0.6292; 413.146
0.6318; 413.955
0.6344; 414.802
0.637; 415.688
0.6396; 416.614
0.6422; 417.581
0.6448; 418.589
0.6474; 419.64
0.65; 420.734
0.6526; 421.872
0.6552; 423.055
0.6578; 424.283
0.6604; 425.558
0.663; 426.879
0.6656; 428.247
0.6682; 429.662
0.6708; 431.125
0.6734; 432.637
0.676; 434.197
0.6786; 435.805
0.6812; 437.462
0.6838; 439.168
0.6864; 440.922
0.689; 442.725
0.6916; 444.576
0.6942; 446.475
0.6968; 448.421
0.6994; 450.415
0.702; 452.455
0.7046; 454.541
0.7072; 456.672
0.7098; 458.848
0.7124; 461.067
0.715; 463.33
0.7176; 465.634
0.7202; 467.978
0.7228; 470.362
0.7254; 472.785
0.728; 475.245
0.7306; 477.741
0.7332; 480.272
0.7358; 482.836
0.7384; 485.433
0.741; 488.06
0.7436; 490.718
0.7462; 493.405
0.7488; 496.12
0.7514; 498.864
0.754; 501.636
0.7566; 504.438
0.7592; 507.27
0.7618; 510.136
0.7644; 513.039
0.767; 515.981
0.7696; 518.968
0.7722; 521.998
0.7748; 525.069
0.7774; 528.174
0.78; 531.309
0.7826; 534.467
0.7852; 537.638
0.7878; 540.814
0.7904; 543.983
0.793; 547.14
0.7956; 550.279
0.7982; 553.399
0.8008; 556.497
0.8034; 559.574
0.806; 562.627
0.8086; 565.658
0.8112; 568.665
0.8138; 571.653
0.8164; 574.641
0.819; 577.9
0.8216; 581.394
0.8242; 584.869
0.8268; 588.316
0.8294; 591.736
0.832; 595.133
0.8346; 598.507
0.8372; 601.856
0.8398; 605.184
0.8424; 608.496
0.845; 611.814
0.8476; 614.976
0.8502; 617.888
0.8528; 620.652
0.8554; 623.345
0.858; 625.991
0.8606; 628.595
0.8632; 631.16
0.8658; 633.686
0.8684; 636.174
0.871; 638.622
0.8736; 641.033
0.8762; 643.406
0.8788; 645.744
0.8814; 648.05
0.884; 650.321
0.8866; 652.613
0.8892; 654.919
0.8918; 657.112
0.8944; 659.205
0.897; 661.204
0.8996; 663.112
0.9022; 664.926
0.9048; 666.647
0.9074; 668.274
0.91; 669.807
0.9126; 671.244
0.9152; 672.586
0.9178; 673.833
0.9204; 674.987
0.923; 676.05
0.9256; 677.023
0.9282; 677.909
0.9308; 678.711
0.9334; 679.433
0.936; 680.08
0.9386; 680.655
0.9412; 681.164
0.9438; 681.61
0.9464; 682
0.949; 682.338
0.9516; 682.631
0.9542; 682.883
0.9568; 683.1
0.9594; 683.289
0.962; 683.453
0.9646; 683.599
0.9672; 683.732
0.9698; 683.856
0.9724; 683.978
0.975; 684.101
0.9776; 684.23
0.9802; 684.367
0.9828; 684.517
0.9854; 684.682
0.988; 684.864
0.9906; 685.066
0.9932; 685.288
0.9958; 685.532
0.9984; 685.796
1.001; 686.079
1.0036; 686.387
1.0062; 686.766
1.0088; 687.145
1.0114; 687.542
1.014; 687.958
1.0166; 688.386
1.0192; 688.823
1.0218; 689.268
1.0244; 689.717
1.027; 690.169
1.0296; 690.62
1.0322; 691.068
1.0348; 691.512
1.0374; 691.948
1.04; 692.374
1.0426; 692.788
1.0452; 693.186
1.0478; 693.598
1.0504; 694.016
1.053; 694.407
1.0556; 694.77
1.0582; 695.105
1.0608; 695.41
1.0634; 695.684
1.066; 695.927
1.0686; 696.135
1.0712; 696.31
1.0738; 696.45
1.0764; 696.555
1.079; 696.625
1.0816; 696.661
1.0842; 696.665
1.0868; 696.638
1.0894; 696.583
1.092; 696.501
1.0946; 696.397
1.0972; 696.274
1.0998; 696.136
1.1024; 695.987
1.105; 695.832
1.1076; 695.674
1.1102; 695.52
1.1128; 695.372
1.1154; 695.237
1.118; 695.119
1.1206; 695.022
1.1232; 694.953
1.1258; 694.914
1.1284; 694.911
1.131; 694.947
1.1336; 695.019
1.1362; 695.117
1.1388; 695.315
1.1414; 695.595
1.144; 695.901
1.1466; 696.253
1.1492; 696.658
1.1518; 697.099
1.1544; 697.577
1.157; 698.087
1.1596; 698.628
1.1622; 699.198
1.1648; 699.793
1.1674; 700.413
1.17; 701.054
1.1726; 701.714
1.1752; 702.389
1.1778; 703.194
1.1804; 704.147
1.183; 705.137
1.1856; 706.161
1.1882; 707.215
1.1908; 708.295
1.1934; 709.395
1.196; 710.509
1.1986; 711.631
1.2012; 712.755
1.2038; 713.873
1.2064; 714.98
1.209; 716.067
1.2116; 717.129
1.2142; 718.157
1.2168; 719.144
1.2194; 720.085
1.222; 720.973
1.2246; 721.801
1.2272; 722.563
1.2298; 723.255
1.2324; 723.872
1.235; 724.409
1.2376; 724.862
1.2402; 725.228
1.2428; 725.506
1.2454; 725.691
1.248; 725.785
