0.0026; 400
0.0052; 400
0.0078; 400
0.0104; 400
0.013; 400
0.0156; 400
0.0182; 400
0.0208; 400
0.0234; 400
0.026; 400
0.0286; 400
0.0312; 400
0.0338; 400
0.0364; 400
0.039; 400
0.0416; 400
0.0442; 400
0.0468; 400
0.0494; 400
0.052; 400
0.0546; 400
0.0572; 400
0.0598; 400
0.0624; 400
0.065; 400
0.0676; 400
0.0702; 400
0.0728; 400
0.0754; 400
0.078; 400
0.0806; 400
0.0832; 400
0.0858; 400
0.0884; 400
0.091; 400
0.0936; 400
0.0962; 400
0.0988; 400
0.1014; 400
0.104; 400
0.1066; 400
0.1092; 400
0.1118; 400
0.1144; 400
0.117; 400
0.1196; 400
0.1222; 400
0.1248; 400
0.1274; 400
0.13; 400
0.1326; 400
0.1352; 400
0.1378; 400
0.1404; 400
0.143; 400
0.1456; 400
0.1482; 400
0.1508; 400
0.1534; 400
0.156; 400
0.1586; 400
0.1612; 400
0.1638; 400
0.1664; 400
0.169; 400
0.1716; 400
0.1742; 400
0.1768; 400
0.1794; 400
0.182; 400
0.1846; 400
0.1872; 400
0.1898; 400
0.1924; 400
0.195; 400
0.1976; 400
0.2002; 400
0.2028; 400
0.2054; 400
0.208; 400
0.2106; 400
0.2132; 400
0.2158; 400
0.2184; 400
0.221; 400
0.2236; 400
0.2262; 400
0.2288; 400
0.2314; 400
0.234; 400
0.2366; 400
0.2392; 400
0.2418; 400
0.2444; 400
0.247; 400
0.2496; 400
0.2522; 400
0.2548; 400
0.2574; 400
0.26; 400
0.2626; 400
0.2652; 400
0.2678; 400
0.2704; 400
0.273; 400
0.2756; 400
0.2782; 400
0.2808; 400
0.2834; 400
0.286; 400
0.2886; 400
0.2912; 400
0.2938; 400
0.2964; 400
0.299; 400
0.3016; 400
0.3042; 400
0.3068; 400
0.3094; 400
0.312; 400
0.3146; 400
0.3172; 400
0.3198; 400
0.3224; 400
0.325; 400
0.3276; 400
0.3302; 400
0.3328; 400
0.3354; 400
0.338; 400
0.3406; 400
0.3432; 400
0.3458; 400
0.3484; 400
0.351; 400
0.3536; 400
0.3562; 400
0.3588; 400
0.3614; 400
0.364; 400
0.3666; 400
0.3692; 400
0.3718; 400
0.3744; 400
0.377; 400
0.3796; 400
0.3822; 400
0.3848; 400
0.3874; 400
0.39; 400
0.3926; 400
0.3952; 400
0.3978; 400
0.4004; 400
0.403; 400
0.4056; 400
0.4082; 400
0.4108; 400
0.4134; 400
0.416; 400
0.4186; 400
0.4212; 400
0.4238; 400
0.4264; 400
0.429; 400
0.4316; 400
0.4342; 400
0.4368; 400
0.4394; 400
0.442; 400
0.4446; 400
0.4472; 400
0.4498; 400
0.4524; 400
0.455; 400
0.4576; 400.001
0.4602; 400.001
0.4628; 400.001
0.4654; 400.001
0.468; 400.001
0.4706; 400.001
0.4732; 400.001
0.4758; 400.002
0.4784; 400.002
0.481; 400.002
0.4836; 400.003
0.4862; 400.003
0.4888; 400.004
0.4914; 400.004
0.494; 400.005
0.4966; 400.006
0.4992; 400.007
0.5018; 400.008
0.5044; 400.009
0.507; 400.011
0.5096; 400.012
0.5122; 400.014
0.5148; 400.017
0.5174; 400.019
0.52; 400.022
0.5226; 400.026
0.5252; 400.03
0.5278; 400.035
0.5304; 400.041
0.533; 400.047
0.5356; 400.054
0.5382; 400.062
0.5408; 400.072
0.5434; 400.082
0.546; 400.095
0.5486; 400.109
0.5512; 400.124
0.5538; 400.142
0.5564; 400.163
0.559; 400.186
0.5616; 400.211
0.5642; 400.241
0.5668; 400.273
0.5694; 400.31
0.572; 400.352
0.5746; 400.398
0.5772; 400.449
0.5798; 400.507
0.5824; 400.571
0.585; 400.643
0.5876; 400.722
0.5902; 400.81
0.5928; 400.908
0.5954; 401.016
0.598; 401.135
0.6006; 401.267
0.6032; 401.411
0.6058; 401.571
0.6084; 401.745
0.611; 401.937
0.6136; 402.146
0.6162; 402.375
0.6188; 402.625
0.6214; 402.897
0.624; 403.193
0.6266; 403.515
0.6292; 403.864
0.6318; 404.242
0.6344; 404.651
0.637; 405.093
0.6396; 405.57
0.6422; 406.083
0.6448; 406.635
0.6474; 407.228
0.65; 407.864
0.6526; 408.545
0.6552; 409.273
0.6578; 410.051
0.6604; 410.88
0.663; 411.762
0.6656; 412.701
0.6682; 413.697
0.6708; 414.754
0.6734; 415.872
0.676; 417.054
0.6786; 418.302
0.6812; 419.618
0.6838; 421.003
0.6864; 422.458
0.689; 423.986
0.6916; 425.587
0.6942; 427.262
0.6968; 429.013
0.6994; 430.841
0.702; 432.745
0.7046; 434.726
0.7072; 436.785
0.7098; 438.921
0.7124; 441.134
0.715; 443.423
0.7176; 445.789
0.7202; 448.229
0.7228; 450.743
0.7254; 453.329
0.728; 455.986
0.7306; 458.712
0.7332; 461.504
0.7358; 464.36
0.7384; 467.279
0.741; 470.257
0.7436; 473.293
0.7462; 476.382
0.7488; 479.524
0.7514; 482.716
0.754; 485.957
0.7566; 489.246
0.7592; 492.582
0.7618; 495.966
0.7644; 499.401
0.767; 502.889
0.7696; 506.432
0.7722; 510.029
0.7748; 513.673
0.7774; 517.356
0.78; 521.068
0.7826; 524.799
0.7852; 528.538
0.7878; 532.271
0.7904; 535.984
0.793; 539.667
0.7956; 543.316
0.7982; 546.926
0.8008; 550.495
0.8034; 554.022
0.806; 557.506
0.8086; 560.945
0.8112; 564.339
0.8138; 567.688
0.8164; 571.01
0.819; 574.636
0.8216; 578.522
0.8242; 582.363
0.8268; 586.159
0.8294; 589.917
0.832; 593.645
0.8346; 597.347
0.8372; 601.03
0.8398; 604.701
0.8424; 608.373
0.845; 612.079
0.8476; 615.648
0.8502; 618.955
0.8528; 622.105
0.8554; 625.182
0.858; 628.212
0.8606; 631.202
0.8632; 634.155
0.8658; 637.072
0.8684; 639.952
0.871; 642.796
0.8736; 645.605
0.8762; 648.379
0.8788; 651.121
0.8814; 653.837
0.884; 656.524
0.8866; 659.278
0.8892; 662.09
0.8918; 664.801
0.8944; 667.418
0.897; 669.942
0.8996; 672.365
0.9022; 674.679
0.9048; 676.873
0.9074; 678.938
0.91; 680.864
0.9126; 682.642
0.9152; 684.264
0.9178; 685.722
0.9204; 687.011
0.923; 688.126
0.9256; 689.066
0.9282; 689.829
0.9308; 690.417
0.9334; 690.832
0.936; 691.08
0.9386; 691.165
0.9412; 691.097
0.9438; 690.884
0.9464; 690.536
0.949; 690.066
0.9516; 689.487
0.9542; 688.812
0.9568; 688.055
0.9594; 687.233
0.962; 686.359
0.9646; 685.451
0.9672; 684.524
0.9698; 683.594
0.9724; 682.677
0.975; 681.787
0.9776; 680.94
0.9802; 680.15
0.9828; 679.431
0.9854; 678.794
0.988; 678.252
0.9906; 677.816
0.9932; 677.496
0.9958; 677.299
0.9984; 677.231
1.001; 677.297
1.0036; 677.505
1.0062; 677.908
1.0088; 678.362
1.0114; 678.891
1.014; 679.499
1.0166; 680.18
1.0192; 680.926
1.0218; 681.735
1.0244; 682.598
1.027; 683.511
1.0296; 684.465
1.0322; 685.454
1.0348; 686.47
1.0374; 687.504
1.04; 688.548
1.0426; 689.592
1.0452; 690.626
1.0478; 691.724
1.0504; 692.927
1.053; 694.13
1.0556; 695.317
1.0582; 696.471
1.0608; 697.572
1.0634; 698.604
1.066; 699.549
1.0686; 700.391
1.0712; 701.116
1.0738; 701.709
1.0764; 702.159
1.079; 702.458
1.0816; 702.599
1.0842; 702.579
1.0868; 702.397
1.0894; 702.055
1.092; 701.558
1.0946; 700.913
1.0972; 700.131
1.0998; 699.226
1.1024; 698.212
1.105; 697.107
1.1076; 695.929
1.1102; 694.7
1.1128; 693.441
1.1154; 692.173
1.118; 690.919
1.1206; 689.702
1.1232; 688.541
1.1258; 687.458
1.1284; 686.471
1.131; 685.595
1.1336; 684.837
1.1362; 684.195
1.1388; 683.809
1.1414; 683.625
1.144; 683.53
1.1466; 683.56
1.1492; 683.73
1.1518; 684.021
1.1544; 684.431
1.157; 684.955
1.1596; 685.586
1.1622; 686.321
1.1648; 687.155
1.1674; 688.082
1.17; 689.096
1.1726; 690.189
1.1752; 691.357
1.1778; 692.782
1.1804; 694.521
1.183; 696.395
1.1856; 698.39
1.1882; 700.489
1.1908; 702.673
1.1934; 704.923
1.196; 707.219
1.1986; 709.539
1.2012; 711.865
1.2038; 714.177
1.2064; 716.456
1.209; 718.683
1.2116; 720.843
1.2142; 722.919
1.2168; 724.898
1.2194; 726.766
1.222; 728.512
1.2246; 730.127
1.2272; 731.601
1.2298; 732.928
1.2324; 734.1
1.235; 735.114
1.2376; 735.964
1.2402; 736.648
1.2428; 737.163
1.2454; 737.507
1.248; 737.679
