0.00026; 0
0.00052; 0
0.00078; 0
0.00104; 0
0.0013; 0
0.00156; 0
0.00182; 0
0.00208; 0
0.00234; 0
0.0026; 0
0.00286; 0
0.00312; 0
0.00338; 0
0.00364; 0
0.0039; 0
0.00416; 0
0.00442; 0
0.00468; 0
0.00494; 0
0.0052; 0
0.00546; 0
0.00572; 0
0.00598; 0
0.00624; 0
0.0065; 0
0.00676; 0
0.00702; 0
0.00728; 0
0.00754; 0
0.0078; 0
0.00806; 0
0.00832; 0
0.00858; 0
0.00884; 0
0.0091; 0
0.00936; 0
0.00962; 0
0.00988; 0
0.01014; 0
0.0104; 0
0.01066; 0
0.01092; 0
0.01118; 0
0.01144; 0
0.0117; 0
0.01196; 0
0.01222; 0
0.01248; 0
0.01274; 0
0.013; 0
0.01326; 0
0.01352; 0
0.01378; 0
0.01404; 0
0.0143; 0
0.01456; 0
0.01482; 0
0.01508; 0
0.01534; 0
0.0156; 0
0.01586; 0
0.01612; 0
0.01638; 0
0.01664; 0
0.0169; 0
0.01716; 0
0.01742; 0
0.01768; 0
0.01794; 0
0.0182; 0
0.01846; 0
0.01872; 0
0.01898; 0
0.01924; 0
0.0195; 0
0.01976; 0
0.02002; 0
0.02028; 0
0.02054; 0
0.0208; 0
0.02106; 0
0.02132; 0
0.02158; 0
0.02184; 0
0.0221; 0
0.02236; 0
0.02262; 0
0.02288; 0
0.02314; 0
0.0234; 0
0.02366; 0
0.02392; 0
0.02418; 0
0.02444; 0
0.0247; 0
0.02496; 0
0.02522; 0
0.02548; 0
0.02574; 0
0.026; 0
0.02626; 0
0.02652; 0
0.02678; 0
0.02704; 0
0.0273; 0
0.02756; 0
0.02782; 0
0.02808; 0
0.02834; 0
0.0286; 0
0.02886; 0
0.02912; 0
0.02938; 0
0.02964; 0
0.0299; 0
0.03016; 0
0.03042; 0
0.03068; 0
0.03094; 0
0.0312; 0
0.03146; 0
0.03172; 0
0.03198; 0
0.03224; 0
0.0325; 0
0.03276; 897.973
0.03302; 897.958
0.03328; 897.948
0.03354; 897.91
0.0338; 897.878
0.03406; 897.819
0.03432; 897.765
0.03458; 897.684
0.03484; 897.609
0.0351; 897.506
0.03536; 897.408
0.03562; 897.284
0.03588; 897.165
0.03614; 897.018
0.0364; 896.877
0.03666; 896.708
0.03692; 896.544
0.03718; 896.353
0.03744; 896.167
0.0377; 895.954
0.03796; 895.745
0.03822; 895.51
0.03848; 895.279
0.03874; 895.021
0.039; 894.767
0.03926; 894.485
0.03952; 894.208
0.03978; 893.903
0.04004; 893.603
0.0403; 893.275
0.04056; 892.951
0.04082; 892.6
0.04108; 892.251
0.04134; 891.876
0.0416; 891.504
0.04186; 891.105
0.04212; 890.708
0.04238; 890.285
0.04264; 889.863
0.0429; 889.415
0.04316; 888.969
0.04342; 888.497
0.04368; 888.027
0.04394; 887.528
0.0442; 887.032
0.04446; 886.507
0.04472; 885.986
0.04498; 885.436
0.04524; 884.889
0.0455; 884.312
0.04576; 883.738
0.04602; 883.134
0.04628; 882.533
0.04654; 881.902
0.0468; 881.274
0.04706; 880.616
0.04732; 879.96
0.04758; 879.274
0.04784; 878.59
0.0481; 877.875
0.04836; 877.162
0.04862; 876.419
0.04888; 875.677
0.04914; 874.904
0.0494; 874.133
0.04966; 873.33
0.04992; 872.528
0.05018; 871.696
0.05044; 870.863
0.0507; 869.999
0.05096; 869.135
0.05122; 868.24
0.05148; 867.344
0.05174; 866.417
0.052; 865.488
0.05226; 864.528
0.05252; 863.565
0.05278; 862.572
0.05304; 861.575
0.0533; 860.547
0.05356; 859.515
0.05382; 858.452
0.05408; 857.385
0.05434; 856.285
0.0546; 855.181
0.05486; 854.044
0.05512; 852.902
0.05538; 851.727
0.05564; 850.546
0.0559; 849.332
0.05616; 848.111
0.05642; 846.858
0.05668; 845.596
0.05694; 844.3
0.0572; 842.996
0.05746; 841.658
0.05772; 840.31
0.05798; 838.928
0.05824; 837.535
0.0585; 836.107
0.05876; 834.668
0.05902; 833.194
0.05928; 831.707
0.05954; 830.184
0.0598; 828.648
0.06006; 827.075
0.06032; 825.488
0.06058; 823.864
0.06084; 822.224
0.0611; 820.548
0.06136; 818.853
0.06162; 817.123
0.06188; 815.373
0.06214; 813.586
0.0624; 811.779
0.06266; 809.935
0.06292; 808.069
0.06318; 806.166
0.06344; 804.24
0.0637; 802.277
0.06396; 800.291
0.06422; 798.267
0.06448; 796.219
0.06474; 794.133
0.065; 792.023
0.06526; 789.875
0.06552; 787.703
0.06578; 785.494
0.06604; 783.26
0.0663; 780.991
0.06656; 778.698
0.06682; 776.37
0.06708; 774.019
0.06734; 771.636
0.0676; 769.23
0.06786; 766.795
0.06812; 764.339
0.06838; 761.858
0.06864; 759.357
0.0689; 756.835
0.06916; 754.296
0.06942; 751.74
0.06968; 749.17
0.06994; 746.588
0.0702; 743.996
0.07046; 741.396
0.07072; 738.79
0.07098; 736.182
0.07124; 733.571
0.0715; 730.962
0.07176; 728.354
0.07202; 725.754
0.07228; 723.157
0.07254; 720.572
0.0728; 717.994
0.07306; 715.431
0.07332; 712.877
0.07358; 710.342
0.07384; 707.817
0.0741; 705.315
0.07436; 702.824
0.07462; 700.358
0.07488; 697.904
0.07514; 695.477
0.0754; 693.063
0.07566; 690.677
0.07592; 688.304
0.07618; 685.961
0.07644; 683.631
0.0767; 681.331
0.07696; 679.044
0.07722; 676.789
0.07748; 674.546
0.07774; 672.336
0.078; 670.137
0.07826; 667.971
0.07852; 665.816
0.07878; 663.695
0.07904; 661.584
0.0793; 659.507
0.07956; 657.439
0.07982; 655.405
0.08008; 653.38
0.08034; 651.39
0.0806; 649.408
0.08086; 647.462
0.08112; 645.522
0.08138; 643.618
0.08164; 641.719
0.0819; 639.857
0.08216; 638
0.08242; 636.18
0.08268; 634.364
0.08294; 632.585
0.0832; 630.809
0.08346; 629.072
0.08372; 627.336
0.08398; 625.639
0.08424; 623.944
0.0845; 622.287
0.08476; 620.631
0.08502; 619.015
0.08528; 617.399
0.08554; 615.823
0.0858; 614.246
0.08606; 612.71
0.08632; 611.172
0.08658; 609.675
0.08684; 608.176
0.0871; 606.719
0.08736; 605.258
0.08762; 603.84
0.08788; 602.418
0.08814; 601.039
0.0884; 599.656
0.08866; 598.317
0.08892; 596.973
0.08918; 595.672
0.08944; 594.367
0.0897; 593.105
0.08996; 591.838
0.09022; 590.615
0.09048; 589.387
0.09074; 588.203
0.091; 587.013
0.09126; 585.869
0.09152; 584.718
0.09178; 583.613
0.09204; 582.501
0.0923; 581.434
0.09256; 580.36
0.09282; 579.333
0.09308; 578.299
0.09334; 577.31
0.0936; 576.315
0.09386; 575.366
0.09412; 574.409
0.09438; 573.499
0.09464; 572.581
0.0949; 571.711
0.09516; 570.832
0.09542; 570.002
0.09568; 569.162
0.09594; 568.372
0.0962; 567.571
0.09646; 566.821
0.09672; 566.06
0.09698; 565.349
0.09724; 564.627
0.0975; 563.955
0.09776; 563.272
0.09802; 562.64
0.09828; 561.998
0.09854; 561.405
0.0988; 560.803
0.09906; 560.249
0.09932; 559.685
0.09958; 559.171
0.09984; 558.646
0.1001; 558.173
0.10036; 557.688
0.10062; 557.254
0.10088; 556.808
0.10114; 556.414
0.1014; 556.007
0.10166; 555.652
0.10192; 555.285
0.10218; 554.969
0.10244; 554.642
0.1027; 554.365
0.10296; 554.075
0.10322; 553.838
0.10348; 553.588
0.10374; 553.389
0.104; 553.178
0.10426; 553.018
0.10452; 552.845
0.10478; 552.724
0.10504; 552.589
0.1053; 552.505
0.10556; 552.406
0.10582; 552.357
0.10608; 552.29
0.10634; 552.274
0.1066; 0
0.10686; 0
0.10712; 0
0.10738; 0
0.10764; 0
0.1079; 0
0.10816; 0
0.10842; 0
0.10868; 0
0.10894; 0
0.1092; 0
0.10946; 0
0.10972; 0
0.10998; 0
0.11024; 0
0.1105; 0
0.11076; 0
0.11102; 0
0.11128; 0
0.11154; 0
0.1118; 0
0.11206; 0
0.11232; 0
0.11258; 0
0.11284; 0
0.1131; 0
0.11336; 0
0.11362; 0
0.11388; 0
0.11414; 0
0.1144; 0
0.11466; 0
0.11492; 0
0.11518; 0
0.11544; 0
0.1157; 0
0.11596; 0
0.11622; 0
0.11648; 0
0.11674; 0
0.117; 0
0.11726; 0
0.11752; 0
0.11778; 0
0.11804; 0
0.1183; 0
0.11856; 0
0.11882; 0
0.11908; 0
0.11934; 0
0.1196; 0
0.11986; 0
0.12012; 0
0.12038; 0
0.12064; 0
0.1209; 0
0.12116; 0
0.12142; 0
0.12168; 0
0.12194; 0
0.1222; 0
0.12246; 0
0.12272; 0
0.12298; 0
0.12324; 0
0.1235; 0
0.12376; 0
0.12402; 0
0.12428; 0
0.12454; 0
0.1248; 0
