0.0026; 400
0.0052; 400
0.0078; 400
0.0104; 400
0.013; 400
0.0156; 400
0.0182; 400
0.0208; 400
0.0234; 400
0.026; 400
0.0286; 400
0.0312; 400
0.0338; 400
0.0364; 400
0.039; 400
0.0416; 400
0.0442; 400
0.0468; 400
0.0494; 400
0.052; 400
0.0546; 400
0.0572; 400
0.0598; 400
0.0624; 400
0.065; 400
0.0676; 400
0.0702; 400
0.0728; 400
0.0754; 400
0.078; 400
0.0806; 400
0.0832; 400
0.0858; 400
0.0884; 400
0.091; 400
0.0936; 400
0.0962; 400
0.0988; 400
0.1014; 400
0.104; 400
0.1066; 400
0.1092; 400
0.1118; 400
0.1144; 400
0.117; 400
0.1196; 400
0.1222; 400
0.1248; 400
0.1274; 400
0.13; 400
0.1326; 400
0.1352; 400
0.1378; 400
0.1404; 400
0.143; 400
0.1456; 400
0.1482; 400
0.1508; 400
0.1534; 400
0.156; 400
0.1586; 400
0.1612; 400
0.1638; 400
0.1664; 400
0.169; 400
0.1716; 400
0.1742; 400
0.1768; 400
0.1794; 400
0.182; 400
0.1846; 400
0.1872; 400
0.1898; 400
0.1924; 400
0.195; 400
0.1976; 400
0.2002; 400
0.2028; 400
0.2054; 400
0.208; 400
0.2106; 400
0.2132; 400
0.2158; 400
0.2184; 400
0.221; 400
0.2236; 400
0.2262; 400
0.2288; 400
0.2314; 400
0.234; 400
0.2366; 400
0.2392; 400
0.2418; 400
0.2444; 400
0.247; 400
0.2496; 400
0.2522; 400
0.2548; 400
0.2574; 400
0.26; 400
0.2626; 400
0.2652; 400
0.2678; 400
0.2704; 400
0.273; 400
0.2756; 400
0.2782; 400
0.2808; 400
0.2834; 400
0.286; 400
0.2886; 400
0.2912; 400
0.2938; 400
0.2964; 400
0.299; 400
0.3016; 400
0.3042; 400
0.3068; 400
0.3094; 400
0.312; 400
0.3146; 400
0.3172; 400
0.3198; 400
0.3224; 400
0.325; 400.001
0.3276; 400.001
0.3302; 400.001
0.3328; 400.001
0.3354; 400.001
0.338; 400.001
0.3406; 400.001
0.3432; 400.001
0.3458; 400.001
0.3484; 400.001
0.351; 400.001
0.3536; 400.002
0.3562; 400.002
0.3588; 400.002
0.3614; 400.002
0.364; 400.002
0.3666; 400.003
0.3692; 400.003
0.3718; 400.003
0.3744; 400.004
0.377; 400.004
0.3796; 400.005
0.3822; 400.005
0.3848; 400.006
0.3874; 400.006
0.39; 400.007
0.3926; 400.008
0.3952; 400.009
0.3978; 400.01
0.4004; 400.011
0.403; 400.012
0.4056; 400.013
0.4082; 400.015
0.4108; 400.016
0.4134; 400.018
0.416; 400.02
0.4186; 400.022
0.4212; 400.025
0.4238; 400.028
0.4264; 400.031
0.429; 400.034
0.4316; 400.038
0.4342; 400.042
0.4368; 400.047
0.4394; 400.052
0.442; 400.057
0.4446; 400.064
0.4472; 400.07
0.4498; 400.078
0.4524; 400.086
0.455; 400.096
0.4576; 400.106
0.4602; 400.117
0.4628; 400.129
0.4654; 400.142
0.468; 400.157
0.4706; 400.173
0.4732; 400.191
0.4758; 400.21
0.4784; 400.231
0.481; 400.255
0.4836; 400.28
0.4862; 400.307
0.4888; 400.337
0.4914; 400.37
0.494; 400.405
0.4966; 400.444
0.4992; 400.485
0.5018; 400.531
0.5044; 400.58
0.507; 400.633
0.5096; 400.691
0.5122; 400.753
0.5148; 400.82
0.5174; 400.893
0.52; 400.971
0.5226; 401.056
0.5252; 401.147
0.5278; 401.245
0.5304; 401.35
0.533; 401.463
0.5356; 401.584
0.5382; 401.714
0.5408; 401.853
0.5434; 402.002
0.546; 402.161
0.5486; 402.331
0.5512; 402.513
0.5538; 402.707
0.5564; 402.914
0.559; 403.134
0.5616; 403.368
0.5642; 403.617
0.5668; 403.882
0.5694; 404.162
0.572; 404.46
0.5746; 404.776
0.5772; 405.11
0.5798; 405.463
0.5824; 405.836
0.585; 406.231
0.5876; 406.647
0.5902; 407.086
0.5928; 407.549
0.5954; 408.036
0.598; 408.548
0.6006; 409.086
0.6032; 409.651
0.6058; 410.244
0.6084; 410.866
0.611; 411.517
0.6136; 412.199
0.6162; 412.912
0.6188; 413.658
0.6214; 414.436
0.624; 415.248
0.6266; 416.094
0.6292; 416.976
0.6318; 417.894
0.6344; 418.849
0.637; 419.841
0.6396; 420.872
0.6422; 421.941
0.6448; 423.05
0.6474; 424.199
0.65; 425.388
0.6526; 426.619
0.6552; 427.89
0.6578; 429.204
0.6604; 430.56
0.663; 431.958
0.6656; 433.399
0.6682; 434.883
0.6708; 436.41
0.6734; 437.98
0.676; 439.593
0.6786; 441.25
0.6812; 442.949
0.6838; 444.692
0.6864; 446.477
0.689; 448.304
0.6916; 450.174
0.6942; 452.086
0.6968; 454.038
0.6994; 456.032
0.702; 458.065
0.7046; 460.138
0.7072; 462.25
0.7098; 464.4
0.7124; 466.588
0.715; 468.812
0.7176; 471.071
0.7202; 473.365
0.7228; 475.693
0.7254; 478.053
0.728; 480.444
0.7306; 482.867
0.7332; 485.318
0.7358; 487.798
0.7384; 490.305
0.741; 492.839
0.7436; 495.398
0.7462; 497.982
0.7488; 500.59
0.7514; 503.223
0.754; 505.88
0.7566; 508.563
0.7592; 511.274
0.7618; 514.013
0.7644; 516.786
0.767; 519.595
0.7696; 522.443
0.7722; 525.33
0.7748; 528.254
0.7774; 531.209
0.78; 534.19
0.7826; 537.19
0.7852; 540.203
0.7878; 543.218
0.7904; 546.227
0.793; 549.223
0.7956; 552.202
0.7982; 555.163
0.8008; 558.105
0.8034; 561.026
0.806; 563.927
0.8086; 566.806
0.8112; 569.665
0.8138; 572.506
0.8164; 575.35
0.819; 578.452
0.8216; 581.774
0.8242; 585.075
0.8268; 588.344
0.8294; 591.586
0.832; 594.801
0.8346; 597.991
0.8372; 601.155
0.8398; 604.296
0.8424; 607.418
0.845; 610.544
0.8476; 613.52
0.8502; 616.26
0.8528; 618.862
0.8554; 621.4
0.858; 623.896
0.8606; 626.357
0.8632; 628.784
0.8658; 631.178
0.8684; 633.539
0.871; 635.868
0.8736; 638.165
0.8762; 640.432
0.8788; 642.67
0.8814; 644.883
0.884; 647.067
0.8866; 649.27
0.8892; 651.49
0.8918; 653.609
0.8944; 655.637
0.897; 657.584
0.8996; 659.449
0.9022; 661.233
0.9048; 662.937
0.9074; 664.559
0.91; 666.1
0.9126; 667.559
0.9152; 668.937
0.9178; 670.234
0.9204; 671.451
0.923; 672.59
0.9256; 673.653
0.9282; 674.641
0.9308; 675.558
0.9334; 676.406
0.936; 677.189
0.9386; 677.91
0.9412; 678.573
0.9438; 679.181
0.9464; 679.738
0.949; 680.25
0.9516; 680.719
0.9542; 681.149
0.9568; 681.546
0.9594; 681.913
0.962; 682.254
0.9646; 682.572
0.9672; 682.873
0.9698; 683.16
0.9724; 683.436
0.975; 683.704
0.9776; 683.968
0.9802; 684.23
0.9828; 684.492
0.9854; 684.755
0.988; 685.022
0.9906; 685.293
0.9932; 685.57
0.9958; 685.852
0.9984; 686.138
1.001; 686.426
1.0036; 686.725
1.0062; 687.082
1.0088; 687.435
1.0114; 687.8
1.014; 688.177
1.0166; 688.56
1.0192; 688.946
1.0218; 689.335
1.0244; 689.723
1.027; 690.11
1.0296; 690.494
1.0322; 690.873
1.0348; 691.245
1.0374; 691.609
1.04; 691.963
1.0426; 692.306
1.0452; 692.636
1.0478; 692.977
1.0504; 693.318
1.053; 693.636
1.0556; 693.93
1.0582; 694.202
1.0608; 694.453
1.0634; 694.683
1.066; 694.891
1.0686; 695.079
1.0712; 695.247
1.0738; 695.394
1.0764; 695.521
1.079; 695.63
1.0816; 695.72
1.0842; 695.793
1.0868; 695.852
1.0894; 695.896
1.092; 695.929
1.0946; 695.953
1.0972; 695.969
1.0998; 695.981
1.1024; 695.991
1.105; 696.001
1.1076; 696.014
1.1102; 696.034
1.1128; 696.061
1.1154; 696.101
1.118; 696.154
1.1206; 696.224
1.1232; 696.314
1.1258; 696.426
1.1284; 696.564
1.131; 696.728
1.1336; 696.917
1.1362; 697.118
1.1388; 697.395
1.1414; 697.738
1.144; 698.098
1.1466; 698.493
1.1492; 698.927
1.1518; 699.386
1.1544; 699.869
1.157; 700.373
1.1596; 700.895
1.1622; 701.435
1.1648; 701.99
1.1674; 702.557
1.17; 703.135
1.1726; 703.722
1.1752; 704.313
1.1778; 705.014
1.1804; 705.834
1.183; 706.671
1.1856; 707.524
1.1882; 708.391
1.1908; 709.269
1.1934; 710.154
1.196; 711.042
1.1986; 711.929
1.2012; 712.812
1.2038; 713.685
1.2064; 714.544
1.209; 715.385
1.2116; 716.201
1.2142; 716.99
1.2168; 717.745
1.2194; 718.463
1.222; 719.138
1.2246; 719.767
1.2272; 720.345
1.2298; 720.869
1.2324; 721.335
1.235; 721.74
1.2376; 722.083
1.2402; 722.359
1.2428; 722.568
1.2454; 722.708
1.248; 722.778
