0.0026; 400
0.0052; 400
0.0078; 400
0.0104; 400
0.013; 400
0.0156; 400
0.0182; 400
0.0208; 400
0.0234; 400
0.026; 400
0.0286; 400
0.0312; 400
0.0338; 400
0.0364; 400
0.039; 400
0.0416; 400
0.0442; 400
0.0468; 400
0.0494; 400
0.052; 400
0.0546; 400
0.0572; 400
0.0598; 400
0.0624; 400
0.065; 400
0.0676; 400
0.0702; 400
0.0728; 400
0.0754; 400
0.078; 400
0.0806; 400
0.0832; 400
0.0858; 400
0.0884; 400
0.091; 400
0.0936; 400
0.0962; 400
0.0988; 400
0.1014; 400
0.104; 400
0.1066; 400
0.1092; 400
0.1118; 400
0.1144; 400
0.117; 400
0.1196; 400
0.1222; 400
0.1248; 400
0.1274; 400
0.13; 400
0.1326; 400
0.1352; 400
0.1378; 400
0.1404; 400
0.143; 400
0.1456; 400
0.1482; 400
0.1508; 400
0.1534; 400
0.156; 400
0.1586; 400
0.1612; 400
0.1638; 400
0.1664; 400
0.169; 400
0.1716; 400
0.1742; 400
0.1768; 400
0.1794; 400
0.182; 400
0.1846; 400
0.1872; 400
0.1898; 400
0.1924; 400
0.195; 400
0.1976; 400
0.2002; 400
0.2028; 400
0.2054; 400
0.208; 400
0.2106; 400
0.2132; 400
0.2158; 400
0.2184; 400
0.221; 400
0.2236; 400
0.2262; 400
0.2288; 400
0.2314; 400
0.234; 400
0.2366; 400
0.2392; 400
0.2418; 400
0.2444; 400
0.247; 400
0.2496; 400
0.2522; 400
0.2548; 400
0.2574; 400
0.26; 400
0.2626; 400
0.2652; 400
0.2678; 400
0.2704; 400
0.273; 400
0.2756; 400
0.2782; 400
0.2808; 400
0.2834; 400
0.286; 400
0.2886; 400
0.2912; 400
0.2938; 400
0.2964; 400
0.299; 400
0.3016; 400
0.3042; 400
0.3068; 400
0.3094; 400
0.312; 400
0.3146; 400
0.3172; 400
0.3198; 400
0.3224; 400
0.325; 400
0.3276; 400
0.3302; 400
0.3328; 400
0.3354; 400
0.338; 400
0.3406; 400
0.3432; 400
0.3458; 400
0.3484; 400
0.351; 400
0.3536; 400
0.3562; 400
0.3588; 400
0.3614; 400
0.364; 400
0.3666; 400
0.3692; 400
0.3718; 400
0.3744; 400
0.377; 400
0.3796; 400
0.3822; 400
0.3848; 400
0.3874; 400
0.39; 400
0.3926; 400
0.3952; 400.001
0.3978; 400.001
0.4004; 400.001
0.403; 400.001
0.4056; 400.001
0.4082; 400.001
0.4108; 400.001
0.4134; 400.001
0.416; 400.001
0.4186; 400.002
0.4212; 400.002
0.4238; 400.002
0.4264; 400.002
0.429; 400.003
0.4316; 400.003
0.4342; 400.004
0.4368; 400.004
0.4394; 400.005
0.442; 400.005
0.4446; 400.006
0.4472; 400.007
0.4498; 400.008
0.4524; 400.009
0.455; 400.01
0.4576; 400.011
0.4602; 400.013
0.4628; 400.015
0.4654; 400.016
0.468; 400.019
0.4706; 400.021
0.4732; 400.024
0.4758; 400.027
0.4784; 400.031
0.481; 400.035
0.4836; 400.04
0.4862; 400.045
0.4888; 400.051
0.4914; 400.057
0.494; 400.065
0.4966; 400.073
0.4992; 400.082
0.5018; 400.092
0.5044; 400.104
0.507; 400.117
0.5096; 400.131
0.5122; 400.147
0.5148; 400.165
0.5174; 400.185
0.52; 400.207
0.5226; 400.232
0.5252; 400.259
0.5278; 400.289
0.5304; 400.322
0.533; 400.358
0.5356; 400.399
0.5382; 400.443
0.5408; 400.492
0.5434; 400.546
0.546; 400.605
0.5486; 400.669
0.5512; 400.74
0.5538; 400.817
0.5564; 400.902
0.559; 400.994
0.5616; 401.094
0.5642; 401.204
0.5668; 401.323
0.5694; 401.452
0.572; 401.592
0.5746; 401.744
0.5772; 401.908
0.5798; 402.086
0.5824; 402.278
0.585; 402.485
0.5876; 402.709
0.5902; 402.949
0.5928; 403.207
0.5954; 403.485
0.598; 403.782
0.6006; 404.101
0.6032; 404.442
0.6058; 404.807
0.6084; 405.197
0.611; 405.613
0.6136; 406.056
0.6162; 406.527
0.6188; 407.029
0.6214; 407.561
0.624; 408.126
0.6266; 408.724
0.6292; 409.358
0.6318; 410.028
0.6344; 410.736
0.637; 411.482
0.6396; 412.269
0.6422; 413.098
0.6448; 413.969
0.6474; 414.884
0.65; 415.845
0.6526; 416.852
0.6552; 417.907
0.6578; 419.01
0.6604; 420.163
0.663; 421.366
0.6656; 422.621
0.6682; 423.928
0.6708; 425.288
0.6734; 426.702
0.676; 428.171
0.6786; 429.694
0.6812; 431.273
0.6838; 432.907
0.6864; 434.597
0.689; 436.343
0.6916; 438.145
0.6942; 440.004
0.6968; 441.918
0.6994; 443.887
0.702; 445.912
0.7046; 447.991
0.7072; 450.124
0.7098; 452.311
0.7124; 454.55
0.715; 456.841
0.7176; 459.182
0.7202; 461.573
0.7228; 464.011
0.7254; 466.497
0.728; 469.028
0.7306; 471.603
0.7332; 474.221
0.7358; 476.88
0.7384; 479.578
0.741; 482.314
0.7436; 485.087
0.7462; 487.895
0.7488; 490.737
0.7514; 493.613
0.754; 496.522
0.7566; 499.466
0.7592; 502.445
0.7618; 505.461
0.7644; 508.519
0.767; 511.621
0.7696; 514.771
0.7722; 517.97
0.7748; 521.212
0.7774; 524.494
0.78; 527.806
0.7826; 531.143
0.7852; 534.494
0.7878; 537.849
0.7904; 541.197
0.793; 544.53
0.7956; 547.843
0.7982; 551.133
0.8008; 554.398
0.8034; 557.637
0.806; 560.85
0.8086; 564.035
0.8112; 567.192
0.8138; 570.325
0.8164; 573.454
0.819; 576.867
0.8216; 580.531
0.8242; 584.175
0.8268; 587.793
0.8294; 591.388
0.832; 594.961
0.8346; 598.513
0.8372; 602.045
0.8398; 605.56
0.8424; 609.063
0.845; 612.58
0.8476; 615.94
0.8502; 619.036
0.8528; 621.976
0.8554; 624.84
0.858; 627.651
0.8606; 630.416
0.8632; 633.137
0.8658; 635.815
0.8684; 638.448
0.871; 641.038
0.8736; 643.584
0.8762; 646.088
0.8788; 648.551
0.8814; 650.977
0.884; 653.364
0.8866; 655.778
0.8892; 658.206
0.8918; 660.514
0.8944; 662.714
0.897; 664.812
0.8996; 666.808
0.9022; 668.698
0.9048; 670.482
0.9074; 672.157
0.91; 673.722
0.9126; 675.175
0.9152; 676.514
0.9178; 677.741
0.9204; 678.854
0.923; 679.856
0.9256; 680.748
0.9282; 681.533
0.9308; 682.215
0.9334; 682.797
0.936; 683.285
0.9386; 683.684
0.9412; 683.999
0.9438; 684.237
0.9464; 684.405
0.949; 684.509
0.9516; 684.557
0.9542; 684.557
0.9568; 684.517
0.9594; 684.443
0.962; 684.345
0.9646; 684.23
0.9672; 684.106
0.9698; 683.98
0.9724; 683.859
0.975; 683.751
0.9776; 683.661
0.9802; 683.596
0.9828; 683.561
0.9854; 683.56
0.988; 683.598
0.9906; 683.678
0.9932; 683.803
0.9958; 683.976
0.9984; 684.195
1.001; 684.461
1.0036; 684.779
1.0062; 685.191
1.0088; 685.613
1.0114; 686.066
1.014; 686.549
1.0166; 687.057
1.0192; 687.586
1.0218; 688.132
1.0244; 688.692
1.027; 689.263
1.0296; 689.841
1.0322; 690.422
1.0348; 691.002
1.0374; 691.579
1.04; 692.147
1.0426; 692.703
1.0452; 693.241
1.0478; 693.803
1.0504; 694.385
1.053; 694.94
1.0556; 695.464
1.0582; 695.953
1.0608; 696.402
1.0634; 696.807
1.066; 697.163
1.0686; 697.467
1.0712; 697.715
1.0738; 697.904
1.0764; 698.032
1.079; 698.1
1.0816; 698.106
1.0842; 698.051
1.0868; 697.937
1.0894; 697.767
1.092; 697.545
1.0946; 697.275
1.0972; 696.963
1.0998; 696.614
1.1024; 696.237
1.105; 695.837
1.1076; 695.422
1.1102; 695.001
1.1128; 694.583
1.1154; 694.175
1.118; 693.786
1.1206; 693.424
1.1232; 693.097
1.1258; 692.814
1.1284; 692.581
1.131; 692.404
1.1336; 692.283
1.1362; 692.208
1.1388; 692.27
1.1414; 692.44
1.144; 692.651
1.1466; 692.927
1.1492; 693.274
1.1518; 693.678
1.1544; 694.138
1.157; 694.649
1.1596; 695.209
1.1622; 695.814
1.1648; 696.464
1.1674; 697.154
1.17; 697.882
1.1726; 698.645
1.1752; 699.437
1.1778; 700.392
1.1804; 701.538
1.183; 702.748
1.1856; 704.018
1.1882; 705.342
1.1908; 706.712
1.1934; 708.118
1.196; 709.553
1.1986; 711.006
1.2012; 712.469
1.2038; 713.93
1.2064; 715.379
1.209; 716.807
1.2116; 718.202
1.2142; 719.555
1.2168; 720.857
1.2194; 722.097
1.222; 723.267
1.2246; 724.359
1.2272; 725.365
1.2298; 726.277
1.2324; 727.089
1.235; 727.797
1.2376; 728.394
1.2402; 728.876
1.2428; 729.241
1.2454; 729.486
1.248; 729.608
