0.00026; 300
0.00052; 300
0.00078; 300
0.00104; 300
0.0013; 300
0.00156; 300
0.00182; 300
0.00208; 300
0.00234; 300
0.0026; 300
0.00286; 300
0.00312; 300
0.00338; 300
0.00364; 300
0.0039; 300
0.00416; 300
0.00442; 300
0.00468; 300
0.00494; 300
0.0052; 300
0.00546; 300
0.00572; 300
0.00598; 300
0.00624; 300
0.0065; 300
0.00676; 300
0.00702; 300
0.00728; 300
0.00754; 300
0.0078; 300
0.00806; 300
0.00832; 300
0.00858; 300
0.00884; 300
0.0091; 300
0.00936; 300
0.00962; 300
0.00988; 300
0.01014; 300
0.0104; 300
0.01066; 300.001
0.01092; 300.001
0.01118; 300.001
0.01144; 300.001
0.0117; 300.001
0.01196; 300.001
0.01222; 300.001
0.01248; 300.001
0.01274; 300.001
0.013; 300.001
0.01326; 300.001
0.01352; 300.001
0.01378; 300.001
0.01404; 300.001
0.0143; 300.001
0.01456; 300.001
0.01482; 300.001
0.01508; 300.002
0.01534; 300.002
0.0156; 300.002
0.01586; 300.002
0.01612; 300.002
0.01638; 300.002
0.01664; 300.002
0.0169; 300.002
0.01716; 300.002
0.01742; 300.003
0.01768; 300.003
0.01794; 300.003
0.0182; 300.003
0.01846; 300.003
0.01872; 300.004
0.01898; 300.004
0.01924; 300.004
0.0195; 300.004
0.01976; 300.004
0.02002; 300.005
0.02028; 300.005
0.02054; 300.005
0.0208; 300.006
0.02106; 300.006
0.02132; 300.006
0.02158; 300.007
0.02184; 300.007
0.0221; 300.008
0.02236; 300.008
0.02262; 300.009
0.02288; 300.009
0.02314; 300.01
0.0234; 300.01
0.02366; 300.011
0.02392; 300.012
0.02418; 300.012
0.02444; 300.013
0.0247; 300.014
0.02496; 300.015
0.02522; 300.015
0.02548; 300.016
0.02574; 300.017
0.026; 300.018
0.02626; 300.019
0.02652; 300.021
0.02678; 300.022
0.02704; 300.023
0.0273; 300.024
0.02756; 300.026
0.02782; 300.027
0.02808; 300.029
0.02834; 300.031
0.0286; 300.032
0.02886; 300.034
0.02912; 300.036
0.02938; 300.038
0.02964; 300.041
0.0299; 300.043
0.03016; 300.045
0.03042; 300.048
0.03068; 300.051
0.03094; 300.053
0.0312; 300.056
0.03146; 300.06
0.03172; 300.063
0.03198; 300.066
0.03224; 300.07
0.0325; 300.074
0.03276; 300.078
0.03302; 300.082
0.03328; 300.087
0.03354; 300.092
0.0338; 300.097
0.03406; 300.102
0.03432; 300.107
0.03458; 300.113
0.03484; 300.119
0.0351; 300.126
0.03536; 300.132
0.03562; 300.139
0.03588; 300.146
0.03614; 300.154
0.0364; 300.162
0.03666; 300.171
0.03692; 300.179
0.03718; 300.189
0.03744; 300.198
0.0377; 300.208
0.03796; 300.219
0.03822; 300.23
0.03848; 300.242
0.03874; 300.254
0.039; 300.267
0.03926; 300.28
0.03952; 300.294
0.03978; 300.309
0.04004; 300.324
0.0403; 300.34
0.04056; 300.356
0.04082; 300.374
0.04108; 300.392
0.04134; 300.411
0.0416; 300.431
0.04186; 300.452
0.04212; 300.474
0.04238; 300.497
0.04264; 300.521
0.0429; 300.546
0.04316; 300.572
0.04342; 300.6
0.04368; 300.629
0.04394; 300.658
0.0442; 300.69
0.04446; 300.723
0.04472; 300.757
0.04498; 300.793
0.04524; 300.83
0.0455; 300.869
0.04576; 300.91
0.04602; 300.953
0.04628; 300.997
0.04654; 301.044
0.0468; 301.092
0.04706; 301.143
0.04732; 301.196
0.04758; 301.252
0.04784; 301.31
0.0481; 301.37
0.04836; 301.433
0.04862; 301.499
0.04888; 301.568
0.04914; 301.64
0.0494; 301.714
0.04966; 301.793
0.04992; 301.874
0.05018; 301.959
0.05044; 302.047
0.0507; 302.14
0.05096; 302.236
0.05122; 302.337
0.05148; 302.441
0.05174; 302.55
0.052; 302.664
0.05226; 302.782
0.05252; 302.906
0.05278; 303.034
0.05304; 303.168
0.0533; 303.307
0.05356; 303.452
0.05382; 303.603
0.05408; 303.761
0.05434; 303.924
0.0546; 304.095
0.05486; 304.272
0.05512; 304.456
0.05538; 304.648
0.05564; 304.847
0.0559; 305.055
0.05616; 305.271
0.05642; 305.495
0.05668; 305.728
0.05694; 305.97
0.0572; 306.222
0.05746; 306.483
0.05772; 306.755
0.05798; 307.037
0.05824; 307.33
0.0585; 307.634
0.05876; 307.95
0.05902; 308.278
0.05928; 308.618
0.05954; 308.971
0.0598; 309.338
0.06006; 309.718
0.06032; 310.112
0.06058; 310.521
0.06084; 310.945
0.0611; 311.384
0.06136; 311.839
0.06162; 312.31
0.06188; 312.799
0.06214; 313.305
0.0624; 313.828
0.06266; 314.37
0.06292; 314.931
0.06318; 315.512
0.06344; 316.112
0.0637; 316.733
0.06396; 317.376
0.06422; 318.04
0.06448; 318.726
0.06474; 319.434
0.065; 320.166
0.06526; 320.922
0.06552; 321.702
0.06578; 322.507
0.06604; 323.338
0.0663; 324.194
0.06656; 325.078
0.06682; 325.988
0.06708; 326.926
0.06734; 327.892
0.0676; 328.888
0.06786; 329.912
0.06812; 330.966
0.06838; 332.05
0.06864; 333.166
0.0689; 334.313
0.06916; 335.492
0.06942; 336.702
0.06968; 337.947
0.06994; 339.224
0.0702; 340.535
0.07046; 341.881
0.07072; 343.262
0.07098; 344.679
0.07124; 346.132
0.0715; 347.62
0.07176; 349.147
0.07202; 350.71
0.07228; 352.312
0.07254; 353.952
0.0728; 355.632
0.07306; 357.351
0.07332; 359.111
0.07358; 360.912
0.07384; 362.754
0.0741; 364.638
0.07436; 366.564
0.07462; 368.534
0.07488; 370.549
0.07514; 372.608
0.0754; 374.712
0.07566; 376.863
0.07592; 379.061
0.07618; 381.305
0.07644; 383.598
0.0767; 385.939
0.07696; 388.331
0.07722; 390.772
0.07748; 393.266
0.07774; 395.81
0.078; 398.408
0.07826; 401.059
0.07852; 403.765
0.07878; 406.526
0.07904; 409.343
0.0793; 412.217
0.07956; 415.15
0.07982; 418.14
0.08008; 421.191
0.08034; 424.301
0.0806; 427.473
0.08086; 430.706
0.08112; 434.003
0.08138; 437.361
0.08164; 440.783
0.0819; 444.269
0.08216; 447.82
0.08242; 451.436
0.08268; 455.119
0.08294; 458.87
0.0832; 462.688
0.08346; 466.574
0.08372; 470.529
0.08398; 474.553
0.08424; 478.647
0.0845; 482.811
0.08476; 487.046
0.08502; 491.352
0.08528; 495.729
0.08554; 500.177
0.0858; 504.698
0.08606; 509.29
0.08632; 513.956
0.08658; 518.694
0.08684; 523.506
0.0871; 528.391
0.08736; 533.35
0.08762; 538.382
0.08788; 543.488
0.08814; 548.667
0.0884; 553.922
0.08866; 559.25
0.08892; 564.653
0.08918; 570.128
0.08944; 575.679
0.0897; 581.303
0.08996; 587.002
0.09022; 592.774
0.09048; 598.622
0.09074; 604.542
0.091; 610.538
0.09126; 616.608
0.09152; 622.753
0.09178; 628.971
0.09204; 635.264
0.0923; 641.63
0.09256; 648.069
0.09282; 654.58
0.09308; 661.165
0.09334; 667.821
0.0936; 674.552
0.09386; 681.353
0.09412; 688.227
0.09438; 695.171
0.09464; 702.187
0.0949; 709.273
0.09516; 716.428
0.09542; 723.651
0.09568; 730.943
0.09594; 738.301
0.0962; 745.725
0.09646; 753.214
0.09672; 760.768
0.09698; 768.384
0.09724; 776.063
0.0975; 783.801
0.09776; 791.6
0.09802; 799.455
0.09828; 807.367
0.09854; 815.332
0.0988; 823.352
0.09906; 831.421
0.09932; 839.539
0.09958; 847.703
0.09984; 855.913
0.1001; 864.164
0.10036; 872.456
0.10062; 880.785
0.10088; 889.151
0.10114; 897.549
0.1014; 905.978
0.10166; 914.435
0.10192; 922.918
0.10218; 931.424
0.10244; 939.951
0.1027; 948.496
0.10296; 957.056
0.10322; 965.629
0.10348; 974.213
0.10374; 982.804
0.104; 991.401
0.10426; 1000
0.10452; 1000
0.10478; 1000
0.10504; 1000
0.1053; 1000
0.10556; 1000
0.10582; 1000
0.10608; 1000
0.10634; 1000
0.1066; 1000
0.10686; 1000
0.10712; 1000
0.10738; 1000
0.10764; 1000
0.1079; 1000
0.10816; 1000
0.10842; 1000
0.10868; 1000
0.10894; 1000
0.1092; 1000
0.10946; 1000
0.10972; 1000
0.10998; 1000
0.11024; 1000
0.1105; 1000
0.11076; 1000
0.11102; 1000
0.11128; 1000
0.11154; 1000
0.1118; 1000
0.11206; 1000
0.11232; 1000
0.11258; 1000
0.11284; 1000
0.1131; 1000
0.11336; 1000
0.11362; 1000
0.11388; 1000
0.11414; 1000
0.1144; 1000
0.11466; 1000
0.11492; 1000
0.11518; 1000
0.11544; 1000
0.1157; 1000
0.11596; 1000
0.11622; 1000
0.11648; 1000
0.11674; 1000
0.117; 1000
0.11726; 1000
0.11752; 1000
0.11778; 1000
0.11804; 1000
0.1183; 1000
0.11856; 1000
0.11882; 1000
0.11908; 1000
0.11934; 1000
0.1196; 1000
0.11986; 1000
0.12012; 1000
0.12038; 1000
0.12064; 1000
0.1209; 1000
0.12116; 1000
0.12142; 1000
0.12168; 1000
0.12194; 1000
0.1222; 1000
0.12246; 1000
0.12272; 1000
0.12298; 1000
0.12324; 1000
0.1235; 1000
0.12376; 1000
0.12402; 1000
0.12428; 1000
0.12454; 1000
0.1248; 1000
