0.00026; 365.774
0.00052; 365.778
0.00078; 365.786
0.00104; 365.798
0.0013; 365.822
0.00156; 365.85
0.00182; 365.889
0.00208; 365.931
0.00234; 365.986
0.0026; 366.044
0.00286; 366.114
0.00312; 366.187
0.00338; 366.273
0.00364; 366.362
0.0039; 366.462
0.00416; 366.567
0.00442; 366.683
0.00468; 366.803
0.00494; 366.935
0.0052; 367.07
0.00546; 367.217
0.00572; 367.368
0.00598; 367.53
0.00624; 367.696
0.0065; 367.874
0.00676; 368.056
0.00702; 368.25
0.00728; 368.447
0.00754; 368.656
0.0078; 368.868
0.00806; 369.093
0.00832; 369.321
0.00858; 369.561
0.00884; 369.805
0.0091; 370.061
0.00936; 370.32
0.00962; 370.591
0.00988; 370.866
0.01014; 371.153
0.0104; 371.443
0.01066; 371.745
0.01092; 372.051
0.01118; 372.369
0.01144; 372.691
0.0117; 373.025
0.01196; 373.362
0.01222; 373.711
0.01248; 374.064
0.01274; 374.429
0.013; 374.798
0.01326; 375.179
0.01352; 375.563
0.01378; 375.96
0.01404; 376.36
0.0143; 376.772
0.01456; 377.188
0.01482; 377.616
0.01508; 378.048
0.01534; 378.492
0.0156; 378.94
0.01586; 379.4
0.01612; 379.863
0.01638; 380.339
0.01664; 380.819
0.0169; 381.311
0.01716; 381.806
0.01742; 382.314
0.01768; 382.826
0.01794; 383.35
0.0182; 383.877
0.01846; 384.418
0.01872; 384.961
0.01898; 385.518
0.01924; 386.077
0.0195; 386.65
0.01976; 387.226
0.02002; 387.814
0.02028; 388.406
0.02054; 389.011
0.0208; 389.62
0.02106; 390.241
0.02132; 390.865
0.02158; 391.503
0.02184; 392.144
0.0221; 392.797
0.02236; 393.455
0.02262; 394.125
0.02288; 394.798
0.02314; 395.485
0.0234; 396.175
0.02366; 396.878
0.02392; 397.585
0.02418; 398.304
0.02444; 399.028
0.0247; 399.764
0.02496; 400.504
0.02522; 401.256
0.02548; 402.013
0.02574; 402.782
0.026; 403.555
0.02626; 404.341
0.02652; 405.131
0.02678; 405.934
0.02704; 406.74
0.0273; 407.56
0.02756; 408.382
0.02782; 409.219
0.02808; 410.058
0.02834; 410.912
0.0286; 411.768
0.02886; 412.639
0.02912; 413.512
0.02938; 414.4
0.02964; 415.29
0.0299; 416.194
0.03016; 417.102
0.03042; 418.023
0.03068; 418.947
0.03094; 419.885
0.0312; 420.827
0.03146; 421.782
0.03172; 422.74
0.03198; 423.713
0.03224; 424.689
0.0325; 425.678
0.03276; 426.671
0.03302; 427.678
0.03328; 428.688
0.03354; 429.713
0.0338; 430.74
0.03406; 431.782
0.03432; 432.826
0.03458; 433.885
0.03484; 434.947
0.0351; 436.023
0.03536; 437.103
0.03562; 438.196
0.03588; 439.293
0.03614; 440.404
0.0364; 441.518
0.03666; 442.647
0.03692; 443.779
0.03718; 444.925
0.03744; 446.075
0.0377; 447.238
0.03796; 448.405
0.03822; 449.586
0.03848; 450.771
0.03874; 451.97
0.039; 453.172
0.03926; 454.388
0.03952; 455.608
0.03978; 456.841
0.04004; 458.079
0.0403; 459.33
0.04056; 460.585
0.04082; 461.854
0.04108; 463.127
0.04134; 464.414
0.0416; 465.704
0.04186; 467.009
0.04212; 468.317
0.04238; 469.64
0.04264; 470.966
0.0429; 472.306
0.04316; 473.649
0.04342; 475.007
0.04368; 476.369
0.04394; 477.745
0.0442; 479.124
0.04446; 480.517
0.04472; 481.914
0.04498; 483.326
0.04524; 484.74
0.0455; 486.17
0.04576; 487.602
0.04602; 489.049
0.04628; 490.499
0.04654; 491.964
0.0468; 493.432
0.04706; 494.915
0.04732; 496.401
0.04758; 497.901
0.04784; 499.405
0.0481; 500.923
0.04836; 502.445
0.04862; 503.981
0.04888; 505.52
0.04914; 507.074
0.0494; 508.631
0.04966; 510.202
0.04992; 511.777
0.05018; 513.367
0.05044; 514.96
0.0507; 516.567
0.05096; 518.177
0.05122; 519.802
0.05148; 521.43
0.05174; 523.072
0.052; 524.718
0.05226; 526.377
0.05252; 528.041
0.05278; 529.719
0.05304; 531.4
0.0533; 533.095
0.05356; 534.793
0.05382; 536.506
0.05408; 538.223
0.05434; 539.953
0.0546; 541.687
0.05486; 543.435
0.05512; 545.186
0.05538; 546.952
0.05564; 548.721
0.0559; 550.503
0.05616; 552.29
0.05642; 554.09
0.05668; 555.893
0.05694; 557.711
0.0572; 559.532
0.05746; 561.367
0.05772; 563.205
0.05798; 565.057
0.05824; 566.912
0.0585; 568.781
0.05876; 570.654
0.05902; 572.54
0.05928; 574.43
0.05954; 576.333
0.0598; 578.239
0.06006; 580.159
0.06032; 582.083
0.06058; 584.02
0.06084; 585.96
0.0611; 587.914
0.06136; 589.871
0.06162; 591.842
0.06188; 593.816
0.06214; 595.803
0.0624; 597.793
0.06266; 599.797
0.06292; 601.804
0.06318; 603.824
0.06344; 605.847
0.0637; 607.884
0.06396; 609.923
0.06422; 611.976
0.06448; 614.031
0.06474; 616.1
0.065; 618.172
0.06526; 620.257
0.06552; 622.345
0.06578; 624.446
0.06604; 626.55
0.0663; 628.666
0.06656; 630.786
0.06682; 632.919
0.06708; 635.054
0.06734; 637.202
0.0676; 639.353
0.06786; 641.516
0.06812; 643.683
0.06838; 645.862
0.06864; 648.044
0.0689; 650.238
0.06916; 652.435
0.06942; 654.644
0.06968; 656.856
0.06994; 659.08
0.0702; 661.308
0.07046; 663.547
0.07072; 665.789
0.07098; 668.043
0.07124; 670.3
0.0715; 672.568
0.07176; 674.839
0.07202; 677.122
0.07228; 679.408
0.07254; 681.705
0.0728; 684.005
0.07306; 686.316
0.07332; 688.63
0.07358; 690.956
0.07384; 693.284
0.0741; 695.623
0.07436; 697.965
0.07462; 700.318
0.07488; 702.674
0.07514; 705.04
0.0754; 707.409
0.07566; 709.788
0.07592; 712.171
0.07618; 714.564
0.07644; 716.959
0.0767; 719.365
0.07696; 721.773
0.07722; 724.191
0.07748; 726.612
0.07774; 729.044
0.078; 731.477
0.07826; 733.921
0.07852; 736.366
0.07878; 738.822
0.07904; 741.28
0.0793; 743.748
0.07956; 746.218
0.07982; 748.697
0.08008; 751.179
0.08034; 753.671
0.0806; 756.164
0.08086; 758.667
0.08112; 761.172
0.08138; 763.686
0.08164; 766.202
0.0819; 768.727
0.08216; 771.254
0.08242; 773.79
0.08268; 776.328
0.08294; 778.874
0.0832; 781.423
0.08346; 783.979
0.08372; 786.538
0.08398; 789.105
0.08424; 791.674
0.0845; 794.251
0.08476; 796.83
0.08502; 799.416
0.08528; 802.005
0.08554; 804.602
0.0858; 807.2
0.08606; 809.805
0.08632; 812.413
0.08658; 815.027
0.08684; 817.644
0.0871; 820.267
0.08736; 822.893
0.08762; 825.525
0.08788; 828.159
0.08814; 830.799
0.0884; 833.442
0.08866; 836.09
0.08892; 838.741
0.08918; 841.397
0.08944; 844.055
0.0897; 846.72
0.08996; 849.385
0.09022; 852.057
0.09048; 854.73
0.09074; 857.409
0.091; 860.09
0.09126; 862.775
0.09152; 865.462
0.09178; 868.155
0.09204; 870.849
0.0923; 873.548
0.09256; 876.248
0.09282; 878.953
0.09308; 881.659
0.09334; 884.37
0.0936; 887.082
0.09386; 889.799
0.09412; 892.517
0.09438; 895.239
0.09464; 897.962
0.0949; 900.69
0.09516; 903.418
0.09542; 906.15
0.09568; 908.883
0.09594; 911.62
0.0962; 914.358
0.09646; 917.099
0.09672; 919.841
0.09698; 922.587
0.09724; 925.333
0.0975; 928.082
0.09776; 930.832
0.09802; 933.585
0.09828; 936.338
0.09854; 939.095
0.0988; 941.851
0.09906; 944.61
0.09932; 947.37
0.09958; 950.132
0.09984; 952.895
0.1001; 955.659
0.10036; 958.424
0.10062; 961.191
0.10088; 963.958
0.10114; 966.726
0.1014; 969.495
0.10166; 972.266
0.10192; 975.037
0.10218; 977.808
0.10244; 980.58
0.1027; 983.353
0.10296; 986.127
0.10322; 988.901
0.10348; 991.675
0.10374; 994.449
0.104; 997.225
0.10426; 1000
0.10452; 1000
0.10478; 1000
0.10504; 1000
0.1053; 1000
0.10556; 1000
0.10582; 1000
0.10608; 1000
0.10634; 1000
0.1066; 1000
0.10686; 1000
0.10712; 1000
0.10738; 1000
0.10764; 1000
0.1079; 1000
0.10816; 1000
0.10842; 1000
0.10868; 1000
0.10894; 1000
0.1092; 1000
0.10946; 1000
0.10972; 1000
0.10998; 1000
0.11024; 1000
0.1105; 1000
0.11076; 1000
0.11102; 1000
0.11128; 1000
0.11154; 1000
0.1118; 1000
0.11206; 1000
0.11232; 1000
0.11258; 1000
0.11284; 1000
0.1131; 1000
0.11336; 1000
0.11362; 1000
0.11388; 1000
0.11414; 1000
0.1144; 1000
0.11466; 1000
0.11492; 1000
0.11518; 1000
0.11544; 1000
0.1157; 1000
0.11596; 1000
0.11622; 1000
0.11648; 1000
0.11674; 1000
0.117; 1000
0.11726; 1000
0.11752; 1000
0.11778; 1000
0.11804; 1000
0.1183; 1000
0.11856; 1000
0.11882; 1000
0.11908; 1000
0.11934; 1000
0.1196; 1000
0.11986; 1000
0.12012; 1000
0.12038; 1000
0.12064; 1000
0.1209; 1000
0.12116; 1000
0.12142; 1000
0.12168; 1000
0.12194; 1000
0.1222; 1000
0.12246; 1000
0.12272; 1000
0.12298; 1000
0.12324; 1000
0.1235; 1000
0.12376; 1000
0.12402; 1000
0.12428; 1000
0.12454; 1000
0.1248; 1000
