0.00026; 0
0.00052; 0
0.00078; 0
0.00104; 0
0.0013; 0
0.00156; 0
0.00182; 0
0.00208; 0
0.00234; 0
0.0026; 0
0.00286; 0
0.00312; 0
0.00338; 0
0.00364; 0
0.0039; 0
0.00416; 0
0.00442; 0
0.00468; 0
0.00494; 0
0.0052; 0
0.00546; 0
0.00572; 0
0.00598; 0
0.00624; 0
0.0065; 0
0.00676; 0
0.00702; 0
0.00728; 0
0.00754; 0
0.0078; 0
0.00806; 0
0.00832; 0
0.00858; 0
0.00884; 0
0.0091; 0
0.00936; 0
0.00962; 0
0.00988; 0
0.01014; 0
0.0104; 0
0.01066; 0
0.01092; 0
0.01118; 0
0.01144; 0
0.0117; 0
0.01196; 0
0.01222; 0
0.01248; 0
0.01274; 0
0.013; 0
0.01326; 0
0.01352; 0
0.01378; 0
0.01404; 0
0.0143; 0
0.01456; 0
0.01482; 0
0.01508; 0
0.01534; 0
0.0156; 0
0.01586; 0
0.01612; 0
0.01638; 0
0.01664; 0
0.0169; 0
0.01716; 0
0.01742; 0
0.01768; 0
0.01794; 0
0.0182; 0
0.01846; 0
0.01872; 0
0.01898; 0
0.01924; 0
0.0195; 0
0.01976; 0
0.02002; 0
0.02028; 0
0.02054; 0
0.0208; 0
0.02106; 0
0.02132; 0
0.02158; 0
0.02184; 0
0.0221; 0
0.02236; 0
0.02262; 0
0.02288; 0
0.02314; 0
0.0234; 0
0.02366; 0
0.02392; 0
0.02418; 0
0.02444; 0
0.0247; 0
0.02496; 0
0.02522; 0
0.02548; 0
0.02574; 0
0.026; 0
0.02626; 0
0.02652; 0
0.02678; 0
0.02704; 0
0.0273; 0
0.02756; 0
0.02782; 0
0.02808; 0
0.02834; 0
0.0286; 0
0.02886; 0
0.02912; 0
0.02938; 0
0.02964; 0
0.0299; 0
0.03016; 0
0.03042; 0
0.03068; 0
0.03094; 0
0.0312; 0
0.03146; 0
0.03172; 0
0.03198; 0
0.03224; 0
0.0325; 0
0.03276; 875.658
0.03302; 875.655
0.03328; 875.635
0.03354; 875.614
0.0338; 875.575
0.03406; 875.534
0.03432; 875.477
0.03458; 875.417
0.03484; 875.34
0.0351; 875.262
0.03536; 875.166
0.03562; 875.069
0.03588; 874.954
0.03614; 874.838
0.0364; 874.704
0.03666; 874.569
0.03692; 874.416
0.03718; 874.261
0.03744; 874.089
0.0377; 873.915
0.03796; 873.723
0.03822; 873.529
0.03848; 873.318
0.03874; 873.104
0.039; 872.873
0.03926; 872.639
0.03952; 872.388
0.03978; 872.135
0.04004; 871.863
0.0403; 871.589
0.04056; 871.297
0.04082; 871.003
0.04108; 870.691
0.04134; 870.377
0.0416; 870.044
0.04186; 869.709
0.04212; 869.354
0.04238; 868.998
0.04264; 868.622
0.0429; 868.244
0.04316; 867.848
0.04342; 867.448
0.04368; 867.03
0.04394; 866.609
0.0442; 866.168
0.04446; 865.726
0.04472; 865.263
0.04498; 864.798
0.04524; 864.313
0.0455; 863.825
0.04576; 863.317
0.04602; 862.807
0.04628; 862.276
0.04654; 861.742
0.0468; 861.188
0.04706; 860.631
0.04732; 860.054
0.04758; 859.472
0.04784; 858.871
0.0481; 858.266
0.04836; 857.64
0.04862; 857.01
0.04888; 856.359
0.04914; 855.704
0.0494; 855.028
0.04966; 854.347
0.04992; 853.646
0.05018; 852.939
0.05044; 852.211
0.0507; 851.478
0.05096; 850.724
0.05122; 849.964
0.05148; 849.183
0.05174; 848.395
0.052; 847.586
0.05226; 846.77
0.05252; 845.933
0.05278; 845.089
0.05304; 844.223
0.0533; 843.349
0.05356; 842.454
0.05382; 841.55
0.05408; 840.624
0.05434; 839.69
0.0546; 838.733
0.05486; 837.767
0.05512; 836.778
0.05538; 835.78
0.05564; 834.759
0.0559; 833.727
0.05616; 832.673
0.05642; 831.607
0.05668; 830.518
0.05694; 829.417
0.0572; 828.292
0.05746; 827.156
0.05772; 825.995
0.05798; 824.821
0.05824; 823.622
0.0585; 822.41
0.05876; 821.173
0.05902; 819.921
0.05928; 818.644
0.05954; 817.352
0.0598; 816.034
0.06006; 814.7
0.06032; 813.339
0.06058; 811.962
0.06084; 810.558
0.0611; 809.136
0.06136; 807.688
0.06162; 806.221
0.06188; 804.726
0.06214; 803.212
0.0624; 801.67
0.06266; 800.109
0.06292; 798.519
0.06318; 796.908
0.06344; 795.269
0.0637; 793.608
0.06396; 791.919
0.06422; 790.208
0.06448; 788.468
0.06474; 786.707
0.065; 784.917
0.06526; 783.104
0.06552; 781.263
0.06578; 779.4
0.06604; 777.51
0.0663; 775.598
0.06656; 773.66
0.06682; 771.7
0.06708; 769.716
0.06734; 767.711
0.0676; 765.683
0.06786; 763.637
0.06812; 761.57
0.06838; 759.487
0.06864; 757.385
0.0689; 755.27
0.06916; 753.139
0.06942; 750.997
0.06968; 748.845
0.06994; 746.684
0.0702; 744.516
0.07046; 742.342
0.07072; 740.166
0.07098; 737.988
0.07124; 735.811
0.0715; 733.635
0.07176; 731.464
0.07202; 729.298
0.07228; 727.14
0.07254; 724.989
0.0728; 722.85
0.07306; 720.72
0.07332; 718.605
0.07358; 716.501
0.07384; 714.414
0.0741; 712.339
0.07436; 710.283
0.07462; 708.241
0.07488; 706.22
0.07514; 704.213
0.0754; 702.227
0.07566; 700.256
0.07592; 698.308
0.07618; 696.375
0.07644; 694.466
0.0767; 692.571
0.07696; 690.7
0.07722; 688.845
0.07748; 687.013
0.07774; 685.196
0.078; 683.403
0.07826; 681.625
0.07852; 679.871
0.07878; 678.132
0.07904; 676.416
0.0793; 674.715
0.07956; 673.038
0.07982; 671.374
0.08008; 669.735
0.08034; 668.109
0.0806; 666.507
0.08086; 664.918
0.08112; 663.353
0.08138; 661.8
0.08164; 660.272
0.0819; 658.755
0.08216; 657.262
0.08242; 655.779
0.08268; 654.323
0.08294; 652.876
0.0832; 651.455
0.08346; 650.043
0.08372; 648.656
0.08398; 647.278
0.08424; 645.925
0.0845; 644.58
0.08476; 643.262
0.08502; 641.95
0.08528; 640.667
0.08554; 639.388
0.0858; 638.138
0.08606; 636.893
0.08632; 635.676
0.08658; 634.463
0.08684; 633.279
0.0871; 632.099
0.08736; 630.948
0.08762; 629.8
0.08788; 628.681
0.08814; 627.564
0.0884; 626.479
0.08866; 625.395
0.08892; 624.341
0.08918; 623.289
0.08944; 622.268
0.0897; 621.247
0.08996; 620.258
0.09022; 619.27
0.09048; 618.313
0.09074; 617.356
0.091; 616.43
0.09126; 615.505
0.09152; 614.612
0.09178; 613.718
0.09204; 612.857
0.0923; 611.995
0.09256; 611.165
0.09282; 610.335
0.09308; 609.537
0.09334; 608.738
0.0936; 607.971
0.09386; 607.204
0.09412; 606.469
0.09438; 605.733
0.09464; 605.03
0.0949; 604.325
0.09516; 603.654
0.09542; 602.981
0.09568; 602.341
0.09594; 601.699
0.0962; 601.091
0.09646; 600.48
0.09672; 599.903
0.09698; 599.324
0.09724; 598.778
0.0975; 598.23
0.09776; 597.716
0.09802; 597.2
0.09828; 596.717
0.09854; 596.231
0.0988; 595.78
0.09906; 595.326
0.09932; 594.906
0.09958; 594.482
0.09984; 594.094
0.1001; 593.701
0.10036; 593.343
0.10062; 592.982
0.10088; 592.656
0.10114; 592.325
0.1014; 592.03
0.10166; 591.73
0.10192; 591.466
0.10218; 591.197
0.10244; 590.963
0.1027; 590.725
0.10296; 590.522
0.10322; 590.314
0.10348; 590.142
0.10374; 589.965
0.104; 589.822
0.10426; 589.675
0.10452; 589.563
0.10478; 589.446
0.10504; 589.364
0.1053; 589.276
0.10556; 589.222
0.10582; 589.162
0.10608; 589.132
0.10634; 589.094
0.1066; 0
0.10686; 0
0.10712; 0
0.10738; 0
0.10764; 0
0.1079; 0
0.10816; 0
0.10842; 0
0.10868; 0
0.10894; 0
0.1092; 0
0.10946; 0
0.10972; 0
0.10998; 0
0.11024; 0
0.1105; 0
0.11076; 0
0.11102; 0
0.11128; 0
0.11154; 0
0.1118; 0
0.11206; 0
0.11232; 0
0.11258; 0
0.11284; 0
0.1131; 0
0.11336; 0
0.11362; 0
0.11388; 0
0.11414; 0
0.1144; 0
0.11466; 0
0.11492; 0
0.11518; 0
0.11544; 0
0.1157; 0
0.11596; 0
0.11622; 0
0.11648; 0
0.11674; 0
0.117; 0
0.11726; 0
0.11752; 0
0.11778; 0
0.11804; 0
0.1183; 0
0.11856; 0
0.11882; 0
0.11908; 0
0.11934; 0
0.1196; 0
0.11986; 0
0.12012; 0
0.12038; 0
0.12064; 0
0.1209; 0
0.12116; 0
0.12142; 0
0.12168; 0
0.12194; 0
0.1222; 0
0.12246; 0
0.12272; 0
0.12298; 0
0.12324; 0
0.1235; 0
0.12376; 0
0.12402; 0
0.12428; 0
0.12454; 0
0.1248; 0
