0.00026; 0
0.00052; 0
0.00078; 0
0.00104; 0
0.0013; 0
0.00156; 0
0.00182; 0
0.00208; 0
0.00234; 0
0.0026; 0
0.00286; 0
0.00312; 0
0.00338; 0
0.00364; 0
0.0039; 0
0.00416; 0
0.00442; 0
0.00468; 0
0.00494; 0
0.0052; 0
0.00546; 0
0.00572; 0
0.00598; 0
0.00624; 0
0.0065; 0
0.00676; 0
0.00702; 0
0.00728; 0
0.00754; 0
0.0078; 0
0.00806; 0
0.00832; 0
0.00858; 0
0.00884; 0
0.0091; 0
0.00936; 0
0.00962; 0
0.00988; 0
0.01014; 0
0.0104; 0
0.01066; 0
0.01092; 0
0.01118; 0
0.01144; 0
0.0117; 0
0.01196; 0
0.01222; 0
0.01248; 0
0.01274; 0
0.013; 0
0.01326; 0
0.01352; 0
0.01378; 0
0.01404; 0
0.0143; 0
0.01456; 0
0.01482; 0
0.01508; 0
0.01534; 0
0.0156; 0
0.01586; 0
0.01612; 0
0.01638; 0
0.01664; 0
0.0169; 0
0.01716; 0
0.01742; 0
0.01768; 0
0.01794; 0
0.0182; 0
0.01846; 0
0.01872; 0
0.01898; 0
0.01924; 0
0.0195; 0
0.01976; 0
0.02002; 0
0.02028; 0
0.02054; 0
0.0208; 0
0.02106; 0
0.02132; 0
0.02158; 0
0.02184; 0
0.0221; 0
0.02236; 0
0.02262; 0
0.02288; 0
0.02314; 0
0.0234; 0
0.02366; 0
0.02392; 0
0.02418; 0
0.02444; 0
0.0247; 0
0.02496; 0
0.02522; 0
0.02548; 0
0.02574; 0
0.026; 0
0.02626; 0
0.02652; 0
0.02678; 0
0.02704; 0
0.0273; 0
0.02756; 0
0.02782; 0
0.02808; 0
0.02834; 0
0.0286; 0
0.02886; 0
0.02912; 0
0.02938; 0
0.02964; 0
0.0299; 0
0.03016; 0
0.03042; 0
0.03068; 0
0.03094; 0
0.0312; 0
0.03146; 0
0.03172; 0
0.03198; 0
0.03224; 0
0.0325; 0
0.03276; 886.563
0.03302; 886.566
0.03328; 886.541
0.03354; 886.521
0.0338; 886.476
0.03406; 886.436
0.03432; 886.37
0.03458; 886.31
0.03484; 886.224
0.0351; 886.144
0.03536; 886.037
0.03562; 885.936
0.03588; 885.809
0.03614; 885.688
0.0364; 885.541
0.03666; 885.399
0.03692; 885.231
0.03718; 885.069
0.03744; 884.88
0.0377; 884.696
0.03796; 884.487
0.03822; 884.282
0.03848; 884.051
0.03874; 883.826
0.039; 883.573
0.03926; 883.326
0.03952; 883.053
0.03978; 882.784
0.04004; 882.489
0.0403; 882.198
0.04056; 881.881
0.04082; 881.568
0.04108; 881.229
0.04134; 880.894
0.0416; 880.532
0.04186; 880.175
0.04212; 879.791
0.04238; 879.41
0.04264; 879.003
0.0429; 878.6
0.04316; 878.17
0.04342; 877.743
0.04368; 877.29
0.04394; 876.84
0.0442; 876.363
0.04446; 875.889
0.04472; 875.388
0.04498; 874.89
0.04524; 874.365
0.0455; 873.843
0.04576; 873.294
0.04602; 872.746
0.04628; 872.172
0.04654; 871.6
0.0468; 871
0.04706; 870.403
0.04732; 869.778
0.04758; 869.154
0.04784; 868.503
0.0481; 867.853
0.04836; 867.175
0.04862; 866.498
0.04888; 865.794
0.04914; 865.09
0.0494; 864.358
0.04966; 863.627
0.04992; 862.867
0.05018; 862.107
0.05044; 861.319
0.0507; 860.531
0.05096; 859.714
0.05122; 858.896
0.05148; 858.05
0.05174; 857.202
0.052; 856.326
0.05226; 855.447
0.05252; 854.54
0.05278; 853.63
0.05304; 852.692
0.0533; 851.751
0.05356; 850.78
0.05382; 849.806
0.05408; 848.803
0.05434; 847.796
0.0546; 846.759
0.05486; 845.717
0.05512; 844.645
0.05538; 843.568
0.05564; 842.461
0.0559; 841.348
0.05616; 840.204
0.05642; 839.053
0.05668; 837.872
0.05694; 836.683
0.0572; 835.463
0.05746; 834.235
0.05772; 832.975
0.05798; 831.706
0.05824; 830.405
0.0585; 829.094
0.05876; 827.751
0.05902; 826.397
0.05928; 825.01
0.05954; 823.611
0.0598; 822.18
0.06006; 820.735
0.06032; 819.257
0.06058; 817.765
0.06084; 816.24
0.0611; 814.699
0.06136; 813.124
0.06162; 811.534
0.06188; 809.908
0.06214; 808.266
0.0624; 806.589
0.06266; 804.894
0.06292; 803.165
0.06318; 801.415
0.06344; 799.632
0.0637; 797.828
0.06396; 795.989
0.06422; 794.129
0.06448; 792.235
0.06474; 790.318
0.065; 788.368
0.06526; 786.396
0.06552; 784.39
0.06578; 782.361
0.06604; 780.3
0.0663; 778.217
0.06656; 776.103
0.06682; 773.966
0.06708; 771.801
0.06734; 769.614
0.0676; 767.4
0.06786; 765.167
0.06812; 762.909
0.06838; 760.633
0.06864; 758.336
0.0689; 756.024
0.06916; 753.694
0.06942; 751.351
0.06968; 748.996
0.06994; 746.63
0.0702; 744.257
0.07046; 741.876
0.07072; 739.492
0.07098; 737.104
0.07124; 734.718
0.0715; 732.331
0.07176; 729.95
0.07202; 727.572
0.07228; 725.203
0.07254; 722.84
0.0728; 720.491
0.07306; 718.149
0.07332; 715.825
0.07358; 713.509
0.07384; 711.214
0.0741; 708.93
0.07436; 706.667
0.07462; 704.416
0.07488; 702.191
0.07514; 699.977
0.0754; 697.789
0.07566; 695.614
0.07592; 693.466
0.07618; 691.33
0.07644; 689.224
0.0767; 687.128
0.07696; 685.064
0.07722; 683.01
0.07748; 680.987
0.07774; 678.974
0.078; 676.994
0.07826; 675.022
0.07852; 673.084
0.07878; 671.154
0.07904; 669.257
0.0793; 667.367
0.07956; 665.512
0.07982; 663.663
0.08008; 661.848
0.08034; 660.039
0.0806; 658.265
0.08086; 656.496
0.08112; 654.761
0.08138; 653.031
0.08164; 651.336
0.0819; 649.645
0.08216; 647.989
0.08242; 646.335
0.08268; 644.718
0.08294; 643.103
0.0832; 641.524
0.08346; 639.945
0.08372; 638.404
0.08398; 636.863
0.08424; 635.359
0.0845; 633.855
0.08476; 632.389
0.08502; 630.92
0.08528; 629.491
0.08554; 628.059
0.0858; 626.666
0.08606; 625.27
0.08632; 623.913
0.08658; 622.553
0.08684; 621.233
0.0871; 619.908
0.08736; 618.623
0.08762; 617.334
0.08788; 616.085
0.08814; 614.831
0.0884; 613.618
0.08866; 612.399
0.08892; 611.222
0.08918; 610.038
0.08944; 608.897
0.0897; 607.748
0.08996; 606.642
0.09022; 605.528
0.09048; 604.458
0.09074; 603.379
0.091; 602.344
0.09126; 601.3
0.09152; 600.3
0.09178; 599.292
0.09204; 598.327
0.0923; 597.354
0.09256; 596.425
0.09282; 595.486
0.09308; 594.592
0.09334; 593.688
0.0936; 592.83
0.09386; 591.961
0.09412; 591.139
0.09438; 590.305
0.09464; 589.517
0.0949; 588.719
0.09516; 587.967
0.09542; 587.203
0.09568; 586.486
0.09594; 585.758
0.0962; 585.077
0.09646; 584.383
0.09672; 583.737
0.09698; 583.079
0.09724; 582.468
0.0975; 581.845
0.09776; 581.269
0.09802; 580.681
0.09828; 580.141
0.09854; 579.588
0.0988; 579.083
0.09906; 578.565
0.09932; 578.096
0.09958; 577.613
0.09984; 577.179
0.1001; 576.731
0.10036; 576.331
0.10062; 575.919
0.10088; 575.554
0.10114; 575.177
0.1014; 574.847
0.10166; 574.504
0.10192; 574.209
0.10218; 573.901
0.10244; 573.641
0.1027; 573.367
0.10296; 573.142
0.10322; 572.903
0.10348; 572.712
0.10374; 572.507
0.104; 572.35
0.10426; 572.179
0.10452; 572.057
0.10478; 571.92
0.10504; 571.83
0.1053; 571.727
0.10556; 571.67
0.10582; 571.597
0.10608; 571.568
0.10634; 571.521
0.1066; 0
0.10686; 0
0.10712; 0
0.10738; 0
0.10764; 0
0.1079; 0
0.10816; 0
0.10842; 0
0.10868; 0
0.10894; 0
0.1092; 0
0.10946; 0
0.10972; 0
0.10998; 0
0.11024; 0
0.1105; 0
0.11076; 0
0.11102; 0
0.11128; 0
0.11154; 0
0.1118; 0
0.11206; 0
0.11232; 0
0.11258; 0
0.11284; 0
0.1131; 0
0.11336; 0
0.11362; 0
0.11388; 0
0.11414; 0
0.1144; 0
0.11466; 0
0.11492; 0
0.11518; 0
0.11544; 0
0.1157; 0
0.11596; 0
0.11622; 0
0.11648; 0
0.11674; 0
0.117; 0
0.11726; 0
0.11752; 0
0.11778; 0
0.11804; 0
0.1183; 0
0.11856; 0
0.11882; 0
0.11908; 0
0.11934; 0
0.1196; 0
0.11986; 0
0.12012; 0
0.12038; 0
0.12064; 0
0.1209; 0
0.12116; 0
0.12142; 0
0.12168; 0
0.12194; 0
0.1222; 0
0.12246; 0
0.12272; 0
0.12298; 0
0.12324; 0
0.1235; 0
0.12376; 0
0.12402; 0
0.12428; 0
0.12454; 0
0.1248; 0
