0.0026; 400
0.0052; 400
0.0078; 400
0.0104; 400
0.013; 400
0.0156; 400
0.0182; 400
0.0208; 400
0.0234; 400
0.026; 400
0.0286; 400
0.0312; 400
0.0338; 400
0.0364; 400
0.039; 400
0.0416; 400
0.0442; 400
0.0468; 400
0.0494; 400
0.052; 400
0.0546; 400
0.0572; 400
0.0598; 400
0.0624; 400
0.065; 400
0.0676; 400
0.0702; 400
0.0728; 400
0.0754; 400
0.078; 400
0.0806; 400
0.0832; 400
0.0858; 400
0.0884; 400
0.091; 400
0.0936; 400
0.0962; 400
0.0988; 400
0.1014; 400
0.104; 400
0.1066; 400
0.1092; 400
0.1118; 400
0.1144; 400
0.117; 400
0.1196; 400
0.1222; 400
0.1248; 400
0.1274; 400
0.13; 400
0.1326; 400
0.1352; 400
0.1378; 400
0.1404; 400
0.143; 400
0.1456; 400
0.1482; 400
0.1508; 400
0.1534; 400
0.156; 400
0.1586; 400
0.1612; 400
0.1638; 400
0.1664; 400
0.169; 400
0.1716; 400
0.1742; 400
0.1768; 400
0.1794; 400
0.182; 400
0.1846; 400
0.1872; 400
0.1898; 400
0.1924; 400
0.195; 400
0.1976; 400
0.2002; 400
0.2028; 400
0.2054; 400
0.208; 400
0.2106; 400
0.2132; 400
0.2158; 400
0.2184; 400
0.221; 400
0.2236; 400
0.2262; 400
0.2288; 400
0.2314; 400
0.234; 400
0.2366; 400
0.2392; 400
0.2418; 400
0.2444; 400
0.247; 400
0.2496; 400
0.2522; 400
0.2548; 400
0.2574; 400
0.26; 400
0.2626; 400
0.2652; 400
0.2678; 400
0.2704; 400
0.273; 400
0.2756; 400
0.2782; 400
0.2808; 400
0.2834; 400
0.286; 400
0.2886; 400
0.2912; 400
0.2938; 400
0.2964; 400
0.299; 400
0.3016; 400
0.3042; 400
0.3068; 400
0.3094; 400
0.312; 400
0.3146; 400
0.3172; 400
0.3198; 400
0.3224; 400
0.325; 400
0.3276; 400
0.3302; 400
0.3328; 400
0.3354; 400
0.338; 400
0.3406; 400
0.3432; 400
0.3458; 400
0.3484; 400
0.351; 400
0.3536; 400
0.3562; 400
0.3588; 400
0.3614; 400
0.364; 400
0.3666; 400
0.3692; 400
0.3718; 400
0.3744; 400
0.377; 400
0.3796; 400
0.3822; 400
0.3848; 400
0.3874; 400
0.39; 400
0.3926; 400
0.3952; 400
0.3978; 400
0.4004; 400
0.403; 400
0.4056; 400
0.4082; 400
0.4108; 400
0.4134; 400
0.416; 400
0.4186; 400
0.4212; 400
0.4238; 400
0.4264; 400
0.429; 400
0.4316; 400
0.4342; 400
0.4368; 400
0.4394; 400
0.442; 400
0.4446; 400
0.4472; 400
0.4498; 400
0.4524; 400
0.455; 400
0.4576; 400
0.4602; 400
0.4628; 400
0.4654; 400
0.468; 400
0.4706; 400
0.4732; 400
0.4758; 400
0.4784; 400
0.481; 400
0.4836; 400
0.4862; 400
0.4888; 400
0.4914; 400
0.494; 400
0.4966; 400
0.4992; 400
0.5018; 400
0.5044; 400
0.507; 400
0.5096; 400
0.5122; 400
0.5148; 400
0.5174; 400
0.52; 400
0.5226; 400
0.5252; 400
0.5278; 400
0.5304; 400
0.533; 400
0.5356; 400
0.5382; 400
0.5408; 400
0.5434; 400
0.546; 400
0.5486; 400.001
0.5512; 400.001
0.5538; 400.001
0.5564; 400.001
0.559; 400.001
0.5616; 400.002
0.5642; 400.002
0.5668; 400.003
0.5694; 400.003
0.572; 400.004
0.5746; 400.005
0.5772; 400.006
0.5798; 400.008
0.5824; 400.009
0.585; 400.011
0.5876; 400.014
0.5902; 400.017
0.5928; 400.021
0.5954; 400.025
0.598; 400.03
0.6006; 400.036
0.6032; 400.044
0.6058; 400.052
0.6084; 400.063
0.611; 400.075
0.6136; 400.089
0.6162; 400.106
0.6188; 400.126
0.6214; 400.15
0.624; 400.178
0.6266; 400.21
0.6292; 400.247
0.6318; 400.291
0.6344; 400.342
0.637; 400.401
0.6396; 400.469
0.6422; 400.548
0.6448; 400.639
0.6474; 400.744
0.65; 400.865
0.6526; 401.004
0.6552; 401.163
0.6578; 401.345
0.6604; 401.552
0.663; 401.789
0.6656; 402.059
0.6682; 402.365
0.6708; 402.711
0.6734; 403.103
0.676; 403.545
0.6786; 404.043
0.6812; 404.602
0.6838; 405.229
0.6864; 405.929
0.689; 406.709
0.6916; 407.576
0.6942; 408.537
0.6968; 409.598
0.6994; 410.768
0.702; 412.053
0.7046; 413.459
0.7072; 414.994
0.7098; 416.664
0.7124; 418.473
0.715; 420.428
0.7176; 422.532
0.7202; 424.789
0.7228; 427.202
0.7254; 429.771
0.728; 432.497
0.7306; 435.378
0.7332; 438.414
0.7358; 441.599
0.7384; 444.93
0.741; 448.401
0.7436; 452.005
0.7462; 455.733
0.7488; 459.579
0.7514; 463.532
0.754; 467.585
0.7566; 471.728
0.7592; 475.953
0.7618; 480.255
0.7644; 484.628
0.767; 489.067
0.7696; 493.569
0.7722; 498.129
0.7748; 502.733
0.7774; 507.369
0.78; 512.023
0.7826; 516.685
0.7852; 521.344
0.7878; 525.987
0.7904; 530.6
0.793; 535.177
0.7956; 539.715
0.7982; 544.212
0.8008; 548.668
0.8034; 553.082
0.806; 557.45
0.8086; 561.766
0.8112; 566.019
0.8138; 570.196
0.8164; 574.287
0.819; 578.752
0.8216; 583.369
0.8242; 587.646
0.8268; 591.575
0.8294; 595.156
0.832; 598.397
0.8346; 601.313
0.8372; 603.934
0.8398; 606.304
0.8424; 608.484
0.845; 610.557
0.8476; 612.507
0.8502; 614.345
0.8528; 616.137
0.8554; 617.975
0.858; 619.899
0.8606; 621.931
0.8632; 624.088
0.8658; 626.384
0.8684; 628.829
0.871; 631.432
0.8736; 634.197
0.8762; 637.128
0.8788; 640.226
0.8814; 643.497
0.884; 646.945
0.8866; 650.75
0.8892; 655.028
0.8918; 659.504
0.8944; 664.143
0.897; 668.898
0.8996; 673.71
0.9022; 678.512
0.9048; 683.241
0.9074; 687.829
0.91; 692.216
0.9126; 696.341
0.9152; 700.152
0.9178; 703.605
0.9204; 706.662
0.923; 709.294
0.9256; 711.482
0.9282; 713.214
0.9308; 714.485
0.9334; 715.299
0.936; 715.664
0.9386; 715.594
0.9412; 715.109
0.9438; 714.231
0.9464; 712.983
0.949; 711.392
0.9516; 709.486
0.9542; 707.293
0.9568; 704.841
0.9594; 702.158
0.962; 699.273
0.9646; 696.215
0.9672; 693.013
0.9698; 689.696
0.9724; 686.295
0.975; 682.842
0.9776; 679.37
0.9802; 675.915
0.9828; 672.514
0.9854; 669.209
0.988; 666.043
0.9906; 663.06
0.9932; 660.308
0.9958; 657.835
0.9984; 655.686
1.001; 653.907
1.0036; 652.558
1.0062; 651.868
1.0088; 651.439
1.0114; 651.262
1.014; 651.368
1.0166; 651.762
1.0192; 652.44
1.0218; 653.4
1.0244; 654.632
1.027; 656.124
1.0296; 657.862
1.0322; 659.827
1.0348; 662
1.0374; 664.356
1.04; 666.868
1.0426; 669.505
1.0452; 672.23
1.0478; 675.246
1.0504; 678.825
1.053; 682.652
1.0556; 686.645
1.0582; 690.723
1.0608; 694.799
1.0634; 698.791
1.066; 702.618
1.0686; 706.204
1.0712; 709.48
1.0738; 712.384
1.0764; 714.862
1.079; 716.868
1.0816; 718.368
1.0842; 719.334
1.0868; 719.752
1.0894; 719.613
1.092; 718.919
1.0946; 717.683
1.0972; 715.923
1.0998; 713.671
1.1024; 710.961
1.105; 707.841
1.1076; 704.363
1.1102; 700.588
1.1128; 696.582
1.1154; 692.416
1.118; 688.166
1.1206; 683.91
1.1232; 679.727
1.1258; 675.694
1.1284; 671.883
1.131; 668.358
1.1336; 665.17
1.1362; 662.353
1.1388; 660.266
1.1414; 658.752
1.144; 657.537
1.1466; 656.707
1.1492; 656.307
1.1518; 656.3
1.1544; 656.684
1.157; 657.443
1.1596; 658.558
1.1622; 660.014
1.1648; 661.789
1.1674; 663.859
1.17; 666.199
1.1726; 668.779
1.1752; 671.574
1.1778; 674.943
1.1804; 678.991
1.183; 683.331
1.1856; 687.881
1.1882; 692.565
1.1908; 697.304
1.1934; 702.024
1.196; 706.656
1.1986; 711.142
1.2012; 715.429
1.2038; 719.478
1.2064; 723.257
1.209; 726.744
1.2116; 729.926
1.2142; 732.798
1.2168; 735.363
1.2194; 737.631
1.222; 739.613
1.2246; 741.327
1.2272; 742.792
1.2298; 744.028
1.2324; 745.057
1.235; 745.897
1.2376; 746.566
1.2402; 747.082
1.2428; 747.456
1.2454; 747.7
1.248; 747.82
