0.0026; 400
0.0052; 400
0.0078; 400
0.0104; 400
0.013; 400
0.0156; 400
0.0182; 400
0.0208; 400
0.0234; 400
0.026; 400
0.0286; 400
0.0312; 400
0.0338; 400
0.0364; 400
0.039; 400
0.0416; 400
0.0442; 400
0.0468; 400
0.0494; 400
0.052; 400
0.0546; 400
0.0572; 400
0.0598; 400
0.0624; 400
0.065; 400
0.0676; 400
0.0702; 400
0.0728; 400
0.0754; 400
0.078; 400
0.0806; 400
0.0832; 400
0.0858; 400
0.0884; 400
0.091; 400
0.0936; 400
0.0962; 400
0.0988; 400
0.1014; 400
0.104; 400
0.1066; 400
0.1092; 400
0.1118; 400
0.1144; 400
0.117; 400
0.1196; 400
0.1222; 400
0.1248; 400
0.1274; 400
0.13; 400
0.1326; 400
0.1352; 400
0.1378; 400
0.1404; 400
0.143; 400
0.1456; 400
0.1482; 400
0.1508; 400
0.1534; 400
0.156; 400
0.1586; 400
0.1612; 400
0.1638; 400
0.1664; 400
0.169; 400
0.1716; 400
0.1742; 400
0.1768; 400
0.1794; 400
0.182; 400
0.1846; 400
0.1872; 400
0.1898; 400
0.1924; 400
0.195; 400
0.1976; 400
0.2002; 400
0.2028; 400
0.2054; 400
0.208; 400
0.2106; 400
0.2132; 400
0.2158; 400
0.2184; 400
0.221; 400
0.2236; 400
0.2262; 400
0.2288; 400
0.2314; 400
0.234; 400
0.2366; 400
0.2392; 400
0.2418; 400
0.2444; 400
0.247; 400
0.2496; 400
0.2522; 400
0.2548; 400
0.2574; 400
0.26; 400
0.2626; 400
0.2652; 400
0.2678; 400
0.2704; 400
0.273; 400
0.2756; 400
0.2782; 400
0.2808; 400
0.2834; 400
0.286; 400
0.2886; 400
0.2912; 400
0.2938; 400
0.2964; 400
0.299; 400
0.3016; 400
0.3042; 400
0.3068; 400
0.3094; 400
0.312; 400
0.3146; 400
0.3172; 400
0.3198; 400
0.3224; 400
0.325; 400
0.3276; 400
0.3302; 400
0.3328; 400
0.3354; 400
0.338; 400
0.3406; 400
0.3432; 400
0.3458; 400
0.3484; 400
0.351; 400
0.3536; 400
0.3562; 400
0.3588; 400
0.3614; 400
0.364; 400
0.3666; 400
0.3692; 400
0.3718; 400
0.3744; 400
0.377; 400
0.3796; 400
0.3822; 400
0.3848; 400
0.3874; 400
0.39; 400
0.3926; 400
0.3952; 400
0.3978; 400.001
0.4004; 400.001
0.403; 400.001
0.4056; 400.001
0.4082; 400.001
0.4108; 400.001
0.4134; 400.001
0.416; 400.001
0.4186; 400.001
0.4212; 400.001
0.4238; 400.002
0.4264; 400.002
0.429; 400.002
0.4316; 400.003
0.4342; 400.003
0.4368; 400.003
0.4394; 400.004
0.442; 400.004
0.4446; 400.005
0.4472; 400.006
0.4498; 400.006
0.4524; 400.007
0.455; 400.008
0.4576; 400.009
0.4602; 400.011
0.4628; 400.012
0.4654; 400.014
0.468; 400.016
0.4706; 400.018
0.4732; 400.02
0.4758; 400.023
0.4784; 400.026
0.481; 400.029
0.4836; 400.033
0.4862; 400.038
0.4888; 400.043
0.4914; 400.048
0.494; 400.055
0.4966; 400.062
0.4992; 400.07
0.5018; 400.079
0.5044; 400.089
0.507; 400.101
0.5096; 400.113
0.5122; 400.127
0.5148; 400.143
0.5174; 400.161
0.52; 400.181
0.5226; 400.202
0.5252; 400.227
0.5278; 400.253
0.5304; 400.283
0.533; 400.316
0.5356; 400.352
0.5382; 400.393
0.5408; 400.437
0.5434; 400.486
0.546; 400.539
0.5486; 400.598
0.5512; 400.663
0.5538; 400.734
0.5564; 400.812
0.559; 400.897
0.5616; 400.99
0.5642; 401.091
0.5668; 401.201
0.5694; 401.321
0.572; 401.452
0.5746; 401.593
0.5772; 401.747
0.5798; 401.914
0.5824; 402.094
0.585; 402.289
0.5876; 402.499
0.5902; 402.726
0.5928; 402.97
0.5954; 403.233
0.598; 403.515
0.6006; 403.818
0.6032; 404.144
0.6058; 404.492
0.6084; 404.864
0.611; 405.262
0.6136; 405.686
0.6162; 406.139
0.6188; 406.621
0.6214; 407.134
0.624; 407.679
0.6266; 408.257
0.6292; 408.87
0.6318; 409.519
0.6344; 410.206
0.637; 410.931
0.6396; 411.697
0.6422; 412.504
0.6448; 413.354
0.6474; 414.248
0.65; 415.188
0.6526; 416.174
0.6552; 417.208
0.6578; 418.291
0.6604; 419.424
0.663; 420.608
0.6656; 421.844
0.6682; 423.133
0.6708; 424.476
0.6734; 425.873
0.676; 427.326
0.6786; 428.834
0.6812; 430.399
0.6838; 432.02
0.6864; 433.698
0.689; 435.433
0.6916; 437.226
0.6942; 439.076
0.6968; 440.983
0.6994; 442.946
0.702; 444.967
0.7046; 447.043
0.7072; 449.175
0.7098; 451.361
0.7124; 453.601
0.715; 455.895
0.7176; 458.24
0.7202; 460.636
0.7228; 463.082
0.7254; 465.576
0.728; 468.117
0.7306; 470.703
0.7332; 473.333
0.7358; 476.006
0.7384; 478.719
0.741; 481.471
0.7436; 484.261
0.7462; 487.087
0.7488; 489.948
0.7514; 492.844
0.754; 495.774
0.7566; 498.739
0.7592; 501.74
0.7618; 504.78
0.7644; 507.861
0.767; 510.987
0.7696; 514.162
0.7722; 517.386
0.7748; 520.654
0.7774; 523.961
0.78; 527.3
0.7826; 530.662
0.7852; 534.04
0.7878; 537.421
0.7904; 540.794
0.793; 544.151
0.7956; 547.488
0.7982; 550.802
0.8008; 554.089
0.8034; 557.351
0.806; 560.584
0.8086; 563.79
0.8112; 566.967
0.8138; 570.119
0.8164; 573.265
0.819; 576.698
0.8216; 580.382
0.8242; 584.048
0.8268; 587.686
0.8294; 591.302
0.832; 594.896
0.8346; 598.469
0.8372; 602.024
0.8398; 605.561
0.8424; 609.088
0.845; 612.63
0.8476; 616.015
0.8502; 619.135
0.8528; 622.099
0.8554; 624.985
0.858; 627.818
0.8606; 630.605
0.8632; 633.347
0.8658; 636.046
0.8684; 638.7
0.871; 641.31
0.8736; 643.876
0.8762; 646.399
0.8788; 648.881
0.8814; 651.326
0.884; 653.731
0.8866; 656.165
0.8892; 658.613
0.8918; 660.942
0.8944; 663.162
0.897; 665.279
0.8996; 667.292
0.9022; 669.199
0.9048; 670.997
0.9074; 672.685
0.91; 674.261
0.9126; 675.721
0.9152; 677.066
0.9178; 678.295
0.9204; 679.407
0.923; 680.405
0.9256; 681.289
0.9282; 682.063
0.9308; 682.73
0.9334; 683.294
0.936; 683.76
0.9386; 684.133
0.9412; 684.42
0.9438; 684.627
0.9464; 684.76
0.949; 684.828
0.9516; 684.837
0.9542; 684.797
0.9568; 684.714
0.9594; 684.598
0.962; 684.456
0.9646; 684.297
0.9672; 684.129
0.9698; 683.959
0.9724; 683.796
0.975; 683.648
0.9776; 683.519
0.9802; 683.418
0.9828; 683.349
0.9854; 683.318
0.988; 683.329
0.9906; 683.386
0.9932; 683.492
0.9958; 683.65
0.9984; 683.86
1.001; 684.121
1.0036; 684.438
1.0062; 684.855
1.0088; 685.283
1.0114; 685.744
1.014; 686.238
1.0166; 686.758
1.0192; 687.302
1.0218; 687.865
1.0244; 688.445
1.027; 689.036
1.0296; 689.636
1.0322; 690.24
1.0348; 690.845
1.0374; 691.447
1.04; 692.041
1.0426; 692.623
1.0452; 693.187
1.0478; 693.776
1.0504; 694.389
1.053; 694.976
1.0556; 695.531
1.0582; 696.051
1.0608; 696.529
1.0634; 696.961
1.066; 697.342
1.0686; 697.667
1.0712; 697.932
1.0738; 698.135
1.0764; 698.273
1.079; 698.345
1.0816; 698.35
1.0842; 698.29
1.0868; 698.166
1.0894; 697.98
1.092; 697.737
1.0946; 697.442
1.0972; 697.1
1.0998; 696.718
1.1024; 696.303
1.105; 695.862
1.1076; 695.405
1.1102; 694.94
1.1128; 694.475
1.1154; 694.02
1.118; 693.585
1.1206; 693.177
1.1232; 692.806
1.1258; 692.48
1.1284; 692.207
1.131; 691.993
1.1336; 691.839
1.1362; 691.734
1.1388; 691.771
1.1414; 691.923
1.144; 692.117
1.1466; 692.379
1.1492; 692.717
1.1518; 693.114
1.1544; 693.57
1.157; 694.081
1.1596; 694.644
1.1622; 695.256
1.1648; 695.914
1.1674; 696.616
1.17; 697.359
1.1726; 698.138
1.1752; 698.95
1.1778; 699.93
1.1804; 701.108
1.183; 702.355
1.1856; 703.666
1.1882; 705.034
1.1908; 706.451
1.1934; 707.907
1.196; 709.393
1.1986; 710.9
1.2012; 712.416
1.2038; 713.931
1.2064; 715.435
1.209; 716.915
1.2116; 718.363
1.2142; 719.766
1.2168; 721.116
1.2194; 722.401
1.222; 723.614
1.2246; 724.745
1.2272; 725.787
1.2298; 726.732
1.2324; 727.574
1.235; 728.306
1.2376; 728.924
1.2402; 729.423
1.2428; 729.801
1.2454; 730.054
1.248; 730.181
