0.0026; 400
0.0052; 400
0.0078; 400
0.0104; 400
0.013; 400
0.0156; 400
0.0182; 400
0.0208; 400
0.0234; 400
0.026; 400
0.0286; 400
0.0312; 400
0.0338; 400
0.0364; 400
0.039; 400
0.0416; 400
0.0442; 400
0.0468; 400
0.0494; 400
0.052; 400
0.0546; 400
0.0572; 400
0.0598; 400
0.0624; 400
0.065; 400
0.0676; 400
0.0702; 400
0.0728; 400
0.0754; 400
0.078; 400
0.0806; 400
0.0832; 400
0.0858; 400
0.0884; 400
0.091; 400
0.0936; 400
0.0962; 400
0.0988; 400
0.1014; 400
0.104; 400
0.1066; 400
0.1092; 400
0.1118; 400
0.1144; 400
0.117; 400
0.1196; 400
0.1222; 400
0.1248; 400
0.1274; 400
0.13; 400
0.1326; 400
0.1352; 400
0.1378; 400
0.1404; 400
0.143; 400
0.1456; 400
0.1482; 400
0.1508; 400
0.1534; 400
0.156; 400
0.1586; 400
0.1612; 400
0.1638; 400
0.1664; 400
0.169; 400
0.1716; 400
0.1742; 400
0.1768; 400
0.1794; 400
0.182; 400
0.1846; 400
0.1872; 400
0.1898; 400
0.1924; 400
0.195; 400
0.1976; 400
0.2002; 400
0.2028; 400
0.2054; 400
0.208; 400
0.2106; 400
0.2132; 400
0.2158; 400
0.2184; 400
0.221; 400
0.2236; 400
0.2262; 400
0.2288; 400
0.2314; 400
0.234; 400
0.2366; 400
0.2392; 400
0.2418; 400
0.2444; 400
0.247; 400
0.2496; 400
0.2522; 400
0.2548; 400
0.2574; 400
0.26; 400
0.2626; 400
0.2652; 400
0.2678; 400
0.2704; 400
0.273; 400
0.2756; 400
0.2782; 400
0.2808; 400
0.2834; 400
0.286; 400
0.2886; 400
0.2912; 400
0.2938; 400
0.2964; 400
0.299; 400
0.3016; 400
0.3042; 400
0.3068; 400
0.3094; 400
0.312; 400
0.3146; 400
0.3172; 400
0.3198; 400
0.3224; 400
0.325; 400
0.3276; 400
0.3302; 400
0.3328; 400
0.3354; 400
0.338; 400
0.3406; 400
0.3432; 400
0.3458; 400
0.3484; 400
0.351; 400
0.3536; 400
0.3562; 400
0.3588; 400
0.3614; 400
0.364; 400
0.3666; 400
0.3692; 400
0.3718; 400
0.3744; 400
0.377; 400
0.3796; 400
0.3822; 400
0.3848; 400
0.3874; 400
0.39; 400
0.3926; 400
0.3952; 400
0.3978; 400
0.4004; 400
0.403; 400
0.4056; 400
0.4082; 400
0.4108; 400
0.4134; 400
0.416; 400
0.4186; 400
0.4212; 400
0.4238; 400
0.4264; 400
0.429; 400
0.4316; 400
0.4342; 400
0.4368; 400
0.4394; 400
0.442; 400
0.4446; 400
0.4472; 400.001
0.4498; 400.001
0.4524; 400.001
0.455; 400.001
0.4576; 400.001
0.4602; 400.001
0.4628; 400.001
0.4654; 400.002
0.468; 400.002
0.4706; 400.002
0.4732; 400.002
0.4758; 400.003
0.4784; 400.003
0.481; 400.004
0.4836; 400.004
0.4862; 400.005
0.4888; 400.006
0.4914; 400.007
0.494; 400.008
0.4966; 400.009
0.4992; 400.01
0.5018; 400.012
0.5044; 400.014
0.507; 400.016
0.5096; 400.019
0.5122; 400.022
0.5148; 400.025
0.5174; 400.029
0.52; 400.034
0.5226; 400.039
0.5252; 400.045
0.5278; 400.051
0.5304; 400.059
0.533; 400.068
0.5356; 400.078
0.5382; 400.089
0.5408; 400.102
0.5434; 400.116
0.546; 400.133
0.5486; 400.151
0.5512; 400.172
0.5538; 400.196
0.5564; 400.222
0.559; 400.252
0.5616; 400.285
0.5642; 400.323
0.5668; 400.365
0.5694; 400.411
0.572; 400.463
0.5746; 400.521
0.5772; 400.585
0.5798; 400.657
0.5824; 400.736
0.585; 400.823
0.5876; 400.92
0.5902; 401.027
0.5928; 401.144
0.5954; 401.274
0.598; 401.416
0.6006; 401.572
0.6032; 401.742
0.6058; 401.929
0.6084; 402.133
0.611; 402.355
0.6136; 402.597
0.6162; 402.861
0.6188; 403.147
0.6214; 403.457
0.624; 403.793
0.6266; 404.156
0.6292; 404.549
0.6318; 404.972
0.6344; 405.427
0.637; 405.917
0.6396; 406.444
0.6422; 407.008
0.6448; 407.613
0.6474; 408.259
0.65; 408.95
0.6526; 409.686
0.6552; 410.471
0.6578; 411.305
0.6604; 412.192
0.663; 413.132
0.6656; 414.128
0.6682; 415.181
0.6708; 416.294
0.6734; 417.468
0.676; 418.705
0.6786; 420.006
0.6812; 421.373
0.6838; 422.808
0.6864; 424.311
0.689; 425.883
0.6916; 427.527
0.6942; 429.241
0.6968; 431.028
0.6994; 432.888
0.702; 434.821
0.7046; 436.826
0.7072; 438.905
0.7098; 441.057
0.7124; 443.281
0.715; 445.577
0.7176; 447.945
0.7202; 450.382
0.7228; 452.888
0.7254; 455.461
0.728; 458.099
0.7306; 460.802
0.7332; 463.566
0.7358; 466.39
0.7384; 469.272
0.741; 472.209
0.7436; 475.199
0.7462; 478.239
0.7488; 481.328
0.7514; 484.463
0.754; 487.645
0.7566; 490.871
0.7592; 494.142
0.7618; 497.46
0.7644; 500.827
0.767; 504.245
0.7696; 507.716
0.7722; 511.241
0.7748; 514.814
0.7774; 518.426
0.78; 522.068
0.7826; 525.73
0.7852; 529.402
0.7878; 533.07
0.7904; 536.721
0.793; 540.347
0.7956; 543.94
0.7982; 547.498
0.8008; 551.019
0.8034; 554.501
0.806; 557.943
0.8086; 561.344
0.8112; 564.703
0.8138; 568.023
0.8164; 571.32
0.819; 574.919
0.8216; 578.778
0.8242; 582.601
0.8268; 586.385
0.8294; 590.137
0.832; 593.863
0.8346; 597.566
0.8372; 601.252
0.8398; 604.927
0.8424; 608.601
0.845; 612.307
0.8476; 615.87
0.8502; 619.167
0.8528; 622.307
0.8554; 625.37
0.858; 628.384
0.8606; 631.354
0.8632; 634.285
0.8658; 637.175
0.8684; 640.026
0.871; 642.836
0.8736; 645.608
0.8762; 648.34
0.8788; 651.037
0.8814; 653.703
0.884; 656.336
0.8866; 659.026
0.8892; 661.762
0.8918; 664.389
0.8944; 666.916
0.897; 669.344
0.8996; 671.669
0.9022; 673.882
0.9048; 675.976
0.9074; 677.943
0.91; 679.774
0.9126; 681.464
0.9152; 683.004
0.9178; 684.391
0.9204; 685.619
0.923; 686.686
0.9256; 687.591
0.9282; 688.334
0.9308; 688.917
0.9334; 689.342
0.936; 689.616
0.9386; 689.743
0.9412; 689.732
0.9438; 689.591
0.9464; 689.329
0.949; 688.959
0.9516; 688.491
0.9542; 687.939
0.9568; 687.315
0.9594; 686.633
0.962; 685.908
0.9646; 685.152
0.9672; 684.382
0.9698; 683.611
0.9724; 682.853
0.975; 682.121
0.9776; 681.429
0.9802; 680.789
0.9828; 680.213
0.9854; 679.713
0.988; 679.297
0.9906; 678.976
0.9932; 678.757
0.9958; 678.648
0.9984; 678.653
1.001; 678.774
1.0036; 679.02
1.0062; 679.439
1.0088; 679.899
1.0114; 680.427
1.014; 681.022
1.0166; 681.679
1.0192; 682.394
1.0218; 683.16
1.0244; 683.973
1.027; 684.825
1.0296; 685.712
1.0322; 686.626
1.0348; 687.56
1.0374; 688.507
1.04; 689.459
1.0426; 690.408
1.0452; 691.343
1.0478; 692.334
1.0504; 693.409
1.053; 694.477
1.0556; 695.523
1.0582; 696.533
1.0608; 697.491
1.0634; 698.383
1.066; 699.195
1.0686; 699.912
1.0712; 700.522
1.0738; 701.015
1.0764; 701.382
1.079; 701.615
1.0816; 701.711
1.0842; 701.666
1.0868; 701.48
1.0894; 701.156
1.092; 700.698
1.0946; 700.115
1.0972; 699.415
1.0998; 698.611
1.1024; 697.716
1.105; 696.744
1.1076; 695.714
1.1102; 694.642
1.1128; 693.548
1.1154; 692.451
1.118; 691.369
1.1206; 690.322
1.1232; 689.328
1.1258; 688.406
1.1284; 687.57
1.131; 686.834
1.1336; 686.204
1.1362; 685.676
1.1388; 685.379
1.1414; 685.265
1.144; 685.23
1.1466; 685.307
1.1492; 685.511
1.1518; 685.821
1.1544; 686.239
1.157; 686.757
1.1596; 687.371
1.1622; 688.077
1.1648; 688.87
1.1674; 689.746
1.17; 690.7
1.1726; 691.724
1.1752; 692.814
1.1778; 694.144
1.1804; 695.764
1.183; 697.507
1.1856; 699.361
1.1882; 701.311
1.1908; 703.342
1.1934; 705.434
1.196; 707.572
1.1986; 709.737
1.2012; 711.911
1.2038; 714.075
1.2064; 716.213
1.209; 718.308
1.2116; 720.345
1.2142; 722.307
1.2168; 724.182
1.2194; 725.956
1.222; 727.619
1.2246; 729.161
1.2272; 730.571
1.2298; 731.843
1.2324; 732.97
1.235; 733.946
1.2376; 734.765
1.2402; 735.426
1.2428; 735.923
1.2454; 736.256
1.248; 736.423
