0.00026; 0
0.00052; 0
0.00078; 0
0.00104; 0
0.0013; 0
0.00156; 0
0.00182; 0
0.00208; 0
0.00234; 0
0.0026; 0
0.00286; 0
0.00312; 0
0.00338; 0
0.00364; 0
0.0039; 0
0.00416; 0
0.00442; 0
0.00468; 0
0.00494; 0
0.0052; 0
0.00546; 0
0.00572; 0
0.00598; 0
0.00624; 0
0.0065; 0
0.00676; 0
0.00702; 0
0.00728; 0
0.00754; 0
0.0078; 0
0.00806; 0
0.00832; 0
0.00858; 0
0.00884; 0
0.0091; 0
0.00936; 0
0.00962; 0
0.00988; 0
0.01014; 0
0.0104; 0
0.01066; 0
0.01092; 0
0.01118; 0
0.01144; 0
0.0117; 0
0.01196; 0
0.01222; 0
0.01248; 0
0.01274; 0
0.013; 0
0.01326; 0
0.01352; 0
0.01378; 0
0.01404; 0
0.0143; 0
0.01456; 0
0.01482; 0
0.01508; 0
0.01534; 0
0.0156; 0
0.01586; 0
0.01612; 0
0.01638; 0
0.01664; 0
0.0169; 0
0.01716; 0
0.01742; 0
0.01768; 0
0.01794; 0
0.0182; 0
0.01846; 0
0.01872; 0
0.01898; 0
0.01924; 0
0.0195; 0
0.01976; 0
0.02002; 0
0.02028; 0
0.02054; 0
0.0208; 0
0.02106; 0
0.02132; 0
0.02158; 0
0.02184; 0
0.0221; 0
0.02236; 0
0.02262; 0
0.02288; 0
0.02314; 0
0.0234; 0
0.02366; 0
0.02392; 0
0.02418; 0
0.02444; 0
0.0247; 0
0.02496; 0
0.02522; 0
0.02548; 0
0.02574; 0
0.026; 0
0.02626; 0
0.02652; 0
0.02678; 0
0.02704; 0
0.0273; 0
0.02756; 0
0.02782; 0
0.02808; 0
0.02834; 0
0.0286; 0
0.02886; 0
0.02912; 0
0.02938; 0
0.02964; 0
0.0299; 0
0.03016; 0
0.03042; 0
0.03068; 0
0.03094; 0
0.0312; 0
0.03146; 0
0.03172; 0
0.03198; 0
0.03224; 0
0.0325; 0
0.03276; 887.446
0.03302; 887.437
0.03328; 887.42
0.03354; 887.392
0.0338; 887.356
0.03406; 887.307
0.03432; 887.25
0.03458; 887.181
0.03484; 887.103
0.0351; 887.014
0.03536; 886.916
0.03562; 886.806
0.03588; 886.687
0.03614; 886.556
0.0364; 886.417
0.03666; 886.266
0.03692; 886.106
0.03718; 885.933
0.03744; 885.753
0.0377; 885.559
0.03796; 885.357
0.03822; 885.143
0.03848; 884.92
0.03874; 884.684
0.039; 884.439
0.03926; 884.182
0.03952; 883.916
0.03978; 883.637
0.04004; 883.349
0.0403; 883.047
0.04056; 882.737
0.04082; 882.414
0.04108; 882.082
0.04134; 881.736
0.0416; 881.381
0.04186; 881.013
0.04212; 880.636
0.04238; 880.245
0.04264; 879.845
0.0429; 879.431
0.04316; 879.007
0.04342; 878.57
0.04368; 878.122
0.04394; 877.661
0.0442; 877.19
0.04446; 876.705
0.04472; 876.21
0.04498; 875.701
0.04524; 875.181
0.0455; 874.647
0.04576; 874.103
0.04602; 873.544
0.04628; 872.975
0.04654; 872.391
0.0468; 871.796
0.04706; 871.186
0.04732; 870.566
0.04758; 869.93
0.04784; 869.284
0.0481; 868.622
0.04836; 867.949
0.04862; 867.26
0.04888; 866.559
0.04914; 865.843
0.0494; 865.115
0.04966; 864.371
0.04992; 863.616
0.05018; 862.843
0.05044; 862.059
0.0507; 861.258
0.05096; 860.444
0.05122; 859.614
0.05148; 858.77
0.05174; 857.91
0.052; 857.036
0.05226; 856.145
0.05252; 855.24
0.05278; 854.317
0.05304; 853.381
0.0533; 852.426
0.05356; 851.457
0.05382; 850.47
0.05408; 849.468
0.05434; 848.447
0.0546; 847.411
0.05486; 846.355
0.05512; 845.284
0.05538; 844.193
0.05564; 843.086
0.0559; 841.959
0.05616; 840.816
0.05642; 839.651
0.05668; 838.469
0.05694; 837.267
0.0572; 836.045
0.05746; 834.803
0.05772; 833.542
0.05798; 832.259
0.05824; 830.956
0.0585; 829.631
0.05876; 828.285
0.05902; 826.916
0.05928; 825.527
0.05954; 824.114
0.0598; 822.679
0.06006; 821.22
0.06032; 819.738
0.06058; 818.231
0.06084; 816.701
0.0611; 815.146
0.06136; 813.566
0.06162; 811.961
0.06188; 810.33
0.06214; 808.673
0.0624; 806.99
0.06266; 805.279
0.06292; 803.543
0.06318; 801.778
0.06344; 799.987
0.0637; 798.167
0.06396; 796.32
0.06422; 794.444
0.06448; 792.541
0.06474; 790.609
0.065; 788.649
0.06526; 786.661
0.06552; 784.644
0.06578; 782.6
0.06604; 780.528
0.0663; 778.428
0.06656; 776.302
0.06682; 774.149
0.06708; 771.971
0.06734; 769.768
0.0676; 767.54
0.06786; 765.29
0.06812; 763.018
0.06838; 760.725
0.06864; 758.414
0.0689; 756.085
0.06916; 753.74
0.06942; 751.38
0.06968; 749.009
0.06994; 746.627
0.0702; 744.236
0.07046; 741.839
0.07072; 739.437
0.07098; 737.034
0.07124; 734.629
0.0715; 732.226
0.07176; 729.827
0.07202; 727.433
0.07228; 725.046
0.07254; 722.667
0.0728; 720.299
0.07306; 717.942
0.07332; 715.598
0.07358; 713.268
0.07384; 710.953
0.0741; 708.654
0.07436; 706.372
0.07462; 704.108
0.07488; 701.862
0.07514; 699.635
0.0754; 697.427
0.07566; 695.239
0.07592; 693.071
0.07618; 690.923
0.07644; 688.796
0.0767; 686.689
0.07696; 684.603
0.07722; 682.539
0.07748; 680.494
0.07774; 678.472
0.078; 676.47
0.07826; 674.489
0.07852; 672.529
0.07878; 670.59
0.07904; 668.671
0.0793; 666.773
0.07956; 664.895
0.07982; 663.039
0.08008; 661.202
0.08034; 659.387
0.0806; 657.59
0.08086; 655.814
0.08112; 654.057
0.08138; 652.321
0.08164; 650.604
0.0819; 648.907
0.08216; 647.228
0.08242; 645.57
0.08268; 643.93
0.08294; 642.31
0.0832; 640.708
0.08346; 639.127
0.08372; 637.562
0.08398; 636.018
0.08424; 634.491
0.0845; 632.984
0.08476; 631.494
0.08502; 630.024
0.08528; 628.571
0.08554; 627.137
0.0858; 625.72
0.08606; 624.324
0.08632; 622.943
0.08658; 621.583
0.08684; 620.238
0.0871; 618.914
0.08736; 617.605
0.08762; 616.318
0.08788; 615.045
0.08814; 613.793
0.0884; 612.556
0.08866; 611.339
0.08892; 610.138
0.08918; 608.957
0.08944; 607.791
0.0897; 606.646
0.08996; 605.515
0.09022; 604.405
0.09048; 603.31
0.09074; 602.236
0.091; 601.177
0.09126; 600.139
0.09152; 599.115
0.09178; 598.113
0.09204; 597.124
0.0923; 596.157
0.09256; 595.204
0.09282; 594.272
0.09308; 593.355
0.09334; 592.459
0.0936; 591.577
0.09386; 590.716
0.09412; 589.869
0.09438; 589.044
0.09464; 588.232
0.0949; 587.442
0.09516; 586.667
0.09542; 585.913
0.09568; 585.172
0.09594; 584.454
0.0962; 583.749
0.09646; 583.066
0.09672; 582.397
0.09698; 581.749
0.09724; 581.115
0.0975; 580.503
0.09776; 579.905
0.09802; 579.329
0.09828; 578.766
0.09854; 578.225
0.0988; 577.698
0.09906; 577.192
0.09932; 576.7
0.09958; 576.23
0.09984; 575.774
0.1001; 575.339
0.10036; 574.917
0.10062; 574.518
0.10088; 574.132
0.10114; 573.768
0.1014; 573.417
0.10166; 573.088
0.10192; 572.773
0.10218; 572.479
0.10244; 572.199
0.1027; 571.94
0.10296; 571.695
0.10322; 571.472
0.10348; 571.262
0.10374; 571.073
0.104; 570.897
0.10426; 570.743
0.10452; 570.601
0.10478; 570.48
0.10504; 570.373
0.1053; 570.286
0.10556; 570.21
0.10582; 570.154
0.10608; 570.106
0.10634; 570.075
0.1066; 0
0.10686; 0
0.10712; 0
0.10738; 0
0.10764; 0
0.1079; 0
0.10816; 0
0.10842; 0
0.10868; 0
0.10894; 0
0.1092; 0
0.10946; 0
0.10972; 0
0.10998; 0
0.11024; 0
0.1105; 0
0.11076; 0
0.11102; 0
0.11128; 0
0.11154; 0
0.1118; 0
0.11206; 0
0.11232; 0
0.11258; 0
0.11284; 0
0.1131; 0
0.11336; 0
0.11362; 0
0.11388; 0
0.11414; 0
0.1144; 0
0.11466; 0
0.11492; 0
0.11518; 0
0.11544; 0
0.1157; 0
0.11596; 0
0.11622; 0
0.11648; 0
0.11674; 0
0.117; 0
0.11726; 0
0.11752; 0
0.11778; 0
0.11804; 0
0.1183; 0
0.11856; 0
0.11882; 0
0.11908; 0
0.11934; 0
0.1196; 0
0.11986; 0
0.12012; 0
0.12038; 0
0.12064; 0
0.1209; 0
0.12116; 0
0.12142; 0
0.12168; 0
0.12194; 0
0.1222; 0
0.12246; 0
0.12272; 0
0.12298; 0
0.12324; 0
0.1235; 0
0.12376; 0
0.12402; 0
0.12428; 0
0.12454; 0
0.1248; 0
