0.00026; 325.261
0.00052; 325.269
0.00078; 325.271
0.00104; 325.283
0.0013; 325.297
0.00156; 325.321
0.00182; 325.346
0.00208; 325.382
0.00234; 325.418
0.0026; 325.465
0.00286; 325.514
0.00312; 325.572
0.00338; 325.631
0.00364; 325.701
0.0039; 325.772
0.00416; 325.854
0.00442; 325.936
0.00468; 326.029
0.00494; 326.124
0.0052; 326.228
0.00546; 326.334
0.00572; 326.45
0.00598; 326.568
0.00624; 326.696
0.0065; 326.825
0.00676; 326.965
0.00702; 327.106
0.00728; 327.257
0.00754; 327.41
0.0078; 327.573
0.00806; 327.738
0.00832; 327.913
0.00858; 328.089
0.00884; 328.277
0.0091; 328.465
0.00936; 328.664
0.00962; 328.865
0.00988; 329.076
0.01014; 329.289
0.0104; 329.512
0.01066; 329.737
0.01092; 329.972
0.01118; 330.209
0.01144; 330.457
0.0117; 330.706
0.01196; 330.966
0.01222; 331.228
0.01248; 331.5
0.01274; 331.774
0.013; 332.059
0.01326; 332.346
0.01352; 332.644
0.01378; 332.943
0.01404; 333.253
0.0143; 333.565
0.01456; 333.889
0.01482; 334.213
0.01508; 334.55
0.01534; 334.888
0.0156; 335.237
0.01586; 335.587
0.01612; 335.95
0.01638; 336.314
0.01664; 336.69
0.0169; 337.067
0.01716; 337.457
0.01742; 337.847
0.01768; 338.25
0.01794; 338.654
0.0182; 339.071
0.01846; 339.488
0.01872; 339.919
0.01898; 340.35
0.01924; 340.794
0.0195; 341.24
0.01976; 341.698
0.02002; 342.157
0.02028; 342.629
0.02054; 343.103
0.0208; 343.589
0.02106; 344.077
0.02132; 344.578
0.02158; 345.081
0.02184; 345.596
0.0221; 346.113
0.02236; 346.643
0.02262; 347.175
0.02288; 347.72
0.02314; 348.266
0.0234; 348.826
0.02366; 349.387
0.02392; 349.962
0.02418; 350.539
0.02444; 351.129
0.0247; 351.721
0.02496; 352.326
0.02522; 352.934
0.02548; 353.555
0.02574; 354.178
0.026; 354.815
0.02626; 355.453
0.02652; 356.107
0.02678; 356.761
0.02704; 357.43
0.0273; 358.101
0.02756; 358.786
0.02782; 359.473
0.02808; 360.174
0.02834; 360.878
0.0286; 361.596
0.02886; 362.316
0.02912; 363.05
0.02938; 363.787
0.02964; 364.539
0.0299; 365.292
0.03016; 366.061
0.03042; 366.831
0.03068; 367.617
0.03094; 368.405
0.0312; 369.208
0.03146; 370.013
0.03172; 370.833
0.03198; 371.656
0.03224; 372.494
0.0325; 373.334
0.03276; 374.19
0.03302; 375.048
0.03328; 375.922
0.03354; 376.799
0.0338; 377.691
0.03406; 378.585
0.03432; 379.496
0.03458; 380.408
0.03484; 381.338
0.0351; 382.269
0.03536; 383.216
0.03562; 384.166
0.03588; 385.133
0.03614; 386.102
0.0364; 387.088
0.03666; 388.076
0.03692; 389.08
0.03718; 390.087
0.03744; 391.111
0.0377; 392.137
0.03796; 393.181
0.03822; 394.227
0.03848; 395.29
0.03874; 396.356
0.039; 397.439
0.03926; 398.525
0.03952; 399.628
0.03978; 400.733
0.04004; 401.857
0.0403; 402.982
0.04056; 404.126
0.04082; 405.272
0.04108; 406.436
0.04134; 407.603
0.0416; 408.787
0.04186; 409.975
0.04212; 411.18
0.04238; 412.388
0.04264; 413.615
0.0429; 414.844
0.04316; 416.092
0.04342; 417.342
0.04368; 418.611
0.04394; 419.882
0.0442; 421.172
0.04446; 422.464
0.04472; 423.776
0.04498; 425.09
0.04524; 426.423
0.0455; 427.758
0.04576; 429.113
0.04602; 430.471
0.04628; 431.847
0.04654; 433.227
0.0468; 434.626
0.04706; 436.027
0.04732; 437.448
0.04758; 438.872
0.04784; 440.315
0.0481; 441.761
0.04836; 443.227
0.04862; 444.695
0.04888; 446.183
0.04914; 447.674
0.0494; 449.185
0.04966; 450.699
0.04992; 452.232
0.05018; 453.768
0.05044; 455.324
0.0507; 456.883
0.05096; 458.462
0.05122; 460.044
0.05148; 461.645
0.05174; 463.25
0.052; 464.875
0.05226; 466.502
0.05252; 468.15
0.05278; 469.801
0.05304; 471.473
0.0533; 473.147
0.05356; 474.841
0.05382; 476.539
0.05408; 478.257
0.05434; 479.978
0.0546; 481.719
0.05486; 483.464
0.05512; 485.229
0.05538; 486.996
0.05564; 488.785
0.0559; 490.576
0.05616; 492.388
0.05642; 494.202
0.05668; 496.038
0.05694; 497.876
0.0572; 499.736
0.05746; 501.597
0.05772; 503.48
0.05798; 505.366
0.05824; 507.273
0.0585; 509.182
0.05876; 511.113
0.05902; 513.046
0.05928; 515
0.05954; 516.956
0.0598; 518.934
0.06006; 520.915
0.06032; 522.917
0.06058; 524.921
0.06084; 526.946
0.0611; 528.974
0.06136; 531.023
0.06162; 533.074
0.06188; 535.147
0.06214; 537.223
0.0624; 539.32
0.06266; 541.419
0.06292; 543.539
0.06318; 545.661
0.06344; 547.805
0.0637; 549.951
0.06396; 552.118
0.06422; 554.288
0.06448; 556.478
0.06474; 558.671
0.065; 560.885
0.06526; 563.102
0.06552; 565.339
0.06578; 567.579
0.06604; 569.84
0.0663; 572.103
0.06656; 574.387
0.06682; 576.673
0.06708; 578.979
0.06734; 581.289
0.0676; 583.619
0.06786; 585.952
0.06812; 588.305
0.06838; 590.661
0.06864; 593.036
0.0689; 595.414
0.06916; 597.813
0.06942; 600.213
0.06968; 602.634
0.06994; 605.057
0.0702; 607.5
0.07046; 609.946
0.07072; 612.411
0.07098; 614.879
0.07124; 617.367
0.0715; 619.857
0.07176; 622.367
0.07202; 624.879
0.07228; 627.411
0.07254; 629.945
0.0728; 632.498
0.07306; 635.053
0.07332; 637.628
0.07358; 640.205
0.07384; 642.801
0.0741; 645.399
0.07436; 648.016
0.07462; 650.636
0.07488; 653.273
0.07514; 655.914
0.0754; 658.572
0.07566; 661.233
0.07592; 663.912
0.07618; 666.593
0.07644; 669.293
0.0767; 671.994
0.07696; 674.713
0.07722; 677.435
0.07748; 680.174
0.07774; 682.916
0.078; 685.674
0.07826; 688.435
0.07852; 691.213
0.07878; 693.993
0.07904; 696.79
0.0793; 699.589
0.07956; 702.405
0.07982; 705.223
0.08008; 708.057
0.08034; 710.894
0.0806; 713.746
0.08086; 716.601
0.08112; 719.472
0.08138; 722.345
0.08164; 725.234
0.0819; 728.124
0.08216; 731.03
0.08242; 733.938
0.08268; 736.861
0.08294; 739.785
0.0832; 742.725
0.08346; 745.667
0.08372; 748.623
0.08398; 751.581
0.08424; 754.553
0.0845; 757.528
0.08476; 760.516
0.08502; 763.506
0.08528; 766.509
0.08554; 769.514
0.0858; 772.533
0.08606; 775.553
0.08632; 778.587
0.08658; 781.622
0.08684; 784.67
0.0871; 787.72
0.08736; 790.782
0.08762; 793.846
0.08788; 796.922
0.08814; 799.999
0.0884; 803.088
0.08866; 806.179
0.08892; 809.281
0.08918; 812.385
0.08944; 815.5
0.0897; 818.616
0.08996; 821.743
0.09022; 824.872
0.09048; 828.01
0.09074; 831.151
0.091; 834.301
0.09126; 837.453
0.09152; 840.614
0.09178; 843.777
0.09204; 846.949
0.0923; 850.122
0.09256; 853.304
0.09282; 856.488
0.09308; 859.68
0.09334; 862.874
0.0936; 866.075
0.09386; 869.278
0.09412; 872.489
0.09438; 875.701
0.09464; 878.92
0.0949; 882.14
0.09516; 885.367
0.09542; 888.596
0.09568; 891.831
0.09594; 895.067
0.0962; 898.31
0.09646; 901.553
0.09672; 904.803
0.09698; 908.053
0.09724; 911.309
0.0975; 914.566
0.09776; 917.828
0.09802; 921.09
0.09828; 924.358
0.09854; 927.626
0.0988; 930.899
0.09906; 934.172
0.09932; 937.45
0.09958; 940.728
0.09984; 944.01
0.1001; 947.292
0.10036; 950.577
0.10062; 953.863
0.10088; 957.152
0.10114; 960.441
0.1014; 963.733
0.10166; 967.025
0.10192; 970.319
0.10218; 973.614
0.10244; 976.91
0.1027; 980.207
0.10296; 983.504
0.10322; 986.802
0.10348; 990.101
0.10374; 993.4
0.104; 996.7
0.10426; 1000
0.10452; 1000
0.10478; 1000
0.10504; 1000
0.1053; 1000
0.10556; 1000
0.10582; 1000
0.10608; 1000
0.10634; 1000
0.1066; 1000
0.10686; 1000
0.10712; 1000
0.10738; 1000
0.10764; 1000
0.1079; 1000
0.10816; 1000
0.10842; 1000
0.10868; 1000
0.10894; 1000
0.1092; 1000
0.10946; 1000
0.10972; 1000
0.10998; 1000
0.11024; 1000
0.1105; 1000
0.11076; 1000
0.11102; 1000
0.11128; 1000
0.11154; 1000
0.1118; 1000
0.11206; 1000
0.11232; 1000
0.11258; 1000
0.11284; 1000
0.1131; 1000
0.11336; 1000
0.11362; 1000
0.11388; 1000
0.11414; 1000
0.1144; 1000
0.11466; 1000
0.11492; 1000
0.11518; 1000
0.11544; 1000
0.1157; 1000
0.11596; 1000
0.11622; 1000
0.11648; 1000
0.11674; 1000
0.117; 1000
0.11726; 1000
0.11752; 1000
0.11778; 1000
0.11804; 1000
0.1183; 1000
0.11856; 1000
0.11882; 1000
0.11908; 1000
0.11934; 1000
0.1196; 1000
0.11986; 1000
0.12012; 1000
0.12038; 1000
0.12064; 1000
0.1209; 1000
0.12116; 1000
0.12142; 1000
0.12168; 1000
0.12194; 1000
0.1222; 1000
0.12246; 1000
0.12272; 1000
0.12298; 1000
0.12324; 1000
0.1235; 1000
0.12376; 1000
0.12402; 1000
0.12428; 1000
0.12454; 1000
0.1248; 1000
