0.00026; 618.428
0.00052; 618.43
0.00078; 618.437
0.00104; 618.446
0.0013; 618.464
0.00156; 618.485
0.00182; 618.515
0.00208; 618.547
0.00234; 618.589
0.0026; 618.633
0.00286; 618.687
0.00312; 618.743
0.00338; 618.808
0.00364; 618.876
0.0039; 618.954
0.00416; 619.034
0.00442; 619.123
0.00468; 619.214
0.00494; 619.315
0.0052; 619.418
0.00546; 619.531
0.00572; 619.647
0.00598; 619.771
0.00624; 619.898
0.0065; 620.034
0.00676; 620.173
0.00702; 620.321
0.00728; 620.472
0.00754; 620.632
0.0078; 620.794
0.00806; 620.965
0.00832; 621.139
0.00858; 621.323
0.00884; 621.508
0.0091; 621.703
0.00936; 621.901
0.00962; 622.108
0.00988; 622.316
0.01014; 622.535
0.0104; 622.756
0.01066; 622.986
0.01092; 623.218
0.01118; 623.46
0.01144; 623.704
0.0117; 623.958
0.01196; 624.213
0.01222; 624.478
0.01248; 624.745
0.01274; 625.022
0.013; 625.301
0.01326; 625.589
0.01352; 625.879
0.01378; 626.179
0.01404; 626.481
0.0143; 626.793
0.01456; 627.106
0.01482; 627.429
0.01508; 627.754
0.01534; 628.088
0.0156; 628.425
0.01586; 628.771
0.01612; 629.119
0.01638; 629.476
0.01664; 629.835
0.0169; 630.204
0.01716; 630.575
0.01742; 630.956
0.01768; 631.338
0.01794; 631.73
0.0182; 632.123
0.01846; 632.527
0.01872; 632.932
0.01898; 633.346
0.01924; 633.762
0.0195; 634.188
0.01976; 634.616
0.02002; 635.053
0.02028; 635.492
0.02054; 635.94
0.0208; 636.39
0.02106; 636.85
0.02132; 637.311
0.02158; 637.782
0.02184; 638.254
0.0221; 638.736
0.02236; 639.22
0.02262; 639.713
0.02288; 640.208
0.02314; 640.712
0.0234; 641.217
0.02366; 641.733
0.02392; 642.25
0.02418; 642.776
0.02444; 643.304
0.0247; 643.841
0.02496; 644.38
0.02522; 644.928
0.02548; 645.478
0.02574; 646.037
0.026; 646.598
0.02626; 647.168
0.02652; 647.739
0.02678; 648.32
0.02704; 648.903
0.0273; 649.494
0.02756; 650.088
0.02782; 650.69
0.02808; 651.294
0.02834; 651.907
0.0286; 652.522
0.02886; 653.146
0.02912; 653.772
0.02938; 654.406
0.02964; 655.042
0.0299; 655.687
0.03016; 656.334
0.03042; 656.99
0.03068; 657.647
0.03094; 658.314
0.0312; 658.981
0.03146; 659.658
0.03172; 660.337
0.03198; 661.024
0.03224; 661.713
0.0325; 662.411
0.03276; 663.11
0.03302; 663.818
0.03328; 664.528
0.03354; 665.246
0.0338; 665.966
0.03406; 666.695
0.03432; 667.425
0.03458; 668.164
0.03484; 668.905
0.0351; 669.654
0.03536; 670.405
0.03562; 671.164
0.03588; 671.925
0.03614; 672.695
0.0364; 673.466
0.03666; 674.245
0.03692; 675.027
0.03718; 675.816
0.03744; 676.607
0.0377; 677.406
0.03796; 678.207
0.03822; 679.017
0.03848; 679.828
0.03874; 680.647
0.039; 681.468
0.03926; 682.297
0.03952; 683.127
0.03978; 683.966
0.04004; 684.806
0.0403; 685.655
0.04056; 686.505
0.04082; 687.363
0.04108; 688.223
0.04134; 689.091
0.0416; 689.96
0.04186; 690.837
0.04212; 691.716
0.04238; 692.603
0.04264; 693.491
0.0429; 694.388
0.04316; 695.286
0.04342; 696.192
0.04368; 697.099
0.04394; 698.014
0.0442; 698.931
0.04446; 699.855
0.04472; 700.781
0.04498; 701.714
0.04524; 702.649
0.0455; 703.592
0.04576; 704.536
0.04602; 705.488
0.04628; 706.441
0.04654; 707.402
0.0468; 708.364
0.04706; 709.335
0.04732; 710.306
0.04758; 711.285
0.04784; 712.265
0.0481; 713.253
0.04836; 714.242
0.04862; 715.239
0.04888; 716.237
0.04914; 717.243
0.0494; 718.25
0.04966; 719.264
0.04992; 720.279
0.05018; 721.302
0.05044; 722.326
0.0507; 723.358
0.05096; 724.391
0.05122; 725.431
0.05148; 726.472
0.05174; 727.52
0.052; 728.57
0.05226; 729.627
0.05252; 730.685
0.05278; 731.75
0.05304; 732.817
0.0533; 733.89
0.05356; 734.965
0.05382; 736.047
0.05408; 737.13
0.05434; 738.219
0.0546; 739.31
0.05486; 740.408
0.05512; 741.508
0.05538; 742.614
0.05564; 743.721
0.0559; 744.835
0.05616; 745.95
0.05642; 747.072
0.05668; 748.195
0.05694; 749.324
0.0572; 750.455
0.05746; 751.592
0.05772; 752.731
0.05798; 753.876
0.05824; 755.022
0.0585; 756.175
0.05876; 757.329
0.05902; 758.489
0.05928; 759.65
0.05954; 760.818
0.0598; 761.986
0.06006; 763.161
0.06032; 764.338
0.06058; 765.52
0.06084; 766.703
0.0611; 767.893
0.06136; 769.083
0.06162; 770.28
0.06188; 771.478
0.06214; 772.682
0.0624; 773.887
0.06266; 775.098
0.06292; 776.31
0.06318; 777.528
0.06344; 778.747
0.0637; 779.971
0.06396; 781.197
0.06422; 782.429
0.06448; 783.661
0.06474; 784.9
0.065; 786.139
0.06526; 787.384
0.06552; 788.63
0.06578; 789.881
0.06604; 791.134
0.0663; 792.392
0.06656; 793.651
0.06682; 794.915
0.06708; 796.181
0.06734; 797.452
0.0676; 798.723
0.06786; 800
0.06812; 801.279
0.06838; 802.562
0.06864; 803.846
0.0689; 805.135
0.06916; 806.426
0.06942; 807.721
0.06968; 809.018
0.06994; 810.319
0.0702; 811.622
0.07046; 812.929
0.07072; 814.237
0.07098; 815.55
0.07124; 816.864
0.0715; 818.183
0.07176; 819.503
0.07202; 820.828
0.07228; 822.153
0.07254; 823.483
0.0728; 824.814
0.07306; 826.15
0.07332; 827.486
0.07358; 828.827
0.07384; 830.169
0.0741; 831.516
0.07436; 832.863
0.07462; 834.214
0.07488; 835.567
0.07514; 836.923
0.0754; 838.281
0.07566; 839.643
0.07592; 841.006
0.07618; 842.372
0.07644; 843.74
0.0767; 845.112
0.07696; 846.485
0.07722; 847.861
0.07748; 849.239
0.07774; 850.62
0.078; 852.002
0.07826; 853.388
0.07852; 854.775
0.07878; 856.166
0.07904; 857.557
0.0793; 858.952
0.07956; 860.348
0.07982; 861.748
0.08008; 863.148
0.08034; 864.552
0.0806; 865.957
0.08086; 867.365
0.08112; 868.774
0.08138; 870.186
0.08164; 871.599
0.0819; 873.016
0.08216; 874.433
0.08242; 875.853
0.08268; 877.274
0.08294; 878.698
0.0832; 880.123
0.08346; 881.552
0.08372; 882.98
0.08398; 884.412
0.08424; 885.845
0.0845; 887.28
0.08476; 888.717
0.08502; 890.156
0.08528; 891.595
0.08554; 893.038
0.0858; 894.481
0.08606; 895.927
0.08632; 897.374
0.08658; 898.823
0.08684; 900.273
0.0871; 901.726
0.08736; 903.179
0.08762; 904.635
0.08788; 906.091
0.08814; 907.55
0.0884; 909.009
0.08866; 910.471
0.08892; 911.933
0.08918; 913.398
0.08944; 914.863
0.0897; 916.33
0.08996; 917.798
0.09022; 919.268
0.09048; 920.739
0.09074; 922.211
0.091; 923.684
0.09126; 925.16
0.09152; 926.635
0.09178; 928.113
0.09204; 929.591
0.0923; 931.071
0.09256; 932.551
0.09282; 934.033
0.09308; 935.516
0.09334; 937
0.0936; 938.485
0.09386; 939.971
0.09412; 941.458
0.09438; 942.946
0.09464; 944.435
0.0949; 945.925
0.09516; 947.415
0.09542; 948.907
0.09568; 950.4
0.09594; 951.893
0.0962; 953.387
0.09646; 954.883
0.09672; 956.378
0.09698; 957.875
0.09724; 959.372
0.0975; 960.87
0.09776; 962.369
0.09802; 963.869
0.09828; 965.368
0.09854; 966.869
0.0988; 968.37
0.09906; 969.872
0.09932; 971.375
0.09958; 972.878
0.09984; 974.381
0.1001; 975.885
0.10036; 977.389
0.10062; 978.894
0.10088; 980.399
0.10114; 981.905
0.1014; 983.411
0.10166; 984.918
0.10192; 986.425
0.10218; 987.932
0.10244; 989.439
0.1027; 990.947
0.10296; 992.455
0.10322; 993.964
0.10348; 995.472
0.10374; 996.981
0.104; 998.491
0.10426; 1000
0.10452; 1000
0.10478; 1000
0.10504; 1000
0.1053; 1000
0.10556; 1000
0.10582; 1000
0.10608; 1000
0.10634; 1000
0.1066; 1000
0.10686; 1000
0.10712; 1000
0.10738; 1000
0.10764; 1000
0.1079; 1000
0.10816; 1000
0.10842; 1000
0.10868; 1000
0.10894; 1000
0.1092; 1000
0.10946; 1000
0.10972; 1000
0.10998; 1000
0.11024; 1000
0.1105; 1000
0.11076; 1000
0.11102; 1000
0.11128; 1000
0.11154; 1000
0.1118; 1000
0.11206; 1000
0.11232; 1000
0.11258; 1000
0.11284; 1000
0.1131; 1000
0.11336; 1000
0.11362; 1000
0.11388; 1000
0.11414; 1000
0.1144; 1000
0.11466; 1000
0.11492; 1000
0.11518; 1000
0.11544; 1000
0.1157; 1000
0.11596; 1000
0.11622; 1000
0.11648; 1000
0.11674; 1000
0.117; 1000
0.11726; 1000
0.11752; 1000
0.11778; 1000
0.11804; 1000
0.1183; 1000
0.11856; 1000
0.11882; 1000
0.11908; 1000
0.11934; 1000
0.1196; 1000
0.11986; 1000
0.12012; 1000
0.12038; 1000
0.12064; 1000
0.1209; 1000
0.12116; 1000
0.12142; 1000
0.12168; 1000
0.12194; 1000
0.1222; 1000
0.12246; 1000
0.12272; 1000
0.12298; 1000
0.12324; 1000
0.1235; 1000
0.12376; 1000
0.12402; 1000
0.12428; 1000
0.12454; 1000
0.1248; 1000
