0.00026; 0
0.00052; 0
0.00078; 0
0.00104; 0
0.0013; 0
0.00156; 0
0.00182; 0
0.00208; 0
0.00234; 0
0.0026; 0
0.00286; 0
0.00312; 0
0.00338; 0
0.00364; 0
0.0039; 0
0.00416; 0
0.00442; 0
0.00468; 0
0.00494; 0
0.0052; 0
0.00546; 0
0.00572; 0
0.00598; 0
0.00624; 0
0.0065; 0
0.00676; 0
0.00702; 0
0.00728; 0
0.00754; 0
0.0078; 0
0.00806; 0
0.00832; 0
0.00858; 0
0.00884; 0
0.0091; 0
0.00936; 0
0.00962; 0
0.00988; 0
0.01014; 0
0.0104; 0
0.01066; 0
0.01092; 0
0.01118; 0
0.01144; 0
0.0117; 0
0.01196; 0
0.01222; 0
0.01248; 0
0.01274; 0
0.013; 0
0.01326; 0
0.01352; 0
0.01378; 0
0.01404; 0
0.0143; 0
0.01456; 0
0.01482; 0
0.01508; 0
0.01534; 0
0.0156; 0
0.01586; 0
0.01612; 0
0.01638; 0
0.01664; 0
0.0169; 0
0.01716; 0
0.01742; 0
0.01768; 0
0.01794; 0
0.0182; 0
0.01846; 0
0.01872; 0
0.01898; 0
0.01924; 0
0.0195; 0
0.01976; 0
0.02002; 0
0.02028; 0
0.02054; 0
0.0208; 0
0.02106; 0
0.02132; 0
0.02158; 0
0.02184; 0
0.0221; 0
0.02236; 0
0.02262; 0
0.02288; 0
0.02314; 0
0.0234; 0
0.02366; 0
0.02392; 0
0.02418; 0
0.02444; 0
0.0247; 0
0.02496; 0
0.02522; 0
0.02548; 0
0.02574; 319.154
0.026; 319.195
0.02626; 319.271
0.02652; 319.378
0.02678; 319.501
0.02704; 319.63
0.0273; 319.802
0.02756; 319.99
0.02782; 320.189
0.02808; 320.398
0.02834; 320.642
0.0286; 320.901
0.02886; 321.171
0.02912; 321.462
0.02938; 321.778
0.02964; 322.106
0.0299; 322.439
0.03016; 322.817
0.03042; 323.21
0.03068; 323.613
0.03094; 324.027
0.0312; 324.477
0.03146; 324.942
0.03172; 325.42
0.03198; 325.918
0.03224; 326.444
0.0325; 326.984
0.03276; 327.528
0.03302; 328.121
0.03328; 328.731
0.03354; 329.352
0.0338; 329.986
0.03406; 330.659
0.03432; 331.35
0.03458; 332.054
0.03484; 332.783
0.0351; 333.543
0.03536; 334.318
0.03562; 335.1
0.03588; 335.935
0.03614; 336.791
0.0364; 337.66
0.03666; 338.545
0.03692; 339.474
0.03718; 340.423
0.03744; 341.389
0.0377; 342.382
0.03796; 343.412
0.03822; 344.46
0.03848; 345.516
0.03874; 346.633
0.039; 347.774
0.03926; 348.931
0.03952; 350.106
0.03978; 351.331
0.04004; 352.58
0.0403; 353.849
0.04056; 355.15
0.04082; 356.491
0.04108; 357.855
0.04134; 359.23
0.0416; 360.671
0.04186; 362.14
0.04212; 363.628
0.04238; 365.139
0.04264; 366.704
0.0429; 368.296
0.04316; 369.913
0.04342; 371.565
0.04368; 373.261
0.04394; 374.983
0.0442; 376.72
0.04446; 378.528
0.04472; 380.365
0.04498; 382.226
0.04524; 384.112
0.0455; 386.056
0.04576; 388.029
0.04602; 390.03
0.04628; 392.068
0.04654; 394.153
0.0468; 396.266
0.04706; 398.395
0.04732; 400.596
0.04758; 402.829
0.04784; 405.085
0.0481; 407.367
0.04836; 409.706
0.04862; 412.075
0.04888; 414.47
0.04914; 416.902
0.0494; 419.378
0.04966; 421.881
0.04992; 424.399
0.05018; 426.983
0.05044; 429.595
0.0507; 432.228
0.05096; 434.884
0.05122; 437.59
0.05148; 440.32
0.05174; 443.073
0.052; 445.856
0.05226; 448.675
0.05252; 451.515
0.05278; 454.365
0.05304; 457.269
0.0533; 460.193
0.05356; 463.132
0.05382; 466.085
0.05408; 469.076
0.05434; 472.084
0.0546; 475.104
0.05486; 478.145
0.05512; 481.211
0.05538; 484.286
0.05564; 487.364
0.0559; 490.48
0.05616; 493.605
0.05642; 496.734
0.05668; 499.868
0.05694; 503.023
0.0572; 506.183
0.05746; 509.344
0.05772; 512.512
0.05798; 515.689
0.05824; 518.865
0.0585; 522.033
0.05876; 525.217
0.05902; 528.398
0.05928; 531.571
0.05954; 534.737
0.0598; 537.905
0.06006; 541.065
0.06032; 544.215
0.06058; 547.358
0.06084; 550.492
0.0611; 553.615
0.06136; 556.722
0.06162; 559.822
0.06188; 562.908
0.06214; 565.977
0.0624; 569.031
0.06266; 572.069
0.06292; 575.09
0.06318; 578.093
0.06344; 581.078
0.0637; 584.043
0.06396; 586.99
0.06422; 589.919
0.06448; 592.822
0.06474; 595.705
0.065; 598.568
0.06526; 601.412
0.06552; 604.229
0.06578; 607.025
0.06604; 609.8
0.0663; 612.552
0.06656; 615.277
0.06682; 617.982
0.06708; 620.671
0.06734; 623.32
0.0676; 625.947
0.06786; 628.556
0.06812; 631.145
0.06838; 633.697
0.06864; 636.227
0.0689; 638.738
0.06916; 641.221
0.06942; 643.673
0.06968; 646.105
0.06994; 648.525
0.0702; 650.892
0.07046; 653.237
0.07072; 655.565
0.07098; 657.875
0.07124; 660.139
0.0715; 662.381
0.07176; 664.604
0.07202; 666.798
0.07228; 668.955
0.07254; 671.093
0.0728; 673.221
0.07306; 675.286
0.07332; 677.328
0.07358; 679.355
0.07384; 681.364
0.0741; 683.319
0.07436; 685.252
0.07462; 687.166
0.07488; 689.049
0.07514; 690.891
0.0754; 692.715
0.07566; 694.531
0.07592; 696.273
0.07618; 697.993
0.07644; 699.698
0.0767; 701.386
0.07696; 703.013
0.07722; 704.619
0.07748; 706.206
0.07774; 707.76
0.078; 709.27
0.07826; 710.762
0.07852; 712.248
0.07878; 713.654
0.07904; 715.037
0.0793; 716.406
0.07956; 717.76
0.07982; 719.049
0.08008; 720.318
0.08034; 721.569
0.0806; 722.786
0.08086; 723.959
0.08112; 725.116
0.08138; 726.27
0.08164; 727.341
0.0819; 728.391
0.08216; 729.431
0.08242; 730.458
0.08268; 731.421
0.08294; 732.369
0.0832; 733.301
0.08346; 734.205
0.08372; 735.068
0.08398; 735.921
0.08424; 736.778
0.0845; 737.557
0.08476; 738.324
0.08502; 739.089
0.08528; 739.851
0.08554; 740.558
0.0858; 741.259
0.08606; 741.946
0.08632; 742.582
0.08658; 743.063
0.08684; 0
0.0871; 0
0.08736; 0
0.08762; 0
0.08788; 0
0.08814; 0
0.0884; 0
0.08866; 0
0.08892; 0
0.08918; 0
0.08944; 0
0.0897; 0
0.08996; 0
0.09022; 0
0.09048; 0
0.09074; 0
0.091; 0
0.09126; 0
0.09152; 0
0.09178; 0
0.09204; 0
0.0923; 0
0.09256; 0
0.09282; 0
0.09308; 0
0.09334; 0
0.0936; 0
0.09386; 0
0.09412; 0
0.09438; 0
0.09464; 0
0.0949; 0
0.09516; 0
0.09542; 0
0.09568; 0
0.09594; 0
0.0962; 0
0.09646; 0
0.09672; 0
0.09698; 0
0.09724; 0
0.0975; 0
0.09776; 0
0.09802; 0
0.09828; 0
0.09854; 0
0.0988; 0
0.09906; 0
0.09932; 0
0.09958; 0
0.09984; 0
0.1001; 0
0.10036; 0
0.10062; 0
0.10088; 0
0.10114; 0
0.1014; 0
0.10166; 0
0.10192; 0
0.10218; 0
0.10244; 0
0.1027; 0
0.10296; 0
0.10322; 0
0.10348; 0
0.10374; 0
0.104; 0
0.10426; 0
0.10452; 0
0.10478; 0
0.10504; 0
0.1053; 0
0.10556; 0
0.10582; 0
0.10608; 0
0.10634; 0
0.1066; 0
0.10686; 0
0.10712; 0
0.10738; 0
0.10764; 0
0.1079; 0
0.10816; 0
0.10842; 0
0.10868; 0
0.10894; 0
0.1092; 0
0.10946; 0
0.10972; 0
0.10998; 0
0.11024; 0
0.1105; 0
0.11076; 0
0.11102; 0
0.11128; 0
0.11154; 0
0.1118; 0
0.11206; 0
0.11232; 0
0.11258; 0
0.11284; 0
0.1131; 0
0.11336; 0
0.11362; 0
0.11388; 0
0.11414; 0
0.1144; 0
0.11466; 0
0.11492; 0
0.11518; 0
0.11544; 0
0.1157; 0
0.11596; 0
0.11622; 0
0.11648; 0
0.11674; 0
0.117; 0
0.11726; 0
0.11752; 0
0.11778; 0
0.11804; 0
0.1183; 0
0.11856; 0
0.11882; 0
0.11908; 0
0.11934; 0
0.1196; 0
0.11986; 0
0.12012; 0
0.12038; 0
0.12064; 0
0.1209; 0
0.12116; 0
0.12142; 0
0.12168; 0
0.12194; 0
0.1222; 0
0.12246; 0
0.12272; 0
0.12298; 0
0.12324; 0
0.1235; 0
0.12376; 0
0.12402; 0
0.12428; 0
0.12454; 0
0.1248; 0
