0.00026; 613.581
0.00052; 613.586
0.00078; 613.591
0.00104; 613.602
0.0013; 613.618
0.00156; 613.641
0.00182; 613.67
0.00208; 613.705
0.00234; 613.745
0.0026; 613.792
0.00286; 613.844
0.00312; 613.903
0.00338; 613.967
0.00364; 614.038
0.0039; 614.114
0.00416; 614.197
0.00442; 614.285
0.00468; 614.38
0.00494; 614.48
0.0052; 614.586
0.00546; 614.699
0.00572; 614.817
0.00598; 614.941
0.00624; 615.071
0.0065; 615.207
0.00676; 615.35
0.00702; 615.498
0.00728; 615.652
0.00754; 615.812
0.0078; 615.978
0.00806; 616.15
0.00832; 616.327
0.00858; 616.511
0.00884; 616.701
0.0091; 616.896
0.00936; 617.098
0.00962; 617.305
0.00988; 617.519
0.01014; 617.738
0.0104; 617.964
0.01066; 618.195
0.01092; 618.432
0.01118; 618.675
0.01144; 618.924
0.0117; 619.179
0.01196; 619.439
0.01222; 619.706
0.01248; 619.978
0.01274; 620.256
0.013; 620.54
0.01326; 620.83
0.01352; 621.126
0.01378; 621.428
0.01404; 621.735
0.0143; 622.049
0.01456; 622.368
0.01482; 622.693
0.01508; 623.024
0.01534; 623.361
0.0156; 623.704
0.01586; 624.052
0.01612; 624.406
0.01638; 624.766
0.01664; 625.132
0.0169; 625.504
0.01716; 625.881
0.01742; 626.264
0.01768; 626.653
0.01794; 627.048
0.0182; 627.449
0.01846; 627.855
0.01872; 628.267
0.01898; 628.684
0.01924; 629.108
0.0195; 629.537
0.01976; 629.971
0.02002; 630.412
0.02028; 630.858
0.02054; 631.31
0.0208; 631.768
0.02106; 632.231
0.02132; 632.7
0.02158; 633.175
0.02184; 633.655
0.0221; 634.141
0.02236; 634.633
0.02262; 635.13
0.02288; 635.633
0.02314; 636.142
0.0234; 636.656
0.02366; 637.176
0.02392; 637.701
0.02418; 638.232
0.02444; 638.768
0.0247; 639.31
0.02496; 639.858
0.02522; 640.411
0.02548; 640.97
0.02574; 641.534
0.026; 642.104
0.02626; 642.679
0.02652; 643.26
0.02678; 643.847
0.02704; 644.439
0.0273; 645.036
0.02756; 645.639
0.02782; 646.247
0.02808; 646.861
0.02834; 647.48
0.0286; 648.104
0.02886; 648.734
0.02912; 649.37
0.02938; 650.011
0.02964; 650.657
0.0299; 651.308
0.03016; 651.965
0.03042; 652.627
0.03068; 653.295
0.03094; 653.968
0.0312; 654.646
0.03146; 655.329
0.03172; 656.018
0.03198; 656.712
0.03224; 657.412
0.0325; 658.116
0.03276; 658.826
0.03302; 659.542
0.03328; 660.262
0.03354; 660.988
0.0338; 661.719
0.03406; 662.455
0.03432; 663.196
0.03458; 663.943
0.03484; 664.694
0.0351; 665.451
0.03536; 666.213
0.03562; 666.98
0.03588; 667.753
0.03614; 668.53
0.0364; 669.312
0.03666; 670.1
0.03692; 670.892
0.03718; 671.69
0.03744; 672.493
0.0377; 673.3
0.03796; 674.113
0.03822; 674.931
0.03848; 675.753
0.03874; 676.581
0.039; 677.414
0.03926; 678.252
0.03952; 679.094
0.03978; 679.942
0.04004; 680.795
0.0403; 681.652
0.04056; 682.515
0.04082; 683.382
0.04108; 684.254
0.04134; 685.131
0.0416; 686.013
0.04186; 686.9
0.04212; 687.791
0.04238; 688.688
0.04264; 689.589
0.0429; 690.495
0.04316; 691.405
0.04342; 692.321
0.04368; 693.241
0.04394; 694.166
0.0442; 695.096
0.04446; 696.03
0.04472; 696.97
0.04498; 697.913
0.04524; 698.862
0.0455; 699.815
0.04576; 700.772
0.04602; 701.735
0.04628; 702.702
0.04654; 703.673
0.0468; 704.649
0.04706; 705.63
0.04732; 706.615
0.04758; 707.605
0.04784; 708.599
0.0481; 709.598
0.04836; 710.601
0.04862; 711.609
0.04888; 712.621
0.04914; 713.638
0.0494; 714.659
0.04966; 715.684
0.04992; 716.714
0.05018; 717.748
0.05044; 718.787
0.0507; 719.83
0.05096; 720.878
0.05122; 721.929
0.05148; 722.985
0.05174; 724.045
0.052; 725.11
0.05226; 726.179
0.05252; 727.252
0.05278; 728.329
0.05304; 729.41
0.0533; 730.496
0.05356; 731.586
0.05382; 732.68
0.05408; 733.778
0.05434; 734.88
0.0546; 735.986
0.05486; 737.097
0.05512; 738.211
0.05538; 739.33
0.05564; 740.452
0.0559; 741.579
0.05616; 742.709
0.05642; 743.844
0.05668; 744.983
0.05694; 746.125
0.0572; 747.271
0.05746; 748.422
0.05772; 749.576
0.05798; 750.734
0.05824; 751.897
0.0585; 753.062
0.05876; 754.232
0.05902; 755.406
0.05928; 756.583
0.05954; 757.764
0.0598; 758.949
0.06006; 760.137
0.06032; 761.33
0.06058; 762.526
0.06084; 763.726
0.0611; 764.929
0.06136; 766.136
0.06162; 767.347
0.06188; 768.561
0.06214; 769.779
0.0624; 771.001
0.06266; 772.226
0.06292; 773.454
0.06318; 774.686
0.06344; 775.922
0.0637; 777.161
0.06396; 778.404
0.06422; 779.65
0.06448; 780.899
0.06474; 782.152
0.065; 783.409
0.06526; 784.668
0.06552; 785.931
0.06578; 787.197
0.06604; 788.467
0.0663; 789.74
0.06656; 791.016
0.06682; 792.295
0.06708; 793.578
0.06734; 794.864
0.0676; 796.153
0.06786; 797.445
0.06812; 798.741
0.06838; 800.039
0.06864; 801.341
0.0689; 802.646
0.06916; 803.953
0.06942; 805.264
0.06968; 806.578
0.06994; 807.895
0.0702; 809.215
0.07046; 810.538
0.07072; 811.864
0.07098; 813.193
0.07124; 814.525
0.0715; 815.859
0.07176; 817.197
0.07202; 818.537
0.07228; 819.88
0.07254; 821.226
0.0728; 822.575
0.07306; 823.927
0.07332; 825.281
0.07358; 826.639
0.07384; 827.999
0.0741; 829.361
0.07436; 830.726
0.07462; 832.094
0.07488; 833.465
0.07514; 834.838
0.0754; 836.214
0.07566; 837.592
0.07592; 838.973
0.07618; 840.356
0.07644; 841.743
0.0767; 843.131
0.07696; 844.522
0.07722; 845.915
0.07748; 847.311
0.07774; 848.709
0.078; 850.11
0.07826; 851.513
0.07852; 852.918
0.07878; 854.326
0.07904; 855.736
0.0793; 857.148
0.07956; 858.563
0.07982; 859.98
0.08008; 861.399
0.08034; 862.82
0.0806; 864.243
0.08086; 865.669
0.08112; 867.096
0.08138; 868.526
0.08164; 869.958
0.0819; 871.392
0.08216; 872.828
0.08242; 874.265
0.08268; 875.705
0.08294; 877.147
0.0832; 878.591
0.08346; 880.037
0.08372; 881.485
0.08398; 882.934
0.08424; 884.386
0.0845; 885.839
0.08476; 887.294
0.08502; 888.751
0.08528; 890.21
0.08554; 891.671
0.0858; 893.133
0.08606; 894.597
0.08632; 896.063
0.08658; 897.53
0.08684; 898.999
0.0871; 900.47
0.08736; 901.942
0.08762; 903.416
0.08788; 904.891
0.08814; 906.368
0.0884; 907.846
0.08866; 909.326
0.08892; 910.808
0.08918; 912.291
0.08944; 913.775
0.0897; 915.261
0.08996; 916.748
0.09022; 918.236
0.09048; 919.726
0.09074; 921.217
0.091; 922.709
0.09126; 924.203
0.09152; 925.698
0.09178; 927.194
0.09204; 928.691
0.0923; 930.19
0.09256; 931.689
0.09282; 933.19
0.09308; 934.692
0.09334; 936.195
0.0936; 937.699
0.09386; 939.204
0.09412; 940.71
0.09438; 942.217
0.09464; 943.725
0.0949; 945.234
0.09516; 946.744
0.09542; 948.254
0.09568; 949.766
0.09594; 951.279
0.0962; 952.792
0.09646; 954.306
0.09672; 955.821
0.09698; 957.337
0.09724; 958.853
0.0975; 960.371
0.09776; 961.888
0.09802; 963.407
0.09828; 964.926
0.09854; 966.446
0.0988; 967.967
0.09906; 969.488
0.09932; 971.009
0.09958; 972.531
0.09984; 974.054
0.1001; 975.577
0.10036; 977.101
0.10062; 978.625
0.10088; 980.149
0.10114; 981.674
0.1014; 983.199
0.10166; 984.725
0.10192; 986.251
0.10218; 987.778
0.10244; 989.304
0.1027; 990.831
0.10296; 992.359
0.10322; 993.886
0.10348; 995.414
0.10374; 996.943
0.104; 998.471
0.10426; 1000
0.10452; 1000
0.10478; 1000
0.10504; 1000
0.1053; 1000
0.10556; 1000
0.10582; 1000
0.10608; 1000
0.10634; 1000
0.1066; 1000
0.10686; 1000
0.10712; 1000
0.10738; 1000
0.10764; 1000
0.1079; 1000
0.10816; 1000
0.10842; 1000
0.10868; 1000
0.10894; 1000
0.1092; 1000
0.10946; 1000
0.10972; 1000
0.10998; 1000
0.11024; 1000
0.1105; 1000
0.11076; 1000
0.11102; 1000
0.11128; 1000
0.11154; 1000
0.1118; 1000
0.11206; 1000
0.11232; 1000
0.11258; 1000
0.11284; 1000
0.1131; 1000
0.11336; 1000
0.11362; 1000
0.11388; 1000
0.11414; 1000
0.1144; 1000
0.11466; 1000
0.11492; 1000
0.11518; 1000
0.11544; 1000
0.1157; 1000
0.11596; 1000
0.11622; 1000
0.11648; 1000
0.11674; 1000
0.117; 1000
0.11726; 1000
0.11752; 1000
0.11778; 1000
0.11804; 1000
0.1183; 1000
0.11856; 1000
0.11882; 1000
0.11908; 1000
0.11934; 1000
0.1196; 1000
0.11986; 1000
0.12012; 1000
0.12038; 1000
0.12064; 1000
0.1209; 1000
0.12116; 1000
0.12142; 1000
0.12168; 1000
0.12194; 1000
0.1222; 1000
0.12246; 1000
0.12272; 1000
0.12298; 1000
0.12324; 1000
0.1235; 1000
0.12376; 1000
0.12402; 1000
0.12428; 1000
0.12454; 1000
0.1248; 1000
