0.0026; 400
0.0052; 400
0.0078; 400
0.0104; 400
0.013; 400
0.0156; 400
0.0182; 400
0.0208; 400
0.0234; 400
0.026; 400
0.0286; 400
0.0312; 400
0.0338; 400
0.0364; 400
0.039; 400
0.0416; 400
0.0442; 400
0.0468; 400
0.0494; 400
0.052; 400
0.0546; 400
0.0572; 400
0.0598; 400
0.0624; 400
0.065; 400
0.0676; 400
0.0702; 400
0.0728; 400
0.0754; 400
0.078; 400
0.0806; 400
0.0832; 400
0.0858; 400
0.0884; 400
0.091; 400
0.0936; 400
0.0962; 400
0.0988; 400
0.1014; 400
0.104; 400
0.1066; 400
0.1092; 400
0.1118; 400
0.1144; 400
0.117; 400
0.1196; 400
0.1222; 400
0.1248; 400
0.1274; 400
0.13; 400
0.1326; 400
0.1352; 400
0.1378; 400
0.1404; 400
0.143; 400
0.1456; 400
0.1482; 400
0.1508; 400
0.1534; 400
0.156; 400
0.1586; 400
0.1612; 400
0.1638; 400
0.1664; 400
0.169; 400
0.1716; 400
0.1742; 400
0.1768; 400
0.1794; 400
0.182; 400
0.1846; 400
0.1872; 400
0.1898; 400
0.1924; 400
0.195; 400
0.1976; 400
0.2002; 400
0.2028; 400
0.2054; 400
0.208; 400
0.2106; 400
0.2132; 400
0.2158; 400
0.2184; 400
0.221; 400
0.2236; 400
0.2262; 400
0.2288; 400
0.2314; 400
0.234; 400
0.2366; 400
0.2392; 400
0.2418; 400
0.2444; 400
0.247; 400
0.2496; 400
0.2522; 400
0.2548; 400
0.2574; 400
0.26; 400
0.2626; 400
0.2652; 400.001
0.2678; 400.001
0.2704; 400.001
0.273; 400.001
0.2756; 400.001
0.2782; 400.001
0.2808; 400.001
0.2834; 400.001
0.286; 400.001
0.2886; 400.002
0.2912; 400.002
0.2938; 400.002
0.2964; 400.002
0.299; 400.002
0.3016; 400.002
0.3042; 400.003
0.3068; 400.003
0.3094; 400.003
0.312; 400.003
0.3146; 400.003
0.3172; 400.004
0.3198; 400.004
0.3224; 400.004
0.325; 400.005
0.3276; 400.005
0.3302; 400.006
0.3328; 400.006
0.3354; 400.007
0.338; 400.008
0.3406; 400.008
0.3432; 400.009
0.3458; 400.01
0.3484; 400.011
0.351; 400.012
0.3536; 400.013
0.3562; 400.014
0.3588; 400.015
0.3614; 400.017
0.364; 400.018
0.3666; 400.02
0.3692; 400.022
0.3718; 400.024
0.3744; 400.026
0.377; 400.029
0.3796; 400.032
0.3822; 400.035
0.3848; 400.038
0.3874; 400.042
0.39; 400.045
0.3926; 400.05
0.3952; 400.055
0.3978; 400.06
0.4004; 400.065
0.403; 400.071
0.4056; 400.078
0.4082; 400.085
0.4108; 400.093
0.4134; 400.102
0.416; 400.111
0.4186; 400.121
0.4212; 400.132
0.4238; 400.144
0.4264; 400.157
0.429; 400.171
0.4316; 400.187
0.4342; 400.203
0.4368; 400.221
0.4394; 400.241
0.442; 400.262
0.4446; 400.284
0.4472; 400.309
0.4498; 400.335
0.4524; 400.363
0.455; 400.394
0.4576; 400.427
0.4602; 400.462
0.4628; 400.5
0.4654; 400.541
0.468; 400.585
0.4706; 400.632
0.4732; 400.683
0.4758; 400.737
0.4784; 400.795
0.481; 400.857
0.4836; 400.923
0.4862; 400.994
0.4888; 401.07
0.4914; 401.151
0.494; 401.238
0.4966; 401.33
0.4992; 401.428
0.5018; 401.532
0.5044; 401.643
0.507; 401.762
0.5096; 401.887
0.5122; 402.021
0.5148; 402.162
0.5174; 402.312
0.52; 402.471
0.5226; 402.64
0.5252; 402.818
0.5278; 403.007
0.5304; 403.207
0.533; 403.417
0.5356; 403.64
0.5382; 403.875
0.5408; 404.122
0.5434; 404.383
0.546; 404.658
0.5486; 404.947
0.5512; 405.251
0.5538; 405.571
0.5564; 405.906
0.559; 406.259
0.5616; 406.629
0.5642; 407.016
0.5668; 407.422
0.5694; 407.847
0.572; 408.292
0.5746; 408.757
0.5772; 409.244
0.5798; 409.751
0.5824; 410.281
0.585; 410.834
0.5876; 411.41
0.5902; 412.011
0.5928; 412.636
0.5954; 413.286
0.598; 413.962
0.6006; 414.665
0.6032; 415.395
0.6058; 416.153
0.6084; 416.939
0.611; 417.753
0.6136; 418.597
0.6162; 419.471
0.6188; 420.375
0.6214; 421.311
0.624; 422.277
0.6266; 423.275
0.6292; 424.306
0.6318; 425.369
0.6344; 426.465
0.637; 427.595
0.6396; 428.758
0.6422; 429.955
0.6448; 431.187
0.6474; 432.453
0.65; 433.754
0.6526; 435.09
0.6552; 436.46
0.6578; 437.866
0.6604; 439.307
0.663; 440.784
0.6656; 442.296
0.6682; 443.843
0.6708; 445.425
0.6734; 447.042
0.676; 448.694
0.6786; 450.381
0.6812; 452.102
0.6838; 453.858
0.6864; 455.647
0.689; 457.47
0.6916; 459.326
0.6942; 461.215
0.6968; 463.136
0.6994; 465.089
0.702; 467.074
0.7046; 469.088
0.7072; 471.133
0.7098; 473.207
0.7124; 475.31
0.715; 477.441
0.7176; 479.599
0.7202; 481.783
0.7228; 483.992
0.7254; 486.227
0.728; 488.485
0.7306; 490.767
0.7332; 493.07
0.7358; 495.395
0.7384; 497.741
0.741; 500.106
0.7436; 502.491
0.7462; 504.894
0.7488; 507.316
0.7514; 509.757
0.754; 512.217
0.7566; 514.696
0.7592; 517.198
0.7618; 519.723
0.7644; 522.274
0.767; 524.855
0.7696; 527.468
0.7722; 530.112
0.7748; 532.786
0.7774; 535.483
0.78; 538.201
0.7826; 540.932
0.7852; 543.671
0.7878; 546.409
0.7904; 549.14
0.793; 551.857
0.7956; 554.557
0.7982; 557.241
0.8008; 559.905
0.8034; 562.551
0.806; 565.179
0.8086; 567.787
0.8112; 570.378
0.8138; 572.955
0.8164; 575.533
0.819; 578.348
0.8216; 581.361
0.8242; 584.346
0.8268; 587.298
0.8294; 590.22
0.832; 593.115
0.8346; 595.984
0.8372; 598.828
0.8398; 601.649
0.8424; 604.454
0.845; 607.26
0.8476; 609.933
0.8502; 612.396
0.8528; 614.737
0.8554; 617.026
0.858; 619.284
0.8606; 621.516
0.8632; 623.725
0.8658; 625.911
0.8684; 628.075
0.871; 630.217
0.8736; 632.339
0.8762; 634.441
0.8788; 636.527
0.8814; 638.599
0.884; 640.653
0.8866; 642.722
0.8892; 644.82
0.8918; 646.835
0.8944; 648.779
0.897; 650.659
0.8996; 652.477
0.9022; 654.233
0.9048; 655.928
0.9074; 657.562
0.91; 659.133
0.9126; 660.643
0.9152; 662.09
0.9178; 663.475
0.9204; 664.798
0.923; 666.059
0.9256; 667.26
0.9282; 668.402
0.9308; 669.485
0.9334; 670.513
0.936; 671.486
0.9386; 672.408
0.9412; 673.279
0.9438; 674.102
0.9464; 674.881
0.949; 675.616
0.9516; 676.311
0.9542; 676.968
0.9568; 677.59
0.9594; 678.18
0.962; 678.739
0.9646; 679.271
0.9672; 679.778
0.9698; 680.262
0.9724; 680.727
0.975; 681.173
0.9776; 681.604
0.9802; 682.02
0.9828; 682.423
0.9854; 682.814
0.988; 683.194
0.9906; 683.563
0.9932; 683.923
0.9958; 684.273
0.9984; 684.612
1.001; 684.938
1.0036; 685.259
1.0062; 685.631
1.0088; 685.994
1.0114; 686.364
1.014; 686.741
1.0166; 687.119
1.0192; 687.497
1.0218; 687.872
1.0244; 688.245
1.027; 688.614
1.0296; 688.978
1.0322; 689.335
1.0348; 689.686
1.0374; 690.029
1.04; 690.363
1.0426; 690.688
1.0452; 691.001
1.0478; 691.328
1.0504; 691.658
1.053; 691.968
1.0556; 692.261
1.0582; 692.54
1.0608; 692.806
1.0634; 693.062
1.066; 693.308
1.0686; 693.545
1.0712; 693.774
1.0738; 693.997
1.0764; 694.213
1.079; 694.423
1.0816; 694.629
1.0842; 694.831
1.0868; 695.03
1.0894; 695.227
1.092; 695.423
1.0946; 695.619
1.0972; 695.815
1.0998; 696.013
1.1024; 696.214
1.105; 696.418
1.1076; 696.626
1.1102; 696.84
1.1128; 697.059
1.1154; 697.285
1.118; 697.518
1.1206; 697.76
1.1232; 698.011
1.1258; 698.272
1.1284; 698.546
1.131; 698.832
1.1336; 699.127
1.1362; 699.417
1.1388; 699.76
1.1414; 700.152
1.144; 700.549
1.1466; 700.968
1.1492; 701.411
1.1518; 701.866
1.1544; 702.332
1.157; 702.805
1.1596; 703.284
1.1622; 703.768
1.1648; 704.254
1.1674; 704.741
1.17; 705.227
1.1726; 705.71
1.1752; 706.185
1.1778; 706.746
1.1804; 707.394
1.183; 708.038
1.1856; 708.678
1.1882; 709.314
1.1908; 709.943
1.1934; 710.564
1.196; 711.177
1.1986; 711.779
1.2012; 712.368
1.2038; 712.943
1.2064; 713.502
1.209; 714.042
1.2116; 714.562
1.2142; 715.058
1.2168; 715.53
1.2194; 715.975
1.222; 716.391
1.2246; 716.775
1.2272; 717.127
1.2298; 717.445
1.2324; 717.726
1.235; 717.97
1.2376; 718.175
1.2402; 718.34
1.2428; 718.465
1.2454; 718.548
1.248; 718.59
