0.00026; 0
0.00052; 0
0.00078; 0
0.00104; 0
0.0013; 0
0.00156; 0
0.00182; 0
0.00208; 0
0.00234; 0
0.0026; 0
0.00286; 0
0.00312; 0
0.00338; 0
0.00364; 0
0.0039; 0
0.00416; 0
0.00442; 0
0.00468; 0
0.00494; 0
0.0052; 0
0.00546; 0
0.00572; 0
0.00598; 0
0.00624; 0
0.0065; 0
0.00676; 0
0.00702; 0
0.00728; 0
0.00754; 0
0.0078; 0
0.00806; 0
0.00832; 0
0.00858; 0
0.00884; 0
0.0091; 0
0.00936; 0
0.00962; 0
0.00988; 0
0.01014; 0
0.0104; 0
0.01066; 0
0.01092; 0
0.01118; 0
0.01144; 0
0.0117; 0
0.01196; 0
0.01222; 0
0.01248; 0
0.01274; 0
0.013; 0
0.01326; 0
0.01352; 0
0.01378; 0
0.01404; 0
0.0143; 0
0.01456; 0
0.01482; 0
0.01508; 0
0.01534; 0
0.0156; 0
0.01586; 0
0.01612; 0
0.01638; 0
0.01664; 0
0.0169; 0
0.01716; 0
0.01742; 0
0.01768; 0
0.01794; 0
0.0182; 0
0.01846; 0
0.01872; 0
0.01898; 0
0.01924; 0
0.0195; 0
0.01976; 0
0.02002; 0
0.02028; 0
0.02054; 0
0.0208; 0
0.02106; 0
0.02132; 0
0.02158; 0
0.02184; 0
0.0221; 0
0.02236; 0
0.02262; 0
0.02288; 0
0.02314; 0
0.0234; 0
0.02366; 0
0.02392; 0
0.02418; 0
0.02444; 0
0.0247; 0
0.02496; 0
0.02522; 0
0.02548; 0
0.02574; 0
0.026; 0
0.02626; 0
0.02652; 0
0.02678; 0
0.02704; 0
0.0273; 0
0.02756; 0
0.02782; 0
0.02808; 0
0.02834; 0
0.0286; 0
0.02886; 0
0.02912; 0
0.02938; 0
0.02964; 0
0.0299; 0
0.03016; 0
0.03042; 0
0.03068; 0
0.03094; 0
0.0312; 0
0.03146; 0
0.03172; 0
0.03198; 0
0.03224; 0
0.0325; 0
0.03276; 885.159
0.03302; 885.151
0.03328; 885.135
0.03354; 885.107
0.0338; 885.071
0.03406; 885.022
0.03432; 884.966
0.03458; 884.898
0.03484; 884.821
0.0351; 884.732
0.03536; 884.636
0.03562; 884.527
0.03588; 884.41
0.03614; 884.281
0.0364; 884.143
0.03666; 883.993
0.03692; 883.836
0.03718; 883.665
0.03744; 883.487
0.0377; 883.296
0.03796; 883.097
0.03822; 882.885
0.03848; 882.665
0.03874; 882.432
0.039; 882.191
0.03926; 881.937
0.03952; 881.675
0.03978; 881.4
0.04004; 881.116
0.0403; 880.819
0.04056; 880.514
0.04082; 880.195
0.04108; 879.867
0.04134; 879.527
0.0416; 879.177
0.04186; 878.814
0.04212; 878.441
0.04238; 878.056
0.04264; 877.661
0.0429; 877.253
0.04316; 876.835
0.04342; 876.404
0.04368; 875.963
0.04394; 875.509
0.0442; 875.045
0.04446; 874.567
0.04472; 874.079
0.04498; 873.578
0.04524; 873.066
0.0455; 872.54
0.04576; 872.003
0.04602; 871.453
0.04628; 870.892
0.04654; 870.317
0.0468; 869.732
0.04706; 869.131
0.04732; 868.52
0.04758; 867.894
0.04784; 867.256
0.0481; 866.605
0.04836; 865.941
0.04862; 865.263
0.04888; 864.574
0.04914; 863.869
0.0494; 863.153
0.04966; 862.419
0.04992; 861.675
0.05018; 860.915
0.05044; 860.145
0.0507; 859.354
0.05096; 858.554
0.05122; 857.735
0.05148; 856.906
0.05174; 856.057
0.052; 855.198
0.05226; 854.32
0.05252; 853.43
0.05278; 852.521
0.05304; 851.6
0.0533; 850.659
0.05356; 849.707
0.05382; 848.733
0.05408; 847.748
0.05434; 846.742
0.0546; 845.723
0.05486; 844.683
0.05512; 843.63
0.05538; 842.555
0.05564; 841.466
0.0559; 840.356
0.05616; 839.231
0.05642; 838.084
0.05668; 836.922
0.05694; 835.737
0.0572; 834.537
0.05746; 833.313
0.05772; 832.074
0.05798; 830.809
0.05824; 829.529
0.0585; 828.224
0.05876; 826.901
0.05902; 825.553
0.05928; 824.187
0.05954; 822.796
0.0598; 821.385
0.06006; 819.949
0.06032; 818.492
0.06058; 817.009
0.06084; 815.505
0.0611; 813.974
0.06136; 812.421
0.06162; 810.841
0.06188; 809.238
0.06214; 807.607
0.0624; 805.953
0.06266; 804.27
0.06292; 802.563
0.06318; 800.827
0.06344; 799.067
0.0637; 797.276
0.06396; 795.461
0.06422; 793.617
0.06448; 791.746
0.06474; 789.846
0.065; 787.921
0.06526; 785.965
0.06552; 783.984
0.06578; 781.974
0.06604; 779.938
0.0663; 777.874
0.06656; 775.786
0.06682; 773.67
0.06708; 771.53
0.06734; 769.365
0.0676; 767.177
0.06786; 764.966
0.06812; 762.734
0.06838; 760.482
0.06864; 758.212
0.0689; 755.924
0.06916; 753.621
0.06942; 751.304
0.06968; 748.976
0.06994; 746.637
0.0702; 744.29
0.07046; 741.936
0.07072; 739.579
0.07098; 737.219
0.07124; 734.859
0.0715; 732.501
0.07176; 730.146
0.07202; 727.797
0.07228; 725.455
0.07254; 723.121
0.0728; 720.797
0.07306; 718.486
0.07332; 716.186
0.07358; 713.901
0.07384; 711.63
0.0741; 709.376
0.07436; 707.138
0.07462; 704.918
0.07488; 702.716
0.07514; 700.533
0.0754; 698.367
0.07566; 696.223
0.07592; 694.097
0.07618; 691.993
0.07644; 689.907
0.0767; 687.844
0.07696; 685.799
0.07722; 683.777
0.07748; 681.774
0.07774; 679.793
0.078; 677.831
0.07826; 675.892
0.07852; 673.97
0.07878; 672.072
0.07904; 670.192
0.0793; 668.335
0.07956; 666.495
0.07982; 664.679
0.08008; 662.879
0.08034; 661.102
0.0806; 659.342
0.08086; 657.606
0.08112; 655.884
0.08138; 654.187
0.08164; 652.505
0.0819; 650.845
0.08216; 649.201
0.08242; 647.581
0.08268; 645.975
0.08294; 644.391
0.0832; 642.823
0.08346; 641.277
0.08372; 639.745
0.08398; 638.236
0.08424; 636.741
0.0845; 635.27
0.08476; 633.811
0.08502; 632.376
0.08528; 630.953
0.08554; 629.554
0.0858; 628.168
0.08606; 626.804
0.08632; 625.453
0.08658; 624.125
0.08684; 622.809
0.0871; 621.517
0.08736; 620.237
0.08762; 618.981
0.08788; 617.736
0.08814; 616.514
0.0884; 615.304
0.08866; 614.118
0.08892; 612.943
0.08918; 611.791
0.08944; 610.651
0.0897; 609.534
0.08996; 608.428
0.09022; 607.347
0.09048; 606.275
0.09074; 605.228
0.091; 604.192
0.09126; 603.18
0.09152; 602.179
0.09178; 601.202
0.09204; 600.235
0.0923; 599.292
0.09256; 598.36
0.09282; 597.452
0.09308; 596.554
0.09334; 595.681
0.0936; 594.818
0.09386; 593.98
0.09412; 593.151
0.09438; 592.348
0.09464; 591.554
0.0949; 590.785
0.09516; 590.025
0.09542; 589.292
0.09568; 588.567
0.09594; 587.868
0.0962; 587.178
0.09646; 586.514
0.09672; 585.858
0.09698; 585.229
0.09724; 584.609
0.0975; 584.014
0.09776; 583.428
0.09802; 582.868
0.09828; 582.316
0.09854; 581.791
0.0988; 581.274
0.09906; 580.784
0.09932; 580.301
0.09958; 579.846
0.09984; 579.398
0.1001; 578.977
0.10036; 578.565
0.10062; 578.178
0.10088; 577.799
0.10114; 577.447
0.1014; 577.102
0.10166; 576.784
0.10192; 576.473
0.10218; 576.19
0.10244; 575.914
0.1027; 575.665
0.10296; 575.423
0.10322; 575.208
0.10348; 575
0.10374; 574.818
0.104; 574.643
0.10426; 574.496
0.10452; 574.355
0.10478; 574.24
0.10504; 574.133
0.1053; 574.051
0.10556; 573.975
0.10582; 573.923
0.10608; 573.874
0.10634; 573.846
0.1066; 0
0.10686; 0
0.10712; 0
0.10738; 0
0.10764; 0
0.1079; 0
0.10816; 0
0.10842; 0
0.10868; 0
0.10894; 0
0.1092; 0
0.10946; 0
0.10972; 0
0.10998; 0
0.11024; 0
0.1105; 0
0.11076; 0
0.11102; 0
0.11128; 0
0.11154; 0
0.1118; 0
0.11206; 0
0.11232; 0
0.11258; 0
0.11284; 0
0.1131; 0
0.11336; 0
0.11362; 0
0.11388; 0
0.11414; 0
0.1144; 0
0.11466; 0
0.11492; 0
0.11518; 0
0.11544; 0
0.1157; 0
0.11596; 0
0.11622; 0
0.11648; 0
0.11674; 0
0.117; 0
0.11726; 0
0.11752; 0
0.11778; 0
0.11804; 0
0.1183; 0
0.11856; 0
0.11882; 0
0.11908; 0
0.11934; 0
0.1196; 0
0.11986; 0
0.12012; 0
0.12038; 0
0.12064; 0
0.1209; 0
0.12116; 0
0.12142; 0
0.12168; 0
0.12194; 0
0.1222; 0
0.12246; 0
0.12272; 0
0.12298; 0
0.12324; 0
0.1235; 0
0.12376; 0
0.12402; 0
0.12428; 0
0.12454; 0
0.1248; 0
