0.00026; 0
0.00052; 0
0.00078; 0
0.00104; 0
0.0013; 0
0.00156; 0
0.00182; 0
0.00208; 0
0.00234; 0
0.0026; 0
0.00286; 0
0.00312; 0
0.00338; 0
0.00364; 0
0.0039; 0
0.00416; 0
0.00442; 0
0.00468; 0
0.00494; 0
0.0052; 0
0.00546; 0
0.00572; 0
0.00598; 0
0.00624; 0
0.0065; 0
0.00676; 0
0.00702; 0
0.00728; 0
0.00754; 0
0.0078; 0
0.00806; 0
0.00832; 0
0.00858; 0
0.00884; 0
0.0091; 0
0.00936; 0
0.00962; 0
0.00988; 0
0.01014; 0
0.0104; 0
0.01066; 0
0.01092; 0
0.01118; 0
0.01144; 0
0.0117; 0
0.01196; 0
0.01222; 0
0.01248; 0
0.01274; 0
0.013; 0
0.01326; 0
0.01352; 0
0.01378; 0
0.01404; 0
0.0143; 0
0.01456; 0
0.01482; 0
0.01508; 0
0.01534; 0
0.0156; 0
0.01586; 0
0.01612; 0
0.01638; 0
0.01664; 0
0.0169; 0
0.01716; 0
0.01742; 0
0.01768; 0
0.01794; 0
0.0182; 0
0.01846; 0
0.01872; 0
0.01898; 0
0.01924; 0
0.0195; 0
0.01976; 0
0.02002; 0
0.02028; 0
0.02054; 0
0.0208; 0
0.02106; 0
0.02132; 0
0.02158; 0
0.02184; 0
0.0221; 0
0.02236; 0
0.02262; 0
0.02288; 0
0.02314; 0
0.0234; 0
0.02366; 0
0.02392; 0
0.02418; 0
0.02444; 0
0.0247; 0
0.02496; 0
0.02522; 0
0.02548; 0
0.02574; 0
0.026; 0
0.02626; 0
0.02652; 0
0.02678; 0
0.02704; 0
0.0273; 0
0.02756; 0
0.02782; 0
0.02808; 0
0.02834; 0
0.0286; 0
0.02886; 0
0.02912; 0
0.02938; 0
0.02964; 0
0.0299; 0
0.03016; 0
0.03042; 0
0.03068; 0
0.03094; 0
0.0312; 0
0.03146; 0
0.03172; 0
0.03198; 0
0.03224; 0
0.0325; 0
0.03276; 873.349
0.03302; 873.347
0.03328; 873.327
0.03354; 873.306
0.0338; 873.268
0.03406; 873.228
0.03432; 873.171
0.03458; 873.113
0.03484; 873.038
0.0351; 872.961
0.03536; 872.867
0.03562; 872.771
0.03588; 872.658
0.03614; 872.544
0.0364; 872.412
0.03666; 872.279
0.03692; 872.128
0.03718; 871.976
0.03744; 871.806
0.0377; 871.635
0.03796; 871.446
0.03822; 871.256
0.03848; 871.048
0.03874; 870.838
0.039; 870.611
0.03926; 870.381
0.03952; 870.134
0.03978; 869.885
0.04004; 869.618
0.0403; 869.349
0.04056; 869.063
0.04082; 868.773
0.04108; 868.467
0.04134; 868.157
0.0416; 867.83
0.04186; 867.5
0.04212; 867.152
0.04238; 866.801
0.04264; 866.432
0.0429; 866.06
0.04316; 865.671
0.04342; 865.278
0.04368; 864.867
0.04394; 864.452
0.0442; 864.02
0.04446; 863.584
0.04472; 863.13
0.04498; 862.671
0.04524; 862.196
0.0455; 861.715
0.04576; 861.217
0.04602; 860.714
0.04628; 860.193
0.04654; 859.667
0.0468; 859.124
0.04706; 858.574
0.04732; 858.007
0.04758; 857.435
0.04784; 856.844
0.0481; 856.248
0.04836; 855.633
0.04862; 855.012
0.04888; 854.374
0.04914; 853.728
0.0494; 853.065
0.04966; 852.394
0.04992; 851.706
0.05018; 851.01
0.05044; 850.296
0.0507; 849.574
0.05096; 848.834
0.05122; 848.086
0.05148; 847.319
0.05174; 846.544
0.052; 845.75
0.05226; 844.947
0.05252; 844.126
0.05278; 843.294
0.05304; 842.444
0.0533; 841.584
0.05356; 840.705
0.05382; 839.815
0.05408; 838.907
0.05434; 837.987
0.0546; 837.048
0.05486; 836.097
0.05512; 835.127
0.05538; 834.145
0.05564; 833.143
0.0559; 832.128
0.05616; 831.093
0.05642; 830.044
0.05668; 828.975
0.05694; 827.892
0.0572; 826.788
0.05746; 825.67
0.05772; 824.531
0.05798; 823.376
0.05824; 822.2
0.0585; 821.008
0.05876; 819.794
0.05902; 818.563
0.05928; 817.31
0.05954; 816.039
0.0598; 814.745
0.06006; 813.434
0.06032; 812.099
0.06058; 810.747
0.06084; 809.368
0.0611; 807.972
0.06136; 806.549
0.06162; 805.108
0.06188; 803.641
0.06214; 802.154
0.0624; 800.64
0.06266; 799.107
0.06292; 797.546
0.06318; 795.964
0.06344; 794.355
0.0637; 792.725
0.06396; 791.067
0.06422; 789.388
0.06448; 787.681
0.06474; 785.952
0.065; 784.195
0.06526; 782.416
0.06552; 780.61
0.06578; 778.782
0.06604; 776.928
0.0663; 775.052
0.06656; 773.15
0.06682; 771.227
0.06708; 769.281
0.06734; 767.315
0.0676; 765.326
0.06786; 763.319
0.06812; 761.292
0.06838; 759.249
0.06864; 757.188
0.0689; 755.114
0.06916; 753.025
0.06942; 750.925
0.06968; 748.815
0.06994; 746.696
0.0702; 744.571
0.07046; 742.441
0.07072; 740.308
0.07098; 738.174
0.07124; 736.04
0.0715; 733.909
0.07176; 731.782
0.07202; 729.659
0.07228; 727.546
0.07254; 725.439
0.0728; 723.343
0.07306; 721.258
0.07332; 719.186
0.07358; 717.126
0.07384; 715.082
0.0741; 713.051
0.07436; 711.038
0.07462; 709.04
0.07488; 707.06
0.07514; 705.096
0.0754; 703.153
0.07566; 701.225
0.07592; 699.318
0.07618; 697.427
0.07644; 695.558
0.0767; 693.705
0.07696; 691.874
0.07722; 690.06
0.07748; 688.268
0.07774; 686.491
0.078; 684.737
0.07826; 682.999
0.07852; 681.284
0.07878; 679.583
0.07904; 677.906
0.0793; 676.243
0.07956; 674.603
0.07982; 672.977
0.08008; 671.375
0.08034; 669.786
0.0806; 668.22
0.08086; 666.667
0.08112; 665.137
0.08138; 663.62
0.08164; 662.126
0.0819; 660.645
0.08216; 659.186
0.08242; 657.739
0.08268; 656.315
0.08294; 654.903
0.0832; 653.514
0.08346; 652.135
0.08372; 650.78
0.08398; 649.435
0.08424; 648.114
0.0845; 646.802
0.08476; 645.514
0.08502; 644.235
0.08528; 642.98
0.08554; 641.734
0.0858; 640.512
0.08606; 639.298
0.08632; 638.108
0.08658; 636.926
0.08684; 635.769
0.0871; 634.619
0.08736; 633.494
0.08762; 632.376
0.08788; 631.283
0.08814; 630.197
0.0884; 629.135
0.08866; 628.08
0.08892; 627.05
0.08918; 626.027
0.08944; 625.028
0.0897; 624.037
0.08996; 623.069
0.09022; 622.108
0.09048; 621.172
0.09074; 620.243
0.091; 619.337
0.09126; 618.439
0.09152; 617.565
0.09178; 616.697
0.09204; 615.854
0.0923; 615.017
0.09256; 614.206
0.09282; 613.4
0.09308; 612.619
0.09334; 611.843
0.0936; 611.093
0.09386; 610.349
0.09412; 609.629
0.09438; 608.915
0.09464; 608.227
0.0949; 607.543
0.09516; 606.885
0.09542; 606.233
0.09568; 605.606
0.09594; 604.984
0.0962; 604.387
0.09646; 603.796
0.09672; 603.23
0.09698; 602.669
0.09724; 602.134
0.0975; 601.604
0.09776; 601.099
0.09802; 600.599
0.09828; 600.125
0.09854; 599.656
0.0988; 599.213
0.09906; 598.773
0.09932; 598.361
0.09958; 597.952
0.09984; 597.569
0.1001; 597.191
0.10036; 596.839
0.10062; 596.49
0.10088; 596.169
0.10114; 595.851
0.1014; 595.559
0.10166; 595.271
0.10192; 595.01
0.10218; 594.752
0.10244; 594.521
0.1027; 594.293
0.10296; 594.091
0.10322; 593.893
0.10348; 593.721
0.10374; 593.552
0.104; 593.409
0.10426; 593.27
0.10452; 593.157
0.10478; 593.047
0.10504; 592.962
0.1053; 592.881
0.10556; 592.824
0.10582; 592.769
0.10608; 592.736
0.10634; 592.704
0.1066; 0
0.10686; 0
0.10712; 0
0.10738; 0
0.10764; 0
0.1079; 0
0.10816; 0
0.10842; 0
0.10868; 0
0.10894; 0
0.1092; 0
0.10946; 0
0.10972; 0
0.10998; 0
0.11024; 0
0.1105; 0
0.11076; 0
0.11102; 0
0.11128; 0
0.11154; 0
0.1118; 0
0.11206; 0
0.11232; 0
0.11258; 0
0.11284; 0
0.1131; 0
0.11336; 0
0.11362; 0
0.11388; 0
0.11414; 0
0.1144; 0
0.11466; 0
0.11492; 0
0.11518; 0
0.11544; 0
0.1157; 0
0.11596; 0
0.11622; 0
0.11648; 0
0.11674; 0
0.117; 0
0.11726; 0
0.11752; 0
0.11778; 0
0.11804; 0
0.1183; 0
0.11856; 0
0.11882; 0
0.11908; 0
0.11934; 0
0.1196; 0
0.11986; 0
0.12012; 0
0.12038; 0
0.12064; 0
0.1209; 0
0.12116; 0
0.12142; 0
0.12168; 0
0.12194; 0
0.1222; 0
0.12246; 0
0.12272; 0
0.12298; 0
0.12324; 0
0.1235; 0
0.12376; 0
0.12402; 0
0.12428; 0
0.12454; 0
0.1248; 0
