0.00026; 0
0.00052; 0
0.00078; 0
0.00104; 0
0.0013; 0
0.00156; 0
0.00182; 0
0.00208; 0
0.00234; 0
0.0026; 0
0.00286; 0
0.00312; 0
0.00338; 0
0.00364; 0
0.0039; 0
0.00416; 0
0.00442; 0
0.00468; 0
0.00494; 0
0.0052; 0
0.00546; 0
0.00572; 0
0.00598; 0
0.00624; 0
0.0065; 0
0.00676; 0
0.00702; 0
0.00728; 0
0.00754; 0
0.0078; 0
0.00806; 0
0.00832; 0
0.00858; 0
0.00884; 0
0.0091; 0
0.00936; 0
0.00962; 0
0.00988; 0
0.01014; 0
0.0104; 0
0.01066; 0
0.01092; 0
0.01118; 0
0.01144; 0
0.0117; 0
0.01196; 0
0.01222; 0
0.01248; 0
0.01274; 0
0.013; 0
0.01326; 0
0.01352; 0
0.01378; 0
0.01404; 0
0.0143; 0
0.01456; 0
0.01482; 0
0.01508; 0
0.01534; 0
0.0156; 0
0.01586; 0
0.01612; 0
0.01638; 0
0.01664; 0
0.0169; 0
0.01716; 0
0.01742; 0
0.01768; 0
0.01794; 0
0.0182; 0
0.01846; 0
0.01872; 0
0.01898; 0
0.01924; 0
0.0195; 0
0.01976; 0
0.02002; 0
0.02028; 0
0.02054; 0
0.0208; 0
0.02106; 0
0.02132; 0
0.02158; 0
0.02184; 0
0.0221; 0
0.02236; 0
0.02262; 0
0.02288; 0
0.02314; 0
0.0234; 0
0.02366; 0
0.02392; 0
0.02418; 0
0.02444; 0
0.0247; 0
0.02496; 0
0.02522; 0
0.02548; 0
0.02574; 0
0.026; 0
0.02626; 0
0.02652; 0
0.02678; 0
0.02704; 0
0.0273; 0
0.02756; 0
0.02782; 0
0.02808; 0
0.02834; 0
0.0286; 0
0.02886; 0
0.02912; 0
0.02938; 0
0.02964; 0
0.0299; 0
0.03016; 0
0.03042; 0
0.03068; 0
0.03094; 0
0.0312; 0
0.03146; 0
0.03172; 0
0.03198; 0
0.03224; 0
0.0325; 0
0.03276; 892.505
0.03302; 892.506
0.03328; 892.482
0.03354; 892.46
0.0338; 892.414
0.03406; 892.372
0.03432; 892.305
0.03458; 892.241
0.03484; 892.153
0.0351; 892.069
0.03536; 891.96
0.03562; 891.854
0.03588; 891.724
0.03614; 891.597
0.0364; 891.446
0.03666; 891.297
0.03692; 891.125
0.03718; 890.955
0.03744; 890.76
0.0377; 890.569
0.03796; 890.352
0.03822; 890.139
0.03848; 889.9
0.03874; 889.665
0.039; 889.404
0.03926; 889.146
0.03952; 888.864
0.03978; 888.583
0.04004; 888.278
0.0403; 887.975
0.04056; 887.647
0.04082; 887.32
0.04108; 886.969
0.04134; 886.62
0.0416; 886.246
0.04186; 885.873
0.04212; 885.475
0.04238; 885.079
0.04264; 884.657
0.0429; 884.237
0.04316; 883.791
0.04342; 883.347
0.04368; 882.877
0.04394; 882.408
0.0442; 881.914
0.04446; 881.42
0.04472; 880.901
0.04498; 880.382
0.04524; 879.838
0.0455; 879.294
0.04576; 878.724
0.04602; 878.154
0.04628; 877.559
0.04654; 876.963
0.0468; 876.341
0.04706; 875.718
0.04732; 875.07
0.04758; 874.42
0.04784; 873.745
0.0481; 873.068
0.04836; 872.365
0.04862; 871.66
0.04888; 870.93
0.04914; 870.196
0.0494; 869.437
0.04966; 868.675
0.04992; 867.887
0.05018; 867.096
0.05044; 866.278
0.0507; 865.457
0.05096; 864.61
0.05122; 863.758
0.05148; 862.88
0.05174; 861.997
0.052; 861.087
0.05226; 860.172
0.05252; 859.231
0.05278; 858.283
0.05304; 857.309
0.0533; 856.328
0.05356; 855.321
0.05382; 854.306
0.05408; 853.264
0.05434; 852.213
0.0546; 851.136
0.05486; 850.05
0.05512; 848.936
0.05538; 847.813
0.05564; 846.663
0.0559; 845.501
0.05616; 844.313
0.05642; 843.113
0.05668; 841.885
0.05694; 840.644
0.0572; 839.376
0.05746; 838.094
0.05772; 836.785
0.05798; 835.46
0.05824; 834.108
0.0585; 832.74
0.05876; 831.343
0.05902; 829.93
0.05928; 828.487
0.05954; 827.027
0.0598; 825.537
0.06006; 824.03
0.06032; 822.491
0.06058; 820.934
0.06084; 819.345
0.0611; 817.737
0.06136; 816.097
0.06162; 814.436
0.06188; 812.743
0.06214; 811.028
0.0624; 809.281
0.06266; 807.51
0.06292; 805.707
0.06318; 803.88
0.06344; 802.02
0.0637; 800.136
0.06396; 798.218
0.06422; 796.275
0.06448; 794.299
0.06474; 792.296
0.065; 790.261
0.06526; 788.2
0.06552; 786.106
0.06578; 783.985
0.06604; 781.833
0.0663; 779.655
0.06656; 777.446
0.06682; 775.212
0.06708; 772.948
0.06734; 770.661
0.0676; 768.346
0.06786; 766.01
0.06812; 763.648
0.06838; 761.266
0.06864; 758.863
0.0689; 756.442
0.06916; 754.004
0.06942; 751.551
0.06968; 749.084
0.06994; 746.607
0.0702; 744.12
0.07046; 741.625
0.07072; 739.127
0.07098; 736.624
0.07124; 734.122
0.0715; 731.62
0.07176; 729.122
0.07202; 726.628
0.07228; 724.142
0.07254; 721.663
0.0728; 719.197
0.07306; 716.739
0.07332; 714.298
0.07358; 711.867
0.07384; 709.455
0.0741; 707.056
0.07436; 704.678
0.07462; 702.314
0.07488; 699.972
0.07514; 697.646
0.0754; 695.344
0.07566; 693.057
0.07592; 690.796
0.07618; 688.55
0.07644; 686.331
0.0767; 684.128
0.07696; 681.951
0.07722; 679.791
0.07748; 677.658
0.07774; 675.54
0.078; 673.45
0.07826; 671.375
0.07852; 669.328
0.07878; 667.296
0.07904; 665.292
0.0793; 663.302
0.07956; 661.341
0.07982; 659.393
0.08008; 657.475
0.08034; 655.568
0.0806; 653.692
0.08086; 651.826
0.08112; 649.991
0.08138; 648.167
0.08164; 646.372
0.0819; 644.588
0.08216; 642.835
0.08242; 641.09
0.08268; 639.377
0.08294; 637.672
0.0832; 635.998
0.08346; 634.332
0.08372; 632.697
0.08398; 631.071
0.08424; 629.475
0.0845; 627.886
0.08476; 626.329
0.08502; 624.779
0.08528; 623.26
0.08554; 621.747
0.0858; 620.267
0.08606; 618.792
0.08632; 617.349
0.08658; 615.912
0.08684; 614.507
0.0871; 613.107
0.08736; 611.739
0.08762; 610.377
0.08788; 609.047
0.08814; 607.721
0.0884; 606.429
0.08866; 605.14
0.08892; 603.884
0.08918; 602.631
0.08944; 601.415
0.0897; 600.199
0.08996; 599.02
0.09022; 597.842
0.09048; 596.699
0.09074; 595.558
0.091; 594.452
0.09126; 593.345
0.09152; 592.279
0.09178; 591.21
0.09204; 590.181
0.0923; 589.149
0.09256; 588.157
0.09282; 587.162
0.09308; 586.208
0.09334; 585.25
0.0936; 584.333
0.09386; 583.412
0.09412; 582.532
0.09438; 581.649
0.09464; 580.806
0.0949; 579.96
0.09516; 579.155
0.09542; 578.346
0.09568; 577.579
0.09594; 576.807
0.0962; 576.077
0.09646; 575.343
0.09672; 574.65
0.09698; 573.953
0.09724; 573.298
0.0975; 572.638
0.09776; 572.02
0.09802; 571.397
0.09828; 570.817
0.09854; 570.232
0.0988; 569.69
0.09906; 569.142
0.09932; 568.638
0.09958; 568.127
0.09984; 567.66
0.1001; 567.186
0.10036; 566.757
0.10062; 566.32
0.10088; 565.928
0.10114; 565.529
0.1014; 565.174
0.10166; 564.812
0.10192; 564.494
0.10218; 564.169
0.10244; 563.888
0.1027; 563.6
0.10296; 563.356
0.10322; 563.104
0.10348; 562.897
0.10374; 562.682
0.104; 562.511
0.10426; 562.333
0.10452; 562.198
0.10478; 562.056
0.10504; 561.957
0.1053; 561.85
0.10556; 561.786
0.10582; 561.712
0.10608; 561.678
0.10634; 561.632
0.1066; 0
0.10686; 0
0.10712; 0
0.10738; 0
0.10764; 0
0.1079; 0
0.10816; 0
0.10842; 0
0.10868; 0
0.10894; 0
0.1092; 0
0.10946; 0
0.10972; 0
0.10998; 0
0.11024; 0
0.1105; 0
0.11076; 0
0.11102; 0
0.11128; 0
0.11154; 0
0.1118; 0
0.11206; 0
0.11232; 0
0.11258; 0
0.11284; 0
0.1131; 0
0.11336; 0
0.11362; 0
0.11388; 0
0.11414; 0
0.1144; 0
0.11466; 0
0.11492; 0
0.11518; 0
0.11544; 0
0.1157; 0
0.11596; 0
0.11622; 0
0.11648; 0
0.11674; 0
0.117; 0
0.11726; 0
0.11752; 0
0.11778; 0
0.11804; 0
0.1183; 0
0.11856; 0
0.11882; 0
0.11908; 0
0.11934; 0
0.1196; 0
0.11986; 0
0.12012; 0
0.12038; 0
0.12064; 0
0.1209; 0
0.12116; 0
0.12142; 0
0.12168; 0
0.12194; 0
0.1222; 0
0.12246; 0
0.12272; 0
0.12298; 0
0.12324; 0
0.1235; 0
0.12376; 0
0.12402; 0
0.12428; 0
0.12454; 0
0.1248; 0
