0.00026; 305.748
0.00052; 305.753
0.00078; 305.753
0.00104; 305.76
0.0013; 305.766
0.00156; 305.778
0.00182; 305.79
0.00208; 305.807
0.00234; 305.825
0.0026; 305.848
0.00286; 305.871
0.00312; 305.9
0.00338; 305.928
0.00364; 305.963
0.0039; 305.997
0.00416; 306.037
0.00442; 306.076
0.00468; 306.122
0.00494; 306.168
0.0052; 306.219
0.00546; 306.27
0.00572; 306.328
0.00598; 306.384
0.00624; 306.448
0.0065; 306.511
0.00676; 306.58
0.00702; 306.649
0.00728; 306.724
0.00754; 306.798
0.0078; 306.88
0.00806; 306.96
0.00832; 307.048
0.00858; 307.134
0.00884; 307.228
0.0091; 307.321
0.00936; 307.422
0.00962; 307.521
0.00988; 307.628
0.01014; 307.733
0.0104; 307.847
0.01066; 307.959
0.01092; 308.079
0.01118; 308.198
0.01144; 308.325
0.0117; 308.451
0.01196; 308.584
0.01222; 308.717
0.01248; 308.858
0.01274; 308.997
0.013; 309.145
0.01326; 309.292
0.01352; 309.447
0.01378; 309.602
0.01404; 309.765
0.0143; 309.926
0.01456; 310.097
0.01482; 310.266
0.01508; 310.444
0.01534; 310.621
0.0156; 310.807
0.01586; 310.993
0.01612; 311.187
0.01638; 311.38
0.01664; 311.582
0.0169; 311.784
0.01716; 311.995
0.01742; 312.205
0.01768; 312.425
0.01794; 312.643
0.0182; 312.872
0.01846; 313.099
0.01872; 313.337
0.01898; 313.573
0.01924; 313.82
0.0195; 314.066
0.01976; 314.322
0.02002; 314.577
0.02028; 314.844
0.02054; 315.108
0.0208; 315.385
0.02106; 315.659
0.02132; 315.945
0.02158; 316.23
0.02184; 316.527
0.0221; 316.822
0.02236; 317.129
0.02262; 317.434
0.02288; 317.752
0.02314; 318.069
0.0234; 318.398
0.02366; 318.725
0.02392; 319.066
0.02418; 319.405
0.02444; 319.757
0.0247; 320.108
0.02496; 320.471
0.02522; 320.834
0.02548; 321.21
0.02574; 321.584
0.026; 321.973
0.02626; 322.359
0.02652; 322.76
0.02678; 323.16
0.02704; 323.574
0.0273; 323.986
0.02756; 324.414
0.02782; 324.839
0.02808; 325.28
0.02834; 325.719
0.0286; 326.174
0.02886; 326.627
0.02912; 327.096
0.02938; 327.563
0.02964; 328.046
0.0299; 328.528
0.03016; 329.026
0.03042; 329.522
0.03068; 330.035
0.03094; 330.546
0.0312; 331.075
0.03146; 331.601
0.03172; 332.145
0.03198; 332.687
0.03224; 333.248
0.0325; 333.806
0.03276; 334.382
0.03302; 334.956
0.03328; 335.55
0.03354; 336.141
0.0338; 336.751
0.03406; 337.359
0.03432; 337.986
0.03458; 338.612
0.03484; 339.257
0.0351; 339.899
0.03536; 340.563
0.03562; 341.223
0.03588; 341.905
0.03614; 342.583
0.0364; 343.284
0.03666; 343.981
0.03692; 344.701
0.03718; 345.417
0.03744; 346.156
0.0377; 346.892
0.03796; 347.651
0.03822; 348.406
0.03848; 349.185
0.03874; 349.961
0.039; 350.76
0.03926; 351.556
0.03952; 352.376
0.03978; 353.193
0.04004; 354.034
0.0403; 354.872
0.04056; 355.735
0.04082; 356.595
0.04108; 357.479
0.04134; 358.361
0.0416; 359.268
0.04186; 360.171
0.04212; 361.101
0.04238; 362.027
0.04264; 362.98
0.0429; 363.929
0.04316; 364.904
0.04342; 365.877
0.04368; 366.876
0.04394; 367.872
0.0442; 368.895
0.04446; 369.915
0.04472; 370.963
0.04498; 372.007
0.04524; 373.08
0.0455; 374.149
0.04576; 375.246
0.04602; 376.34
0.04628; 377.463
0.04654; 378.583
0.0468; 379.732
0.04706; 380.877
0.04732; 382.052
0.04758; 383.224
0.04784; 384.425
0.0481; 385.623
0.04836; 386.851
0.04862; 388.075
0.04888; 389.331
0.04914; 390.583
0.0494; 391.866
0.04966; 393.145
0.04992; 394.456
0.05018; 395.763
0.05044; 397.102
0.0507; 398.437
0.05096; 399.805
0.05122; 401.169
0.05148; 402.565
0.05174; 403.957
0.052; 405.383
0.05226; 406.805
0.05252; 408.26
0.05278; 409.71
0.05304; 411.195
0.0533; 412.676
0.05356; 414.191
0.05382; 415.702
0.05408; 417.247
0.05434; 418.788
0.0546; 420.364
0.05486; 421.936
0.05512; 423.543
0.05538; 425.145
0.05564; 426.783
0.0559; 428.417
0.05616; 430.086
0.05642; 431.751
0.05668; 433.452
0.05694; 435.149
0.0572; 436.882
0.05746; 438.61
0.05772; 440.375
0.05798; 442.135
0.05824; 443.933
0.0585; 445.725
0.05876; 447.556
0.05902; 449.381
0.05928; 451.244
0.05954; 453.102
0.0598; 454.998
0.06006; 456.889
0.06032; 458.819
0.06058; 460.743
0.06084; 462.705
0.0611; 464.663
0.06136; 466.659
0.06162; 468.65
0.06188; 470.68
0.06214; 472.705
0.0624; 474.768
0.06266; 476.826
0.06292; 478.924
0.06318; 481.016
0.06344; 483.148
0.0637; 485.274
0.06396; 487.44
0.06422; 489.601
0.06448; 491.801
0.06474; 493.996
0.065; 496.231
0.06526; 498.46
0.06552; 500.729
0.06578; 502.993
0.06604; 505.296
0.0663; 507.594
0.06656; 509.932
0.06682; 512.264
0.06708; 514.637
0.06734; 517.004
0.0676; 519.411
0.06786; 521.813
0.06812; 524.255
0.06838; 526.691
0.06864; 529.167
0.0689; 531.638
0.06916; 534.149
0.06942; 536.655
0.06968; 539.2
0.06994; 541.74
0.0702; 544.32
0.07046; 546.894
0.07072; 549.508
0.07098; 552.118
0.07124; 554.766
0.0715; 557.41
0.07176; 560.092
0.07202; 562.77
0.07228; 565.487
0.07254; 568.199
0.0728; 570.95
0.07306; 573.696
0.07332; 576.48
0.07358; 579.26
0.07384; 582.078
0.0741; 584.892
0.07436; 587.743
0.07462; 590.59
0.07488; 593.475
0.07514; 596.355
0.0754; 599.273
0.07566; 602.187
0.07592; 605.137
0.07618; 608.083
0.07644; 611.067
0.0767; 614.045
0.07696; 617.061
0.07722; 620.072
0.07748; 623.12
0.07774; 626.163
0.078; 629.243
0.07826; 632.317
0.07852; 635.429
0.07878; 638.535
0.07904; 641.677
0.0793; 644.815
0.07956; 647.988
0.07982; 651.157
0.08008; 654.36
0.08034; 657.56
0.0806; 660.793
0.08086; 664.022
0.08112; 667.286
0.08138; 670.545
0.08164; 673.838
0.0819; 677.127
0.08216; 680.449
0.08242; 683.767
0.08268; 687.118
0.08294; 690.464
0.0832; 693.842
0.08346; 697.217
0.08372; 700.623
0.08398; 704.025
0.08424; 707.457
0.0845; 710.887
0.08476; 714.346
0.08502; 717.802
0.08528; 721.289
0.08554; 724.771
0.0858; 728.283
0.08606; 731.791
0.08632; 735.327
0.08658; 738.861
0.08684; 742.422
0.0871; 745.979
0.08736; 749.564
0.08762; 753.146
0.08788; 756.755
0.08814; 760.361
0.0884; 763.992
0.08866; 767.62
0.08892; 771.274
0.08918; 774.925
0.08944; 778.6
0.0897; 782.273
0.08996; 785.969
0.09022; 789.663
0.09048; 793.379
0.09074; 797.093
0.091; 800.83
0.09126; 804.564
0.09152; 808.319
0.09178; 812.072
0.09204; 815.846
0.0923; 819.618
0.09256; 823.409
0.09282; 827.198
0.09308; 831.007
0.09334; 834.813
0.0936; 838.638
0.09386; 842.46
0.09412; 846.301
0.09438; 850.14
0.09464; 853.995
0.0949; 857.849
0.09516; 861.718
0.09542; 865.586
0.09568; 869.469
0.09594; 873.35
0.0962; 877.246
0.09646; 881.14
0.09672; 885.047
0.09698; 888.954
0.09724; 892.873
0.0975; 896.79
0.09776; 900.719
0.09802; 904.647
0.09828; 908.586
0.09854; 912.524
0.0988; 916.472
0.09906; 920.419
0.09932; 924.375
0.09958; 928.329
0.09984; 932.293
0.1001; 936.255
0.10036; 940.225
0.10062; 944.194
0.10088; 948.17
0.10114; 952.144
0.1014; 956.125
0.10166; 960.105
0.10192; 964.089
0.10218; 968.074
0.10244; 972.061
0.1027; 976.049
0.10296; 980.039
0.10322; 984.03
0.10348; 988.022
0.10374; 992.014
0.104; 996.007
0.10426; 1000
0.10452; 1000
0.10478; 1000
0.10504; 1000
0.1053; 1000
0.10556; 1000
0.10582; 1000
0.10608; 1000
0.10634; 1000
0.1066; 1000
0.10686; 1000
0.10712; 1000
0.10738; 1000
0.10764; 1000
0.1079; 1000
0.10816; 1000
0.10842; 1000
0.10868; 1000
0.10894; 1000
0.1092; 1000
0.10946; 1000
0.10972; 1000
0.10998; 1000
0.11024; 1000
0.1105; 1000
0.11076; 1000
0.11102; 1000
0.11128; 1000
0.11154; 1000
0.1118; 1000
0.11206; 1000
0.11232; 1000
0.11258; 1000
0.11284; 1000
0.1131; 1000
0.11336; 1000
0.11362; 1000
0.11388; 1000
0.11414; 1000
0.1144; 1000
0.11466; 1000
0.11492; 1000
0.11518; 1000
0.11544; 1000
0.1157; 1000
0.11596; 1000
0.11622; 1000
0.11648; 1000
0.11674; 1000
0.117; 1000
0.11726; 1000
0.11752; 1000
0.11778; 1000
0.11804; 1000
0.1183; 1000
0.11856; 1000
0.11882; 1000
0.11908; 1000
0.11934; 1000
0.1196; 1000
0.11986; 1000
0.12012; 1000
0.12038; 1000
0.12064; 1000
0.1209; 1000
0.12116; 1000
0.12142; 1000
0.12168; 1000
0.12194; 1000
0.1222; 1000
0.12246; 1000
0.12272; 1000
0.12298; 1000
0.12324; 1000
0.1235; 1000
0.12376; 1000
0.12402; 1000
0.12428; 1000
0.12454; 1000
0.1248; 1000
