0.00026; 535.715
0.00052; 535.721
0.00078; 535.728
0.00104; 535.741
0.0013; 535.763
0.00156; 535.79
0.00182; 535.825
0.00208; 535.866
0.00234; 535.916
0.0026; 535.972
0.00286; 536.036
0.00312; 536.105
0.00338; 536.183
0.00364; 536.267
0.0039; 536.359
0.00416; 536.457
0.00442; 536.564
0.00468; 536.676
0.00494; 536.796
0.0052; 536.923
0.00546; 537.057
0.00572; 537.198
0.00598; 537.347
0.00624; 537.501
0.0065; 537.664
0.00676; 537.833
0.00702; 538.01
0.00728; 538.193
0.00754; 538.385
0.0078; 538.582
0.00806; 538.787
0.00832; 538.998
0.00858; 539.218
0.00884; 539.443
0.0091; 539.677
0.00936; 539.916
0.00962; 540.164
0.00988; 540.417
0.01014; 540.679
0.0104; 540.947
0.01066; 541.222
0.01092; 541.504
0.01118; 541.794
0.01144; 542.089
0.0117; 542.393
0.01196; 542.702
0.01222; 543.02
0.01248; 543.344
0.01274; 543.676
0.013; 544.013
0.01326; 544.359
0.01352; 544.71
0.01378; 545.07
0.01404; 545.435
0.0143; 545.809
0.01456; 546.188
0.01482; 546.575
0.01508; 546.968
0.01534; 547.37
0.0156; 547.777
0.01586; 548.192
0.01612; 548.613
0.01638; 549.042
0.01664; 549.477
0.0169; 549.92
0.01716; 550.368
0.01742; 550.824
0.01768; 551.286
0.01794; 551.757
0.0182; 552.232
0.01846; 552.717
0.01872; 553.206
0.01898; 553.704
0.01924; 554.207
0.0195; 554.718
0.01976; 555.235
0.02002; 555.76
0.02028; 556.291
0.02054; 556.829
0.0208; 557.373
0.02106; 557.926
0.02132; 558.483
0.02158; 559.049
0.02184; 559.62
0.0221; 560.199
0.02236; 560.784
0.02262; 561.376
0.02288; 561.974
0.02314; 562.58
0.0234; 563.192
0.02366; 563.811
0.02392; 564.436
0.02418; 565.069
0.02444; 565.707
0.0247; 566.353
0.02496; 567.004
0.02522; 567.664
0.02548; 568.328
0.02574; 569.001
0.026; 569.679
0.02626; 570.365
0.02652; 571.055
0.02678; 571.755
0.02704; 572.459
0.0273; 573.171
0.02756; 573.888
0.02782; 574.613
0.02808; 575.343
0.02834; 576.082
0.0286; 576.825
0.02886; 577.576
0.02912; 578.333
0.02938; 579.097
0.02964; 579.866
0.0299; 580.644
0.03016; 581.426
0.03042; 582.216
0.03068; 583.011
0.03094; 583.814
0.0312; 584.622
0.03146; 585.438
0.03172; 586.259
0.03198; 587.087
0.03224; 587.921
0.0325; 588.762
0.03276; 589.608
0.03302; 590.462
0.03328; 591.32
0.03354; 592.187
0.0338; 593.058
0.03406; 593.937
0.03432; 594.821
0.03458; 595.713
0.03484; 596.609
0.0351; 597.513
0.03536; 598.422
0.03562; 599.338
0.03588; 600.259
0.03614; 601.188
0.0364; 602.121
0.03666; 603.062
0.03692; 604.008
0.03718; 604.961
0.03744; 605.919
0.0377; 606.884
0.03796; 607.854
0.03822; 608.832
0.03848; 609.814
0.03874; 610.803
0.039; 611.798
0.03926; 612.799
0.03952; 613.805
0.03978; 614.819
0.04004; 615.837
0.0403; 616.862
0.04056; 617.892
0.04082; 618.93
0.04108; 619.971
0.04134; 621.02
0.0416; 622.074
0.04186; 623.134
0.04212; 624.2
0.04238; 625.272
0.04264; 626.349
0.0429; 627.433
0.04316; 628.522
0.04342; 629.617
0.04368; 630.717
0.04394; 631.824
0.0442; 632.935
0.04446; 634.054
0.04472; 635.177
0.04498; 636.306
0.04524; 637.44
0.0455; 638.582
0.04576; 639.727
0.04602; 640.879
0.04628; 642.036
0.04654; 643.199
0.0468; 644.367
0.04706; 645.542
0.04732; 646.72
0.04758; 647.906
0.04784; 649.096
0.0481; 650.292
0.04836; 651.493
0.04862; 652.7
0.04888; 653.912
0.04914; 655.13
0.0494; 656.352
0.04966; 657.581
0.04992; 658.814
0.05018; 660.054
0.05044; 661.297
0.0507; 662.547
0.05096; 663.801
0.05122; 665.062
0.05148; 666.327
0.05174; 667.598
0.052; 668.873
0.05226; 670.155
0.05252; 671.44
0.05278; 672.732
0.05304; 674.028
0.0533; 675.33
0.05356; 676.636
0.05382; 677.948
0.05408; 679.264
0.05434; 680.586
0.0546; 681.912
0.05486; 683.245
0.05512; 684.581
0.05538; 685.923
0.05564; 687.269
0.0559; 688.621
0.05616; 689.977
0.05642; 691.339
0.05668; 692.704
0.05694; 694.076
0.0572; 695.451
0.05746; 696.832
0.05772; 698.217
0.05798; 699.607
0.05824; 701.001
0.0585; 702.401
0.05876; 703.805
0.05902; 705.214
0.05928; 706.627
0.05954; 708.046
0.0598; 709.468
0.06006; 710.896
0.06032; 712.327
0.06058; 713.764
0.06084; 715.204
0.0611; 716.65
0.06136; 718.099
0.06162; 719.554
0.06188; 721.012
0.06214; 722.476
0.0624; 723.943
0.06266; 725.415
0.06292; 726.891
0.06318; 728.372
0.06344; 729.856
0.0637; 731.346
0.06396; 732.839
0.06422; 734.337
0.06448; 735.838
0.06474; 737.344
0.065; 738.854
0.06526; 740.368
0.06552; 741.886
0.06578; 743.409
0.06604; 744.935
0.0663; 746.466
0.06656; 748.001
0.06682; 749.54
0.06708; 751.082
0.06734; 752.629
0.0676; 754.179
0.06786; 755.733
0.06812; 757.291
0.06838; 758.854
0.06864; 760.419
0.0689; 761.99
0.06916; 763.563
0.06942; 765.14
0.06968; 766.721
0.06994; 768.306
0.0702; 769.894
0.07046; 771.487
0.07072; 773.083
0.07098; 774.682
0.07124; 776.285
0.0715; 777.892
0.07176; 779.502
0.07202; 781.116
0.07228; 782.733
0.07254; 784.354
0.0728; 785.978
0.07306; 787.606
0.07332; 789.236
0.07358; 790.871
0.07384; 792.508
0.0741; 794.149
0.07436; 795.793
0.07462; 797.441
0.07488; 799.092
0.07514; 800.746
0.0754; 802.403
0.07566; 804.064
0.07592; 805.727
0.07618; 807.394
0.07644; 809.064
0.0767; 810.737
0.07696; 812.412
0.07722; 814.092
0.07748; 815.773
0.07774; 817.459
0.078; 819.146
0.07826; 820.837
0.07852; 822.531
0.07878; 824.228
0.07904; 825.927
0.0793; 827.629
0.07956; 829.334
0.07982; 831.042
0.08008; 832.752
0.08034; 834.465
0.0806; 836.181
0.08086; 837.9
0.08112; 839.62
0.08138; 841.344
0.08164; 843.07
0.0819; 844.8
0.08216; 846.531
0.08242; 848.265
0.08268; 850.001
0.08294; 851.74
0.0832; 853.481
0.08346; 855.225
0.08372; 856.97
0.08398; 858.719
0.08424; 860.469
0.0845; 862.222
0.08476; 863.977
0.08502; 865.735
0.08528; 867.494
0.08554; 869.256
0.0858; 871.02
0.08606; 872.786
0.08632; 874.554
0.08658; 876.324
0.08684; 878.096
0.0871; 879.87
0.08736; 881.646
0.08762; 883.425
0.08788; 885.204
0.08814; 886.987
0.0884; 888.77
0.08866; 890.556
0.08892; 892.343
0.08918; 894.133
0.08944; 895.923
0.0897; 897.716
0.08996; 899.51
0.09022; 901.307
0.09048; 903.104
0.09074; 904.904
0.091; 906.704
0.09126; 908.507
0.09152; 910.311
0.09178; 912.117
0.09204; 913.924
0.0923; 915.732
0.09256; 917.542
0.09282; 919.354
0.09308; 921.166
0.09334; 922.98
0.0936; 924.796
0.09386; 926.612
0.09412; 928.43
0.09438; 930.249
0.09464; 932.069
0.0949; 933.891
0.09516; 935.713
0.09542; 937.537
0.09568; 939.361
0.09594; 941.187
0.0962; 943.014
0.09646; 944.842
0.09672; 946.671
0.09698; 948.5
0.09724; 950.331
0.0975; 952.163
0.09776; 953.995
0.09802; 955.828
0.09828; 957.662
0.09854; 959.497
0.0988; 961.332
0.09906; 963.168
0.09932; 965.005
0.09958; 966.843
0.09984; 968.681
0.1001; 970.519
0.10036; 972.358
0.10062; 974.198
0.10088; 976.038
0.10114; 977.879
0.1014; 979.72
0.10166; 981.562
0.10192; 983.404
0.10218; 985.247
0.10244; 987.089
0.1027; 988.933
0.10296; 990.777
0.10322; 992.621
0.10348; 994.465
0.10374; 996.31
0.104; 998.155
0.10426; 1000
0.10452; 1000
0.10478; 1000
0.10504; 1000
0.1053; 1000
0.10556; 1000
0.10582; 1000
0.10608; 1000
0.10634; 1000
0.1066; 1000
0.10686; 1000
0.10712; 1000
0.10738; 1000
0.10764; 1000
0.1079; 1000
0.10816; 1000
0.10842; 1000
0.10868; 1000
0.10894; 1000
0.1092; 1000
0.10946; 1000
0.10972; 1000
0.10998; 1000
0.11024; 1000
0.1105; 1000
0.11076; 1000
0.11102; 1000
0.11128; 1000
0.11154; 1000
0.1118; 1000
0.11206; 1000
0.11232; 1000
0.11258; 1000
0.11284; 1000
0.1131; 1000
0.11336; 1000
0.11362; 1000
0.11388; 1000
0.11414; 1000
0.1144; 1000
0.11466; 1000
0.11492; 1000
0.11518; 1000
0.11544; 1000
0.1157; 1000
0.11596; 1000
0.11622; 1000
0.11648; 1000
0.11674; 1000
0.117; 1000
0.11726; 1000
0.11752; 1000
0.11778; 1000
0.11804; 1000
0.1183; 1000
0.11856; 1000
0.11882; 1000
0.11908; 1000
0.11934; 1000
0.1196; 1000
0.11986; 1000
0.12012; 1000
0.12038; 1000
0.12064; 1000
0.1209; 1000
0.12116; 1000
0.12142; 1000
0.12168; 1000
0.12194; 1000
0.1222; 1000
0.12246; 1000
0.12272; 1000
0.12298; 1000
0.12324; 1000
0.1235; 1000
0.12376; 1000
0.12402; 1000
0.12428; 1000
0.12454; 1000
0.1248; 1000
