0.00026; 0
0.00052; 0
0.00078; 0
0.00104; 0
0.0013; 0
0.00156; 0
0.00182; 0
0.00208; 0
0.00234; 0
0.0026; 0
0.00286; 0
0.00312; 0
0.00338; 0
0.00364; 0
0.0039; 0
0.00416; 0
0.00442; 0
0.00468; 0
0.00494; 0
0.0052; 0
0.00546; 0
0.00572; 0
0.00598; 0
0.00624; 0
0.0065; 0
0.00676; 0
0.00702; 0
0.00728; 0
0.00754; 0
0.0078; 0
0.00806; 0
0.00832; 0
0.00858; 0
0.00884; 0
0.0091; 0
0.00936; 0
0.00962; 0
0.00988; 0
0.01014; 0
0.0104; 0
0.01066; 0
0.01092; 0
0.01118; 0
0.01144; 0
0.0117; 0
0.01196; 0
0.01222; 0
0.01248; 0
0.01274; 0
0.013; 0
0.01326; 0
0.01352; 0
0.01378; 0
0.01404; 0
0.0143; 0
0.01456; 0
0.01482; 0
0.01508; 0
0.01534; 0
0.0156; 0
0.01586; 0
0.01612; 0
0.01638; 0
0.01664; 0
0.0169; 0
0.01716; 0
0.01742; 0
0.01768; 0
0.01794; 0
0.0182; 0
0.01846; 0
0.01872; 0
0.01898; 0
0.01924; 0
0.0195; 0
0.01976; 0
0.02002; 0
0.02028; 0
0.02054; 0
0.0208; 0
0.02106; 0
0.02132; 0
0.02158; 0
0.02184; 0
0.0221; 0
0.02236; 0
0.02262; 0
0.02288; 0
0.02314; 0
0.0234; 0
0.02366; 0
0.02392; 0
0.02418; 0
0.02444; 0
0.0247; 0
0.02496; 0
0.02522; 0
0.02548; 0
0.02574; 0
0.026; 0
0.02626; 0
0.02652; 0
0.02678; 0
0.02704; 0
0.0273; 0
0.02756; 0
0.02782; 0
0.02808; 0
0.02834; 0
0.0286; 0
0.02886; 0
0.02912; 0
0.02938; 0
0.02964; 0
0.0299; 0
0.03016; 0
0.03042; 0
0.03068; 0
0.03094; 0
0.0312; 0
0.03146; 0
0.03172; 0
0.03198; 0
0.03224; 0
0.0325; 0
0.03276; 870.129
0.03302; 870.126
0.03328; 870.108
0.03354; 870.086
0.0338; 870.05
0.03406; 870.01
0.03432; 869.956
0.03458; 869.898
0.03484; 869.825
0.0351; 869.749
0.03536; 869.658
0.03562; 869.564
0.03588; 869.454
0.03614; 869.342
0.0364; 869.214
0.03666; 869.083
0.03692; 868.937
0.03718; 868.787
0.03744; 868.623
0.0377; 868.455
0.03796; 868.271
0.03822; 868.084
0.03848; 867.882
0.03874; 867.676
0.039; 867.455
0.03926; 867.23
0.03952; 866.989
0.03978; 866.745
0.04004; 866.485
0.0403; 866.222
0.04056; 865.942
0.04082; 865.659
0.04108; 865.359
0.04134; 865.056
0.0416; 864.737
0.04186; 864.414
0.04212; 864.075
0.04238; 863.732
0.04264; 863.372
0.0429; 863.008
0.04316; 862.628
0.04342; 862.244
0.04368; 861.843
0.04394; 861.438
0.0442; 861.016
0.04446; 860.589
0.04472; 860.147
0.04498; 859.699
0.04524; 859.234
0.0455; 858.765
0.04576; 858.279
0.04602; 857.787
0.04628; 857.279
0.04654; 856.765
0.0468; 856.235
0.04706; 855.699
0.04732; 855.145
0.04758; 854.586
0.04784; 854.01
0.0481; 853.428
0.04836; 852.829
0.04862; 852.223
0.04888; 851.599
0.04914; 850.969
0.0494; 850.322
0.04966; 849.668
0.04992; 848.996
0.05018; 848.317
0.05044; 847.62
0.0507; 846.915
0.05096; 846.193
0.05122; 845.462
0.05148; 844.714
0.05174; 843.957
0.052; 843.183
0.05226; 842.399
0.05252; 841.597
0.05278; 840.786
0.05304; 839.957
0.0533; 839.118
0.05356; 838.26
0.05382; 837.392
0.05408; 836.505
0.05434; 835.608
0.0546; 834.692
0.05486; 833.765
0.05512; 832.818
0.05538; 831.86
0.05564; 830.882
0.0559; 829.893
0.05616; 828.883
0.05642; 827.86
0.05668; 826.818
0.05694; 825.762
0.0572; 824.685
0.05746; 823.595
0.05772; 822.484
0.05798; 821.359
0.05824; 820.212
0.0585; 819.05
0.05876; 817.866
0.05902; 816.666
0.05928; 815.444
0.05954; 814.206
0.0598; 812.945
0.06006; 811.668
0.06032; 810.366
0.06058; 809.048
0.06084; 807.705
0.0611; 806.344
0.06136; 804.959
0.06162; 803.554
0.06188; 802.125
0.06214; 800.677
0.0624; 799.203
0.06266; 797.709
0.06292; 796.189
0.06318; 794.648
0.06344; 793.082
0.0637; 791.494
0.06396; 789.88
0.06422; 788.244
0.06448; 786.582
0.06474; 784.899
0.065; 783.189
0.06526; 781.457
0.06552; 779.7
0.06578; 777.92
0.06604; 776.116
0.0663; 774.29
0.06656; 772.44
0.06682; 770.569
0.06708; 768.675
0.06734; 766.762
0.0676; 764.828
0.06786; 762.876
0.06812; 760.905
0.06838; 758.918
0.06864; 756.914
0.0689; 754.897
0.06916; 752.867
0.06942; 750.825
0.06968; 748.774
0.06994; 746.715
0.0702; 744.65
0.07046; 742.58
0.07072; 740.508
0.07098; 738.434
0.07124; 736.362
0.0715; 734.291
0.07176; 732.225
0.07202; 730.164
0.07228; 728.111
0.07254; 726.066
0.0728; 724.031
0.07306; 722.007
0.07332; 719.996
0.07358; 717.996
0.07384; 716.013
0.0741; 714.042
0.07436; 712.089
0.07462; 710.15
0.07488; 708.23
0.07514; 706.325
0.0754; 704.439
0.07566; 702.57
0.07592; 700.721
0.07618; 698.888
0.07644; 697.075
0.0767; 695.28
0.07696; 693.504
0.07722; 691.746
0.07748; 690.009
0.07774; 688.288
0.078; 686.588
0.07826; 684.905
0.07852; 683.242
0.07878; 681.596
0.07904; 679.971
0.0793; 678.361
0.07956; 676.772
0.07982; 675.199
0.08008; 673.647
0.08034; 672.11
0.0806; 670.593
0.08086; 669.091
0.08112; 667.609
0.08138; 666.142
0.08164; 664.696
0.0819; 663.263
0.08216; 661.851
0.08242; 660.453
0.08268; 659.074
0.08294; 657.709
0.0832; 656.364
0.08346; 655.032
0.08372; 653.72
0.08398; 652.421
0.08424; 651.142
0.0845; 649.876
0.08476; 648.629
0.08502; 647.394
0.08528; 646.18
0.08554; 644.977
0.0858; 643.794
0.08606; 642.623
0.08632; 641.472
0.08658; 640.332
0.08684; 639.212
0.0871; 638.104
0.08736; 637.015
0.08762; 635.937
0.08788; 634.879
0.08814; 633.832
0.0884; 632.805
0.08866; 631.789
0.08892; 630.792
0.08918; 629.806
0.08944; 628.84
0.0897; 627.884
0.08996; 626.949
0.09022; 626.023
0.09048; 625.117
0.09074; 624.222
0.091; 623.346
0.09126; 622.481
0.09152; 621.635
0.09178; 620.8
0.09204; 619.984
0.0923; 619.179
0.09256; 618.393
0.09282; 617.618
0.09308; 616.862
0.09334; 616.116
0.0936; 615.391
0.09386; 614.674
0.09412; 613.979
0.09438; 613.292
0.09464; 612.626
0.0949; 611.97
0.09516; 611.334
0.09542; 610.707
0.09568; 610.1
0.09594; 609.503
0.0962; 608.926
0.09646; 608.358
0.09672; 607.811
0.09698; 607.272
0.09724; 606.755
0.0975; 606.246
0.09776; 605.758
0.09802; 605.278
0.09828; 604.82
0.09854; 604.37
0.0988; 603.94
0.09906; 603.52
0.09932; 603.12
0.09958; 602.729
0.09984; 602.357
0.1001; 601.993
0.10036; 601.653
0.10062; 601.319
0.10088; 601.008
0.10114; 600.703
0.1014; 600.421
0.10166; 600.145
0.10192; 599.892
0.10218; 599.645
0.10244; 599.421
0.1027; 599.202
0.10296; 599.007
0.10322; 598.817
0.10348; 598.651
0.10374; 598.489
0.104; 598.351
0.10426; 598.218
0.10452; 598.108
0.10478; 598.002
0.10504; 597.92
0.1053; 597.842
0.10556; 597.787
0.10582; 597.735
0.10608; 597.702
0.10634; 597.671
0.1066; 0
0.10686; 0
0.10712; 0
0.10738; 0
0.10764; 0
0.1079; 0
0.10816; 0
0.10842; 0
0.10868; 0
0.10894; 0
0.1092; 0
0.10946; 0
0.10972; 0
0.10998; 0
0.11024; 0
0.1105; 0
0.11076; 0
0.11102; 0
0.11128; 0
0.11154; 0
0.1118; 0
0.11206; 0
0.11232; 0
0.11258; 0
0.11284; 0
0.1131; 0
0.11336; 0
0.11362; 0
0.11388; 0
0.11414; 0
0.1144; 0
0.11466; 0
0.11492; 0
0.11518; 0
0.11544; 0
0.1157; 0
0.11596; 0
0.11622; 0
0.11648; 0
0.11674; 0
0.117; 0
0.11726; 0
0.11752; 0
0.11778; 0
0.11804; 0
0.1183; 0
0.11856; 0
0.11882; 0
0.11908; 0
0.11934; 0
0.1196; 0
0.11986; 0
0.12012; 0
0.12038; 0
0.12064; 0
0.1209; 0
0.12116; 0
0.12142; 0
0.12168; 0
0.12194; 0
0.1222; 0
0.12246; 0
0.12272; 0
0.12298; 0
0.12324; 0
0.1235; 0
0.12376; 0
0.12402; 0
0.12428; 0
0.12454; 0
0.1248; 0
