0.00026; 620.745
0.00052; 620.749
0.00078; 620.754
0.00104; 620.765
0.0013; 620.782
0.00156; 620.804
0.00182; 620.832
0.00208; 620.866
0.00234; 620.906
0.0026; 620.952
0.00286; 621.004
0.00312; 621.061
0.00338; 621.124
0.00364; 621.193
0.0039; 621.269
0.00416; 621.35
0.00442; 621.437
0.00468; 621.529
0.00494; 621.628
0.0052; 621.732
0.00546; 621.843
0.00572; 621.959
0.00598; 622.081
0.00624; 622.209
0.0065; 622.343
0.00676; 622.482
0.00702; 622.628
0.00728; 622.779
0.00754; 622.937
0.0078; 623.099
0.00806; 623.269
0.00832; 623.443
0.00858; 623.624
0.00884; 623.81
0.0091; 624.003
0.00936; 624.2
0.00962; 624.404
0.00988; 624.614
0.01014; 624.83
0.0104; 625.051
0.01066; 625.278
0.01092; 625.511
0.01118; 625.75
0.01144; 625.994
0.0117; 626.245
0.01196; 626.501
0.01222; 626.763
0.01248; 627.03
0.01274; 627.304
0.013; 627.583
0.01326; 627.868
0.01352; 628.158
0.01378; 628.455
0.01404; 628.757
0.0143; 629.065
0.01456; 629.379
0.01482; 629.698
0.01508; 630.023
0.01534; 630.354
0.0156; 630.69
0.01586; 631.033
0.01612; 631.38
0.01638; 631.734
0.01664; 632.093
0.0169; 632.458
0.01716; 632.828
0.01742; 633.205
0.01768; 633.587
0.01794; 633.974
0.0182; 634.367
0.01846; 634.766
0.01872; 635.171
0.01898; 635.581
0.01924; 635.997
0.0195; 636.418
0.01976; 636.845
0.02002; 637.277
0.02028; 637.716
0.02054; 638.159
0.0208; 638.609
0.02106; 639.064
0.02132; 639.524
0.02158; 639.99
0.02184; 640.462
0.0221; 640.939
0.02236; 641.421
0.02262; 641.909
0.02288; 642.403
0.02314; 642.902
0.0234; 643.407
0.02366; 643.917
0.02392; 644.433
0.02418; 644.954
0.02444; 645.481
0.0247; 646.013
0.02496; 646.551
0.02522; 647.094
0.02548; 647.642
0.02574; 648.196
0.026; 648.755
0.02626; 649.32
0.02652; 649.89
0.02678; 650.465
0.02704; 651.046
0.0273; 651.632
0.02756; 652.224
0.02782; 652.821
0.02808; 653.423
0.02834; 654.031
0.0286; 654.644
0.02886; 655.262
0.02912; 655.886
0.02938; 656.514
0.02964; 657.149
0.0299; 657.788
0.03016; 658.433
0.03042; 659.083
0.03068; 659.738
0.03094; 660.399
0.0312; 661.064
0.03146; 661.735
0.03172; 662.412
0.03198; 663.093
0.03224; 663.779
0.0325; 664.471
0.03276; 665.168
0.03302; 665.87
0.03328; 666.577
0.03354; 667.289
0.0338; 668.007
0.03406; 668.729
0.03432; 669.457
0.03458; 670.189
0.03484; 670.927
0.0351; 671.67
0.03536; 672.418
0.03562; 673.171
0.03588; 673.929
0.03614; 674.692
0.0364; 675.46
0.03666; 676.233
0.03692; 677.011
0.03718; 677.794
0.03744; 678.582
0.0377; 679.375
0.03796; 680.173
0.03822; 680.976
0.03848; 681.784
0.03874; 682.597
0.039; 683.414
0.03926; 684.237
0.03952; 685.064
0.03978; 685.896
0.04004; 686.733
0.0403; 687.575
0.04056; 688.421
0.04082; 689.273
0.04108; 690.129
0.04134; 690.99
0.0416; 691.856
0.04186; 692.726
0.04212; 693.601
0.04238; 694.481
0.04264; 695.366
0.0429; 696.255
0.04316; 697.149
0.04342; 698.048
0.04368; 698.951
0.04394; 699.859
0.0442; 700.772
0.04446; 701.689
0.04472; 702.611
0.04498; 703.537
0.04524; 704.468
0.0455; 705.403
0.04576; 706.343
0.04602; 707.288
0.04628; 708.237
0.04654; 709.19
0.0468; 710.149
0.04706; 711.111
0.04732; 712.078
0.04758; 713.049
0.04784; 714.026
0.0481; 715.006
0.04836; 715.991
0.04862; 716.98
0.04888; 717.973
0.04914; 718.971
0.0494; 719.973
0.04966; 720.98
0.04992; 721.991
0.05018; 723.006
0.05044; 724.025
0.0507; 725.049
0.05096; 726.077
0.05122; 727.109
0.05148; 728.145
0.05174; 729.186
0.052; 730.231
0.05226; 731.28
0.05252; 732.333
0.05278; 733.39
0.05304; 734.452
0.0533; 735.517
0.05356; 736.587
0.05382; 737.66
0.05408; 738.738
0.05434; 739.82
0.0546; 740.905
0.05486; 741.995
0.05512; 743.089
0.05538; 744.187
0.05564; 745.289
0.0559; 746.395
0.05616; 747.504
0.05642; 748.618
0.05668; 749.736
0.05694; 750.857
0.0572; 751.982
0.05746; 753.112
0.05772; 754.245
0.05798; 755.381
0.05824; 756.522
0.0585; 757.666
0.05876; 758.815
0.05902; 759.966
0.05928; 761.122
0.05954; 762.281
0.0598; 763.444
0.06006; 764.611
0.06032; 765.781
0.06058; 766.955
0.06084; 768.132
0.0611; 769.313
0.06136; 770.498
0.06162; 771.686
0.06188; 772.878
0.06214; 774.073
0.0624; 775.272
0.06266; 776.475
0.06292; 777.681
0.06318; 778.89
0.06344; 780.103
0.0637; 781.319
0.06396; 782.538
0.06422; 783.761
0.06448; 784.987
0.06474; 786.217
0.065; 787.45
0.06526; 788.686
0.06552; 789.926
0.06578; 791.168
0.06604; 792.415
0.0663; 793.664
0.06656; 794.916
0.06682; 796.172
0.06708; 797.431
0.06734; 798.693
0.0676; 799.958
0.06786; 801.226
0.06812; 802.498
0.06838; 803.772
0.06864; 805.05
0.0689; 806.33
0.06916; 807.614
0.06942; 808.9
0.06968; 810.19
0.06994; 811.482
0.0702; 812.778
0.07046; 814.076
0.07072; 815.377
0.07098; 816.681
0.07124; 817.989
0.0715; 819.298
0.07176; 820.611
0.07202; 821.927
0.07228; 823.245
0.07254; 824.566
0.0728; 825.89
0.07306; 827.216
0.07332; 828.546
0.07358; 829.878
0.07384; 831.212
0.0741; 832.549
0.07436; 833.889
0.07462; 835.232
0.07488; 836.577
0.07514; 837.924
0.0754; 839.275
0.07566; 840.627
0.07592; 841.983
0.07618; 843.34
0.07644; 844.7
0.0767; 846.063
0.07696; 847.428
0.07722; 848.795
0.07748; 850.165
0.07774; 851.537
0.078; 852.912
0.07826; 854.289
0.07852; 855.668
0.07878; 857.049
0.07904; 858.433
0.0793; 859.819
0.07956; 861.207
0.07982; 862.597
0.08008; 863.99
0.08034; 865.384
0.0806; 866.781
0.08086; 868.18
0.08112; 869.581
0.08138; 870.984
0.08164; 872.389
0.0819; 873.796
0.08216; 875.205
0.08242; 876.616
0.08268; 878.029
0.08294; 879.444
0.0832; 880.861
0.08346; 882.279
0.08372; 883.7
0.08398; 885.123
0.08424; 886.547
0.0845; 887.973
0.08476; 889.401
0.08502; 890.831
0.08528; 892.262
0.08554; 893.695
0.0858; 895.13
0.08606; 896.567
0.08632; 898.005
0.08658; 899.445
0.08684; 900.887
0.0871; 902.329
0.08736; 903.774
0.08762; 905.22
0.08788; 906.668
0.08814; 908.117
0.0884; 909.568
0.08866; 911.02
0.08892; 912.474
0.08918; 913.929
0.08944; 915.386
0.0897; 916.844
0.08996; 918.303
0.09022; 919.763
0.09048; 921.225
0.09074; 922.688
0.091; 924.153
0.09126; 925.619
0.09152; 927.085
0.09178; 928.554
0.09204; 930.023
0.0923; 931.493
0.09256; 932.965
0.09282; 934.438
0.09308; 935.911
0.09334; 937.386
0.0936; 938.862
0.09386; 940.339
0.09412; 941.817
0.09438; 943.296
0.09464; 944.776
0.0949; 946.256
0.09516; 947.738
0.09542; 949.221
0.09568; 950.704
0.09594; 952.188
0.0962; 953.673
0.09646; 955.159
0.09672; 956.646
0.09698; 958.133
0.09724; 959.621
0.0975; 961.11
0.09776; 962.6
0.09802; 964.09
0.09828; 965.581
0.09854; 967.072
0.0988; 968.564
0.09906; 970.057
0.09932; 971.55
0.09958; 973.044
0.09984; 974.538
0.1001; 976.033
0.10036; 977.528
0.10062; 979.023
0.10088; 980.519
0.10114; 982.016
0.1014; 983.513
0.10166; 985.01
0.10192; 986.508
0.10218; 988.006
0.10244; 989.504
0.1027; 991.003
0.10296; 992.502
0.10322; 994.001
0.10348; 995.5
0.10374; 997
0.104; 998.5
0.10426; 1000
0.10452; 1000
0.10478; 1000
0.10504; 1000
0.1053; 1000
0.10556; 1000
0.10582; 1000
0.10608; 1000
0.10634; 1000
0.1066; 1000
0.10686; 1000
0.10712; 1000
0.10738; 1000
0.10764; 1000
0.1079; 1000
0.10816; 1000
0.10842; 1000
0.10868; 1000
0.10894; 1000
0.1092; 1000
0.10946; 1000
0.10972; 1000
0.10998; 1000
0.11024; 1000
0.1105; 1000
0.11076; 1000
0.11102; 1000
0.11128; 1000
0.11154; 1000
0.1118; 1000
0.11206; 1000
0.11232; 1000
0.11258; 1000
0.11284; 1000
0.1131; 1000
0.11336; 1000
0.11362; 1000
0.11388; 1000
0.11414; 1000
0.1144; 1000
0.11466; 1000
0.11492; 1000
0.11518; 1000
0.11544; 1000
0.1157; 1000
0.11596; 1000
0.11622; 1000
0.11648; 1000
0.11674; 1000
0.117; 1000
0.11726; 1000
0.11752; 1000
0.11778; 1000
0.11804; 1000
0.1183; 1000
0.11856; 1000
0.11882; 1000
0.11908; 1000
0.11934; 1000
0.1196; 1000
0.11986; 1000
0.12012; 1000
0.12038; 1000
0.12064; 1000
0.1209; 1000
0.12116; 1000
0.12142; 1000
0.12168; 1000
0.12194; 1000
0.1222; 1000
0.12246; 1000
0.12272; 1000
0.12298; 1000
0.12324; 1000
0.1235; 1000
0.12376; 1000
0.12402; 1000
0.12428; 1000
0.12454; 1000
0.1248; 1000
