0.0026; 400
0.0052; 400
0.0078; 400
0.0104; 400
0.013; 400
0.0156; 400
0.0182; 400
0.0208; 400
0.0234; 400
0.026; 400
0.0286; 400
0.0312; 400
0.0338; 400
0.0364; 400
0.039; 400
0.0416; 400
0.0442; 400
0.0468; 400
0.0494; 400
0.052; 400
0.0546; 400
0.0572; 400
0.0598; 400
0.0624; 400
0.065; 400
0.0676; 400
0.0702; 400
0.0728; 400
0.0754; 400
0.078; 400
0.0806; 400
0.0832; 400
0.0858; 400
0.0884; 400
0.091; 400
0.0936; 400
0.0962; 400
0.0988; 400
0.1014; 400
0.104; 400
0.1066; 400
0.1092; 400
0.1118; 400
0.1144; 400
0.117; 400
0.1196; 400
0.1222; 400
0.1248; 400
0.1274; 400
0.13; 400
0.1326; 400
0.1352; 400
0.1378; 400
0.1404; 400
0.143; 400
0.1456; 400
0.1482; 400
0.1508; 400
0.1534; 400
0.156; 400
0.1586; 400
0.1612; 400
0.1638; 400
0.1664; 400
0.169; 400
0.1716; 400
0.1742; 400
0.1768; 400
0.1794; 400
0.182; 400
0.1846; 400
0.1872; 400
0.1898; 400
0.1924; 400
0.195; 400
0.1976; 400
0.2002; 400
0.2028; 400
0.2054; 400
0.208; 400
0.2106; 400
0.2132; 400
0.2158; 400
0.2184; 400
0.221; 400
0.2236; 400
0.2262; 400
0.2288; 400
0.2314; 400
0.234; 400
0.2366; 400
0.2392; 400
0.2418; 400
0.2444; 400
0.247; 400
0.2496; 400
0.2522; 400
0.2548; 400
0.2574; 400
0.26; 400
0.2626; 400
0.2652; 400
0.2678; 400
0.2704; 400
0.273; 400
0.2756; 400
0.2782; 400
0.2808; 400
0.2834; 400
0.286; 400
0.2886; 400
0.2912; 400
0.2938; 400
0.2964; 400
0.299; 400
0.3016; 400
0.3042; 400
0.3068; 400
0.3094; 400
0.312; 400
0.3146; 400
0.3172; 400
0.3198; 400
0.3224; 400
0.325; 400
0.3276; 400
0.3302; 400
0.3328; 400
0.3354; 400
0.338; 400
0.3406; 400
0.3432; 400
0.3458; 400
0.3484; 400
0.351; 400
0.3536; 400
0.3562; 400
0.3588; 400
0.3614; 400
0.364; 400
0.3666; 400
0.3692; 400
0.3718; 400
0.3744; 400
0.377; 400
0.3796; 400
0.3822; 400
0.3848; 400
0.3874; 400
0.39; 400
0.3926; 400
0.3952; 400
0.3978; 400
0.4004; 400
0.403; 400
0.4056; 400
0.4082; 400
0.4108; 400.001
0.4134; 400.001
0.416; 400.001
0.4186; 400.001
0.4212; 400.001
0.4238; 400.001
0.4264; 400.001
0.429; 400.001
0.4316; 400.001
0.4342; 400.001
0.4368; 400.002
0.4394; 400.002
0.442; 400.002
0.4446; 400.003
0.4472; 400.003
0.4498; 400.003
0.4524; 400.004
0.455; 400.004
0.4576; 400.005
0.4602; 400.006
0.4628; 400.007
0.4654; 400.007
0.468; 400.008
0.4706; 400.01
0.4732; 400.011
0.4758; 400.013
0.4784; 400.014
0.481; 400.017
0.4836; 400.019
0.4862; 400.022
0.4888; 400.025
0.4914; 400.028
0.494; 400.032
0.4966; 400.037
0.4992; 400.042
0.5018; 400.047
0.5044; 400.054
0.507; 400.061
0.5096; 400.069
0.5122; 400.079
0.5148; 400.089
0.5174; 400.101
0.52; 400.114
0.5226; 400.129
0.5252; 400.146
0.5278; 400.164
0.5304; 400.185
0.533; 400.208
0.5356; 400.234
0.5382; 400.263
0.5408; 400.295
0.5434; 400.33
0.546; 400.369
0.5486; 400.413
0.5512; 400.461
0.5538; 400.514
0.5564; 400.572
0.559; 400.637
0.5616; 400.708
0.5642; 400.786
0.5668; 400.871
0.5694; 400.965
0.572; 401.067
0.5746; 401.179
0.5772; 401.302
0.5798; 401.435
0.5824; 401.58
0.585; 401.738
0.5876; 401.91
0.5902; 402.097
0.5928; 402.298
0.5954; 402.517
0.598; 402.753
0.6006; 403.008
0.6032; 403.284
0.6058; 403.58
0.6084; 403.899
0.611; 404.241
0.6136; 404.608
0.6162; 405.002
0.6188; 405.424
0.6214; 405.875
0.624; 406.356
0.6266; 406.87
0.6292; 407.417
0.6318; 407.999
0.6344; 408.618
0.637; 409.275
0.6396; 409.971
0.6422; 410.709
0.6448; 411.489
0.6474; 412.313
0.65; 413.183
0.6526; 414.1
0.6552; 415.065
0.6578; 416.08
0.6604; 417.146
0.663; 418.265
0.6656; 419.437
0.6682; 420.664
0.6708; 421.947
0.6734; 423.286
0.676; 424.684
0.6786; 426.14
0.6812; 427.655
0.6838; 429.23
0.6864; 430.865
0.689; 432.562
0.6916; 434.319
0.6942; 436.138
0.6968; 438.018
0.6994; 439.959
0.702; 441.961
0.7046; 444.024
0.7072; 446.147
0.7098; 448.33
0.7124; 450.572
0.715; 452.871
0.7176; 455.227
0.7202; 457.639
0.7228; 460.106
0.7254; 462.626
0.728; 465.197
0.7306; 467.818
0.7332; 470.488
0.7358; 473.204
0.7384; 475.965
0.741; 478.769
0.7436; 481.615
0.7462; 484.5
0.7488; 487.424
0.7514; 490.385
0.754; 493.384
0.7566; 496.42
0.7592; 499.495
0.7618; 502.61
0.7644; 505.769
0.767; 508.974
0.7696; 512.23
0.7722; 515.536
0.7748; 518.888
0.7774; 522.28
0.78; 525.703
0.7826; 529.15
0.7852; 532.611
0.7878; 536.074
0.7904; 539.528
0.793; 542.964
0.7956; 546.376
0.7982; 549.763
0.8008; 553.121
0.8034; 556.45
0.806; 559.748
0.8086; 563.016
0.8112; 566.251
0.8138; 569.459
0.8164; 572.656
0.819; 576.146
0.8216; 579.892
0.8242; 583.617
0.8268; 587.314
0.8294; 590.987
0.832; 594.639
0.8346; 598.271
0.8372; 601.886
0.8398; 605.486
0.8424; 609.079
0.845; 612.691
0.8476; 616.149
0.8502; 619.339
0.8528; 622.37
0.8554; 625.323
0.858; 628.222
0.8606; 631.074
0.8632; 633.882
0.8658; 636.645
0.8684; 639.363
0.871; 642.036
0.8736; 644.665
0.8762; 647.251
0.8788; 649.794
0.8814; 652.3
0.884; 654.766
0.8866; 657.267
0.8892; 659.788
0.8918; 662.188
0.8944; 664.48
0.897; 666.666
0.8996; 668.747
0.9022; 670.718
0.9048; 672.576
0.9074; 674.317
0.91; 675.939
0.9126; 677.438
0.9152; 678.812
0.9178; 680.059
0.9204; 681.18
0.923; 682.174
0.9256; 683.043
0.9282; 683.789
0.9308; 684.415
0.9334; 684.926
0.936; 685.326
0.9386; 685.621
0.9412; 685.818
0.9438; 685.923
0.9464; 685.944
0.949; 685.89
0.9516; 685.77
0.9542; 685.593
0.9568; 685.367
0.9594; 685.103
0.962; 684.811
0.9646; 684.5
0.9672; 684.179
0.9698; 683.859
0.9724; 683.549
0.975; 683.257
0.9776; 682.991
0.9802; 682.761
0.9828; 682.571
0.9854; 682.43
0.988; 682.343
0.9906; 682.315
0.9932; 682.35
0.9958; 682.452
0.9984; 682.622
1.001; 682.859
1.0036; 683.171
1.0062; 683.597
1.0088; 684.042
1.0114; 684.529
1.014; 685.056
1.0166; 685.619
1.0192; 686.213
1.0218; 686.834
1.0244; 687.477
1.027; 688.139
1.0296; 688.815
1.0322; 689.5
1.0348; 690.19
1.0374; 690.88
1.04; 691.565
1.0426; 692.238
1.0452; 692.894
1.0478; 693.582
1.0504; 694.306
1.053; 695.007
1.0556; 695.677
1.0582; 696.31
1.0608; 696.897
1.0634; 697.431
1.066; 697.905
1.0686; 698.314
1.0712; 698.65
1.0738; 698.91
1.0764; 699.089
1.079; 699.185
1.0816; 699.198
1.0842; 699.127
1.0868; 698.973
1.0894; 698.74
1.092; 698.432
1.0946; 698.054
1.0972; 697.614
1.0998; 697.118
1.1024; 696.576
1.105; 695.998
1.1076; 695.393
1.1102; 694.773
1.1128; 694.15
1.1154; 693.533
1.118; 692.935
1.1206; 692.368
1.1232; 691.842
1.1258; 691.368
1.1284; 690.955
1.131; 690.612
1.1336; 690.339
1.1362; 690.129
1.1388; 690.082
1.1414; 690.167
1.144; 690.304
1.1466; 690.518
1.1492; 690.821
1.1518; 691.195
1.1544; 691.64
1.157; 692.151
1.1596; 692.724
1.1622; 693.358
1.1648; 694.048
1.1674; 694.792
1.17; 695.585
1.1726; 696.424
1.1752; 697.305
1.1778; 698.371
1.1804; 699.66
1.183; 701.033
1.1856; 702.483
1.1882; 704.002
1.1908; 705.579
1.1934; 707.204
1.196; 708.864
1.1986; 710.549
1.2012; 712.245
1.2038; 713.939
1.2064; 715.621
1.209; 717.276
1.2116; 718.892
1.2142; 720.458
1.2168; 721.963
1.2194; 723.395
1.222; 724.744
1.2246; 726.002
1.2272; 727.158
1.2298; 728.206
1.2324; 729.139
1.235; 729.949
1.2376; 730.633
1.2402; 731.185
1.2428; 731.602
1.2454; 731.882
1.248; 732.022
