0.00026; 0
0.00052; 0
0.00078; 0
0.00104; 0
0.0013; 0
0.00156; 0
0.00182; 0
0.00208; 0
0.00234; 0
0.0026; 0
0.00286; 0
0.00312; 0
0.00338; 0
0.00364; 0
0.0039; 0
0.00416; 0
0.00442; 0
0.00468; 0
0.00494; 0
0.0052; 0
0.00546; 0
0.00572; 0
0.00598; 0
0.00624; 0
0.0065; 0
0.00676; 0
0.00702; 0
0.00728; 0
0.00754; 0
0.0078; 0
0.00806; 0
0.00832; 0
0.00858; 0
0.00884; 0
0.0091; 0
0.00936; 0
0.00962; 0
0.00988; 0
0.01014; 0
0.0104; 0
0.01066; 0
0.01092; 0
0.01118; 0
0.01144; 0
0.0117; 0
0.01196; 0
0.01222; 0
0.01248; 0
0.01274; 0
0.013; 0
0.01326; 0
0.01352; 0
0.01378; 0
0.01404; 0
0.0143; 0
0.01456; 0
0.01482; 0
0.01508; 0
0.01534; 0
0.0156; 0
0.01586; 0
0.01612; 0
0.01638; 0
0.01664; 0
0.0169; 0
0.01716; 0
0.01742; 0
0.01768; 0
0.01794; 0
0.0182; 0
0.01846; 0
0.01872; 0
0.01898; 0
0.01924; 0
0.0195; 0
0.01976; 0
0.02002; 0
0.02028; 0
0.02054; 0
0.0208; 0
0.02106; 0
0.02132; 0
0.02158; 0
0.02184; 0
0.0221; 0
0.02236; 0
0.02262; 0
0.02288; 0
0.02314; 0
0.0234; 0
0.02366; 0
0.02392; 0
0.02418; 0
0.02444; 0
0.0247; 0
0.02496; 0
0.02522; 0
0.02548; 0
0.02574; 0
0.026; 0
0.02626; 0
0.02652; 0
0.02678; 0
0.02704; 0
0.0273; 0
0.02756; 0
0.02782; 0
0.02808; 0
0.02834; 0
0.0286; 0
0.02886; 0
0.02912; 0
0.02938; 0
0.02964; 0
0.0299; 0
0.03016; 0
0.03042; 0
0.03068; 0
0.03094; 0
0.0312; 0
0.03146; 0
0.03172; 0
0.03198; 0
0.03224; 0
0.0325; 0
0.03276; 897.418
0.03302; 897.411
0.03328; 897.391
0.03354; 897.363
0.0338; 897.322
0.03406; 897.272
0.03432; 897.21
0.03458; 897.138
0.03484; 897.054
0.0351; 896.96
0.03536; 896.854
0.03562; 896.739
0.03588; 896.611
0.03614; 896.474
0.0364; 896.324
0.03666; 896.164
0.03692; 895.992
0.03718; 895.811
0.03744; 895.616
0.0377; 895.413
0.03796; 895.196
0.03822; 894.97
0.03848; 894.731
0.03874; 894.482
0.039; 894.22
0.03926; 893.948
0.03952; 893.663
0.03978; 893.369
0.04004; 893.06
0.0403; 892.742
0.04056; 892.411
0.04082; 892.069
0.04108; 891.714
0.04134; 891.348
0.0416; 890.969
0.04186; 890.579
0.04212; 890.176
0.04238; 889.762
0.04264; 889.334
0.0429; 888.895
0.04316; 888.442
0.04342; 887.979
0.04368; 887.501
0.04394; 887.012
0.0442; 886.508
0.04446; 885.994
0.04472; 885.465
0.04498; 884.925
0.04524; 884.37
0.0455; 883.804
0.04576; 883.222
0.04602; 882.63
0.04628; 882.022
0.04654; 881.402
0.0468; 880.767
0.04706; 880.12
0.04732; 879.457
0.04758; 878.782
0.04784; 878.091
0.0481; 877.388
0.04836; 876.669
0.04862; 875.937
0.04888; 875.189
0.04914; 874.428
0.0494; 873.65
0.04966; 872.859
0.04992; 872.052
0.05018; 871.231
0.05044; 870.392
0.0507; 869.54
0.05096; 868.671
0.05122; 867.787
0.05148; 866.886
0.05174; 865.97
0.052; 865.036
0.05226; 864.087
0.05252; 863.12
0.05278; 862.138
0.05304; 861.137
0.0533; 860.12
0.05356; 859.084
0.05382; 858.032
0.05408; 856.961
0.05434; 855.873
0.0546; 854.765
0.05486; 853.64
0.05512; 852.494
0.05538; 851.331
0.05564; 850.147
0.0559; 848.945
0.05616; 847.721
0.05642; 846.479
0.05668; 845.214
0.05694; 843.93
0.0572; 842.624
0.05746; 841.297
0.05772; 839.948
0.05798; 838.577
0.05824; 837.183
0.0585; 835.767
0.05876; 834.326
0.05902; 832.863
0.05928; 831.375
0.05954; 829.865
0.0598; 828.328
0.06006; 826.767
0.06032; 825.179
0.06058; 823.567
0.06084; 821.928
0.0611; 820.263
0.06136; 818.57
0.06162; 816.851
0.06188; 815.102
0.06214; 813.327
0.0624; 811.522
0.06266; 809.689
0.06292; 807.826
0.06318; 805.934
0.06344; 804.011
0.0637; 802.06
0.06396; 800.077
0.06422; 798.064
0.06448; 796.02
0.06474; 793.946
0.065; 791.84
0.06526; 789.705
0.06552; 787.538
0.06578; 785.341
0.06604; 783.113
0.0663; 780.856
0.06656; 778.568
0.06682; 776.253
0.06708; 773.908
0.06734; 771.537
0.0676; 769.139
0.06786; 766.716
0.06812; 764.268
0.06838; 761.798
0.06864; 759.306
0.0689; 756.795
0.06916; 754.266
0.06942; 751.721
0.06968; 749.161
0.06994; 746.59
0.0702; 744.009
0.07046; 741.42
0.07072; 738.825
0.07098; 736.227
0.07124; 733.628
0.0715; 731.029
0.07176; 728.434
0.07202; 725.843
0.07228; 723.259
0.07254; 720.683
0.0728; 718.118
0.07306; 715.564
0.07332; 713.023
0.07358; 710.496
0.07384; 707.986
0.0741; 705.491
0.07436; 703.015
0.07462; 700.556
0.07488; 698.117
0.07514; 695.697
0.0754; 693.298
0.07566; 690.918
0.07592; 688.561
0.07618; 686.224
0.07644; 683.909
0.0767; 681.615
0.07696; 679.345
0.07722; 677.095
0.07748; 674.868
0.07774; 672.662
0.078; 670.48
0.07826; 668.318
0.07852; 666.18
0.07878; 664.062
0.07904; 661.967
0.0793; 659.893
0.07956; 657.843
0.07982; 655.812
0.08008; 653.804
0.08034; 651.817
0.0806; 649.852
0.08086; 647.907
0.08112; 645.984
0.08138; 644.081
0.08164; 642.201
0.0819; 640.34
0.08216; 638.501
0.08242; 636.68
0.08268; 634.883
0.08294; 633.104
0.0832; 631.347
0.08346; 629.608
0.08372; 627.892
0.08398; 626.194
0.08424; 624.518
0.0845; 622.859
0.08476; 621.223
0.08502; 619.605
0.08528; 618.008
0.08554; 616.429
0.0858; 614.871
0.08606; 613.331
0.08632; 611.813
0.08658; 610.312
0.08684; 608.833
0.0871; 607.371
0.08736; 605.931
0.08762; 604.508
0.08788; 603.106
0.08814; 601.722
0.0884; 600.359
0.08866; 599.013
0.08892; 597.689
0.08918; 596.382
0.08944; 595.097
0.0897; 593.829
0.08996; 592.582
0.09022; 591.352
0.09048; 590.145
0.09074; 588.953
0.091; 587.784
0.09126; 586.632
0.09152; 585.501
0.09178; 584.388
0.09204; 583.296
0.0923; 582.222
0.09256; 581.169
0.09282; 580.133
0.09308; 579.12
0.09334; 578.123
0.0936; 577.148
0.09386; 576.19
0.09412; 575.254
0.09438; 574.334
0.09464; 573.437
0.0949; 572.557
0.09516; 571.699
0.09542; 570.858
0.09568; 570.039
0.09594; 569.237
0.0962; 568.457
0.09646; 567.694
0.09672; 566.954
0.09698; 566.23
0.09724; 565.529
0.0975; 564.845
0.09776; 564.183
0.09802; 563.538
0.09828; 562.916
0.09854; 562.31
0.0988; 561.727
0.09906; 561.16
0.09932; 560.617
0.09958; 560.09
0.09984; 559.586
0.1001; 559.098
0.10036; 558.633
0.10062; 558.185
0.10088; 557.759
0.10114; 557.35
0.1014; 556.963
0.10166; 556.593
0.10192; 556.245
0.10218; 555.913
0.10244; 555.604
0.1027; 555.312
0.10296; 555.042
0.10322; 554.788
0.10348; 554.557
0.10374; 554.342
0.104; 554.149
0.10426; 553.972
0.10452; 553.818
0.10478; 553.679
0.10504; 553.563
0.1053; 553.461
0.10556; 553.381
0.10582; 553.314
0.10608; 553.266
0.10634; 553.229
0.1066; 0
0.10686; 0
0.10712; 0
0.10738; 0
0.10764; 0
0.1079; 0
0.10816; 0
0.10842; 0
0.10868; 0
0.10894; 0
0.1092; 0
0.10946; 0
0.10972; 0
0.10998; 0
0.11024; 0
0.1105; 0
0.11076; 0
0.11102; 0
0.11128; 0
0.11154; 0
0.1118; 0
0.11206; 0
0.11232; 0
0.11258; 0
0.11284; 0
0.1131; 0
0.11336; 0
0.11362; 0
0.11388; 0
0.11414; 0
0.1144; 0
0.11466; 0
0.11492; 0
0.11518; 0
0.11544; 0
0.1157; 0
0.11596; 0
0.11622; 0
0.11648; 0
0.11674; 0
0.117; 0
0.11726; 0
0.11752; 0
0.11778; 0
0.11804; 0
0.1183; 0
0.11856; 0
0.11882; 0
0.11908; 0
0.11934; 0
0.1196; 0
0.11986; 0
0.12012; 0
0.12038; 0
0.12064; 0
0.1209; 0
0.12116; 0
0.12142; 0
0.12168; 0
0.12194; 0
0.1222; 0
0.12246; 0
0.12272; 0
0.12298; 0
0.12324; 0
0.1235; 0
0.12376; 0
0.12402; 0
0.12428; 0
0.12454; 0
0.1248; 0
