0.00026; 0
0.00052; 0
0.00078; 0
0.00104; 0
0.0013; 0
0.00156; 0
0.00182; 0
0.00208; 0
0.00234; 0
0.0026; 0
0.00286; 0
0.00312; 0
0.00338; 0
0.00364; 0
0.0039; 0
0.00416; 0
0.00442; 0
0.00468; 0
0.00494; 0
0.0052; 0
0.00546; 0
0.00572; 0
0.00598; 0
0.00624; 0
0.0065; 0
0.00676; 0
0.00702; 0
0.00728; 0
0.00754; 0
0.0078; 0
0.00806; 0
0.00832; 0
0.00858; 0
0.00884; 0
0.0091; 0
0.00936; 0
0.00962; 0
0.00988; 0
0.01014; 0
0.0104; 0
0.01066; 0
0.01092; 0
0.01118; 0
0.01144; 0
0.0117; 0
0.01196; 0
0.01222; 0
0.01248; 0
0.01274; 0
0.013; 0
0.01326; 0
0.01352; 0
0.01378; 0
0.01404; 0
0.0143; 0
0.01456; 0
0.01482; 0
0.01508; 0
0.01534; 0
0.0156; 0
0.01586; 0
0.01612; 0
0.01638; 0
0.01664; 0
0.0169; 0
0.01716; 0
0.01742; 0
0.01768; 0
0.01794; 0
0.0182; 0
0.01846; 0
0.01872; 0
0.01898; 0
0.01924; 0
0.0195; 0
0.01976; 0
0.02002; 0
0.02028; 0
0.02054; 0
0.0208; 0
0.02106; 0
0.02132; 0
0.02158; 0
0.02184; 0
0.0221; 0
0.02236; 0
0.02262; 0
0.02288; 0
0.02314; 0
0.0234; 0
0.02366; 0
0.02392; 0
0.02418; 0
0.02444; 0
0.0247; 0
0.02496; 0
0.02522; 0
0.02548; 0
0.02574; 0
0.026; 0
0.02626; 0
0.02652; 0
0.02678; 0
0.02704; 0
0.0273; 0
0.02756; 0
0.02782; 0
0.02808; 0
0.02834; 0
0.0286; 0
0.02886; 0
0.02912; 0
0.02938; 0
0.02964; 0
0.0299; 0
0.03016; 0
0.03042; 0
0.03068; 0
0.03094; 0
0.0312; 0
0.03146; 0
0.03172; 0
0.03198; 0
0.03224; 0
0.0325; 0
0.03276; 893.003
0.03302; 892.997
0.03328; 892.977
0.03354; 892.951
0.0338; 892.91
0.03406; 892.863
0.03432; 892.801
0.03458; 892.732
0.03484; 892.649
0.0351; 892.559
0.03536; 892.455
0.03562; 892.344
0.03588; 892.218
0.03614; 892.085
0.0364; 891.938
0.03666; 891.784
0.03692; 891.616
0.03718; 891.44
0.03744; 891.25
0.0377; 891.053
0.03796; 890.841
0.03822; 890.621
0.03848; 890.388
0.03874; 890.146
0.039; 889.89
0.03926; 889.626
0.03952; 889.347
0.03978; 889.06
0.04004; 888.759
0.0403; 888.45
0.04056; 888.126
0.04082; 887.794
0.04108; 887.447
0.04134; 887.092
0.0416; 886.721
0.04186; 886.343
0.04212; 885.948
0.04238; 885.546
0.04264; 885.128
0.0429; 884.701
0.04316; 884.26
0.04342; 883.809
0.04368; 883.343
0.04394; 882.868
0.0442; 882.377
0.04446; 881.877
0.04472; 881.361
0.04498; 880.836
0.04524; 880.295
0.0455; 879.745
0.04576; 879.178
0.04602; 878.602
0.04628; 878.009
0.04654; 877.406
0.0468; 876.788
0.04706; 876.158
0.04732; 875.512
0.04758; 874.856
0.04784; 874.183
0.0481; 873.499
0.04836; 872.798
0.04862; 872.087
0.04888; 871.358
0.04914; 870.618
0.0494; 869.861
0.04966; 869.093
0.04992; 868.307
0.05018; 867.508
0.05044; 866.692
0.0507; 865.864
0.05096; 865.018
0.05122; 864.16
0.05148; 863.283
0.05174; 862.393
0.052; 861.485
0.05226; 860.563
0.05252; 859.622
0.05278; 858.668
0.05304; 857.694
0.0533; 856.706
0.05356; 855.699
0.05382; 854.677
0.05408; 853.635
0.05434; 852.578
0.0546; 851.501
0.05486; 850.408
0.05512; 849.294
0.05538; 848.164
0.05564; 847.013
0.0559; 845.845
0.05616; 844.655
0.05642; 843.448
0.05668; 842.219
0.05694; 840.972
0.0572; 839.703
0.05746; 838.414
0.05772; 837.102
0.05798; 835.772
0.05824; 834.417
0.0585; 833.042
0.05876; 831.643
0.05902; 830.223
0.05928; 828.777
0.05954; 827.31
0.0598; 825.818
0.06006; 824.303
0.06032; 822.761
0.06058; 821.196
0.06084; 819.605
0.0611; 817.989
0.06136; 816.345
0.06162; 814.677
0.06188; 812.98
0.06214; 811.257
0.0624; 809.505
0.06266; 807.727
0.06292; 805.92
0.06318; 804.085
0.06344; 802.22
0.0637; 800.328
0.06396; 798.404
0.06422; 796.453
0.06448; 794.471
0.06474; 792.461
0.065; 790.419
0.06526; 788.349
0.06552; 786.249
0.06578; 784.12
0.06604; 781.961
0.0663; 779.774
0.06656; 777.558
0.06682; 775.315
0.06708; 773.044
0.06734; 770.748
0.0676; 768.426
0.06786; 766.08
0.06812; 763.71
0.06838; 761.319
0.06864; 758.907
0.0689; 756.477
0.06916; 754.03
0.06942; 751.567
0.06968; 749.092
0.06994; 746.605
0.0702; 744.108
0.07046; 741.605
0.07072; 739.096
0.07098; 736.585
0.07124; 734.073
0.0715; 731.561
0.07176; 729.053
0.07202; 726.55
0.07228; 724.054
0.07254; 721.566
0.0728; 719.089
0.07306; 716.623
0.07332; 714.17
0.07358; 711.731
0.07384; 709.308
0.0741; 706.901
0.07436; 704.512
0.07462; 702.139
0.07488; 699.787
0.07514; 697.453
0.0754; 695.139
0.07566; 692.845
0.07592; 690.573
0.07618; 688.32
0.07644; 686.089
0.0767; 683.879
0.07696; 681.691
0.07722; 679.523
0.07748; 677.379
0.07774; 675.254
0.078; 673.154
0.07826; 671.072
0.07852; 669.014
0.07878; 666.976
0.07904; 664.961
0.0793; 662.965
0.07956; 660.993
0.07982; 659.039
0.08008; 657.109
0.08034; 655.198
0.0806; 653.309
0.08086; 651.439
0.08112; 649.592
0.08138; 647.763
0.08164; 645.958
0.0819; 644.169
0.08216; 642.404
0.08242; 640.656
0.08268; 638.93
0.08294; 637.222
0.0832; 635.536
0.08346; 633.866
0.08372; 632.22
0.08398; 630.59
0.08424; 628.982
0.0845; 627.39
0.08476; 625.821
0.08502; 624.268
0.08528; 622.738
0.08554; 621.223
0.0858; 619.73
0.08606; 618.253
0.08632; 616.798
0.08658; 615.359
0.08684; 613.942
0.0871; 612.541
0.08736; 611.162
0.08762; 609.798
0.08788; 608.457
0.08814; 607.13
0.0884; 605.826
0.08866; 604.537
0.08892; 603.27
0.08918; 602.018
0.08944; 600.789
0.0897; 599.575
0.08996; 598.383
0.09022; 597.205
0.09048; 596.051
0.09074; 594.911
0.091; 593.794
0.09126; 592.691
0.09152; 591.611
0.09178; 590.545
0.09204; 589.502
0.0923; 588.474
0.09256; 587.468
0.09282; 586.477
0.09308; 585.509
0.09334; 584.556
0.0936; 583.625
0.09386; 582.708
0.09412; 581.815
0.09438; 580.935
0.09464; 580.079
0.0949; 579.237
0.09516; 578.419
0.09542; 577.615
0.09568; 576.834
0.09594; 576.067
0.0962; 575.323
0.09646; 574.594
0.09672; 573.888
0.09698; 573.197
0.09724; 572.529
0.0975; 571.875
0.09776; 571.245
0.09802; 570.629
0.09828; 570.036
0.09854; 569.457
0.0988; 568.902
0.09906; 568.361
0.09932; 567.843
0.09958; 567.34
0.09984; 566.86
0.1001; 566.394
0.10036; 565.951
0.10062; 565.523
0.10088; 565.118
0.10114; 564.727
0.1014; 564.36
0.10166; 564.006
0.10192; 563.676
0.10218; 563.359
0.10244; 563.067
0.1027; 562.788
0.10296; 562.532
0.10322; 562.29
0.10348; 562.071
0.10374; 561.866
0.104; 561.684
0.10426; 561.515
0.10452; 561.369
0.10478; 561.236
0.10504; 561.126
0.1053; 561.029
0.10556; 560.954
0.10582; 560.89
0.10608; 560.845
0.10634; 560.807
0.1066; 0
0.10686; 0
0.10712; 0
0.10738; 0
0.10764; 0
0.1079; 0
0.10816; 0
0.10842; 0
0.10868; 0
0.10894; 0
0.1092; 0
0.10946; 0
0.10972; 0
0.10998; 0
0.11024; 0
0.1105; 0
0.11076; 0
0.11102; 0
0.11128; 0
0.11154; 0
0.1118; 0
0.11206; 0
0.11232; 0
0.11258; 0
0.11284; 0
0.1131; 0
0.11336; 0
0.11362; 0
0.11388; 0
0.11414; 0
0.1144; 0
0.11466; 0
0.11492; 0
0.11518; 0
0.11544; 0
0.1157; 0
0.11596; 0
0.11622; 0
0.11648; 0
0.11674; 0
0.117; 0
0.11726; 0
0.11752; 0
0.11778; 0
0.11804; 0
0.1183; 0
0.11856; 0
0.11882; 0
0.11908; 0
0.11934; 0
0.1196; 0
0.11986; 0
0.12012; 0
0.12038; 0
0.12064; 0
0.1209; 0
0.12116; 0
0.12142; 0
0.12168; 0
0.12194; 0
0.1222; 0
0.12246; 0
0.12272; 0
0.12298; 0
0.12324; 0
0.1235; 0
0.12376; 0
0.12402; 0
0.12428; 0
0.12454; 0
0.1248; 0
