0.00026; 0
0.00052; 0
0.00078; 0
0.00104; 0
0.0013; 0
0.00156; 0
0.00182; 0
0.00208; 0
0.00234; 0
0.0026; 0
0.00286; 0
0.00312; 0
0.00338; 0
0.00364; 0
0.0039; 0
0.00416; 0
0.00442; 0
0.00468; 0
0.00494; 0
0.0052; 0
0.00546; 0
0.00572; 0
0.00598; 0
0.00624; 0
0.0065; 0
0.00676; 0
0.00702; 0
0.00728; 0
0.00754; 0
0.0078; 0
0.00806; 0
0.00832; 0
0.00858; 0
0.00884; 0
0.0091; 0
0.00936; 0
0.00962; 0
0.00988; 0
0.01014; 0
0.0104; 0
0.01066; 0
0.01092; 0
0.01118; 0
0.01144; 0
0.0117; 0
0.01196; 0
0.01222; 0
0.01248; 0
0.01274; 0
0.013; 0
0.01326; 0
0.01352; 0
0.01378; 0
0.01404; 0
0.0143; 0
0.01456; 0
0.01482; 0
0.01508; 0
0.01534; 0
0.0156; 0
0.01586; 0
0.01612; 0
0.01638; 0
0.01664; 0
0.0169; 0
0.01716; 0
0.01742; 0
0.01768; 0
0.01794; 0
0.0182; 0
0.01846; 0
0.01872; 0
0.01898; 0
0.01924; 0
0.0195; 0
0.01976; 0
0.02002; 0
0.02028; 0
0.02054; 0
0.0208; 0
0.02106; 0
0.02132; 0
0.02158; 0
0.02184; 0
0.0221; 0
0.02236; 0
0.02262; 0
0.02288; 0
0.02314; 0
0.0234; 0
0.02366; 0
0.02392; 0
0.02418; 0
0.02444; 0
0.0247; 0
0.02496; 0
0.02522; 0
0.02548; 0
0.02574; 0
0.026; 0
0.02626; 0
0.02652; 0
0.02678; 0
0.02704; 0
0.0273; 0
0.02756; 0
0.02782; 0
0.02808; 0
0.02834; 0
0.0286; 0
0.02886; 0
0.02912; 0
0.02938; 0
0.02964; 0
0.0299; 0
0.03016; 0
0.03042; 0
0.03068; 0
0.03094; 0
0.0312; 0
0.03146; 0
0.03172; 0
0.03198; 0
0.03224; 0
0.0325; 0
0.03276; 874.347
0.03302; 874.34
0.03328; 874.325
0.03354; 874.299
0.0338; 874.265
0.03406; 874.22
0.03432; 874.167
0.03458; 874.104
0.03484; 874.032
0.0351; 873.951
0.03536; 873.86
0.03562; 873.76
0.03588; 873.65
0.03614; 873.531
0.0364; 873.403
0.03666; 873.264
0.03692; 873.117
0.03718; 872.959
0.03744; 872.793
0.0377; 872.616
0.03796; 872.43
0.03822; 872.234
0.03848; 872.029
0.03874; 871.813
0.039; 871.588
0.03926; 871.353
0.03952; 871.108
0.03978; 870.853
0.04004; 870.588
0.0403; 870.313
0.04056; 870.028
0.04082; 869.732
0.04108; 869.427
0.04134; 869.111
0.0416; 868.785
0.04186; 868.448
0.04212; 868.102
0.04238; 867.744
0.04264; 867.377
0.0429; 866.998
0.04316; 866.61
0.04342; 866.21
0.04368; 865.8
0.04394; 865.378
0.0442; 864.947
0.04446; 864.503
0.04472; 864.05
0.04498; 863.584
0.04524; 863.109
0.0455; 862.621
0.04576; 862.122
0.04602; 861.612
0.04628; 861.091
0.04654; 860.557
0.0468; 860.013
0.04706; 859.456
0.04732; 858.889
0.04758; 858.309
0.04784; 857.717
0.0481; 857.113
0.04836; 856.498
0.04862; 855.869
0.04888; 855.229
0.04914; 854.575
0.0494; 853.911
0.04966; 853.232
0.04992; 852.542
0.05018; 851.837
0.05044; 851.121
0.0507; 850.391
0.05096; 849.648
0.05122; 848.891
0.05148; 848.121
0.05174; 847.337
0.052; 846.54
0.05226; 845.728
0.05252; 844.903
0.05278; 844.063
0.05304; 843.21
0.0533; 842.341
0.05356; 841.458
0.05382; 840.559
0.05408; 839.646
0.05434; 838.717
0.0546; 837.773
0.05486; 836.813
0.05512; 835.838
0.05538; 834.846
0.05564; 833.838
0.0559; 832.813
0.05616; 831.773
0.05642; 830.714
0.05668; 829.64
0.05694; 828.547
0.0572; 827.436
0.05746; 826.308
0.05772; 825.161
0.05798; 823.996
0.05824; 822.812
0.0585; 821.609
0.05876; 820.387
0.05902; 819.146
0.05928; 817.884
0.05954; 816.602
0.0598; 815.3
0.06006; 813.977
0.06032; 812.633
0.06058; 811.267
0.06084; 809.881
0.0611; 808.471
0.06136; 807.04
0.06162; 805.585
0.06188; 804.108
0.06214; 802.608
0.0624; 801.084
0.06266; 799.537
0.06292; 797.965
0.06318; 796.369
0.06344; 794.749
0.0637; 793.104
0.06396; 791.435
0.06422; 789.74
0.06448; 788.021
0.06474; 786.276
0.065; 784.506
0.06526; 782.711
0.06552; 780.892
0.06578; 779.048
0.06604; 777.179
0.0663; 775.286
0.06656; 773.37
0.06682; 771.43
0.06708; 769.468
0.06734; 767.485
0.0676; 765.48
0.06786; 763.455
0.06812; 761.412
0.06838; 759.351
0.06864; 757.273
0.0689; 755.18
0.06916; 753.074
0.06942; 750.956
0.06968; 748.828
0.06994; 746.691
0.0702; 744.547
0.07046; 742.399
0.07072; 740.247
0.07098; 738.094
0.07124; 735.941
0.0715; 733.791
0.07176; 731.645
0.07202; 729.504
0.07228; 727.371
0.07254; 725.246
0.0728; 723.131
0.07306; 721.027
0.07332; 718.936
0.07358; 716.858
0.07384; 714.794
0.0741; 712.746
0.07436; 710.713
0.07462; 708.698
0.07488; 706.699
0.07514; 704.718
0.0754; 702.754
0.07566; 700.81
0.07592; 698.883
0.07618; 696.976
0.07644; 695.088
0.0767; 693.219
0.07696; 691.369
0.07722; 689.539
0.07748; 687.727
0.07774; 685.936
0.078; 684.163
0.07826; 682.41
0.07852; 680.676
0.07878; 678.961
0.07904; 677.265
0.0793; 675.589
0.07956; 673.93
0.07982; 672.291
0.08008; 670.67
0.08034; 669.068
0.0806; 667.484
0.08086; 665.918
0.08112; 664.37
0.08138; 662.841
0.08164; 661.329
0.0819; 659.835
0.08216; 658.359
0.08242; 656.9
0.08268; 655.459
0.08294; 654.035
0.0832; 652.628
0.08346; 651.239
0.08372; 649.866
0.08398; 648.511
0.08424; 647.172
0.0845; 645.85
0.08476; 644.545
0.08502; 643.257
0.08528; 641.984
0.08554; 640.73
0.0858; 639.49
0.08606; 638.268
0.08632; 637.061
0.08658; 635.872
0.08684; 634.697
0.0871; 633.54
0.08736; 632.398
0.08762; 631.273
0.08788; 630.163
0.08814; 629.07
0.0884; 627.992
0.08866; 626.931
0.08892; 625.885
0.08918; 624.856
0.08944; 623.841
0.0897; 622.843
0.08996; 621.86
0.09022; 620.894
0.09048; 619.943
0.09074; 619.008
0.091; 618.088
0.09126; 617.185
0.09152; 616.296
0.09178; 615.424
0.09204; 614.566
0.0923; 613.725
0.09256; 612.899
0.09282; 612.089
0.09308; 611.294
0.09334; 610.515
0.0936; 609.751
0.09386; 609.003
0.09412; 608.27
0.09438; 607.553
0.09464; 606.851
0.0949; 606.166
0.09516; 605.495
0.09542; 604.841
0.09568; 604.2
0.09594; 603.577
0.0962; 602.968
0.09646; 602.376
0.09672; 601.797
0.09698; 601.236
0.09724; 600.688
0.0975; 600.158
0.09776; 599.641
0.09802; 599.142
0.09828; 598.656
0.09854; 598.188
0.0988; 597.733
0.09906; 597.295
0.09932; 596.871
0.09958; 596.464
0.09984; 596.071
0.1001; 595.695
0.10036; 595.332
0.10062; 594.987
0.10088; 594.655
0.10114; 594.34
0.1014; 594.038
0.10166; 593.753
0.10192; 593.482
0.10218; 593.227
0.10244; 592.986
0.1027; 592.762
0.10296; 592.551
0.10322; 592.357
0.10348; 592.176
0.10374; 592.012
0.104; 591.861
0.10426; 591.727
0.10452; 591.605
0.10478; 591.501
0.10504; 591.409
0.1053; 591.333
0.10556; 591.269
0.10582; 591.219
0.10608; 591.179
0.10634; 591.15
0.1066; 0
0.10686; 0
0.10712; 0
0.10738; 0
0.10764; 0
0.1079; 0
0.10816; 0
0.10842; 0
0.10868; 0
0.10894; 0
0.1092; 0
0.10946; 0
0.10972; 0
0.10998; 0
0.11024; 0
0.1105; 0
0.11076; 0
0.11102; 0
0.11128; 0
0.11154; 0
0.1118; 0
0.11206; 0
0.11232; 0
0.11258; 0
0.11284; 0
0.1131; 0
0.11336; 0
0.11362; 0
0.11388; 0
0.11414; 0
0.1144; 0
0.11466; 0
0.11492; 0
0.11518; 0
0.11544; 0
0.1157; 0
0.11596; 0
0.11622; 0
0.11648; 0
0.11674; 0
0.117; 0
0.11726; 0
0.11752; 0
0.11778; 0
0.11804; 0
0.1183; 0
0.11856; 0
0.11882; 0
0.11908; 0
0.11934; 0
0.1196; 0
0.11986; 0
0.12012; 0
0.12038; 0
0.12064; 0
0.1209; 0
0.12116; 0
0.12142; 0
0.12168; 0
0.12194; 0
0.1222; 0
0.12246; 0
0.12272; 0
0.12298; 0
0.12324; 0
0.1235; 0
0.12376; 0
0.12402; 0
0.12428; 0
0.12454; 0
0.1248; 0
