0.00026; 611.582
0.00052; 611.588
0.00078; 611.592
0.00104; 611.603
0.0013; 611.62
0.00156; 611.643
0.00182; 611.671
0.00208; 611.707
0.00234; 611.747
0.0026; 611.794
0.00286; 611.847
0.00312; 611.906
0.00338; 611.971
0.00364; 612.042
0.0039; 612.118
0.00416; 612.202
0.00442; 612.29
0.00468; 612.386
0.00494; 612.486
0.0052; 612.594
0.00546; 612.706
0.00572; 612.826
0.00598; 612.95
0.00624; 613.082
0.0065; 613.218
0.00676; 613.362
0.00702; 613.51
0.00728; 613.666
0.00754; 613.826
0.0078; 613.994
0.00806; 614.166
0.00832; 614.346
0.00858; 614.53
0.00884; 614.722
0.0091; 614.918
0.00936; 615.121
0.00962; 615.329
0.00988; 615.545
0.01014; 615.765
0.0104; 615.992
0.01066; 616.224
0.01092; 616.463
0.01118; 616.707
0.01144; 616.958
0.0117; 617.213
0.01196; 617.476
0.01222; 617.743
0.01248; 618.018
0.01274; 618.297
0.013; 618.583
0.01326; 618.874
0.01352; 619.173
0.01378; 619.475
0.01404; 619.785
0.0143; 620.1
0.01456; 620.422
0.01482; 620.748
0.01508; 621.081
0.01534; 621.419
0.0156; 621.765
0.01586; 622.114
0.01612; 622.471
0.01638; 622.833
0.01664; 623.201
0.0169; 623.574
0.01716; 623.954
0.01742; 624.339
0.01768; 624.731
0.01794; 625.127
0.0182; 625.53
0.01846; 625.938
0.01872; 626.353
0.01898; 626.772
0.01924; 627.198
0.0195; 627.629
0.01976; 628.067
0.02002; 628.509
0.02028; 628.958
0.02054; 629.412
0.0208; 629.872
0.02106; 630.337
0.02132; 630.809
0.02158; 631.286
0.02184; 631.769
0.0221; 632.257
0.02236; 632.752
0.02262; 633.251
0.02288; 633.757
0.02314; 634.267
0.0234; 634.785
0.02366; 635.306
0.02392; 635.835
0.02418; 636.368
0.02444; 636.907
0.0247; 637.451
0.02496; 638.002
0.02522; 638.558
0.02548; 639.12
0.02574; 639.686
0.026; 640.259
0.02626; 640.837
0.02652; 641.421
0.02678; 642.009
0.02704; 642.605
0.0273; 643.204
0.02756; 643.811
0.02782; 644.421
0.02808; 645.038
0.02834; 645.66
0.0286; 646.288
0.02886; 646.92
0.02912; 647.559
0.02938; 648.203
0.02964; 648.853
0.0299; 649.507
0.03016; 650.168
0.03042; 650.833
0.03068; 651.504
0.03094; 652.18
0.0312; 652.862
0.03146; 653.548
0.03172; 654.241
0.03198; 654.938
0.03224; 655.642
0.0325; 656.35
0.03276; 657.064
0.03302; 657.782
0.03328; 658.507
0.03354; 659.235
0.0338; 659.971
0.03406; 660.71
0.03432; 661.456
0.03458; 662.205
0.03484; 662.961
0.0351; 663.721
0.03536; 664.488
0.03562; 665.258
0.03588; 666.035
0.03614; 666.816
0.0364; 667.603
0.03666; 668.394
0.03692; 669.191
0.03718; 669.992
0.03744; 670.8
0.0377; 671.611
0.03796; 672.429
0.03822; 673.25
0.03848; 674.078
0.03874; 674.909
0.039; 675.747
0.03926; 676.589
0.03952; 677.436
0.03978; 678.288
0.04004; 679.145
0.0403; 680.007
0.04056; 680.874
0.04082; 681.745
0.04108; 682.623
0.04134; 683.504
0.0416; 684.391
0.04186; 685.282
0.04212; 686.178
0.04238; 687.079
0.04264; 687.985
0.0429; 688.895
0.04316; 689.811
0.04342; 690.731
0.04368; 691.657
0.04394; 692.586
0.0442; 693.521
0.04446; 694.459
0.04472; 695.404
0.04498; 696.352
0.04524; 697.306
0.0455; 698.263
0.04576; 699.226
0.04602; 700.193
0.04628; 701.165
0.04654; 702.141
0.0468; 703.122
0.04706; 704.107
0.04732; 705.098
0.04758; 706.092
0.04784; 707.092
0.0481; 708.096
0.04836; 709.104
0.04862; 710.117
0.04888; 711.135
0.04914; 712.156
0.0494; 713.183
0.04966; 714.213
0.04992; 715.249
0.05018; 716.288
0.05044; 717.332
0.0507; 718.38
0.05096; 719.433
0.05122; 720.49
0.05148; 721.551
0.05174; 722.616
0.052; 723.687
0.05226; 724.761
0.05252; 725.839
0.05278; 726.922
0.05304; 728.009
0.0533; 729.1
0.05356; 730.196
0.05382; 731.295
0.05408; 732.399
0.05434; 733.506
0.0546; 734.618
0.05486; 735.734
0.05512; 736.855
0.05538; 737.978
0.05564; 739.107
0.0559; 740.239
0.05616; 741.376
0.05642; 742.516
0.05668; 743.661
0.05694; 744.809
0.0572; 745.962
0.05746; 747.118
0.05772; 748.279
0.05798; 749.442
0.05824; 750.611
0.0585; 751.782
0.05876; 752.958
0.05902; 754.137
0.05928; 755.321
0.05954; 756.508
0.0598; 757.699
0.06006; 758.894
0.06032; 760.093
0.06058; 761.294
0.06084; 762.501
0.0611; 763.71
0.06136; 764.923
0.06162; 766.14
0.06188; 767.361
0.06214; 768.585
0.0624; 769.813
0.06266; 771.044
0.06292; 772.279
0.06318; 773.517
0.06344; 774.759
0.0637; 776.005
0.06396; 777.254
0.06422; 778.506
0.06448; 779.762
0.06474; 781.021
0.065; 782.284
0.06526; 783.55
0.06552; 784.82
0.06578; 786.092
0.06604; 787.369
0.0663; 788.648
0.06656; 789.931
0.06682; 791.217
0.06708; 792.507
0.06734; 793.799
0.0676; 795.095
0.06786; 796.394
0.06812; 797.696
0.06838; 799.001
0.06864; 800.31
0.0689; 801.621
0.06916; 802.936
0.06942; 804.253
0.06968; 805.574
0.06994; 806.898
0.0702; 808.225
0.07046; 809.554
0.07072; 810.888
0.07098; 812.223
0.07124; 813.562
0.0715; 814.903
0.07176; 816.248
0.07202; 817.595
0.07228; 818.946
0.07254; 820.299
0.0728; 821.655
0.07306; 823.013
0.07332; 824.375
0.07358; 825.739
0.07384; 827.106
0.0741; 828.475
0.07436; 829.848
0.07462; 831.223
0.07488; 832.601
0.07514; 833.981
0.0754; 835.364
0.07566; 836.749
0.07592; 838.137
0.07618; 839.528
0.07644; 840.921
0.0767; 842.317
0.07696; 843.715
0.07722; 845.116
0.07748; 846.519
0.07774; 847.924
0.078; 849.332
0.07826; 850.742
0.07852; 852.155
0.07878; 853.57
0.07904; 854.988
0.0793; 856.407
0.07956; 857.829
0.07982; 859.253
0.08008; 860.68
0.08034; 862.108
0.0806; 863.539
0.08086; 864.971
0.08112; 866.407
0.08138; 867.843
0.08164; 869.283
0.0819; 870.724
0.08216; 872.167
0.08242; 873.613
0.08268; 875.06
0.08294; 876.509
0.0832; 877.961
0.08346; 879.414
0.08372; 880.87
0.08398; 882.327
0.08424; 883.786
0.0845; 885.247
0.08476; 886.71
0.08502; 888.174
0.08528; 889.64
0.08554; 891.108
0.0858; 892.578
0.08606; 894.05
0.08632; 895.523
0.08658; 896.998
0.08684; 898.475
0.0871; 899.953
0.08736; 901.433
0.08762; 902.914
0.08788; 904.398
0.08814; 905.882
0.0884; 907.368
0.08866; 908.856
0.08892; 910.345
0.08918; 911.835
0.08944; 913.327
0.0897; 914.821
0.08996; 916.316
0.09022; 917.812
0.09048; 919.309
0.09074; 920.808
0.091; 922.308
0.09126; 923.809
0.09152; 925.312
0.09178; 926.816
0.09204; 928.321
0.0923; 929.827
0.09256; 931.334
0.09282; 932.843
0.09308; 934.353
0.09334; 935.863
0.0936; 937.375
0.09386; 938.888
0.09412; 940.402
0.09438; 941.916
0.09464; 943.432
0.0949; 944.949
0.09516; 946.467
0.09542; 947.985
0.09568; 949.505
0.09594; 951.025
0.0962; 952.547
0.09646; 954.068
0.09672; 955.591
0.09698; 957.115
0.09724; 958.639
0.0975; 960.164
0.09776; 961.69
0.09802; 963.217
0.09828; 964.744
0.09854; 966.271
0.0988; 967.8
0.09906; 969.329
0.09932; 970.858
0.09958; 972.388
0.09984; 973.919
0.1001; 975.45
0.10036; 976.981
0.10062; 978.513
0.10088; 980.046
0.10114; 981.579
0.1014; 983.112
0.10166; 984.646
0.10192; 986.18
0.10218; 987.714
0.10244; 989.249
0.1027; 990.784
0.10296; 992.319
0.10322; 993.855
0.10348; 995.391
0.10374; 996.927
0.104; 998.463
0.10426; 1000
0.10452; 1000
0.10478; 1000
0.10504; 1000
0.1053; 1000
0.10556; 1000
0.10582; 1000
0.10608; 1000
0.10634; 1000
0.1066; 1000
0.10686; 1000
0.10712; 1000
0.10738; 1000
0.10764; 1000
0.1079; 1000
0.10816; 1000
0.10842; 1000
0.10868; 1000
0.10894; 1000
0.1092; 1000
0.10946; 1000
0.10972; 1000
0.10998; 1000
0.11024; 1000
0.1105; 1000
0.11076; 1000
0.11102; 1000
0.11128; 1000
0.11154; 1000
0.1118; 1000
0.11206; 1000
0.11232; 1000
0.11258; 1000
0.11284; 1000
0.1131; 1000
0.11336; 1000
0.11362; 1000
0.11388; 1000
0.11414; 1000
0.1144; 1000
0.11466; 1000
0.11492; 1000
0.11518; 1000
0.11544; 1000
0.1157; 1000
0.11596; 1000
0.11622; 1000
0.11648; 1000
0.11674; 1000
0.117; 1000
0.11726; 1000
0.11752; 1000
0.11778; 1000
0.11804; 1000
0.1183; 1000
0.11856; 1000
0.11882; 1000
0.11908; 1000
0.11934; 1000
0.1196; 1000
0.11986; 1000
0.12012; 1000
0.12038; 1000
0.12064; 1000
0.1209; 1000
0.12116; 1000
0.12142; 1000
0.12168; 1000
0.12194; 1000
0.1222; 1000
0.12246; 1000
0.12272; 1000
0.12298; 1000
0.12324; 1000
0.1235; 1000
0.12376; 1000
0.12402; 1000
0.12428; 1000
0.12454; 1000
0.1248; 1000
