0.0026; 400
0.0052; 400
0.0078; 400
0.0104; 400
0.013; 400
0.0156; 400
0.0182; 400
0.0208; 400
0.0234; 400
0.026; 400
0.0286; 400
0.0312; 400
0.0338; 400
0.0364; 400
0.039; 400
0.0416; 400
0.0442; 400
0.0468; 400
0.0494; 400
0.052; 400
0.0546; 400
0.0572; 400
0.0598; 400
0.0624; 400
0.065; 400
0.0676; 400
0.0702; 400
0.0728; 400
0.0754; 400
0.078; 400
0.0806; 400
0.0832; 400
0.0858; 400
0.0884; 400
0.091; 400
0.0936; 400
0.0962; 400
0.0988; 400
0.1014; 400
0.104; 400
0.1066; 400
0.1092; 400
0.1118; 400
0.1144; 400
0.117; 400
0.1196; 400
0.1222; 400
0.1248; 400
0.1274; 400
0.13; 400
0.1326; 400
0.1352; 400
0.1378; 400
0.1404; 400
0.143; 400
0.1456; 400
0.1482; 400
0.1508; 400
0.1534; 400
0.156; 400
0.1586; 400
0.1612; 400
0.1638; 400
0.1664; 400
0.169; 400
0.1716; 400
0.1742; 400
0.1768; 400
0.1794; 400
0.182; 400
0.1846; 400
0.1872; 400
0.1898; 400
0.1924; 400
0.195; 400
0.1976; 400
0.2002; 400
0.2028; 400
0.2054; 400
0.208; 400
0.2106; 400
0.2132; 400
0.2158; 400
0.2184; 400
0.221; 400
0.2236; 400
0.2262; 400
0.2288; 400
0.2314; 400
0.234; 400
0.2366; 400.001
0.2392; 400.001
0.2418; 400.001
0.2444; 400.001
0.247; 400.001
0.2496; 400.001
0.2522; 400.001
0.2548; 400.002
0.2574; 400.002
0.26; 400.002
0.2626; 400.002
0.2652; 400.002
0.2678; 400.002
0.2704; 400.002
0.273; 400.003
0.2756; 400.003
0.2782; 400.003
0.2808; 400.003
0.2834; 400.003
0.286; 400.004
0.2886; 400.004
0.2912; 400.004
0.2938; 400.005
0.2964; 400.005
0.299; 400.005
0.3016; 400.006
0.3042; 400.006
0.3068; 400.007
0.3094; 400.008
0.312; 400.008
0.3146; 400.009
0.3172; 400.01
0.3198; 400.011
0.3224; 400.012
0.325; 400.013
0.3276; 400.014
0.3302; 400.015
0.3328; 400.016
0.3354; 400.017
0.338; 400.019
0.3406; 400.021
0.3432; 400.022
0.3458; 400.024
0.3484; 400.026
0.351; 400.029
0.3536; 400.031
0.3562; 400.034
0.3588; 400.037
0.3614; 400.04
0.364; 400.044
0.3666; 400.048
0.3692; 400.052
0.3718; 400.056
0.3744; 400.061
0.377; 400.067
0.3796; 400.073
0.3822; 400.079
0.3848; 400.086
0.3874; 400.093
0.39; 400.101
0.3926; 400.11
0.3952; 400.119
0.3978; 400.129
0.4004; 400.14
0.403; 400.152
0.4056; 400.165
0.4082; 400.179
0.4108; 400.194
0.4134; 400.21
0.416; 400.227
0.4186; 400.246
0.4212; 400.265
0.4238; 400.287
0.4264; 400.31
0.429; 400.335
0.4316; 400.361
0.4342; 400.39
0.4368; 400.42
0.4394; 400.453
0.442; 400.488
0.4446; 400.525
0.4472; 400.566
0.4498; 400.608
0.4524; 400.654
0.455; 400.703
0.4576; 400.755
0.4602; 400.811
0.4628; 400.87
0.4654; 400.933
0.468; 401
0.4706; 401.072
0.4732; 401.148
0.4758; 401.229
0.4784; 401.315
0.481; 401.406
0.4836; 401.502
0.4862; 401.605
0.4888; 401.714
0.4914; 401.829
0.494; 401.95
0.4966; 402.079
0.4992; 402.216
0.5018; 402.359
0.5044; 402.512
0.507; 402.672
0.5096; 402.841
0.5122; 403.02
0.5148; 403.208
0.5174; 403.406
0.52; 403.615
0.5226; 403.834
0.5252; 404.065
0.5278; 404.307
0.5304; 404.561
0.533; 404.829
0.5356; 405.109
0.5382; 405.402
0.5408; 405.71
0.5434; 406.032
0.546; 406.37
0.5486; 406.722
0.5512; 407.091
0.5538; 407.477
0.5564; 407.879
0.559; 408.299
0.5616; 408.737
0.5642; 409.194
0.5668; 409.67
0.5694; 410.165
0.572; 410.681
0.5746; 411.218
0.5772; 411.776
0.5798; 412.355
0.5824; 412.957
0.585; 413.582
0.5876; 414.23
0.5902; 414.902
0.5928; 415.598
0.5954; 416.32
0.598; 417.066
0.6006; 417.839
0.6032; 418.637
0.6058; 419.463
0.6084; 420.315
0.611; 421.196
0.6136; 422.104
0.6162; 423.041
0.6188; 424.006
0.6214; 425.001
0.624; 426.025
0.6266; 427.079
0.6292; 428.163
0.6318; 429.277
0.6344; 430.422
0.637; 431.598
0.6396; 432.805
0.6422; 434.044
0.6448; 435.313
0.6474; 436.615
0.65; 437.948
0.6526; 439.313
0.6552; 440.71
0.6578; 442.138
0.6604; 443.599
0.663; 445.091
0.6656; 446.615
0.6682; 448.171
0.6708; 449.759
0.6734; 451.377
0.676; 453.027
0.6786; 454.708
0.6812; 456.42
0.6838; 458.162
0.6864; 459.934
0.689; 461.736
0.6916; 463.567
0.6942; 465.427
0.6968; 467.316
0.6994; 469.232
0.702; 471.176
0.7046; 473.147
0.7072; 475.145
0.7098; 477.168
0.7124; 479.216
0.715; 481.288
0.7176; 483.385
0.7202; 485.504
0.7228; 487.646
0.7254; 489.809
0.728; 491.993
0.7306; 494.197
0.7332; 496.42
0.7358; 498.662
0.7384; 500.921
0.741; 503.198
0.7436; 505.492
0.7462; 507.801
0.7488; 510.127
0.7514; 512.47
0.754; 514.829
0.7566; 517.205
0.7592; 519.601
0.7618; 522.018
0.7644; 524.458
0.767; 526.925
0.7696; 529.421
0.7722; 531.945
0.7748; 534.495
0.7774; 537.066
0.78; 539.654
0.7826; 542.254
0.7852; 544.86
0.7878; 547.464
0.7904; 550.059
0.793; 552.641
0.7956; 555.206
0.7982; 557.754
0.8008; 560.284
0.8034; 562.796
0.806; 565.291
0.8086; 567.768
0.8112; 570.228
0.8138; 572.675
0.8164; 575.123
0.819; 577.798
0.8216; 580.66
0.8242; 583.494
0.8268; 586.294
0.8294; 589.065
0.832; 591.81
0.8346; 594.53
0.8372; 597.226
0.8398; 599.901
0.8424; 602.56
0.845; 605.223
0.8476; 607.76
0.8502; 610.1
0.8528; 612.325
0.8554; 614.504
0.858; 616.656
0.8606; 618.787
0.8632; 620.899
0.8658; 622.992
0.8684; 625.067
0.871; 627.124
0.8736; 629.166
0.8762; 631.193
0.8788; 633.209
0.8814; 635.216
0.884; 637.208
0.8866; 639.215
0.8892; 641.255
0.8918; 643.221
0.8944; 645.123
0.897; 646.97
0.8996; 648.762
0.9022; 650.501
0.9048; 652.187
0.9074; 653.819
0.91; 655.398
0.9126; 656.922
0.9152; 658.392
0.9178; 659.806
0.9204; 661.165
0.923; 662.47
0.9256; 663.72
0.9282; 664.916
0.9308; 666.06
0.9334; 667.153
0.936; 668.196
0.9386; 669.19
0.9412; 670.137
0.9438; 671.04
0.9464; 671.899
0.949; 672.717
0.9516; 673.495
0.9542; 674.237
0.9568; 674.943
0.9594; 675.616
0.962; 676.259
0.9646; 676.873
0.9672; 677.46
0.9698; 678.022
0.9724; 678.563
0.975; 679.083
0.9776; 679.584
0.9802; 680.068
0.9828; 680.536
0.9854; 680.988
0.988; 681.426
0.9906; 681.85
0.9932; 682.261
0.9958; 682.658
0.9984; 683.041
1.001; 683.408
1.0036; 683.766
1.0062; 684.173
1.0088; 684.569
1.0114; 684.972
1.014; 685.38
1.0166; 685.789
1.0192; 686.196
1.0218; 686.601
1.0244; 687.002
1.027; 687.398
1.0296; 687.789
1.0322; 688.174
1.0348; 688.552
1.0374; 688.922
1.04; 689.284
1.0426; 689.635
1.0452; 689.977
1.0478; 690.335
1.0504; 690.698
1.053; 691.043
1.0556; 691.372
1.0582; 691.689
1.0608; 691.996
1.0634; 692.294
1.066; 692.584
1.0686; 692.869
1.0712; 693.147
1.0738; 693.422
1.0764; 693.692
1.079; 693.959
1.0816; 694.223
1.0842; 694.485
1.0868; 694.746
1.0894; 695.006
1.092; 695.266
1.0946; 695.526
1.0972; 695.787
1.0998; 696.05
1.1024; 696.314
1.105; 696.581
1.1076; 696.85
1.1102; 697.123
1.1128; 697.398
1.1154; 697.677
1.118; 697.96
1.1206; 698.247
1.1232; 698.54
1.1258; 698.838
1.1284; 699.143
1.131; 699.456
1.1336; 699.771
1.1362; 700.075
1.1388; 700.426
1.1414; 700.821
1.144; 701.217
1.1466; 701.631
1.1492; 702.065
1.1518; 702.506
1.1544; 702.954
1.157; 703.406
1.1596; 703.86
1.1622; 704.314
1.1648; 704.767
1.1674; 705.218
1.17; 705.664
1.1726; 706.103
1.1752; 706.531
1.1778; 707.037
1.1804; 707.623
1.183; 708.196
1.1856; 708.761
1.1882; 709.315
1.1908; 709.858
1.1934; 710.39
1.196; 710.909
1.1986; 711.416
1.2012; 711.907
1.2038; 712.384
1.2064; 712.844
1.209; 713.286
1.2116; 713.708
1.2142; 714.11
1.2168; 714.49
1.2194; 714.847
1.222; 715.179
1.2246; 715.485
1.2272; 715.764
1.2298; 716.015
1.2324; 716.237
1.235; 716.429
1.2376; 716.59
1.2402; 716.719
1.2428; 716.817
1.2454; 716.883
1.248; 716.915
