0.0026; 400
0.0052; 400
0.0078; 400
0.0104; 400
0.013; 400
0.0156; 400
0.0182; 400
0.0208; 400
0.0234; 400
0.026; 400
0.0286; 400
0.0312; 400
0.0338; 400
0.0364; 400
0.039; 400
0.0416; 400
0.0442; 400
0.0468; 400
0.0494; 400
0.052; 400
0.0546; 400
0.0572; 400
0.0598; 400
0.0624; 400
0.065; 400
0.0676; 400
0.0702; 400
0.0728; 400
0.0754; 400
0.078; 400
0.0806; 400
0.0832; 400
0.0858; 400
0.0884; 400
0.091; 400
0.0936; 400
0.0962; 400
0.0988; 400
0.1014; 400
0.104; 400
0.1066; 400
0.1092; 400
0.1118; 400
0.1144; 400
0.117; 400
0.1196; 400
0.1222; 400
0.1248; 400
0.1274; 400
0.13; 400
0.1326; 400
0.1352; 400
0.1378; 400
0.1404; 400
0.143; 400
0.1456; 400
0.1482; 400
0.1508; 400
0.1534; 400
0.156; 400
0.1586; 400
0.1612; 400
0.1638; 400
0.1664; 400
0.169; 400
0.1716; 400
0.1742; 400
0.1768; 400
0.1794; 400
0.182; 400
0.1846; 400
0.1872; 400
0.1898; 400
0.1924; 400
0.195; 400
0.1976; 400
0.2002; 400
0.2028; 400
0.2054; 400
0.208; 400
0.2106; 400
0.2132; 400
0.2158; 400
0.2184; 400
0.221; 400
0.2236; 400
0.2262; 400
0.2288; 400
0.2314; 400
0.234; 400
0.2366; 400
0.2392; 400
0.2418; 400
0.2444; 400
0.247; 400
0.2496; 400
0.2522; 400
0.2548; 400
0.2574; 400
0.26; 400
0.2626; 400
0.2652; 400
0.2678; 400
0.2704; 400
0.273; 400
0.2756; 400
0.2782; 400
0.2808; 400
0.2834; 400
0.286; 400
0.2886; 400
0.2912; 400
0.2938; 400
0.2964; 400
0.299; 400
0.3016; 400
0.3042; 400
0.3068; 400
0.3094; 400
0.312; 400
0.3146; 400
0.3172; 400
0.3198; 400
0.3224; 400
0.325; 400
0.3276; 400
0.3302; 400
0.3328; 400
0.3354; 400
0.338; 400
0.3406; 400
0.3432; 400
0.3458; 400
0.3484; 400
0.351; 400
0.3536; 400
0.3562; 400
0.3588; 400
0.3614; 400
0.364; 400
0.3666; 400
0.3692; 400
0.3718; 400
0.3744; 400
0.377; 400
0.3796; 400
0.3822; 400
0.3848; 400
0.3874; 400
0.39; 400
0.3926; 400
0.3952; 400
0.3978; 400
0.4004; 400
0.403; 400
0.4056; 400
0.4082; 400
0.4108; 400
0.4134; 400
0.416; 400
0.4186; 400
0.4212; 400
0.4238; 400
0.4264; 400
0.429; 400
0.4316; 400
0.4342; 400
0.4368; 400
0.4394; 400
0.442; 400
0.4446; 400
0.4472; 400
0.4498; 400
0.4524; 400
0.455; 400
0.4576; 400
0.4602; 400
0.4628; 400
0.4654; 400
0.468; 400
0.4706; 400
0.4732; 400
0.4758; 400
0.4784; 400
0.481; 400
0.4836; 400
0.4862; 400
0.4888; 400
0.4914; 400
0.494; 400
0.4966; 400
0.4992; 400
0.5018; 400
0.5044; 400
0.507; 400
0.5096; 400
0.5122; 400
0.5148; 400
0.5174; 400
0.52; 400
0.5226; 400
0.5252; 400
0.5278; 400
0.5304; 400
0.533; 400
0.5356; 400
0.5382; 400
0.5408; 400
0.5434; 400
0.546; 400
0.5486; 400
0.5512; 400
0.5538; 400
0.5564; 400
0.559; 400
0.5616; 400
0.5642; 400
0.5668; 400
0.5694; 400
0.572; 400
0.5746; 400
0.5772; 400
0.5798; 400
0.5824; 400
0.585; 400
0.5876; 400
0.5902; 400
0.5928; 400
0.5954; 400
0.598; 400
0.6006; 400
0.6032; 400
0.6058; 400
0.6084; 400
0.611; 400
0.6136; 400
0.6162; 400
0.6188; 400
0.6214; 400
0.624; 400
0.6266; 400
0.6292; 400
0.6318; 400
0.6344; 400
0.637; 400
0.6396; 400
0.6422; 400
0.6448; 400
0.6474; 400
0.65; 400
0.6526; 400
0.6552; 400
0.6578; 400
0.6604; 400
0.663; 400
0.6656; 400
0.6682; 400
0.6708; 400
0.6734; 400
0.676; 400
0.6786; 400
0.6812; 400
0.6838; 400
0.6864; 400
0.689; 400
0.6916; 400
0.6942; 400
0.6968; 400
0.6994; 400
0.702; 400
0.7046; 400
0.7072; 400
0.7098; 400
0.7124; 400
0.715; 400
0.7176; 400
0.7202; 400
0.7228; 400.001
0.7254; 400.002
0.728; 400.003
0.7306; 400.005
0.7332; 400.01
0.7358; 400.019
0.7384; 400.036
0.741; 400.066
0.7436; 400.119
0.7462; 400.213
0.7488; 400.374
0.7514; 400.642
0.754; 401.077
0.7566; 401.755
0.7592; 402.767
0.7618; 404.19
0.7644; 406.042
0.767; 408.203
0.7696; 410.336
0.7722; 411.979
0.7748; 412.954
0.7774; 413.273
0.78; 412.961
0.7826; 411.996
0.7852; 410.371
0.7878; 408.276
0.7904; 406.191
0.793; 404.491
0.7956; 403.377
0.7982; 402.987
0.8008; 403.564
0.8034; 405.655
0.806; 410.452
0.8086; 420.384
0.8112; 440.184
0.8138; 478.45
0.8164; 548.238
0.819; 660.855
0.8216; 715.95
0.8242; 737.466
0.8268; 745.416
0.8294; 748.265
0.832; 749.17
0.8346; 749.139
0.8372; 748.094
0.8398; 744.704
0.8424; 734.446
0.845; 702.435
0.8476; 603.508
0.8502; 521.032
0.8528; 467.792
0.8554; 436.943
0.858; 419.973
0.8606; 410.985
0.8632; 406.554
0.8658; 404.925
0.8684; 405.448
0.871; 408.346
0.8736; 414.773
0.8762; 427.157
0.8788; 449.807
0.8814; 489.539
0.884; 555.435
0.8866; 669.989
0.8892; 714.619
0.8918; 732.408
0.8944; 740.764
0.897; 745.045
0.8996; 747.299
0.9022; 748.526
0.9048; 749.21
0.9074; 749.589
0.91; 749.793
0.9126; 749.899
0.9152; 749.953
0.9178; 749.978
0.9204; 749.99
0.923; 749.996
0.9256; 749.998
0.9282; 749.999
0.9308; 750
0.9334; 750
0.936; 750
0.9386; 750
0.9412; 750
0.9438; 750
0.9464; 750
0.949; 749.999
0.9516; 749.999
0.9542; 749.998
0.9568; 749.996
0.9594; 749.993
0.962; 749.988
0.9646; 749.98
0.9672; 749.969
0.9698; 749.954
0.9724; 749.935
0.975; 749.909
0.9776; 749.868
0.9802; 749.795
0.9828; 749.656
0.9854; 749.382
0.988; 748.821
0.9906; 747.636
0.9932; 745.037
0.9958; 739.15
0.9984; 725.703
1.001; 695.952
1.0036; 634.121
1.0062; 518.219
1.0088; 467.926
1.0114; 441.826
1.014; 426.579
1.0166; 417.149
1.0192; 411.211
1.0218; 407.438
1.0244; 405.116
1.027; 403.911
1.0296; 403.764
1.0322; 404.935
1.0348; 408.208
1.0374; 415.38
1.04; 430.265
1.0426; 460.788
1.0452; 523.184
1.0478; 661.335
1.0504; 716.724
1.053; 737.427
1.0556; 745.218
1.0582; 748.17
1.0608; 749.296
1.0634; 749.728
1.066; 749.894
1.0686; 749.959
1.0712; 749.984
1.0738; 749.994
1.0764; 749.998
1.079; 749.999
1.0816; 750
1.0842; 750
1.0868; 750
1.0894; 750
1.092; 750
1.0946; 750
1.0972; 749.999
1.0998; 749.998
1.1024; 749.995
1.105; 749.989
1.1076; 749.974
1.1102; 749.943
1.1128; 749.877
1.1154; 749.738
1.118; 749.457
1.1206; 748.899
1.1232; 747.804
1.1258; 745.629
1.1284; 741.118
1.131; 731.086
1.1336; 707.446
1.1362; 652.944
1.1388; 552.624
1.1414; 500.651
1.144; 473.503
1.1466; 456.32
1.1492; 441.739
1.1518; 430.648
1.1544; 422.15
1.157; 416.251
1.1596; 412.959
1.1622; 412.417
1.1648; 415.432
1.1674; 423.99
1.17; 442.064
1.1726; 476.923
1.1752; 540.4
1.1778; 648.711
1.1804; 706.784
1.183; 731.974
1.1856; 742.564
1.1882; 746.969
1.1908; 748.782
1.1934; 749.517
1.196; 749.811
1.1986; 749.927
1.2012; 749.972
1.2038; 749.989
1.2064; 749.996
1.209; 749.998
1.2116; 749.999
1.2142; 750
1.2168; 750
1.2194; 750
1.222; 750
1.2246; 750
1.2272; 750
1.2298; 750
1.2324; 750
1.235; 750
1.2376; 750
1.2402; 750
1.2428; 750
1.2454; 750
1.248; 750
