0.0026; 400
0.0052; 400
0.0078; 400
0.0104; 400
0.013; 400
0.0156; 400
0.0182; 400
0.0208; 400
0.0234; 400
0.026; 400
0.0286; 400
0.0312; 400
0.0338; 400
0.0364; 400
0.039; 400
0.0416; 400
0.0442; 400
0.0468; 400
0.0494; 400
0.052; 400
0.0546; 400
0.0572; 400
0.0598; 400
0.0624; 400
0.065; 400
0.0676; 400
0.0702; 400
0.0728; 400
0.0754; 400
0.078; 400
0.0806; 400
0.0832; 400
0.0858; 400
0.0884; 400
0.091; 400
0.0936; 400
0.0962; 400
0.0988; 400
0.1014; 400
0.104; 400
0.1066; 400
0.1092; 400
0.1118; 400
0.1144; 400
0.117; 400
0.1196; 400
0.1222; 400
0.1248; 400
0.1274; 400
0.13; 400
0.1326; 400
0.1352; 400
0.1378; 400
0.1404; 400
0.143; 400
0.1456; 400
0.1482; 400
0.1508; 400
0.1534; 400
0.156; 400
0.1586; 400
0.1612; 400
0.1638; 400
0.1664; 400
0.169; 400
0.1716; 400
0.1742; 400
0.1768; 400
0.1794; 400
0.182; 400
0.1846; 400
0.1872; 400
0.1898; 400
0.1924; 400
0.195; 400
0.1976; 400
0.2002; 400
0.2028; 400
0.2054; 400
0.208; 400
0.2106; 400
0.2132; 400
0.2158; 400
0.2184; 400
0.221; 400
0.2236; 400
0.2262; 400
0.2288; 400
0.2314; 400
0.234; 400
0.2366; 400
0.2392; 400
0.2418; 400
0.2444; 400
0.247; 400
0.2496; 400
0.2522; 400
0.2548; 400
0.2574; 400
0.26; 400
0.2626; 400
0.2652; 400
0.2678; 400
0.2704; 400
0.273; 400
0.2756; 400
0.2782; 400
0.2808; 400
0.2834; 400
0.286; 400
0.2886; 400
0.2912; 400
0.2938; 400
0.2964; 400
0.299; 400
0.3016; 400
0.3042; 400
0.3068; 400
0.3094; 400
0.312; 400
0.3146; 400
0.3172; 400
0.3198; 400
0.3224; 400
0.325; 400
0.3276; 400
0.3302; 400
0.3328; 400
0.3354; 400
0.338; 400
0.3406; 400
0.3432; 400
0.3458; 400
0.3484; 400
0.351; 400
0.3536; 400
0.3562; 400
0.3588; 400
0.3614; 400
0.364; 400
0.3666; 400
0.3692; 400
0.3718; 400
0.3744; 400
0.377; 400
0.3796; 400
0.3822; 400
0.3848; 400
0.3874; 400
0.39; 400
0.3926; 400
0.3952; 400
0.3978; 400
0.4004; 400
0.403; 400
0.4056; 400
0.4082; 400
0.4108; 400
0.4134; 400
0.416; 400.001
0.4186; 400.001
0.4212; 400.001
0.4238; 400.001
0.4264; 400.001
0.429; 400.001
0.4316; 400.001
0.4342; 400.001
0.4368; 400.001
0.4394; 400.001
0.442; 400.002
0.4446; 400.002
0.4472; 400.002
0.4498; 400.003
0.4524; 400.003
0.455; 400.003
0.4576; 400.004
0.4602; 400.004
0.4628; 400.005
0.4654; 400.006
0.468; 400.007
0.4706; 400.007
0.4732; 400.009
0.4758; 400.01
0.4784; 400.011
0.481; 400.013
0.4836; 400.015
0.4862; 400.017
0.4888; 400.019
0.4914; 400.022
0.494; 400.025
0.4966; 400.029
0.4992; 400.033
0.5018; 400.038
0.5044; 400.043
0.507; 400.049
0.5096; 400.056
0.5122; 400.064
0.5148; 400.072
0.5174; 400.082
0.52; 400.093
0.5226; 400.106
0.5252; 400.12
0.5278; 400.135
0.5304; 400.153
0.533; 400.173
0.5356; 400.195
0.5382; 400.219
0.5408; 400.247
0.5434; 400.278
0.546; 400.312
0.5486; 400.349
0.5512; 400.391
0.5538; 400.438
0.5564; 400.489
0.559; 400.546
0.5616; 400.609
0.5642; 400.678
0.5668; 400.754
0.5694; 400.838
0.572; 400.93
0.5746; 401.03
0.5772; 401.141
0.5798; 401.261
0.5824; 401.393
0.585; 401.537
0.5876; 401.693
0.5902; 401.863
0.5928; 402.048
0.5954; 402.249
0.598; 402.467
0.6006; 402.703
0.6032; 402.958
0.6058; 403.233
0.6084; 403.529
0.611; 403.849
0.6136; 404.193
0.6162; 404.562
0.6188; 404.959
0.6214; 405.383
0.624; 405.838
0.6266; 406.324
0.6292; 406.843
0.6318; 407.397
0.6344; 407.986
0.637; 408.614
0.6396; 409.28
0.6422; 409.987
0.6448; 410.737
0.6474; 411.53
0.65; 412.369
0.6526; 413.255
0.6552; 414.19
0.6578; 415.175
0.6604; 416.211
0.663; 417.3
0.6656; 418.443
0.6682; 419.641
0.6708; 420.896
0.6734; 422.209
0.676; 423.581
0.6786; 425.012
0.6812; 426.504
0.6838; 428.057
0.6864; 429.672
0.689; 431.35
0.6916; 433.09
0.6942; 434.894
0.6968; 436.76
0.6994; 438.69
0.702; 440.683
0.7046; 442.738
0.7072; 444.856
0.7098; 447.035
0.7124; 449.276
0.715; 451.577
0.7176; 453.937
0.7202; 456.355
0.7228; 458.829
0.7254; 461.359
0.728; 463.943
0.7306; 466.579
0.7332; 469.266
0.7358; 472.001
0.7384; 474.783
0.741; 477.609
0.7436; 480.48
0.7462; 483.391
0.7488; 486.343
0.7514; 489.333
0.754; 492.362
0.7566; 495.43
0.7592; 498.537
0.7618; 501.686
0.7644; 504.88
0.767; 508.121
0.7696; 511.412
0.7722; 514.755
0.7748; 518.144
0.7774; 521.573
0.78; 525.033
0.7826; 528.517
0.7852; 532.014
0.7878; 535.512
0.7904; 539.001
0.793; 542.47
0.7956; 545.914
0.7982; 549.331
0.8008; 552.719
0.8034; 556.076
0.806; 559.401
0.8086; 562.693
0.8112; 565.952
0.8138; 569.181
0.8164; 572.399
0.819; 575.911
0.8216; 579.68
0.8242; 583.427
0.8268; 587.145
0.8294; 590.839
0.832; 594.511
0.8346; 598.164
0.8372; 601.799
0.8398; 605.421
0.8424; 609.037
0.845; 612.674
0.8476; 616.159
0.8502; 619.375
0.8528; 622.432
0.8554; 625.41
0.858; 628.335
0.8606; 631.213
0.8632; 634.046
0.8658; 636.835
0.8684; 639.579
0.871; 642.279
0.8736; 644.934
0.8762; 647.546
0.8788; 650.116
0.8814; 652.65
0.884; 655.144
0.8866; 657.675
0.8892; 660.23
0.8918; 662.664
0.8944; 664.99
0.897; 667.212
0.8996; 669.327
0.9022; 671.331
0.9048; 673.22
0.9074; 674.991
0.91; 676.639
0.9126; 678.161
0.9152; 679.554
0.9178; 680.816
0.9204; 681.946
0.923; 682.944
0.9256; 683.811
0.9282; 684.549
0.9308; 685.162
0.9334; 685.653
0.936; 686.026
0.9386; 686.289
0.9412; 686.447
0.9438; 686.509
0.9464; 686.481
0.949; 686.374
0.9516; 686.196
0.9542; 685.956
0.9568; 685.665
0.9594; 685.334
0.962; 684.972
0.9646; 684.59
0.9672; 684.199
0.9698; 683.808
0.9724; 683.428
0.975; 683.068
0.9776; 682.737
0.9802; 682.444
0.9828; 682.197
0.9854; 682.002
0.988; 681.867
0.9906; 681.796
0.9932; 681.796
0.9958; 681.869
0.9984; 682.017
1.001; 682.24
1.0036; 682.546
1.0062; 682.975
1.0088; 683.426
1.0114; 683.923
1.014; 684.464
1.0166; 685.045
1.0192; 685.66
1.0218; 686.306
1.0244; 686.979
1.027; 687.673
1.0296; 688.383
1.0322; 689.106
1.0348; 689.835
1.0374; 690.567
1.04; 691.294
1.0426; 692.01
1.0452; 692.71
1.0478; 693.444
1.0504; 694.223
1.053; 694.979
1.0556; 695.705
1.0582; 696.393
1.0608; 697.034
1.0634; 697.62
1.066; 698.142
1.0686; 698.594
1.0712; 698.967
1.0738; 699.258
1.0764; 699.461
1.079; 699.573
1.0816; 699.593
1.0842; 699.521
1.0868; 699.357
1.0894; 699.105
1.092; 698.77
1.0946; 698.356
1.0972; 697.872
1.0998; 697.325
1.1024; 696.725
1.105; 696.083
1.1076; 695.411
1.1102; 694.719
1.1128; 694.021
1.1154; 693.329
1.118; 692.656
1.1206; 692.014
1.1232; 691.415
1.1258; 690.871
1.1284; 690.392
1.131; 689.988
1.1336; 689.659
1.1362; 689.399
1.1388; 689.314
1.1414; 689.368
1.144; 689.477
1.1466; 689.67
1.1492; 689.956
1.1518; 690.32
1.1544; 690.76
1.157; 691.271
1.1596; 691.85
1.1622; 692.493
1.1648; 693.199
1.1674; 693.963
1.17; 694.78
1.1726; 695.648
1.1752; 696.56
1.1778; 697.667
1.1804; 699.008
1.183; 700.439
1.1856; 701.954
1.1882; 703.542
1.1908; 705.192
1.1934; 706.893
1.196; 708.633
1.1986; 710.397
1.2012; 712.173
1.2038; 713.948
1.2064; 715.707
1.209; 717.439
1.2116; 719.129
1.2142; 720.766
1.2168; 722.337
1.2194; 723.832
1.222; 725.239
1.2246; 726.549
1.2272; 727.754
1.2298; 728.845
1.2324; 729.815
1.235; 730.658
1.2376; 731.369
1.2402; 731.942
1.2428; 732.376
1.2454; 732.666
1.248; 732.812
