0.00026; 400
0.00052; 400
0.00078; 400
0.00104; 400
0.0013; 400
0.00156; 400
0.00182; 400
0.00208; 400
0.00234; 400
0.0026; 400
0.00286; 400
0.00312; 400
0.00338; 400
0.00364; 400
0.0039; 400
0.00416; 400
0.00442; 400
0.00468; 400
0.00494; 400
0.0052; 400
0.00546; 400
0.00572; 400
0.00598; 400
0.00624; 400
0.0065; 400
0.00676; 400
0.00702; 400
0.00728; 400
0.00754; 400
0.0078; 400
0.00806; 400
0.00832; 400
0.00858; 400
0.00884; 400
0.0091; 400
0.00936; 400
0.00962; 400
0.00988; 400
0.01014; 400
0.0104; 400
0.01066; 400
0.01092; 400
0.01118; 400
0.01144; 400
0.0117; 400
0.01196; 400
0.01222; 400
0.01248; 400
0.01274; 400
0.013; 400
0.01326; 400
0.01352; 400
0.01378; 400
0.01404; 400
0.0143; 400
0.01456; 400
0.01482; 400
0.01508; 400
0.01534; 400
0.0156; 400
0.01586; 400
0.01612; 400
0.01638; 400
0.01664; 400
0.0169; 400
0.01716; 400
0.01742; 400
0.01768; 400
0.01794; 400
0.0182; 400
0.01846; 400
0.01872; 400
0.01898; 400
0.01924; 400
0.0195; 400
0.01976; 400
0.02002; 400
0.02028; 400
0.02054; 400
0.0208; 400
0.02106; 400
0.02132; 400
0.02158; 400
0.02184; 400
0.0221; 400
0.02236; 400
0.02262; 400
0.02288; 400
0.02314; 400
0.0234; 400
0.02366; 400
0.02392; 400
0.02418; 400
0.02444; 400
0.0247; 400
0.02496; 400
0.02522; 400
0.02548; 400
0.02574; 400
0.026; 400
0.02626; 400
0.02652; 400
0.02678; 400
0.02704; 400
0.0273; 400
0.02756; 400
0.02782; 400
0.02808; 400
0.02834; 400
0.0286; 400
0.02886; 400
0.02912; 400
0.02938; 400
0.02964; 400
0.0299; 400
0.03016; 400
0.03042; 400
0.03068; 400
0.03094; 400
0.0312; 400
0.03146; 400
0.03172; 400
0.03198; 400
0.03224; 400
0.0325; 400
0.03276; 400
0.03302; 400
0.03328; 400
0.03354; 400
0.0338; 400
0.03406; 400
0.03432; 400
0.03458; 400
0.03484; 400
0.0351; 400
0.03536; 400
0.03562; 400
0.03588; 400
0.03614; 400
0.0364; 400
0.03666; 400
0.03692; 400
0.03718; 400
0.03744; 400
0.0377; 400
0.03796; 400
0.03822; 400
0.03848; 400
0.03874; 400
0.039; 400
0.03926; 400
0.03952; 400
0.03978; 400
0.04004; 400
0.0403; 400
0.04056; 400
0.04082; 400
0.04108; 400
0.04134; 400
0.0416; 400
0.04186; 400
0.04212; 400
0.04238; 400
0.04264; 400
0.0429; 400
0.04316; 400
0.04342; 400
0.04368; 400
0.04394; 400
0.0442; 400
0.04446; 400
0.04472; 400
0.04498; 400
0.04524; 400
0.0455; 400
0.04576; 400
0.04602; 400
0.04628; 400
0.04654; 400
0.0468; 400
0.04706; 400
0.04732; 400
0.04758; 400
0.04784; 400
0.0481; 400
0.04836; 400
0.04862; 400
0.04888; 400
0.04914; 400
0.0494; 400
0.04966; 400
0.04992; 400
0.05018; 400
0.05044; 400
0.0507; 400
0.05096; 400
0.05122; 400
0.05148; 400
0.05174; 400
0.052; 400
0.05226; 400
0.05252; 400
0.05278; 400
0.05304; 400
0.0533; 400
0.05356; 400
0.05382; 400
0.05408; 400
0.05434; 400
0.0546; 400
0.05486; 400
0.05512; 400
0.05538; 400
0.05564; 400
0.0559; 400
0.05616; 400
0.05642; 400
0.05668; 400
0.05694; 400
0.0572; 400
0.05746; 400
0.05772; 400
0.05798; 400
0.05824; 400
0.0585; 400
0.05876; 400
0.05902; 400
0.05928; 400
0.05954; 400
0.0598; 400
0.06006; 400
0.06032; 400
0.06058; 400
0.06084; 400
0.0611; 400
0.06136; 400
0.06162; 400
0.06188; 400
0.06214; 400
0.0624; 400
0.06266; 400
0.06292; 400
0.06318; 400
0.06344; 400
0.0637; 400
0.06396; 400
0.06422; 400
0.06448; 400
0.06474; 400
0.065; 400
0.06526; 400
0.06552; 400
0.06578; 400
0.06604; 400
0.0663; 400
0.06656; 400
0.06682; 400
0.06708; 400
0.06734; 400
0.0676; 400
0.06786; 400
0.06812; 400
0.06838; 400
0.06864; 400
0.0689; 400
0.06916; 400
0.06942; 400
0.06968; 400
0.06994; 400
0.0702; 400
0.07046; 400
0.07072; 400
0.07098; 400
0.07124; 400
0.0715; 400
0.07176; 400
0.07202; 400
0.07228; 400
0.07254; 400
0.0728; 400
0.07306; 400
0.07332; 400
0.07358; 400
0.07384; 400
0.0741; 400
0.07436; 400
0.07462; 400
0.07488; 400
0.07514; 400.001
0.0754; 400.001
0.07566; 400.001
0.07592; 400.001
0.07618; 400.001
0.07644; 400.002
0.0767; 400.002
0.07696; 400.002
0.07722; 400.003
0.07748; 400.003
0.07774; 400.004
0.078; 400.004
0.07826; 400.005
0.07852; 400.006
0.07878; 400.007
0.07904; 400.008
0.0793; 400.009
0.07956; 400.011
0.07982; 400.012
0.08008; 400.014
0.08034; 400.016
0.0806; 400.018
0.08086; 400.021
0.08112; 400.024
0.08138; 400.027
0.08164; 400.031
0.0819; 400.035
0.08216; 400.039
0.08242; 400.045
0.08268; 400.05
0.08294; 400.057
0.0832; 400.064
0.08346; 400.072
0.08372; 400.081
0.08398; 400.091
0.08424; 400.102
0.0845; 400.114
0.08476; 400.128
0.08502; 400.143
0.08528; 400.16
0.08554; 400.178
0.0858; 400.198
0.08606; 400.221
0.08632; 400.245
0.08658; 400.272
0.08684; 400.302
0.0871; 400.334
0.08736; 400.369
0.08762; 400.408
0.08788; 400.451
0.08814; 400.497
0.0884; 400.547
0.08866; 400.602
0.08892; 400.661
0.08918; 400.726
0.08944; 400.796
0.0897; 400.872
0.08996; 400.954
0.09022; 401.042
0.09048; 401.138
0.09074; 401.241
0.091; 401.352
0.09126; 401.471
0.09152; 401.598
0.09178; 401.735
0.09204; 401.882
0.0923; 402.038
0.09256; 402.205
0.09282; 402.384
0.09308; 402.574
0.09334; 402.776
0.0936; 402.99
0.09386; 403.218
0.09412; 403.459
0.09438; 403.714
0.09464; 403.984
0.0949; 404.269
0.09516; 404.569
0.09542; 404.885
0.09568; 405.216
0.09594; 405.565
0.0962; 405.93
0.09646; 406.313
0.09672; 406.713
0.09698; 407.13
0.09724; 407.566
0.0975; 408.019
0.09776; 408.491
0.09802; 408.98
0.09828; 409.488
0.09854; 410.014
0.0988; 410.558
0.09906; 411.12
0.09932; 411.7
0.09958; 412.297
0.09984; 412.911
0.1001; 413.541
0.10036; 414.188
0.10062; 414.85
0.10088; 415.528
0.10114; 416.219
0.1014; 416.924
0.10166; 417.642
0.10192; 418.372
0.10218; 419.112
0.10244; 419.863
0.1027; 420.622
0.10296; 421.389
0.10322; 422.163
0.10348; 422.943
0.10374; 423.726
0.104; 424.512
0.10426; 425.3
0.10452; 426.087
0.10478; 426.873
0.10504; 427.657
0.1053; 428.436
0.10556; 429.209
0.10582; 429.975
0.10608; 430.732
0.10634; 431.479
0.1066; 432.213
0.10686; 432.935
0.10712; 433.641
0.10738; 434.331
0.10764; 435.004
0.1079; 435.657
0.10816; 436.289
0.10842; 436.9
0.10868; 437.488
0.10894; 438.051
0.1092; 438.589
0.10946; 439.1
0.10972; 439.584
0.10998; 440.039
0.11024; 440.465
0.1105; 440.861
0.11076; 441.226
0.11102; 441.56
0.11128; 441.863
0.11154; 442.132
0.1118; 442.37
0.11206; 442.574
0.11232; 442.746
0.11258; 442.884
0.11284; 442.989
0.1131; 443.062
0.11336; 443.101
0.11362; 443.108
0.11388; 443.083
0.11414; 443.025
0.1144; 442.937
0.11466; 442.817
0.11492; 442.668
0.11518; 442.489
0.11544; 442.283
0.1157; 442.048
0.11596; 441.788
0.11622; 441.503
0.11648; 441.194
0.11674; 440.863
0.117; 440.511
0.11726; 440.14
0.11752; 439.752
0.11778; 439.348
0.11804; 438.931
0.1183; 438.502
0.11856; 438.064
0.11882; 437.619
0.11908; 437.169
0.11934; 436.716
0.1196; 436.262
0.11986; 435.81
0.12012; 435.363
0.12038; 434.922
0.12064; 434.491
0.1209; 434.07
0.12116; 433.663
0.12142; 433.272
0.12168; 432.899
0.12194; 432.546
0.1222; 432.214
0.12246; 431.907
0.12272; 431.625
0.12298; 431.37
0.12324; 431.144
0.1235; 430.947
0.12376; 430.782
0.12402; 430.648
0.12428; 430.547
0.12454; 430.48
0.1248; 430.446
