0.00026; 0
0.00052; 0
0.00078; 0
0.00104; 0
0.0013; 0
0.00156; 0
0.00182; 0
0.00208; 0
0.00234; 0
0.0026; 0
0.00286; 0
0.00312; 0
0.00338; 0
0.00364; 0
0.0039; 0
0.00416; 0
0.00442; 0
0.00468; 0
0.00494; 0
0.0052; 0
0.00546; 0
0.00572; 0
0.00598; 0
0.00624; 0
0.0065; 0
0.00676; 0
0.00702; 0
0.00728; 0
0.00754; 0
0.0078; 0
0.00806; 0
0.00832; 0
0.00858; 0
0.00884; 0
0.0091; 0
0.00936; 0
0.00962; 0
0.00988; 0
0.01014; 0
0.0104; 0
0.01066; 0
0.01092; 0
0.01118; 0
0.01144; 0
0.0117; 0
0.01196; 0
0.01222; 0
0.01248; 0
0.01274; 0
0.013; 0
0.01326; 0
0.01352; 0
0.01378; 0
0.01404; 0
0.0143; 0
0.01456; 0
0.01482; 0
0.01508; 0
0.01534; 0
0.0156; 0
0.01586; 0
0.01612; 0
0.01638; 0
0.01664; 0
0.0169; 0
0.01716; 0
0.01742; 0
0.01768; 0
0.01794; 0
0.0182; 0
0.01846; 0
0.01872; 0
0.01898; 0
0.01924; 0
0.0195; 0
0.01976; 0
0.02002; 0
0.02028; 0
0.02054; 0
0.0208; 0
0.02106; 0
0.02132; 0
0.02158; 0
0.02184; 0
0.0221; 0
0.02236; 0
0.02262; 0
0.02288; 0
0.02314; 0
0.0234; 0
0.02366; 0
0.02392; 0
0.02418; 0
0.02444; 0
0.0247; 0
0.02496; 0
0.02522; 0
0.02548; 0
0.02574; 0
0.026; 0
0.02626; 0
0.02652; 0
0.02678; 0
0.02704; 0
0.0273; 0
0.02756; 0
0.02782; 0
0.02808; 0
0.02834; 0
0.0286; 0
0.02886; 0
0.02912; 0
0.02938; 0
0.02964; 0
0.0299; 0
0.03016; 0
0.03042; 0
0.03068; 0
0.03094; 0
0.0312; 0
0.03146; 0
0.03172; 0
0.03198; 0
0.03224; 0
0.0325; 0
0.03276; 879.631
0.03302; 879.628
0.03328; 879.608
0.03354; 879.585
0.0338; 879.546
0.03406; 879.504
0.03432; 879.445
0.03458; 879.384
0.03484; 879.305
0.0351; 879.224
0.03536; 879.127
0.03562; 879.026
0.03588; 878.909
0.03614; 878.789
0.0364; 878.653
0.03666; 878.513
0.03692; 878.357
0.03718; 878.197
0.03744; 878.021
0.0377; 877.842
0.03796; 877.646
0.03822; 877.446
0.03848; 877.23
0.03874; 877.01
0.039; 876.773
0.03926; 876.533
0.03952; 876.276
0.03978; 876.015
0.04004; 875.736
0.0403; 875.455
0.04056; 875.155
0.04082; 874.853
0.04108; 874.532
0.04134; 874.208
0.0416; 873.866
0.04186; 873.521
0.04212; 873.158
0.04238; 872.79
0.04264; 872.405
0.0429; 872.016
0.04316; 871.609
0.04342; 871.197
0.04368; 870.768
0.04394; 870.334
0.0442; 869.882
0.04446; 869.426
0.04472; 868.951
0.04498; 868.472
0.04524; 867.974
0.0455; 867.471
0.04576; 866.951
0.04602; 866.424
0.04628; 865.88
0.04654; 865.329
0.0468; 864.761
0.04706; 864.186
0.04732; 863.593
0.04758; 862.993
0.04784; 862.376
0.0481; 861.751
0.04836; 861.109
0.04862; 860.459
0.04888; 859.791
0.04914; 859.115
0.0494; 858.421
0.04966; 857.719
0.04992; 856.999
0.05018; 856.27
0.05044; 855.523
0.0507; 854.766
0.05096; 853.992
0.05122; 853.208
0.05148; 852.405
0.05174; 851.593
0.052; 850.762
0.05226; 849.921
0.05252; 849.061
0.05278; 848.19
0.05304; 847.3
0.0533; 846.399
0.05356; 845.478
0.05382; 844.546
0.05408; 843.595
0.05434; 842.631
0.0546; 841.647
0.05486; 840.651
0.05512; 839.634
0.05538; 838.605
0.05564; 837.554
0.0559; 836.491
0.05616; 835.406
0.05642; 834.307
0.05668; 833.186
0.05694; 832.051
0.0572; 830.894
0.05746; 829.721
0.05772; 828.526
0.05798; 827.316
0.05824; 826.082
0.0585; 824.832
0.05876; 823.558
0.05902; 822.267
0.05928; 820.952
0.05954; 819.619
0.0598; 818.261
0.06006; 816.885
0.06032; 815.484
0.06058; 814.063
0.06084; 812.617
0.0611; 811.15
0.06136; 809.658
0.06162; 808.144
0.06188; 806.603
0.06214; 805.041
0.0624; 803.452
0.06266; 801.84
0.06292; 800.201
0.06318; 798.539
0.06344; 796.848
0.0637; 795.134
0.06396; 793.392
0.06422; 791.626
0.06448; 789.831
0.06474; 788.012
0.065; 786.165
0.06526; 784.294
0.06552; 782.394
0.06578; 780.47
0.06604; 778.519
0.0663; 776.544
0.06656; 774.543
0.06682; 772.518
0.06708; 770.469
0.06734; 768.398
0.0676; 766.303
0.06786; 764.189
0.06812; 762.053
0.06838; 759.9
0.06864; 757.728
0.0689; 755.541
0.06916; 753.339
0.06942; 751.124
0.06968; 748.898
0.06994; 746.663
0.0702; 744.421
0.07046; 742.172
0.07072; 739.921
0.07098; 737.667
0.07124; 735.414
0.0715; 733.163
0.07176; 730.916
0.07202; 728.673
0.07228; 726.439
0.07254; 724.212
0.0728; 721.997
0.07306; 719.791
0.07332; 717.6
0.07358; 715.421
0.07384; 713.257
0.0741; 711.108
0.07436; 708.977
0.07462; 706.862
0.07488; 704.765
0.07514; 702.685
0.0754; 700.625
0.07566; 698.583
0.07592; 696.561
0.07618; 694.557
0.07644; 692.575
0.0767; 690.611
0.07696; 688.668
0.07722; 686.743
0.07748; 684.841
0.07774; 682.956
0.078; 681.094
0.07826; 679.249
0.07852; 677.426
0.07878; 675.621
0.07904; 673.838
0.0793; 672.072
0.07956; 670.328
0.07982; 668.601
0.08008; 666.896
0.08034; 665.207
0.0806; 663.541
0.08086; 661.89
0.08112; 660.262
0.08138; 658.649
0.08164; 657.058
0.0819; 655.481
0.08216; 653.928
0.08242; 652.388
0.08268; 650.871
0.08294; 649.367
0.0832; 647.886
0.08346; 646.418
0.08372; 644.973
0.08398; 643.54
0.08424; 642.13
0.0845; 640.733
0.08476; 639.357
0.08502; 637.995
0.08528; 636.654
0.08554; 635.326
0.0858; 634.02
0.08606; 632.725
0.08632; 631.453
0.08658; 630.193
0.08684; 628.955
0.0871; 627.729
0.08736; 626.525
0.08762; 625.332
0.08788; 624.162
0.08814; 623.003
0.0884; 621.866
0.08866; 620.74
0.08892; 619.637
0.08918; 618.544
0.08944; 617.474
0.0897; 616.414
0.08996; 615.377
0.09022; 614.35
0.09048; 613.346
0.09074; 612.353
0.091; 611.382
0.09126; 610.421
0.09152; 609.483
0.09178; 608.555
0.09204; 607.65
0.0923; 606.755
0.09256; 605.883
0.09282; 605.021
0.09308; 604.182
0.09334; 603.352
0.0936; 602.546
0.09386; 601.75
0.09412; 600.976
0.09438; 600.213
0.09464; 599.472
0.0949; 598.742
0.09516; 598.034
0.09542; 597.336
0.09568; 596.662
0.09594; 595.997
0.0962; 595.355
0.09646; 594.722
0.09672; 594.113
0.09698; 593.514
0.09724; 592.937
0.0975; 592.37
0.09776; 591.827
0.09802; 591.293
0.09828; 590.782
0.09854; 590.28
0.0988; 589.802
0.09906; 589.333
0.09932; 588.888
0.09958; 588.451
0.09984; 588.038
0.1001; 587.634
0.10036; 587.254
0.10062; 586.882
0.10088; 586.535
0.10114; 586.195
0.1014; 585.88
0.10166; 585.573
0.10192; 585.29
0.10218; 585.015
0.10244; 584.764
0.1027; 584.521
0.10296; 584.302
0.10322; 584.089
0.10348; 583.904
0.10374; 583.723
0.104; 583.569
0.10426; 583.421
0.10452; 583.298
0.10478; 583.18
0.10504; 583.089
0.1053; 583.002
0.10556; 582.94
0.10582; 582.882
0.10608; 582.845
0.10634; 582.81
0.1066; 0
0.10686; 0
0.10712; 0
0.10738; 0
0.10764; 0
0.1079; 0
0.10816; 0
0.10842; 0
0.10868; 0
0.10894; 0
0.1092; 0
0.10946; 0
0.10972; 0
0.10998; 0
0.11024; 0
0.1105; 0
0.11076; 0
0.11102; 0
0.11128; 0
0.11154; 0
0.1118; 0
0.11206; 0
0.11232; 0
0.11258; 0
0.11284; 0
0.1131; 0
0.11336; 0
0.11362; 0
0.11388; 0
0.11414; 0
0.1144; 0
0.11466; 0
0.11492; 0
0.11518; 0
0.11544; 0
0.1157; 0
0.11596; 0
0.11622; 0
0.11648; 0
0.11674; 0
0.117; 0
0.11726; 0
0.11752; 0
0.11778; 0
0.11804; 0
0.1183; 0
0.11856; 0
0.11882; 0
0.11908; 0
0.11934; 0
0.1196; 0
0.11986; 0
0.12012; 0
0.12038; 0
0.12064; 0
0.1209; 0
0.12116; 0
0.12142; 0
0.12168; 0
0.12194; 0
0.1222; 0
0.12246; 0
0.12272; 0
0.12298; 0
0.12324; 0
0.1235; 0
0.12376; 0
0.12402; 0
0.12428; 0
0.12454; 0
0.1248; 0
