0.00026; 0
0.00052; 0
0.00078; 0
0.00104; 0
0.0013; 0
0.00156; 0
0.00182; 0
0.00208; 0
0.00234; 0
0.0026; 0
0.00286; 0
0.00312; 0
0.00338; 0
0.00364; 0
0.0039; 0
0.00416; 0
0.00442; 0
0.00468; 0
0.00494; 0
0.0052; 0
0.00546; 0
0.00572; 0
0.00598; 0
0.00624; 0
0.0065; 0
0.00676; 0
0.00702; 0
0.00728; 0
0.00754; 0
0.0078; 0
0.00806; 0
0.00832; 0
0.00858; 0
0.00884; 0
0.0091; 0
0.00936; 0
0.00962; 0
0.00988; 0
0.01014; 0
0.0104; 0
0.01066; 0
0.01092; 0
0.01118; 0
0.01144; 0
0.0117; 0
0.01196; 0
0.01222; 0
0.01248; 0
0.01274; 0
0.013; 0
0.01326; 0
0.01352; 0
0.01378; 0
0.01404; 0
0.0143; 0
0.01456; 0
0.01482; 0
0.01508; 0
0.01534; 0
0.0156; 0
0.01586; 0
0.01612; 0
0.01638; 0
0.01664; 0
0.0169; 0
0.01716; 0
0.01742; 0
0.01768; 0
0.01794; 0
0.0182; 0
0.01846; 0
0.01872; 0
0.01898; 0
0.01924; 0
0.0195; 0
0.01976; 0
0.02002; 0
0.02028; 0
0.02054; 0
0.0208; 0
0.02106; 0
0.02132; 0
0.02158; 0
0.02184; 0
0.0221; 0
0.02236; 0
0.02262; 0
0.02288; 0
0.02314; 0
0.0234; 0
0.02366; 0
0.02392; 0
0.02418; 0
0.02444; 0
0.0247; 0
0.02496; 0
0.02522; 0
0.02548; 0
0.02574; 0
0.026; 0
0.02626; 0
0.02652; 0
0.02678; 0
0.02704; 0
0.0273; 0
0.02756; 0
0.02782; 0
0.02808; 0
0.02834; 0
0.0286; 0
0.02886; 0
0.02912; 0
0.02938; 0
0.02964; 0
0.0299; 0
0.03016; 0
0.03042; 0
0.03068; 0
0.03094; 0
0.0312; 0
0.03146; 0
0.03172; 0
0.03198; 0
0.03224; 0
0.0325; 0
0.03276; 877.613
0.03302; 877.607
0.03328; 877.591
0.03354; 877.565
0.0338; 877.53
0.03406; 877.485
0.03432; 877.43
0.03458; 877.366
0.03484; 877.292
0.0351; 877.209
0.03536; 877.116
0.03562; 877.013
0.03588; 876.901
0.03614; 876.779
0.0364; 876.647
0.03666; 876.506
0.03692; 876.355
0.03718; 876.194
0.03744; 876.023
0.0377; 875.843
0.03796; 875.652
0.03822; 875.452
0.03848; 875.242
0.03874; 875.022
0.039; 874.791
0.03926; 874.551
0.03952; 874.3
0.03978; 874.039
0.04004; 873.768
0.0403; 873.487
0.04056; 873.195
0.04082; 872.893
0.04108; 872.58
0.04134; 872.257
0.0416; 871.923
0.04186; 871.579
0.04212; 871.224
0.04238; 870.858
0.04264; 870.482
0.0429; 870.095
0.04316; 869.696
0.04342; 869.287
0.04368; 868.867
0.04394; 868.436
0.0442; 867.994
0.04446; 867.54
0.04472; 867.076
0.04498; 866.599
0.04524; 866.112
0.0455; 865.613
0.04576; 865.103
0.04602; 864.58
0.04628; 864.047
0.04654; 863.501
0.0468; 862.943
0.04706; 862.374
0.04732; 861.792
0.04758; 861.199
0.04784; 860.593
0.0481; 859.975
0.04836; 859.344
0.04862; 858.701
0.04888; 858.045
0.04914; 857.376
0.0494; 856.695
0.04966; 856
0.04992; 855.293
0.05018; 854.572
0.05044; 853.838
0.0507; 853.091
0.05096; 852.33
0.05122; 851.555
0.05148; 850.767
0.05174; 849.964
0.052; 849.147
0.05226; 848.316
0.05252; 847.471
0.05278; 846.611
0.05304; 845.736
0.0533; 844.846
0.05356; 843.941
0.05382; 843.021
0.05408; 842.085
0.05434; 841.133
0.0546; 840.167
0.05486; 839.183
0.05512; 838.184
0.05538; 837.167
0.05564; 836.134
0.0559; 835.084
0.05616; 834.017
0.05642; 832.932
0.05668; 831.83
0.05694; 830.71
0.0572; 829.572
0.05746; 828.414
0.05772; 827.239
0.05798; 826.044
0.05824; 824.831
0.0585; 823.597
0.05876; 822.345
0.05902; 821.071
0.05928; 819.778
0.05954; 818.463
0.0598; 817.128
0.06006; 815.77
0.06032; 814.392
0.06058; 812.991
0.06084; 811.569
0.0611; 810.123
0.06136; 808.654
0.06162; 807.162
0.06188; 805.647
0.06214; 804.107
0.0624; 802.544
0.06266; 800.956
0.06292; 799.344
0.06318; 797.706
0.06344; 796.043
0.0637; 794.355
0.06396; 792.641
0.06422; 790.902
0.06448; 789.137
0.06474; 787.345
0.065; 785.529
0.06526; 783.686
0.06552; 781.818
0.06578; 779.924
0.06604; 778.005
0.0663; 776.061
0.06656; 774.093
0.06682; 772.1
0.06708; 770.085
0.06734; 768.047
0.0676; 765.987
0.06786; 763.907
0.06812; 761.807
0.06838; 759.688
0.06864; 757.553
0.0689; 755.402
0.06916; 753.237
0.06942; 751.059
0.06968; 748.871
0.06994; 746.673
0.0702; 744.469
0.07046; 742.259
0.07072; 740.046
0.07098; 737.831
0.07124; 735.616
0.0715; 733.404
0.07176; 731.195
0.07202; 728.992
0.07228; 726.796
0.07254; 724.609
0.0728; 722.432
0.07306; 720.266
0.07332; 718.112
0.07358; 715.972
0.07384; 713.847
0.0741; 711.737
0.07436; 709.643
0.07462; 707.567
0.07488; 705.507
0.07514; 703.466
0.0754; 701.442
0.07566; 699.438
0.07592; 697.453
0.07618; 695.487
0.07644; 693.54
0.0767; 691.613
0.07696; 689.705
0.07722; 687.818
0.07748; 685.949
0.07774; 684.101
0.078; 682.272
0.07826; 680.464
0.07852; 678.674
0.07878; 676.905
0.07904; 675.154
0.0793; 673.424
0.07956; 671.711
0.07982; 670.019
0.08008; 668.345
0.08034; 666.691
0.0806; 665.055
0.08086; 663.439
0.08112; 661.839
0.08138; 660.26
0.08164; 658.698
0.0819; 657.155
0.08216; 655.629
0.08242; 654.122
0.08268; 652.632
0.08294; 651.162
0.0832; 649.707
0.08346; 648.272
0.08372; 646.852
0.08398; 645.452
0.08424; 644.067
0.0845; 642.701
0.08476; 641.351
0.08502; 640.019
0.08528; 638.703
0.08554; 637.405
0.0858; 636.123
0.08606; 634.859
0.08632; 633.61
0.08658; 632.379
0.08684; 631.163
0.0871; 629.966
0.08736; 628.784
0.08762; 627.62
0.08788; 626.47
0.08814; 625.339
0.0884; 624.222
0.08866; 623.124
0.08892; 622.039
0.08918; 620.974
0.08944; 619.922
0.0897; 618.889
0.08996; 617.87
0.09022; 616.87
0.09048; 615.883
0.09074; 614.915
0.091; 613.961
0.09126; 613.026
0.09152; 612.104
0.09178; 611.2
0.09204; 610.311
0.0923; 609.44
0.09256; 608.582
0.09282; 607.744
0.09308; 606.918
0.09334; 606.111
0.0936; 605.318
0.09386; 604.544
0.09412; 603.783
0.09438; 603.04
0.09464; 602.312
0.0949; 601.602
0.09516; 600.905
0.09542; 600.227
0.09568; 599.563
0.09594; 598.917
0.0962; 598.285
0.09646; 597.671
0.09672; 597.071
0.09698; 596.489
0.09724; 595.921
0.0975; 595.371
0.09776; 594.834
0.09802; 594.317
0.09828; 593.811
0.09854; 593.326
0.0988; 592.853
0.09906; 592.4
0.09932; 591.958
0.09958; 591.538
0.09984; 591.128
0.1001; 590.739
0.10036; 590.361
0.10062; 590.004
0.10088; 589.658
0.10114; 589.333
0.1014; 589.018
0.10166; 588.725
0.10192; 588.441
0.10218; 588.179
0.10244; 587.927
0.1027; 587.696
0.10296; 587.476
0.10322; 587.276
0.10348; 587.086
0.10374; 586.918
0.104; 586.759
0.10426; 586.622
0.10452; 586.494
0.10478; 586.387
0.10504; 586.29
0.1053; 586.213
0.10556; 586.145
0.10582; 586.095
0.10608; 586.052
0.10634; 586.025
0.1066; 0
0.10686; 0
0.10712; 0
0.10738; 0
0.10764; 0
0.1079; 0
0.10816; 0
0.10842; 0
0.10868; 0
0.10894; 0
0.1092; 0
0.10946; 0
0.10972; 0
0.10998; 0
0.11024; 0
0.1105; 0
0.11076; 0
0.11102; 0
0.11128; 0
0.11154; 0
0.1118; 0
0.11206; 0
0.11232; 0
0.11258; 0
0.11284; 0
0.1131; 0
0.11336; 0
0.11362; 0
0.11388; 0
0.11414; 0
0.1144; 0
0.11466; 0
0.11492; 0
0.11518; 0
0.11544; 0
0.1157; 0
0.11596; 0
0.11622; 0
0.11648; 0
0.11674; 0
0.117; 0
0.11726; 0
0.11752; 0
0.11778; 0
0.11804; 0
0.1183; 0
0.11856; 0
0.11882; 0
0.11908; 0
0.11934; 0
0.1196; 0
0.11986; 0
0.12012; 0
0.12038; 0
0.12064; 0
0.1209; 0
0.12116; 0
0.12142; 0
0.12168; 0
0.12194; 0
0.1222; 0
0.12246; 0
0.12272; 0
0.12298; 0
0.12324; 0
0.1235; 0
0.12376; 0
0.12402; 0
0.12428; 0
0.12454; 0
0.1248; 0
