0.00026; 471.408
0.00052; 471.423
0.00078; 471.421
0.00104; 471.441
0.0013; 471.457
0.00156; 471.493
0.00182; 471.524
0.00208; 471.576
0.00234; 471.623
0.0026; 471.691
0.00286; 471.754
0.00312; 471.838
0.00338; 471.916
0.00364; 472.016
0.0039; 472.11
0.00416; 472.225
0.00442; 472.335
0.00468; 472.466
0.00494; 472.592
0.0052; 472.738
0.00546; 472.88
0.00572; 473.042
0.00598; 473.2
0.00624; 473.378
0.0065; 473.551
0.00676; 473.745
0.00702; 473.934
0.00728; 474.144
0.00754; 474.349
0.0078; 474.574
0.00806; 474.795
0.00832; 475.036
0.00858; 475.272
0.00884; 475.529
0.0091; 475.781
0.00936; 476.053
0.00962; 476.321
0.00988; 476.608
0.01014; 476.892
0.0104; 477.195
0.01066; 477.494
0.01092; 477.813
0.01118; 478.128
0.01144; 478.462
0.0117; 478.792
0.01196; 479.142
0.01222; 479.488
0.01248; 479.853
0.01274; 480.214
0.013; 480.596
0.01326; 480.972
0.01352; 481.369
0.01378; 481.761
0.01404; 482.173
0.0143; 482.581
0.01456; 483.008
0.01482; 483.431
0.01508; 483.875
0.01534; 484.313
0.0156; 484.771
0.01586; 485.225
0.01612; 485.699
0.01638; 486.168
0.01664; 486.658
0.0169; 487.142
0.01716; 487.647
0.01742; 488.147
0.01768; 488.667
0.01794; 489.182
0.0182; 489.718
0.01846; 490.249
0.01872; 490.8
0.01898; 491.345
0.01924; 491.912
0.0195; 492.473
0.01976; 493.054
0.02002; 493.631
0.02028; 494.228
0.02054; 494.819
0.0208; 495.431
0.02106; 496.038
0.02132; 496.665
0.02158; 497.287
0.02184; 497.93
0.0221; 498.567
0.02236; 499.224
0.02262; 499.876
0.02288; 500.549
0.02314; 501.216
0.0234; 501.904
0.02366; 502.586
0.02392; 503.289
0.02418; 503.986
0.02444; 504.704
0.0247; 505.416
0.02496; 506.149
0.02522; 506.876
0.02548; 507.624
0.02574; 508.366
0.026; 509.129
0.02626; 509.886
0.02652; 510.663
0.02678; 511.435
0.02704; 512.227
0.0273; 513.014
0.02756; 513.821
0.02782; 514.623
0.02808; 515.445
0.02834; 516.262
0.0286; 517.098
0.02886; 517.93
0.02912; 518.781
0.02938; 519.627
0.02964; 520.493
0.0299; 521.353
0.03016; 522.234
0.03042; 523.109
0.03068; 524.004
0.03094; 524.894
0.0312; 525.803
0.03146; 526.707
0.03172; 527.631
0.03198; 528.55
0.03224; 529.488
0.0325; 530.422
0.03276; 531.374
0.03302; 532.322
0.03328; 533.289
0.03354; 534.251
0.0338; 535.232
0.03406; 536.209
0.03432; 537.204
0.03458; 538.195
0.03484; 539.205
0.0351; 540.21
0.03536; 541.234
0.03562; 542.253
0.03588; 543.291
0.03614; 544.324
0.0364; 545.377
0.03666; 546.424
0.03692; 547.49
0.03718; 548.551
0.03744; 549.632
0.0377; 550.707
0.03796; 551.801
0.03822; 552.891
0.03848; 553.999
0.03874; 555.102
0.039; 556.224
0.03926; 557.341
0.03952; 558.477
0.03978; 559.607
0.04004; 560.757
0.0403; 561.901
0.04056; 563.064
0.04082; 564.223
0.04108; 565.399
0.04134; 566.571
0.0416; 567.761
0.04186; 568.947
0.04212; 570.15
0.04238; 571.349
0.04264; 572.566
0.0429; 573.778
0.04316; 575.009
0.04342; 576.234
0.04368; 577.478
0.04394; 578.717
0.0442; 579.974
0.04446; 581.226
0.04472; 582.496
0.04498; 583.762
0.04524; 585.045
0.0455; 586.323
0.04576; 587.619
0.04602; 588.911
0.04628; 590.22
0.04654; 591.524
0.0468; 592.846
0.04706; 594.164
0.04732; 595.499
0.04758; 596.829
0.04784; 598.177
0.0481; 599.52
0.04836; 600.88
0.04862; 602.236
0.04888; 603.609
0.04914; 604.978
0.0494; 606.363
0.04966; 607.745
0.04992; 609.143
0.05018; 610.537
0.05044; 611.947
0.0507; 613.353
0.05096; 614.776
0.05122; 616.195
0.05148; 617.63
0.05174; 619.061
0.052; 620.509
0.05226; 621.952
0.05252; 623.411
0.05278; 624.867
0.05304; 626.339
0.0533; 627.806
0.05356; 629.29
0.05382; 630.77
0.05408; 632.265
0.05434; 633.757
0.0546; 635.264
0.05486; 636.767
0.05512; 638.286
0.05538; 639.802
0.05564; 641.332
0.0559; 642.859
0.05616; 644.402
0.05642; 645.94
0.05668; 647.494
0.05694; 649.044
0.0572; 650.609
0.05746; 652.17
0.05772; 653.746
0.05798; 655.319
0.05824; 656.907
0.0585; 658.49
0.05876; 660.089
0.05902; 661.684
0.05928; 663.294
0.05954; 664.9
0.0598; 666.521
0.06006; 668.138
0.06032; 669.77
0.06058; 671.398
0.06084; 673.04
0.0611; 674.679
0.06136; 676.332
0.06162; 677.981
0.06188; 679.645
0.06214; 681.305
0.0624; 682.979
0.06266; 684.65
0.06292; 686.334
0.06318; 688.015
0.06344; 689.71
0.0637; 691.401
0.06396; 693.106
0.06422; 694.807
0.06448; 696.522
0.06474; 698.234
0.065; 699.959
0.06526; 701.68
0.06552; 703.415
0.06578; 705.146
0.06604; 706.891
0.0663; 708.632
0.06656; 710.386
0.06682; 712.137
0.06708; 713.901
0.06734; 715.662
0.0676; 717.435
0.06786; 719.205
0.06812; 720.988
0.06838; 722.767
0.06864; 724.559
0.0689; 726.347
0.06916; 728.148
0.06942; 729.946
0.06968; 731.756
0.06994; 733.563
0.0702; 735.382
0.07046; 737.198
0.07072; 739.026
0.07098; 740.85
0.07124; 742.687
0.0715; 744.52
0.07176; 746.365
0.07202; 748.207
0.07228; 750.061
0.07254; 751.911
0.0728; 753.773
0.07306; 755.632
0.07332; 757.503
0.07358; 759.37
0.07384; 761.248
0.0741; 763.124
0.07436; 765.01
0.07462; 766.893
0.07488; 768.788
0.07514; 770.679
0.0754; 772.581
0.07566; 774.48
0.07592; 776.39
0.07618; 778.297
0.07644; 780.214
0.0767; 782.128
0.07696; 784.053
0.07722; 785.974
0.07748; 787.906
0.07774; 789.835
0.078; 791.774
0.07826; 793.711
0.07852; 795.657
0.07878; 797.6
0.07904; 799.553
0.0793; 801.504
0.07956; 803.464
0.07982; 805.421
0.08008; 807.387
0.08034; 809.352
0.0806; 811.324
0.08086; 813.295
0.08112; 815.274
0.08138; 817.251
0.08164; 819.237
0.0819; 821.22
0.08216; 823.212
0.08242; 825.202
0.08268; 827.199
0.08294; 829.195
0.0832; 831.199
0.08346; 833.2
0.08372; 835.21
0.08398; 837.217
0.08424; 839.232
0.0845; 841.245
0.08476; 843.266
0.08502; 845.285
0.08528; 847.311
0.08554; 849.335
0.0858; 851.366
0.08606; 853.395
0.08632; 855.431
0.08658; 857.466
0.08684; 859.507
0.0871; 861.547
0.08736; 863.592
0.08762; 865.637
0.08788; 867.688
0.08814; 869.737
0.0884; 871.792
0.08866; 873.846
0.08892; 875.905
0.08918; 877.964
0.08944; 880.028
0.0897; 882.09
0.08996; 884.158
0.09022; 886.225
0.09048; 888.297
0.09074; 890.368
0.091; 892.444
0.09126; 894.518
0.09152; 896.598
0.09178; 898.677
0.09204; 900.76
0.0923; 902.842
0.09256; 904.929
0.09282; 907.015
0.09308; 909.105
0.09334; 911.194
0.0936; 913.287
0.09386; 915.379
0.09412; 917.476
0.09438; 919.571
0.09464; 921.67
0.0949; 923.768
0.09516; 925.87
0.09542; 927.972
0.09568; 930.076
0.09594; 932.18
0.0962; 934.287
0.09646; 936.393
0.09672; 938.503
0.09698; 940.611
0.09724; 942.723
0.0975; 944.834
0.09776; 946.947
0.09802; 949.06
0.09828; 951.176
0.09854; 953.291
0.0988; 955.408
0.09906; 957.525
0.09932; 959.644
0.09958; 961.762
0.09984; 963.882
0.1001; 966.002
0.10036; 968.124
0.10062; 970.245
0.10088; 972.368
0.10114; 974.491
0.1014; 976.615
0.10166; 978.738
0.10192; 980.863
0.10218; 982.988
0.10244; 985.113
0.1027; 987.239
0.10296; 989.365
0.10322; 991.491
0.10348; 993.618
0.10374; 995.745
0.104; 997.872
0.10426; 1000
0.10452; 1000
0.10478; 1000
0.10504; 1000
0.1053; 1000
0.10556; 1000
0.10582; 1000
0.10608; 1000
0.10634; 1000
0.1066; 1000
0.10686; 1000
0.10712; 1000
0.10738; 1000
0.10764; 1000
0.1079; 1000
0.10816; 1000
0.10842; 1000
0.10868; 1000
0.10894; 1000
0.1092; 1000
0.10946; 1000
0.10972; 1000
0.10998; 1000
0.11024; 1000
0.1105; 1000
0.11076; 1000
0.11102; 1000
0.11128; 1000
0.11154; 1000
0.1118; 1000
0.11206; 1000
0.11232; 1000
0.11258; 1000
0.11284; 1000
0.1131; 1000
0.11336; 1000
0.11362; 1000
0.11388; 1000
0.11414; 1000
0.1144; 1000
0.11466; 1000
0.11492; 1000
0.11518; 1000
0.11544; 1000
0.1157; 1000
0.11596; 1000
0.11622; 1000
0.11648; 1000
0.11674; 1000
0.117; 1000
0.11726; 1000
0.11752; 1000
0.11778; 1000
0.11804; 1000
0.1183; 1000
0.11856; 1000
0.11882; 1000
0.11908; 1000
0.11934; 1000
0.1196; 1000
0.11986; 1000
0.12012; 1000
0.12038; 1000
0.12064; 1000
0.1209; 1000
0.12116; 1000
0.12142; 1000
0.12168; 1000
0.12194; 1000
0.1222; 1000
0.12246; 1000
0.12272; 1000
0.12298; 1000
0.12324; 1000
0.1235; 1000
0.12376; 1000
0.12402; 1000
0.12428; 1000
0.12454; 1000
0.1248; 1000
