0.00026; 0
0.00052; 0
0.00078; 0
0.00104; 0
0.0013; 0
0.00156; 0
0.00182; 0
0.00208; 0
0.00234; 0
0.0026; 0
0.00286; 0
0.00312; 0
0.00338; 0
0.00364; 0
0.0039; 0
0.00416; 0
0.00442; 0
0.00468; 0
0.00494; 0
0.0052; 0
0.00546; 0
0.00572; 0
0.00598; 0
0.00624; 0
0.0065; 0
0.00676; 0
0.00702; 0
0.00728; 0
0.00754; 0
0.0078; 0
0.00806; 0
0.00832; 0
0.00858; 0
0.00884; 0
0.0091; 0
0.00936; 0
0.00962; 0
0.00988; 0
0.01014; 0
0.0104; 0
0.01066; 0
0.01092; 0
0.01118; 0
0.01144; 0
0.0117; 0
0.01196; 0
0.01222; 0
0.01248; 0
0.01274; 0
0.013; 0
0.01326; 0
0.01352; 0
0.01378; 0
0.01404; 0
0.0143; 0
0.01456; 0
0.01482; 0
0.01508; 0
0.01534; 0
0.0156; 0
0.01586; 0
0.01612; 0
0.01638; 0
0.01664; 0
0.0169; 0
0.01716; 0
0.01742; 0
0.01768; 0
0.01794; 0
0.0182; 0
0.01846; 0
0.01872; 0
0.01898; 0
0.01924; 0
0.0195; 0
0.01976; 0
0.02002; 0
0.02028; 0
0.02054; 0
0.0208; 0
0.02106; 0
0.02132; 0
0.02158; 0
0.02184; 0
0.0221; 0
0.02236; 0
0.02262; 0
0.02288; 0
0.02314; 0
0.0234; 0
0.02366; 0
0.02392; 0
0.02418; 0
0.02444; 0
0.0247; 0
0.02496; 0
0.02522; 0
0.02548; 0
0.02574; 0
0.026; 0
0.02626; 0
0.02652; 0
0.02678; 0
0.02704; 0
0.0273; 0
0.02756; 0
0.02782; 0
0.02808; 0
0.02834; 0
0.0286; 0
0.02886; 0
0.02912; 0
0.02938; 0
0.02964; 0
0.0299; 0
0.03016; 0
0.03042; 0
0.03068; 0
0.03094; 0
0.0312; 0
0.03146; 0
0.03172; 0
0.03198; 0
0.03224; 0
0.0325; 0
0.03276; 885.384
0.03302; 885.373
0.03328; 885.36
0.03354; 885.329
0.0338; 885.296
0.03406; 885.245
0.03432; 885.191
0.03458; 885.12
0.03484; 885.046
0.0351; 884.955
0.03536; 884.86
0.03562; 884.749
0.03588; 884.634
0.03614; 884.503
0.0364; 884.368
0.03666; 884.216
0.03692; 884.06
0.03718; 883.887
0.03744; 883.711
0.0377; 883.518
0.03796; 883.32
0.03822; 883.106
0.03848; 882.888
0.03874; 882.653
0.039; 882.414
0.03926; 882.157
0.03952; 881.896
0.03978; 881.619
0.04004; 881.336
0.0403; 881.037
0.04056; 880.733
0.04082; 880.412
0.04108; 880.086
0.04134; 879.743
0.0416; 879.395
0.04186; 879.03
0.04212; 878.659
0.04238; 878.271
0.04264; 877.878
0.0429; 877.467
0.04316; 877.051
0.04342; 876.617
0.04368; 876.178
0.04394; 875.721
0.0442; 875.258
0.04446; 874.777
0.04472; 874.291
0.04498; 873.786
0.04524; 873.276
0.0455; 872.747
0.04576; 872.212
0.04602; 871.659
0.04628; 871.099
0.04654; 870.521
0.0468; 869.937
0.04706; 869.334
0.04732; 868.723
0.04758; 868.095
0.04784; 867.459
0.0481; 866.804
0.04836; 866.141
0.04862; 865.46
0.04888; 864.771
0.04914; 864.063
0.0494; 863.347
0.04966; 862.611
0.04992; 861.867
0.05018; 861.104
0.05044; 860.332
0.0507; 859.54
0.05096; 858.739
0.05122; 857.918
0.05148; 857.088
0.05174; 856.238
0.052; 855.378
0.05226; 854.498
0.05252; 853.607
0.05278; 852.696
0.05304; 851.775
0.0533; 850.832
0.05356; 849.878
0.05382; 848.903
0.05408; 847.916
0.05434; 846.908
0.0546; 845.888
0.05486; 844.846
0.05512; 843.792
0.05538; 842.715
0.05564; 841.625
0.0559; 840.512
0.05616; 839.386
0.05642; 838.237
0.05668; 837.073
0.05694; 835.886
0.0572; 834.684
0.05746; 833.458
0.05772; 832.216
0.05798; 830.951
0.05824; 829.668
0.0585; 828.361
0.05876; 827.036
0.05902; 825.686
0.05928; 824.318
0.05954; 822.924
0.0598; 821.511
0.06006; 820.072
0.06032; 818.613
0.06058; 817.128
0.06084; 815.621
0.0611; 814.088
0.06136; 812.533
0.06162; 810.949
0.06188; 809.344
0.06214; 807.71
0.0624; 806.054
0.06266; 804.368
0.06292; 802.658
0.06318; 800.919
0.06344; 799.156
0.0637; 797.363
0.06396; 795.545
0.06422; 793.697
0.06448; 791.823
0.06474; 789.92
0.065; 787.991
0.06526; 786.032
0.06552; 784.048
0.06578; 782.034
0.06604; 779.995
0.0663; 777.928
0.06656; 775.835
0.06682; 773.716
0.06708; 771.572
0.06734; 769.403
0.0676; 767.212
0.06786; 764.997
0.06812; 762.762
0.06838; 760.506
0.06864; 758.232
0.0689; 755.94
0.06916; 753.633
0.06942; 751.312
0.06968; 748.979
0.06994; 746.636
0.0702; 744.284
0.07046; 741.927
0.07072; 739.565
0.07098; 737.201
0.07124; 734.837
0.0715; 732.475
0.07176; 730.115
0.07202; 727.762
0.07228; 725.415
0.07254; 723.078
0.0728; 720.749
0.07306; 718.434
0.07332; 716.129
0.07358; 713.84
0.07384; 711.565
0.0741; 709.307
0.07436; 707.064
0.07462; 704.841
0.07488; 702.633
0.07514; 700.447
0.0754; 698.277
0.07566; 696.129
0.07592; 693.998
0.07618; 691.891
0.07644; 689.8
0.0767; 687.734
0.07696; 685.684
0.07722; 683.659
0.07748; 681.65
0.07774; 679.666
0.078; 677.7
0.07826; 675.757
0.07852; 673.831
0.07878; 671.93
0.07904; 670.046
0.0793; 668.185
0.07956; 666.341
0.07982; 664.521
0.08008; 662.717
0.08034; 660.937
0.0806; 659.173
0.08086; 657.433
0.08112; 655.708
0.08138; 654.007
0.08164; 652.321
0.0819; 650.659
0.08216; 649.011
0.08242; 647.387
0.08268; 645.777
0.08294; 644.191
0.0832; 642.619
0.08346; 641.07
0.08372; 639.535
0.08398; 638.023
0.08424; 636.525
0.0845; 635.05
0.08476; 633.588
0.08502; 632.15
0.08528; 630.724
0.08554; 629.322
0.0858; 627.932
0.08606; 626.566
0.08632; 625.211
0.08658; 623.881
0.08684; 622.562
0.0871; 621.268
0.08736; 619.984
0.08762; 618.725
0.08788; 617.476
0.08814; 616.253
0.0884; 615.039
0.08866; 613.851
0.08892; 612.673
0.08918; 611.519
0.08944; 610.375
0.0897; 609.256
0.08996; 608.148
0.09022; 607.064
0.09048; 605.99
0.09074; 604.941
0.091; 603.902
0.09126; 602.888
0.09152; 601.883
0.09178; 600.904
0.09204; 599.935
0.0923; 598.99
0.09256; 598.055
0.09282; 597.146
0.09308; 596.245
0.09334; 595.37
0.0936; 594.504
0.09386; 593.664
0.09412; 592.833
0.09438; 592.028
0.09464; 591.231
0.0949; 590.462
0.09516; 589.7
0.09542; 588.965
0.09568; 588.239
0.09594; 587.538
0.0962; 586.847
0.09646; 586.182
0.09672; 585.525
0.09698; 584.894
0.09724; 584.272
0.0975; 583.676
0.09776; 583.088
0.09802; 582.527
0.09828; 581.974
0.09854; 581.447
0.0988; 580.929
0.09906; 580.437
0.09932; 579.954
0.09958; 579.497
0.09984; 579.048
0.1001; 578.626
0.10036; 578.212
0.10062; 577.825
0.10088; 577.445
0.10114; 577.092
0.1014; 576.747
0.10166; 576.429
0.10192; 576.118
0.10218; 575.834
0.10244; 575.557
0.1027; 575.308
0.10296; 575.065
0.10322; 574.85
0.10348; 574.641
0.10374; 574.459
0.104; 574.283
0.10426; 574.135
0.10452; 573.994
0.10478; 573.879
0.10504; 573.771
0.1053; 573.689
0.10556; 573.613
0.10582; 573.561
0.10608; 573.511
0.10634; 573.484
0.1066; 0
0.10686; 0
0.10712; 0
0.10738; 0
0.10764; 0
0.1079; 0
0.10816; 0
0.10842; 0
0.10868; 0
0.10894; 0
0.1092; 0
0.10946; 0
0.10972; 0
0.10998; 0
0.11024; 0
0.1105; 0
0.11076; 0
0.11102; 0
0.11128; 0
0.11154; 0
0.1118; 0
0.11206; 0
0.11232; 0
0.11258; 0
0.11284; 0
0.1131; 0
0.11336; 0
0.11362; 0
0.11388; 0
0.11414; 0
0.1144; 0
0.11466; 0
0.11492; 0
0.11518; 0
0.11544; 0
0.1157; 0
0.11596; 0
0.11622; 0
0.11648; 0
0.11674; 0
0.117; 0
0.11726; 0
0.11752; 0
0.11778; 0
0.11804; 0
0.1183; 0
0.11856; 0
0.11882; 0
0.11908; 0
0.11934; 0
0.1196; 0
0.11986; 0
0.12012; 0
0.12038; 0
0.12064; 0
0.1209; 0
0.12116; 0
0.12142; 0
0.12168; 0
0.12194; 0
0.1222; 0
0.12246; 0
0.12272; 0
0.12298; 0
0.12324; 0
0.1235; 0
0.12376; 0
0.12402; 0
0.12428; 0
0.12454; 0
0.1248; 0
