0.00026; 621.715
0.00052; 621.723
0.00078; 621.724
0.00104; 621.738
0.0013; 621.752
0.00156; 621.777
0.00182; 621.803
0.00208; 621.84
0.00234; 621.877
0.0026; 621.926
0.00286; 621.975
0.00312; 622.035
0.00338; 622.096
0.00364; 622.168
0.0039; 622.24
0.00416; 622.324
0.00442; 622.408
0.00468; 622.504
0.00494; 622.599
0.0052; 622.706
0.00546; 622.814
0.00572; 622.933
0.00598; 623.051
0.00624; 623.182
0.0065; 623.312
0.00676; 623.455
0.00702; 623.597
0.00728; 623.751
0.00754; 623.905
0.0078; 624.071
0.00806; 624.236
0.00832; 624.414
0.00858; 624.591
0.00884; 624.78
0.0091; 624.968
0.00936; 625.169
0.00962; 625.37
0.00988; 625.582
0.01014; 625.794
0.0104; 626.018
0.01066; 626.242
0.01092; 626.477
0.01118; 626.712
0.01144; 626.959
0.0117; 627.206
0.01196; 627.464
0.01222; 627.723
0.01248; 627.993
0.01274; 628.262
0.013; 628.544
0.01326; 628.825
0.01352; 629.118
0.01378; 629.411
0.01404; 629.715
0.0143; 630.019
0.01456; 630.335
0.01482; 630.651
0.01508; 630.978
0.01534; 631.305
0.0156; 631.644
0.01586; 631.982
0.01612; 632.332
0.01638; 632.682
0.01664; 633.043
0.0169; 633.404
0.01716; 633.777
0.01742; 634.149
0.01768; 634.533
0.01794; 634.917
0.0182; 635.312
0.01846; 635.707
0.01872; 636.113
0.01898; 636.519
0.01924; 636.937
0.0195; 637.354
0.01976; 637.783
0.02002; 638.211
0.02028; 638.652
0.02054; 639.091
0.0208; 639.543
0.02106; 639.993
0.02132; 640.456
0.02158; 640.917
0.02184; 641.391
0.0221; 641.863
0.02236; 642.348
0.02262; 642.832
0.02288; 643.327
0.02314; 643.822
0.0234; 644.328
0.02366; 644.834
0.02392; 645.352
0.02418; 645.869
0.02444; 646.397
0.0247; 646.925
0.02496; 647.464
0.02522; 648.002
0.02548; 648.552
0.02574; 649.102
0.026; 649.662
0.02626; 650.223
0.02652; 650.794
0.02678; 651.365
0.02704; 651.948
0.0273; 652.53
0.02756; 653.122
0.02782; 653.715
0.02808; 654.319
0.02834; 654.922
0.0286; 655.536
0.02886; 656.15
0.02912; 656.775
0.02938; 657.399
0.02964; 658.034
0.0299; 658.669
0.03016; 659.315
0.03042; 659.961
0.03068; 660.617
0.03094; 661.273
0.0312; 661.94
0.03146; 662.606
0.03172; 663.283
0.03198; 663.96
0.03224; 664.648
0.0325; 665.335
0.03276; 666.033
0.03302; 666.731
0.03328; 667.439
0.03354; 668.146
0.0338; 668.864
0.03406; 669.582
0.03432; 670.311
0.03458; 671.039
0.03484; 671.778
0.0351; 672.516
0.03536; 673.264
0.03562; 674.013
0.03588; 674.772
0.03614; 675.53
0.0364; 676.299
0.03666; 677.067
0.03692; 677.846
0.03718; 678.624
0.03744; 679.413
0.0377; 680.201
0.03796; 680.999
0.03822; 681.798
0.03848; 682.606
0.03874; 683.414
0.039; 684.232
0.03926; 685.05
0.03952; 685.877
0.03978; 686.705
0.04004; 687.542
0.0403; 688.379
0.04056; 689.226
0.04082; 690.073
0.04108; 690.929
0.04134; 691.785
0.0416; 692.651
0.04186; 693.517
0.04212; 694.392
0.04238; 695.268
0.04264; 696.153
0.0429; 697.037
0.04316; 697.931
0.04342; 698.825
0.04368; 699.728
0.04394; 700.632
0.0442; 701.544
0.04446; 702.457
0.04472; 703.378
0.04498; 704.3
0.04524; 705.231
0.0455; 706.162
0.04576; 707.102
0.04602; 708.042
0.04628; 708.991
0.04654; 709.939
0.0468; 710.898
0.04706; 711.855
0.04732; 712.822
0.04758; 713.789
0.04784; 714.765
0.0481; 715.74
0.04836; 716.725
0.04862; 717.709
0.04888; 718.702
0.04914; 719.695
0.0494; 720.697
0.04966; 721.699
0.04992; 722.71
0.05018; 723.72
0.05044; 724.739
0.0507; 725.758
0.05096; 726.786
0.05122; 727.813
0.05148; 728.849
0.05174; 729.885
0.052; 730.93
0.05226; 731.974
0.05252; 733.027
0.05278; 734.079
0.05304; 735.14
0.0533; 736.201
0.05356; 737.27
0.05382; 738.339
0.05408; 739.416
0.05434; 740.493
0.0546; 741.578
0.05486; 742.663
0.05512; 743.756
0.05538; 744.849
0.05564; 745.95
0.0559; 747.051
0.05616; 748.16
0.05642; 749.269
0.05668; 750.385
0.05694; 751.502
0.0572; 752.626
0.05746; 753.75
0.05772; 754.882
0.05798; 756.014
0.05824; 757.154
0.0585; 758.293
0.05876; 759.44
0.05902; 760.587
0.05928; 761.742
0.05954; 762.896
0.0598; 764.058
0.06006; 765.219
0.06032; 766.389
0.06058; 767.558
0.06084; 768.734
0.0611; 769.911
0.06136; 771.094
0.06162; 772.277
0.06188; 773.468
0.06214; 774.658
0.0624; 775.856
0.06266; 777.054
0.06292; 778.258
0.06318; 779.462
0.06344; 780.674
0.0637; 781.885
0.06396; 783.103
0.06422; 784.321
0.06448; 785.546
0.06474; 786.771
0.065; 788.002
0.06526; 789.233
0.06552; 790.471
0.06578; 791.709
0.06604; 792.954
0.0663; 794.198
0.06656; 795.449
0.06682; 796.7
0.06708; 797.957
0.06734; 799.214
0.0676; 800.478
0.06786; 801.741
0.06812; 803.011
0.06838; 804.28
0.06864; 805.556
0.0689; 806.831
0.06916; 808.113
0.06942; 809.395
0.06968; 810.683
0.06994; 811.97
0.0702; 813.264
0.07046; 814.558
0.07072; 815.857
0.07098; 817.156
0.07124; 818.462
0.0715; 819.767
0.07176; 821.078
0.07202; 822.388
0.07228; 823.704
0.07254; 825.021
0.0728; 826.343
0.07306; 827.664
0.07332; 828.991
0.07358; 830.319
0.07384; 831.651
0.0741; 832.984
0.07436; 834.321
0.07462; 835.659
0.07488; 837.002
0.07514; 838.345
0.0754; 839.692
0.07566; 841.04
0.07592; 842.393
0.07618; 843.746
0.07644; 845.104
0.0767; 846.462
0.07696; 847.824
0.07722; 849.187
0.07748; 850.555
0.07774; 851.922
0.078; 853.294
0.07826; 854.666
0.07852; 856.043
0.07878; 857.42
0.07904; 858.801
0.0793; 860.182
0.07956; 861.568
0.07982; 862.953
0.08008; 864.343
0.08034; 865.733
0.0806; 867.127
0.08086; 868.522
0.08112; 869.92
0.08138; 871.318
0.08164; 872.721
0.0819; 874.123
0.08216; 875.529
0.08242; 876.936
0.08268; 878.346
0.08294; 879.756
0.0832; 881.171
0.08346; 882.585
0.08372; 884.002
0.08398; 885.42
0.08424; 886.842
0.0845; 888.263
0.08476; 889.688
0.08502; 891.114
0.08528; 892.542
0.08554; 893.971
0.0858; 895.403
0.08606; 896.835
0.08632; 898.27
0.08658; 899.706
0.08684; 901.145
0.0871; 902.583
0.08736; 904.025
0.08762; 905.466
0.08788; 906.911
0.08814; 908.356
0.0884; 909.804
0.08866; 911.252
0.08892; 912.702
0.08918; 914.153
0.08944; 915.606
0.0897; 917.06
0.08996; 918.516
0.09022; 919.972
0.09048; 921.431
0.09074; 922.889
0.091; 924.351
0.09126; 925.812
0.09152; 927.276
0.09178; 928.739
0.09204; 930.205
0.0923; 931.671
0.09256; 933.14
0.09282; 934.608
0.09308; 936.078
0.09334; 937.549
0.0936; 939.021
0.09386; 940.494
0.09412; 941.968
0.09438; 943.443
0.09464; 944.919
0.0949; 946.395
0.09516; 947.874
0.09542; 949.352
0.09568; 950.832
0.09594; 952.311
0.0962; 953.793
0.09646; 955.275
0.09672; 956.758
0.09698; 958.241
0.09724; 959.725
0.0975; 961.21
0.09776; 962.696
0.09802; 964.182
0.09828; 965.67
0.09854; 967.157
0.0988; 968.645
0.09906; 970.134
0.09932; 971.623
0.09958; 973.113
0.09984; 974.604
0.1001; 976.094
0.10036; 977.586
0.10062; 979.077
0.10088; 980.569
0.10114; 982.062
0.1014; 983.555
0.10166; 985.048
0.10192; 986.542
0.10218; 988.036
0.10244; 989.53
0.1027; 991.025
0.10296; 992.52
0.10322; 994.015
0.10348; 995.511
0.10374; 997.007
0.104; 998.503
0.10426; 1000
0.10452; 1000
0.10478; 1000
0.10504; 1000
0.1053; 1000
0.10556; 1000
0.10582; 1000
0.10608; 1000
0.10634; 1000
0.1066; 1000
0.10686; 1000
0.10712; 1000
0.10738; 1000
0.10764; 1000
0.1079; 1000
0.10816; 1000
0.10842; 1000
0.10868; 1000
0.10894; 1000
0.1092; 1000
0.10946; 1000
0.10972; 1000
0.10998; 1000
0.11024; 1000
0.1105; 1000
0.11076; 1000
0.11102; 1000
0.11128; 1000
0.11154; 1000
0.1118; 1000
0.11206; 1000
0.11232; 1000
0.11258; 1000
0.11284; 1000
0.1131; 1000
0.11336; 1000
0.11362; 1000
0.11388; 1000
0.11414; 1000
0.1144; 1000
0.11466; 1000
0.11492; 1000
0.11518; 1000
0.11544; 1000
0.1157; 1000
0.11596; 1000
0.11622; 1000
0.11648; 1000
0.11674; 1000
0.117; 1000
0.11726; 1000
0.11752; 1000
0.11778; 1000
0.11804; 1000
0.1183; 1000
0.11856; 1000
0.11882; 1000
0.11908; 1000
0.11934; 1000
0.1196; 1000
0.11986; 1000
0.12012; 1000
0.12038; 1000
0.12064; 1000
0.1209; 1000
0.12116; 1000
0.12142; 1000
0.12168; 1000
0.12194; 1000
0.1222; 1000
0.12246; 1000
0.12272; 1000
0.12298; 1000
0.12324; 1000
0.1235; 1000
0.12376; 1000
0.12402; 1000
0.12428; 1000
0.12454; 1000
0.1248; 1000
