0.00026; 0
0.00052; 0
0.00078; 0
0.00104; 0
0.0013; 0
0.00156; 0
0.00182; 0
0.00208; 0
0.00234; 0
0.0026; 0
0.00286; 0
0.00312; 0
0.00338; 0
0.00364; 0
0.0039; 0
0.00416; 0
0.00442; 0
0.00468; 0
0.00494; 0
0.0052; 0
0.00546; 0
0.00572; 0
0.00598; 0
0.00624; 0
0.0065; 0
0.00676; 0
0.00702; 0
0.00728; 0
0.00754; 0
0.0078; 0
0.00806; 0
0.00832; 0
0.00858; 0
0.00884; 0
0.0091; 0
0.00936; 0
0.00962; 0
0.00988; 0
0.01014; 0
0.0104; 0
0.01066; 0
0.01092; 0
0.01118; 0
0.01144; 0
0.0117; 0
0.01196; 0
0.01222; 0
0.01248; 0
0.01274; 0
0.013; 0
0.01326; 0
0.01352; 0
0.01378; 0
0.01404; 0
0.0143; 0
0.01456; 0
0.01482; 0
0.01508; 0
0.01534; 0
0.0156; 0
0.01586; 0
0.01612; 0
0.01638; 0
0.01664; 0
0.0169; 0
0.01716; 0
0.01742; 0
0.01768; 0
0.01794; 0
0.0182; 0
0.01846; 0
0.01872; 0
0.01898; 0
0.01924; 0
0.0195; 0
0.01976; 0
0.02002; 0
0.02028; 0
0.02054; 0
0.0208; 0
0.02106; 0
0.02132; 0
0.02158; 0
0.02184; 0
0.0221; 0
0.02236; 0
0.02262; 0
0.02288; 0
0.02314; 0
0.0234; 0
0.02366; 0
0.02392; 0
0.02418; 0
0.02444; 0
0.0247; 0
0.02496; 0
0.02522; 0
0.02548; 0
0.02574; 0
0.026; 0
0.02626; 0
0.02652; 0
0.02678; 0
0.02704; 0
0.0273; 0
0.02756; 0
0.02782; 0
0.02808; 0
0.02834; 0
0.0286; 0
0.02886; 0
0.02912; 0
0.02938; 0
0.02964; 0
0.0299; 0
0.03016; 0
0.03042; 0
0.03068; 0
0.03094; 0
0.0312; 0
0.03146; 0
0.03172; 0
0.03198; 0
0.03224; 0
0.0325; 0
0.03276; 894.775
0.03302; 894.762
0.03328; 894.751
0.03354; 894.716
0.0338; 894.683
0.03406; 894.627
0.03432; 894.572
0.03458; 894.494
0.03484; 894.418
0.0351; 894.319
0.03536; 894.221
0.03562; 894.101
0.03588; 893.982
0.03614; 893.84
0.0364; 893.699
0.03666; 893.536
0.03692; 893.373
0.03718; 893.188
0.03744; 893.004
0.0377; 892.797
0.03796; 892.591
0.03822; 892.361
0.03848; 892.133
0.03874; 891.881
0.039; 891.63
0.03926; 891.356
0.03952; 891.082
0.03978; 890.785
0.04004; 890.489
0.0403; 890.168
0.04056; 889.848
0.04082; 889.505
0.04108; 889.162
0.04134; 888.796
0.0416; 888.429
0.04186; 888.038
0.04212; 887.648
0.04238; 887.233
0.04264; 886.818
0.0429; 886.38
0.04316; 885.94
0.04342; 885.477
0.04368; 885.014
0.04394; 884.526
0.0442; 884.038
0.04446; 883.524
0.04472; 883.01
0.04498; 882.472
0.04524; 881.932
0.0455; 881.368
0.04576; 880.803
0.04602; 880.212
0.04628; 879.621
0.04654; 879.004
0.0468; 878.385
0.04706; 877.742
0.04732; 877.096
0.04758; 876.425
0.04784; 875.752
0.0481; 875.054
0.04836; 874.352
0.04862; 873.626
0.04888; 872.895
0.04914; 872.14
0.0494; 871.381
0.04966; 870.597
0.04992; 869.808
0.05018; 868.994
0.05044; 868.175
0.0507; 867.332
0.05096; 866.482
0.05122; 865.608
0.05148; 864.727
0.05174; 863.821
0.052; 862.908
0.05226; 861.969
0.05252; 861.024
0.05278; 860.052
0.05304; 859.073
0.0533; 858.068
0.05356; 857.055
0.05382; 856.015
0.05408; 854.967
0.05434; 853.892
0.0546; 852.808
0.05486; 851.697
0.05512; 850.575
0.05538; 849.427
0.05564; 848.268
0.0559; 847.081
0.05616; 845.883
0.05642; 844.657
0.05668; 843.418
0.05694; 842.152
0.0572; 840.872
0.05746; 839.564
0.05772; 838.242
0.05798; 836.89
0.05824; 835.524
0.0585; 834.128
0.05876; 832.716
0.05902; 831.275
0.05928; 829.816
0.05954; 828.328
0.0598; 826.822
0.06006; 825.284
0.06032; 823.729
0.06058; 822.141
0.06084; 820.534
0.0611; 818.895
0.06136; 817.235
0.06162; 815.543
0.06188; 813.829
0.06214; 812.082
0.0624; 810.312
0.06266; 808.509
0.06292; 806.682
0.06318; 804.822
0.06344; 802.937
0.0637; 801.018
0.06396; 799.074
0.06422; 797.095
0.06448; 795.091
0.06474; 793.053
0.065; 790.988
0.06526; 788.889
0.06552; 786.764
0.06578; 784.606
0.06604; 782.422
0.0663; 780.205
0.06656; 777.962
0.06682; 775.688
0.06708; 773.39
0.06734; 771.062
0.0676; 768.71
0.06786; 766.333
0.06812; 763.933
0.06838; 761.509
0.06864; 759.066
0.0689; 756.603
0.06916; 754.124
0.06942; 751.628
0.06968; 749.119
0.06994; 746.598
0.0702; 744.068
0.07046; 741.531
0.07072; 738.987
0.07098; 736.441
0.07124; 733.894
0.0715; 731.348
0.07176; 728.804
0.07202; 726.267
0.07228; 723.735
0.07254; 721.213
0.0728; 718.699
0.07306; 716.199
0.07332; 713.71
0.07358; 711.237
0.07384; 708.777
0.0741; 706.337
0.07436; 703.911
0.07462; 701.506
0.07488; 699.117
0.07514; 696.75
0.0754; 694.4
0.07566; 692.074
0.07592; 689.765
0.07618; 687.481
0.07644; 685.214
0.0767; 682.973
0.07696; 680.749
0.07722; 678.552
0.07748; 676.371
0.07774; 674.217
0.078; 672.08
0.07826; 669.97
0.07852; 667.876
0.07878; 665.81
0.07904; 663.758
0.0793; 661.736
0.07956; 659.727
0.07982; 657.748
0.08008; 655.782
0.08034; 653.844
0.0806; 651.92
0.08086; 650.026
0.08112; 648.144
0.08138; 646.29
0.08164; 644.449
0.0819; 642.637
0.08216; 640.836
0.08242; 639.065
0.08268; 637.304
0.08294; 635.573
0.0832; 633.853
0.08346; 632.163
0.08372; 630.482
0.08398; 628.831
0.08424; 627.19
0.0845; 625.578
0.08476; 623.975
0.08502; 622.402
0.08528; 620.838
0.08554; 619.305
0.0858; 617.779
0.08606; 616.285
0.08632; 614.798
0.08658; 613.341
0.08684; 611.892
0.0871; 610.474
0.08736; 609.063
0.08762; 607.683
0.08788; 606.311
0.08814; 604.969
0.0884; 603.634
0.08866; 602.33
0.08892; 601.033
0.08918; 599.767
0.08944; 598.508
0.0897; 597.28
0.08996; 596.058
0.09022; 594.868
0.09048; 593.684
0.09074; 592.532
0.091; 591.386
0.09126; 590.272
0.09152; 589.163
0.09178; 588.086
0.09204; 587.015
0.0923; 585.977
0.09256; 584.944
0.09282; 583.944
0.09308; 582.949
0.09334; 581.987
0.0936; 581.03
0.09386; 580.106
0.09412; 579.187
0.09438; 578.301
0.09464; 577.42
0.0949; 576.572
0.09516; 575.729
0.09542; 574.92
0.09568; 574.114
0.09594; 573.343
0.0962; 572.576
0.09646; 571.843
0.09672; 571.114
0.09698; 570.419
0.09724; 569.728
0.0975; 569.073
0.09776; 568.42
0.09802; 567.802
0.09828; 567.188
0.09854; 566.609
0.0988; 566.032
0.09906; 565.492
0.09932; 564.954
0.09958; 564.451
0.09984; 563.951
0.1001; 563.487
0.10036; 563.025
0.10062; 562.6
0.10088; 562.176
0.10114; 561.789
0.1014; 561.403
0.10166; 561.054
0.10192; 560.706
0.10218; 560.395
0.10244; 560.085
0.1027; 559.811
0.10296; 559.539
0.10322; 559.304
0.10348; 559.069
0.10374; 558.871
0.104; 558.674
0.10426; 558.514
0.10452; 558.354
0.10478; 558.229
0.10504; 558.105
0.1053; 558.017
0.10556; 557.928
0.10582; 557.875
0.10608; 557.816
0.10634; 557.792
0.1066; 0
0.10686; 0
0.10712; 0
0.10738; 0
0.10764; 0
0.1079; 0
0.10816; 0
0.10842; 0
0.10868; 0
0.10894; 0
0.1092; 0
0.10946; 0
0.10972; 0
0.10998; 0
0.11024; 0
0.1105; 0
0.11076; 0
0.11102; 0
0.11128; 0
0.11154; 0
0.1118; 0
0.11206; 0
0.11232; 0
0.11258; 0
0.11284; 0
0.1131; 0
0.11336; 0
0.11362; 0
0.11388; 0
0.11414; 0
0.1144; 0
0.11466; 0
0.11492; 0
0.11518; 0
0.11544; 0
0.1157; 0
0.11596; 0
0.11622; 0
0.11648; 0
0.11674; 0
0.117; 0
0.11726; 0
0.11752; 0
0.11778; 0
0.11804; 0
0.1183; 0
0.11856; 0
0.11882; 0
0.11908; 0
0.11934; 0
0.1196; 0
0.11986; 0
0.12012; 0
0.12038; 0
0.12064; 0
0.1209; 0
0.12116; 0
0.12142; 0
0.12168; 0
0.12194; 0
0.1222; 0
0.12246; 0
0.12272; 0
0.12298; 0
0.12324; 0
0.1235; 0
0.12376; 0
0.12402; 0
0.12428; 0
0.12454; 0
0.1248; 0
