0.00026; 304.937
0.00052; 304.939
0.00078; 304.941
0.00104; 304.946
0.0013; 304.954
0.00156; 304.964
0.00182; 304.976
0.00208; 304.991
0.00234; 305.008
0.0026; 305.028
0.00286; 305.05
0.00312; 305.075
0.00338; 305.103
0.00364; 305.132
0.0039; 305.165
0.00416; 305.2
0.00442; 305.237
0.00468; 305.277
0.00494; 305.32
0.0052; 305.365
0.00546; 305.413
0.00572; 305.464
0.00598; 305.517
0.00624; 305.572
0.0065; 305.631
0.00676; 305.692
0.00702; 305.755
0.00728; 305.822
0.00754; 305.891
0.0078; 305.962
0.00806; 306.037
0.00832; 306.114
0.00858; 306.195
0.00884; 306.278
0.0091; 306.363
0.00936; 306.452
0.00962; 306.544
0.00988; 306.638
0.01014; 306.736
0.0104; 306.836
0.01066; 306.94
0.01092; 307.046
0.01118; 307.156
0.01144; 307.269
0.0117; 307.385
0.01196; 307.503
0.01222; 307.626
0.01248; 307.751
0.01274; 307.879
0.013; 308.011
0.01326; 308.146
0.01352; 308.285
0.01378; 308.427
0.01404; 308.572
0.0143; 308.721
0.01456; 308.874
0.01482; 309.029
0.01508; 309.189
0.01534; 309.352
0.0156; 309.519
0.01586; 309.689
0.01612; 309.863
0.01638; 310.041
0.01664; 310.223
0.0169; 310.409
0.01716; 310.598
0.01742; 310.792
0.01768; 310.99
0.01794; 311.191
0.0182; 311.397
0.01846; 311.607
0.01872; 311.821
0.01898; 312.04
0.01924; 312.262
0.0195; 312.489
0.01976; 312.721
0.02002; 312.957
0.02028; 313.197
0.02054; 313.442
0.0208; 313.692
0.02106; 313.946
0.02132; 314.206
0.02158; 314.469
0.02184; 314.738
0.0221; 315.012
0.02236; 315.291
0.02262; 315.575
0.02288; 315.863
0.02314; 316.157
0.0234; 316.457
0.02366; 316.761
0.02392; 317.071
0.02418; 317.387
0.02444; 317.708
0.0247; 318.034
0.02496; 318.366
0.02522; 318.704
0.02548; 319.047
0.02574; 319.396
0.026; 319.751
0.02626; 320.113
0.02652; 320.48
0.02678; 320.853
0.02704; 321.232
0.0273; 321.618
0.02756; 322.01
0.02782; 322.409
0.02808; 322.813
0.02834; 323.225
0.0286; 323.643
0.02886; 324.068
0.02912; 324.499
0.02938; 324.938
0.02964; 325.383
0.0299; 325.835
0.03016; 326.294
0.03042; 326.761
0.03068; 327.235
0.03094; 327.716
0.0312; 328.205
0.03146; 328.701
0.03172; 329.204
0.03198; 329.716
0.03224; 330.235
0.0325; 330.762
0.03276; 331.296
0.03302; 331.839
0.03328; 332.39
0.03354; 332.949
0.0338; 333.516
0.03406; 334.092
0.03432; 334.676
0.03458; 335.269
0.03484; 335.87
0.0351; 336.48
0.03536; 337.098
0.03562; 337.726
0.03588; 338.363
0.03614; 339.008
0.0364; 339.663
0.03666; 340.327
0.03692; 341
0.03718; 341.683
0.03744; 342.375
0.0377; 343.077
0.03796; 343.788
0.03822; 344.51
0.03848; 345.241
0.03874; 345.982
0.039; 346.733
0.03926; 347.495
0.03952; 348.267
0.03978; 349.049
0.04004; 349.841
0.0403; 350.644
0.04056; 351.458
0.04082; 352.283
0.04108; 353.118
0.04134; 353.964
0.0416; 354.821
0.04186; 355.69
0.04212; 356.569
0.04238; 357.46
0.04264; 358.363
0.0429; 359.277
0.04316; 360.202
0.04342; 361.139
0.04368; 362.088
0.04394; 363.049
0.0442; 364.022
0.04446; 365.007
0.04472; 366.004
0.04498; 367.013
0.04524; 368.035
0.0455; 369.069
0.04576; 370.116
0.04602; 371.176
0.04628; 372.248
0.04654; 373.333
0.0468; 374.431
0.04706; 375.542
0.04732; 376.666
0.04758; 377.804
0.04784; 378.954
0.0481; 380.119
0.04836; 381.296
0.04862; 382.488
0.04888; 383.693
0.04914; 384.912
0.0494; 386.144
0.04966; 387.391
0.04992; 388.652
0.05018; 389.927
0.05044; 391.216
0.0507; 392.519
0.05096; 393.837
0.05122; 395.17
0.05148; 396.517
0.05174; 397.879
0.052; 399.255
0.05226; 400.647
0.05252; 402.053
0.05278; 403.474
0.05304; 404.911
0.0533; 406.363
0.05356; 407.83
0.05382; 409.312
0.05408; 410.81
0.05434; 412.323
0.0546; 413.852
0.05486; 415.397
0.05512; 416.957
0.05538; 418.534
0.05564; 420.126
0.0559; 421.734
0.05616; 423.358
0.05642; 424.999
0.05668; 426.656
0.05694; 428.329
0.0572; 430.018
0.05746; 431.724
0.05772; 433.446
0.05798; 435.186
0.05824; 436.941
0.0585; 438.714
0.05876; 440.503
0.05902; 442.309
0.05928; 444.132
0.05954; 445.971
0.0598; 447.828
0.06006; 449.702
0.06032; 451.593
0.06058; 453.502
0.06084; 455.427
0.0611; 457.37
0.06136; 459.33
0.06162; 461.308
0.06188; 463.303
0.06214; 465.315
0.0624; 467.345
0.06266; 469.393
0.06292; 471.458
0.06318; 473.541
0.06344; 475.642
0.0637; 477.76
0.06396; 479.896
0.06422; 482.05
0.06448; 484.222
0.06474; 486.411
0.065; 488.619
0.06526; 490.844
0.06552; 493.088
0.06578; 495.349
0.06604; 497.629
0.0663; 499.926
0.06656; 502.242
0.06682; 504.575
0.06708; 506.927
0.06734; 509.297
0.0676; 511.684
0.06786; 514.09
0.06812; 516.514
0.06838; 518.957
0.06864; 521.417
0.0689; 523.896
0.06916; 526.392
0.06942; 528.907
0.06968; 531.44
0.06994; 533.991
0.0702; 536.56
0.07046; 539.147
0.07072; 541.753
0.07098; 544.376
0.07124; 547.017
0.0715; 549.677
0.07176; 552.355
0.07202; 555.05
0.07228; 557.764
0.07254; 560.495
0.0728; 563.245
0.07306; 566.012
0.07332; 568.797
0.07358; 571.601
0.07384; 574.422
0.0741; 577.26
0.07436; 580.117
0.07462; 582.991
0.07488; 585.883
0.07514; 588.792
0.0754; 591.719
0.07566; 594.663
0.07592; 597.625
0.07618; 600.604
0.07644; 603.601
0.0767; 606.614
0.07696; 609.645
0.07722; 612.693
0.07748; 615.758
0.07774; 618.84
0.078; 621.939
0.07826; 625.055
0.07852; 628.188
0.07878; 631.337
0.07904; 634.503
0.0793; 637.686
0.07956; 640.884
0.07982; 644.1
0.08008; 647.331
0.08034; 650.579
0.0806; 653.843
0.08086; 657.122
0.08112; 660.418
0.08138; 663.73
0.08164; 667.057
0.0819; 670.399
0.08216; 673.758
0.08242; 677.131
0.08268; 680.52
0.08294; 683.924
0.0832; 687.343
0.08346; 690.777
0.08372; 694.225
0.08398; 697.689
0.08424; 701.166
0.0845; 704.659
0.08476; 708.165
0.08502; 711.686
0.08528; 715.221
0.08554; 718.77
0.0858; 722.332
0.08606; 725.908
0.08632; 729.498
0.08658; 733.1
0.08684; 736.716
0.0871; 740.345
0.08736; 743.987
0.08762; 747.642
0.08788; 751.309
0.08814; 754.989
0.0884; 758.681
0.08866; 762.385
0.08892; 766.101
0.08918; 769.829
0.08944; 773.568
0.0897; 777.319
0.08996; 781.082
0.09022; 784.855
0.09048; 788.64
0.09074; 792.435
0.091; 796.241
0.09126; 800.058
0.09152; 803.884
0.09178; 807.721
0.09204; 811.568
0.0923; 815.424
0.09256; 819.29
0.09282; 823.166
0.09308; 827.051
0.09334; 830.944
0.0936; 834.847
0.09386; 838.758
0.09412; 842.678
0.09438; 846.606
0.09464; 850.542
0.0949; 854.486
0.09516; 858.437
0.09542; 862.397
0.09568; 866.363
0.09594; 870.337
0.0962; 874.317
0.09646; 878.304
0.09672; 882.298
0.09698; 886.298
0.09724; 890.304
0.0975; 894.316
0.09776; 898.333
0.09802; 902.357
0.09828; 906.385
0.09854; 910.419
0.0988; 914.457
0.09906; 918.5
0.09932; 922.547
0.09958; 926.599
0.09984; 930.654
0.1001; 934.713
0.10036; 938.776
0.10062; 942.842
0.10088; 946.911
0.10114; 950.984
0.1014; 955.059
0.10166; 959.136
0.10192; 963.216
0.10218; 967.297
0.10244; 971.381
0.1027; 975.466
0.10296; 979.553
0.10322; 983.641
0.10348; 987.73
0.10374; 991.819
0.104; 995.909
0.10426; 1000
0.10452; 1000
0.10478; 1000
0.10504; 1000
0.1053; 1000
0.10556; 1000
0.10582; 1000
0.10608; 1000
0.10634; 1000
0.1066; 1000
0.10686; 1000
0.10712; 1000
0.10738; 1000
0.10764; 1000
0.1079; 1000
0.10816; 1000
0.10842; 1000
0.10868; 1000
0.10894; 1000
0.1092; 1000
0.10946; 1000
0.10972; 1000
0.10998; 1000
0.11024; 1000
0.1105; 1000
0.11076; 1000
0.11102; 1000
0.11128; 1000
0.11154; 1000
0.1118; 1000
0.11206; 1000
0.11232; 1000
0.11258; 1000
0.11284; 1000
0.1131; 1000
0.11336; 1000
0.11362; 1000
0.11388; 1000
0.11414; 1000
0.1144; 1000
0.11466; 1000
0.11492; 1000
0.11518; 1000
0.11544; 1000
0.1157; 1000
0.11596; 1000
0.11622; 1000
0.11648; 1000
0.11674; 1000
0.117; 1000
0.11726; 1000
0.11752; 1000
0.11778; 1000
0.11804; 1000
0.1183; 1000
0.11856; 1000
0.11882; 1000
0.11908; 1000
0.11934; 1000
0.1196; 1000
0.11986; 1000
0.12012; 1000
0.12038; 1000
0.12064; 1000
0.1209; 1000
0.12116; 1000
0.12142; 1000
0.12168; 1000
0.12194; 1000
0.1222; 1000
0.12246; 1000
0.12272; 1000
0.12298; 1000
0.12324; 1000
0.1235; 1000
0.12376; 1000
0.12402; 1000
0.12428; 1000
0.12454; 1000
0.1248; 1000
