0.00026; 0
0.00052; 0
0.00078; 0
0.00104; 0
0.0013; 0
0.00156; 0
0.00182; 0
0.00208; 0
0.00234; 0
0.0026; 0
0.00286; 0
0.00312; 0
0.00338; 0
0.00364; 0
0.0039; 0
0.00416; 0
0.00442; 0
0.00468; 0
0.00494; 0
0.0052; 0
0.00546; 0
0.00572; 0
0.00598; 0
0.00624; 0
0.0065; 0
0.00676; 0
0.00702; 0
0.00728; 0
0.00754; 0
0.0078; 0
0.00806; 0
0.00832; 0
0.00858; 0
0.00884; 0
0.0091; 0
0.00936; 0
0.00962; 0
0.00988; 0
0.01014; 0
0.0104; 0
0.01066; 0
0.01092; 0
0.01118; 0
0.01144; 0
0.0117; 0
0.01196; 0
0.01222; 0
0.01248; 0
0.01274; 0
0.013; 0
0.01326; 0
0.01352; 0
0.01378; 0
0.01404; 0
0.0143; 0
0.01456; 0
0.01482; 0
0.01508; 0
0.01534; 0
0.0156; 0
0.01586; 0
0.01612; 0
0.01638; 0
0.01664; 0
0.0169; 0
0.01716; 0
0.01742; 0
0.01768; 0
0.01794; 0
0.0182; 0
0.01846; 0
0.01872; 0
0.01898; 0
0.01924; 0
0.0195; 0
0.01976; 0
0.02002; 0
0.02028; 0
0.02054; 0
0.0208; 0
0.02106; 0
0.02132; 0
0.02158; 0
0.02184; 0
0.0221; 0
0.02236; 0
0.02262; 0
0.02288; 0
0.02314; 0
0.0234; 0
0.02366; 0
0.02392; 0
0.02418; 0
0.02444; 0
0.0247; 0
0.02496; 0
0.02522; 0
0.02548; 0
0.02574; 0
0.026; 0
0.02626; 0
0.02652; 0
0.02678; 0
0.02704; 0
0.0273; 0
0.02756; 0
0.02782; 0
0.02808; 0
0.02834; 0
0.0286; 0
0.02886; 0
0.02912; 0
0.02938; 0
0.02964; 0
0.0299; 0
0.03016; 0
0.03042; 0
0.03068; 0
0.03094; 0
0.0312; 0
0.03146; 0
0.03172; 0
0.03198; 0
0.03224; 0
0.0325; 0
0.03276; 897.561
0.03302; 897.56
0.03328; 897.536
0.03354; 897.513
0.0338; 897.467
0.03406; 897.422
0.03432; 897.354
0.03458; 897.287
0.03484; 897.198
0.0351; 897.109
0.03536; 896.998
0.03562; 896.888
0.03588; 896.755
0.03614; 896.622
0.0364; 896.467
0.03666; 896.313
0.03692; 896.135
0.03718; 895.959
0.03744; 895.759
0.0377; 895.561
0.03796; 895.339
0.03822; 895.118
0.03848; 894.873
0.03874; 894.629
0.039; 894.362
0.03926; 894.095
0.03952; 893.805
0.03978; 893.515
0.04004; 893.201
0.0403; 892.888
0.04056; 892.551
0.04082; 892.214
0.04108; 891.853
0.04134; 891.492
0.0416; 891.108
0.04186; 890.723
0.04212; 890.314
0.04238; 889.905
0.04264; 889.472
0.0429; 889.037
0.04316; 888.579
0.04342; 888.12
0.04368; 887.637
0.04394; 887.153
0.0442; 886.644
0.04446; 886.134
0.04472; 885.6
0.04498; 885.064
0.04524; 884.504
0.0455; 883.942
0.04576; 883.356
0.04602; 882.767
0.04628; 882.154
0.04654; 881.538
0.0468; 880.898
0.04706; 880.254
0.04732; 879.587
0.04758; 878.915
0.04784; 878.22
0.0481; 877.52
0.04836; 876.796
0.04862; 876.068
0.04888; 875.314
0.04914; 874.557
0.0494; 873.774
0.04966; 872.987
0.04992; 872.174
0.05018; 871.356
0.05044; 870.513
0.0507; 869.665
0.05096; 868.79
0.05122; 867.91
0.05148; 867.004
0.05174; 866.091
0.052; 865.152
0.05226; 864.207
0.05252; 863.235
0.05278; 862.256
0.05304; 861.25
0.0533; 860.236
0.05356; 859.195
0.05382; 858.146
0.05408; 857.07
0.05434; 855.985
0.0546; 854.872
0.05486; 853.749
0.05512; 852.599
0.05538; 851.439
0.05564; 850.25
0.0559; 849.05
0.05616; 847.822
0.05642; 846.582
0.05668; 845.313
0.05694; 844.031
0.0572; 842.72
0.05746; 841.395
0.05772; 840.041
0.05798; 838.672
0.05824; 837.274
0.0585; 835.859
0.05876; 834.415
0.05902; 832.953
0.05928; 831.461
0.05954; 829.951
0.0598; 828.41
0.06006; 826.851
0.06032; 825.259
0.06058; 823.648
0.06084; 822.004
0.0611; 820.34
0.06136; 818.643
0.06162; 816.924
0.06188; 815.172
0.06214; 813.397
0.0624; 811.588
0.06266; 809.755
0.06292; 807.888
0.06318; 805.996
0.06344; 804.07
0.0637; 802.118
0.06396; 800.132
0.06422; 798.119
0.06448; 796.071
0.06474; 793.997
0.065; 791.888
0.06526; 789.751
0.06552; 787.581
0.06578; 785.382
0.06604; 783.151
0.0663; 780.892
0.06656; 778.602
0.06682; 776.285
0.06708; 773.937
0.06734; 771.564
0.0676; 769.162
0.06786; 766.737
0.06812; 764.287
0.06838; 761.814
0.06864; 759.319
0.0689; 756.806
0.06916; 754.274
0.06942; 751.726
0.06968; 749.164
0.06994; 746.59
0.0702; 744.005
0.07046; 741.413
0.07072; 738.816
0.07098; 736.215
0.07124; 733.613
0.0715; 731.011
0.07176; 728.413
0.07202; 725.819
0.07228; 723.232
0.07254; 720.653
0.0728; 718.085
0.07306; 715.528
0.07332; 712.985
0.07358; 710.455
0.07384; 707.942
0.0741; 705.444
0.07436; 702.965
0.07462; 700.502
0.07488; 698.062
0.07514; 695.637
0.0754; 693.237
0.07566; 690.853
0.07592; 688.494
0.07618; 686.153
0.07644; 683.837
0.0767; 681.539
0.07696; 679.267
0.07722; 677.013
0.07748; 674.785
0.07774; 672.574
0.078; 670.391
0.07826; 668.225
0.07852; 666.086
0.07878; 663.963
0.07904; 661.869
0.0793; 659.789
0.07956; 657.739
0.07982; 655.703
0.08008; 653.695
0.08034; 651.702
0.0806; 649.738
0.08086; 647.787
0.08112; 645.866
0.08138; 643.957
0.08164; 642.077
0.0819; 640.21
0.08216; 638.372
0.08242; 636.547
0.08268; 634.75
0.08294; 632.965
0.0832; 631.209
0.08346; 629.465
0.08372; 627.75
0.08398; 626.046
0.08424; 624.371
0.0845; 622.707
0.08476; 621.072
0.08502; 619.447
0.08528; 617.852
0.08554; 616.266
0.0858; 614.711
0.08606; 613.165
0.08632; 611.649
0.08658; 610.142
0.08684; 608.665
0.0871; 607.197
0.08736; 605.759
0.08762; 604.33
0.08788; 602.931
0.08814; 601.54
0.0884; 600.18
0.08866; 598.828
0.08892; 597.507
0.08918; 596.193
0.08944; 594.911
0.0897; 593.636
0.08996; 592.392
0.09022; 591.156
0.09048; 589.951
0.09074; 588.754
0.091; 587.588
0.09126; 586.429
0.09152; 585.301
0.09178; 584.181
0.09204; 583.093
0.0923; 582.011
0.09256; 580.961
0.09282; 579.918
0.09308; 578.908
0.09334; 577.904
0.0936; 576.933
0.09386; 575.968
0.09412; 575.036
0.09438; 574.11
0.09464; 573.218
0.0949; 572.331
0.09516; 571.477
0.09542; 570.628
0.09568; 569.814
0.09594; 569.005
0.0962; 568.23
0.09646; 567.46
0.09672; 566.724
0.09698; 565.993
0.09724; 565.297
0.0975; 564.605
0.09776; 563.949
0.09802; 563.296
0.09828; 562.679
0.09854; 562.066
0.0988; 561.488
0.09906; 560.914
0.09932; 560.376
0.09958; 559.842
0.09984; 559.343
0.1001; 558.848
0.10036; 558.388
0.10062; 557.932
0.10088; 557.512
0.10114; 557.095
0.1014; 556.714
0.10166; 556.337
0.10192; 555.995
0.10218; 555.657
0.10244; 555.354
0.1027; 555.054
0.10296; 554.79
0.10322; 554.53
0.10348; 554.305
0.10374; 554.083
0.104; 553.897
0.10426; 553.713
0.10452; 553.565
0.10478; 553.42
0.10504; 553.31
0.1053; 553.202
0.10556; 553.129
0.10582; 553.056
0.10608; 553.014
0.10634; 552.969
0.1066; 0
0.10686; 0
0.10712; 0
0.10738; 0
0.10764; 0
0.1079; 0
0.10816; 0
0.10842; 0
0.10868; 0
0.10894; 0
0.1092; 0
0.10946; 0
0.10972; 0
0.10998; 0
0.11024; 0
0.1105; 0
0.11076; 0
0.11102; 0
0.11128; 0
0.11154; 0
0.1118; 0
0.11206; 0
0.11232; 0
0.11258; 0
0.11284; 0
0.1131; 0
0.11336; 0
0.11362; 0
0.11388; 0
0.11414; 0
0.1144; 0
0.11466; 0
0.11492; 0
0.11518; 0
0.11544; 0
0.1157; 0
0.11596; 0
0.11622; 0
0.11648; 0
0.11674; 0
0.117; 0
0.11726; 0
0.11752; 0
0.11778; 0
0.11804; 0
0.1183; 0
0.11856; 0
0.11882; 0
0.11908; 0
0.11934; 0
0.1196; 0
0.11986; 0
0.12012; 0
0.12038; 0
0.12064; 0
0.1209; 0
0.12116; 0
0.12142; 0
0.12168; 0
0.12194; 0
0.1222; 0
0.12246; 0
0.12272; 0
0.12298; 0
0.12324; 0
0.1235; 0
0.12376; 0
0.12402; 0
0.12428; 0
0.12454; 0
0.1248; 0
