0.00026; 301.304
0.00052; 301.305
0.00078; 301.306
0.00104; 301.308
0.0013; 301.311
0.00156; 301.316
0.00182; 301.321
0.00208; 301.328
0.00234; 301.335
0.0026; 301.344
0.00286; 301.354
0.00312; 301.365
0.00338; 301.378
0.00364; 301.391
0.0039; 301.406
0.00416; 301.422
0.00442; 301.439
0.00468; 301.457
0.00494; 301.477
0.0052; 301.498
0.00546; 301.52
0.00572; 301.543
0.00598; 301.568
0.00624; 301.593
0.0065; 301.62
0.00676; 301.649
0.00702; 301.678
0.00728; 301.709
0.00754; 301.742
0.0078; 301.775
0.00806; 301.811
0.00832; 301.847
0.00858; 301.885
0.00884; 301.924
0.0091; 301.966
0.00936; 302.008
0.00962; 302.052
0.00988; 302.097
0.01014; 302.144
0.0104; 302.192
0.01066; 302.242
0.01092; 302.294
0.01118; 302.347
0.01144; 302.402
0.0117; 302.459
0.01196; 302.517
0.01222; 302.577
0.01248; 302.639
0.01274; 302.703
0.013; 302.768
0.01326; 302.835
0.01352; 302.904
0.01378; 302.976
0.01404; 303.049
0.0143; 303.124
0.01456; 303.201
0.01482; 303.281
0.01508; 303.362
0.01534; 303.446
0.0156; 303.531
0.01586; 303.619
0.01612; 303.709
0.01638; 303.802
0.01664; 303.896
0.0169; 303.994
0.01716; 304.093
0.01742; 304.195
0.01768; 304.299
0.01794; 304.407
0.0182; 304.516
0.01846; 304.629
0.01872; 304.744
0.01898; 304.862
0.01924; 304.982
0.0195; 305.106
0.01976; 305.232
0.02002; 305.362
0.02028; 305.493
0.02054; 305.629
0.0208; 305.767
0.02106; 305.909
0.02132; 306.053
0.02158; 306.202
0.02184; 306.353
0.0221; 306.508
0.02236; 306.665
0.02262; 306.827
0.02288; 306.992
0.02314; 307.162
0.0234; 307.333
0.02366; 307.51
0.02392; 307.69
0.02418; 307.874
0.02444; 308.062
0.0247; 308.254
0.02496; 308.45
0.02522; 308.651
0.02548; 308.854
0.02574; 309.064
0.026; 309.276
0.02626; 309.494
0.02652; 309.715
0.02678; 309.943
0.02704; 310.173
0.0273; 310.41
0.02756; 310.65
0.02782; 310.897
0.02808; 311.146
0.02834; 311.403
0.0286; 311.663
0.02886; 311.93
0.02912; 312.201
0.02938; 312.478
0.02964; 312.76
0.0299; 313.049
0.03016; 313.341
0.03042; 313.641
0.03068; 313.945
0.03094; 314.257
0.0312; 314.573
0.03146; 314.897
0.03172; 315.226
0.03198; 315.562
0.03224; 315.903
0.0325; 316.253
0.03276; 316.607
0.03302; 316.969
0.03328; 317.337
0.03354; 317.713
0.0338; 318.095
0.03406; 318.485
0.03432; 318.881
0.03458; 319.286
0.03484; 319.696
0.0351; 320.116
0.03536; 320.541
0.03562; 320.977
0.03588; 321.417
0.03614; 321.868
0.0364; 322.325
0.03666; 322.792
0.03692; 323.265
0.03718; 323.749
0.03744; 324.239
0.0377; 324.74
0.03796; 325.247
0.03822; 325.766
0.03848; 326.291
0.03874; 326.827
0.039; 327.371
0.03926; 327.926
0.03952; 328.488
0.03978; 329.062
0.04004; 329.643
0.0403; 330.237
0.04056; 330.838
0.04082; 331.451
0.04108; 332.072
0.04134; 332.706
0.0416; 333.348
0.04186; 334.003
0.04212; 334.666
0.04238; 335.342
0.04264; 336.027
0.0429; 336.725
0.04316; 337.432
0.04342; 338.153
0.04368; 338.883
0.04394; 339.627
0.0442; 340.379
0.04446; 341.147
0.04472; 341.923
0.04498; 342.715
0.04524; 343.516
0.0455; 344.333
0.04576; 345.159
0.04602; 346
0.04628; 346.852
0.04654; 347.719
0.0468; 348.596
0.04706; 349.49
0.04732; 350.394
0.04758; 351.314
0.04784; 352.245
0.0481; 353.193
0.04836; 354.151
0.04862; 355.127
0.04888; 356.114
0.04914; 357.118
0.0494; 358.133
0.04966; 359.167
0.04992; 360.212
0.05018; 361.275
0.05044; 362.35
0.0507; 363.443
0.05096; 364.548
0.05122; 365.672
0.05148; 366.807
0.05174; 367.963
0.052; 369.13
0.05226; 370.317
0.05252; 371.516
0.05278; 372.735
0.05304; 373.967
0.0533; 375.22
0.05356; 376.484
0.05382; 377.77
0.05408; 379.069
0.05434; 380.389
0.0546; 381.721
0.05486; 383.075
0.05512; 384.442
0.05538; 385.832
0.05564; 387.234
0.0559; 388.659
0.05616; 390.098
0.05642; 391.559
0.05668; 393.034
0.05694; 394.532
0.0572; 396.043
0.05746; 397.578
0.05772; 399.126
0.05798; 400.699
0.05824; 402.285
0.0585; 403.896
0.05876; 405.521
0.05902; 407.17
0.05928; 408.833
0.05954; 410.522
0.0598; 412.224
0.06006; 413.952
0.06032; 415.694
0.06058; 417.461
0.06084; 419.243
0.0611; 421.051
0.06136; 422.873
0.06162; 424.722
0.06188; 426.584
0.06214; 428.473
0.0624; 430.377
0.06266; 432.308
0.06292; 434.254
0.06318; 436.226
0.06344; 438.214
0.0637; 440.229
0.06396; 442.259
0.06422; 444.317
0.06448; 446.39
0.06474; 448.491
0.065; 450.607
0.06526; 452.751
0.06552; 454.91
0.06578; 457.097
0.06604; 459.3
0.0663; 461.531
0.06656; 463.778
0.06682; 466.052
0.06708; 468.343
0.06734; 470.662
0.0676; 472.997
0.06786; 475.36
0.06812; 477.74
0.06838; 480.149
0.06864; 482.573
0.0689; 485.027
0.06916; 487.496
0.06942; 489.995
0.06968; 492.51
0.06994; 495.054
0.0702; 497.614
0.07046; 500.203
0.07072; 502.809
0.07098; 505.443
0.07124; 508.094
0.0715; 510.774
0.07176; 513.47
0.07202; 516.196
0.07228; 518.937
0.07254; 521.708
0.0728; 524.496
0.07306; 527.313
0.07332; 530.146
0.07358; 533.008
0.07384; 535.886
0.0741; 538.794
0.07436; 541.718
0.07462; 544.671
0.07488; 547.64
0.07514; 550.638
0.0754; 553.653
0.07566; 556.696
0.07592; 559.756
0.07618; 562.845
0.07644; 565.95
0.0767; 569.084
0.07696; 572.234
0.07722; 575.412
0.07748; 578.606
0.07774; 581.829
0.078; 585.068
0.07826; 588.335
0.07852; 591.618
0.07878; 594.928
0.07904; 598.255
0.0793; 601.609
0.07956; 604.979
0.07982; 608.376
0.08008; 611.789
0.08034; 615.23
0.0806; 618.686
0.08086; 622.168
0.08112; 625.667
0.08138; 629.192
0.08164; 632.732
0.0819; 636.299
0.08216; 639.88
0.08242; 643.488
0.08268; 647.11
0.08294; 650.758
0.0832; 654.421
0.08346; 658.109
0.08372; 661.812
0.08398; 665.54
0.08424; 669.282
0.0845; 673.049
0.08476; 676.83
0.08502; 680.636
0.08528; 684.455
0.08554; 688.298
0.0858; 692.154
0.08606; 696.034
0.08632; 699.927
0.08658; 703.843
0.08684; 707.772
0.0871; 711.724
0.08736; 715.689
0.08762; 719.676
0.08788; 723.675
0.08814; 727.696
0.0884; 731.729
0.08866; 735.783
0.08892; 739.849
0.08918; 743.935
0.08944; 748.033
0.0897; 752.151
0.08996; 756.28
0.09022; 760.429
0.09048; 764.589
0.09074; 768.767
0.091; 772.956
0.09126; 777.164
0.09152; 781.382
0.09178; 785.617
0.09204; 789.862
0.0923; 794.124
0.09256; 798.396
0.09282; 802.685
0.09308; 806.982
0.09334; 811.296
0.0936; 815.618
0.09386; 819.955
0.09412; 824.301
0.09438; 828.662
0.09464; 833.03
0.0949; 837.412
0.09516; 841.802
0.09542; 846.206
0.09568; 850.617
0.09594; 855.04
0.0962; 859.47
0.09646; 863.912
0.09672; 868.36
0.09698; 872.82
0.09724; 877.285
0.0975; 881.761
0.09776; 886.243
0.09802; 890.734
0.09828; 895.23
0.09854; 899.736
0.0988; 904.246
0.09906; 908.765
0.09932; 913.288
0.09958; 917.818
0.09984; 922.352
0.1001; 926.893
0.10036; 931.438
0.10062; 935.988
0.10088; 940.542
0.10114; 945.1
0.1014; 949.661
0.10166; 954.227
0.10192; 958.795
0.10218; 963.367
0.10244; 967.94
0.1027; 972.516
0.10296; 977.093
0.10322; 981.673
0.10348; 986.253
0.10374; 990.835
0.104; 995.417
0.10426; 1000
0.10452; 1000
0.10478; 1000
0.10504; 1000
0.1053; 1000
0.10556; 1000
0.10582; 1000
0.10608; 1000
0.10634; 1000
0.1066; 1000
0.10686; 1000
0.10712; 1000
0.10738; 1000
0.10764; 1000
0.1079; 1000
0.10816; 1000
0.10842; 1000
0.10868; 1000
0.10894; 1000
0.1092; 1000
0.10946; 1000
0.10972; 1000
0.10998; 1000
0.11024; 1000
0.1105; 1000
0.11076; 1000
0.11102; 1000
0.11128; 1000
0.11154; 1000
0.1118; 1000
0.11206; 1000
0.11232; 1000
0.11258; 1000
0.11284; 1000
0.1131; 1000
0.11336; 1000
0.11362; 1000
0.11388; 1000
0.11414; 1000
0.1144; 1000
0.11466; 1000
0.11492; 1000
0.11518; 1000
0.11544; 1000
0.1157; 1000
0.11596; 1000
0.11622; 1000
0.11648; 1000
0.11674; 1000
0.117; 1000
0.11726; 1000
0.11752; 1000
0.11778; 1000
0.11804; 1000
0.1183; 1000
0.11856; 1000
0.11882; 1000
0.11908; 1000
0.11934; 1000
0.1196; 1000
0.11986; 1000
0.12012; 1000
0.12038; 1000
0.12064; 1000
0.1209; 1000
0.12116; 1000
0.12142; 1000
0.12168; 1000
0.12194; 1000
0.1222; 1000
0.12246; 1000
0.12272; 1000
0.12298; 1000
0.12324; 1000
0.1235; 1000
0.12376; 1000
0.12402; 1000
0.12428; 1000
0.12454; 1000
0.1248; 1000
