0.00026; 0
0.00052; 0
0.00078; 0
0.00104; 0
0.0013; 0
0.00156; 0
0.00182; 0
0.00208; 0
0.00234; 0
0.0026; 0
0.00286; 0
0.00312; 0
0.00338; 0
0.00364; 0
0.0039; 0
0.00416; 0
0.00442; 0
0.00468; 0
0.00494; 0
0.0052; 0
0.00546; 0
0.00572; 0
0.00598; 0
0.00624; 0
0.0065; 0
0.00676; 0
0.00702; 0
0.00728; 0
0.00754; 0
0.0078; 0
0.00806; 0
0.00832; 0
0.00858; 0
0.00884; 0
0.0091; 0
0.00936; 0
0.00962; 0
0.00988; 0
0.01014; 0
0.0104; 0
0.01066; 0
0.01092; 0
0.01118; 0
0.01144; 0
0.0117; 0
0.01196; 0
0.01222; 0
0.01248; 0
0.01274; 0
0.013; 0
0.01326; 0
0.01352; 0
0.01378; 0
0.01404; 0
0.0143; 0
0.01456; 0
0.01482; 0
0.01508; 0
0.01534; 0
0.0156; 0
0.01586; 0
0.01612; 0
0.01638; 0
0.01664; 0
0.0169; 0
0.01716; 0
0.01742; 0
0.01768; 0
0.01794; 0
0.0182; 0
0.01846; 0
0.01872; 0
0.01898; 0
0.01924; 0
0.0195; 0
0.01976; 0
0.02002; 0
0.02028; 0
0.02054; 0
0.0208; 0
0.02106; 0
0.02132; 0
0.02158; 0
0.02184; 0
0.0221; 0
0.02236; 0
0.02262; 0
0.02288; 0
0.02314; 0
0.0234; 0
0.02366; 0
0.02392; 0
0.02418; 0
0.02444; 0
0.0247; 0
0.02496; 0
0.02522; 0
0.02548; 0
0.02574; 0
0.026; 0
0.02626; 0
0.02652; 0
0.02678; 0
0.02704; 0
0.0273; 0
0.02756; 0
0.02782; 0
0.02808; 0
0.02834; 0
0.0286; 0
0.02886; 0
0.02912; 0
0.02938; 0
0.02964; 0
0.0299; 0
0.03016; 0
0.03042; 0
0.03068; 0
0.03094; 0
0.0312; 0
0.03146; 0
0.03172; 0
0.03198; 0
0.03224; 0
0.0325; 0
0.03276; 875.51
0.03302; 875.504
0.03328; 875.487
0.03354; 875.462
0.0338; 875.427
0.03406; 875.383
0.03432; 875.329
0.03458; 875.266
0.03484; 875.193
0.0351; 875.111
0.03536; 875.019
0.03562; 874.919
0.03588; 874.807
0.03614; 874.688
0.0364; 874.557
0.03666; 874.419
0.03692; 874.269
0.03718; 874.111
0.03744; 873.943
0.0377; 873.765
0.03796; 873.577
0.03822; 873.38
0.03848; 873.172
0.03874; 872.956
0.039; 872.728
0.03926; 872.492
0.03952; 872.244
0.03978; 871.988
0.04004; 871.72
0.0403; 871.443
0.04056; 871.155
0.04082; 870.858
0.04108; 870.549
0.04134; 870.232
0.0416; 869.902
0.04186; 869.564
0.04212; 869.213
0.04238; 868.854
0.04264; 868.482
0.0429; 868.101
0.04316; 867.709
0.04342; 867.306
0.04368; 866.892
0.04394; 866.468
0.0442; 866.031
0.04446; 865.585
0.04472; 865.127
0.04498; 864.659
0.04524; 864.178
0.0455; 863.687
0.04576; 863.184
0.04602; 862.67
0.04628; 862.143
0.04654; 861.606
0.0468; 861.057
0.04706; 860.496
0.04732; 859.923
0.04758; 859.339
0.04784; 858.741
0.0481; 858.133
0.04836; 857.511
0.04862; 856.878
0.04888; 856.232
0.04914; 855.574
0.0494; 854.902
0.04966; 854.219
0.04992; 853.521
0.05018; 852.812
0.05044; 852.089
0.0507; 851.353
0.05096; 850.603
0.05122; 849.841
0.05148; 849.063
0.05174; 848.273
0.052; 847.469
0.05226; 846.651
0.05252; 845.818
0.05278; 844.971
0.05304; 844.109
0.0533; 843.234
0.05356; 842.342
0.05382; 841.436
0.05408; 840.514
0.05434; 839.578
0.0546; 838.625
0.05486; 837.658
0.05512; 836.673
0.05538; 835.673
0.05564; 834.656
0.0559; 833.622
0.05616; 832.572
0.05642; 831.504
0.05668; 830.419
0.05694; 829.317
0.0572; 828.196
0.05746; 827.058
0.05772; 825.901
0.05798; 824.726
0.05824; 823.531
0.0585; 822.318
0.05876; 821.085
0.05902; 819.832
0.05928; 818.559
0.05954; 817.266
0.0598; 815.951
0.06006; 814.616
0.06032; 813.26
0.06058; 811.882
0.06084; 810.482
0.0611; 809.06
0.06136; 807.615
0.06162; 806.147
0.06188; 804.656
0.06214; 803.142
0.0624; 801.604
0.06266; 800.043
0.06292; 798.456
0.06318; 796.846
0.06344; 795.21
0.0637; 793.55
0.06396; 791.865
0.06422; 790.154
0.06448; 788.418
0.06474; 786.657
0.065; 784.87
0.06526; 783.059
0.06552; 781.221
0.06578; 779.36
0.06604; 777.473
0.0663; 775.562
0.06656; 773.627
0.06682; 771.669
0.06708; 769.688
0.06734; 767.685
0.0676; 765.661
0.06786; 763.616
0.06812; 761.553
0.06838; 759.471
0.06864; 757.373
0.0689; 755.259
0.06916; 753.132
0.06942; 750.993
0.06968; 748.843
0.06994; 746.684
0.0702; 744.519
0.07046; 742.349
0.07072; 740.175
0.07098; 738
0.07124; 735.825
0.0715; 733.653
0.07176; 731.485
0.07202; 729.322
0.07228; 727.166
0.07254; 725.019
0.0728; 722.881
0.07306; 720.755
0.07332; 718.642
0.07358; 716.542
0.07384; 714.456
0.0741; 712.386
0.07436; 710.332
0.07462; 708.294
0.07488; 706.274
0.07514; 704.271
0.0754; 702.286
0.07566; 700.32
0.07592; 698.373
0.07618; 696.445
0.07644; 694.536
0.0767; 692.646
0.07696; 690.776
0.07722; 688.924
0.07748; 687.093
0.07774; 685.281
0.078; 683.489
0.07826; 681.715
0.07852; 679.962
0.07878; 678.227
0.07904; 676.512
0.0793; 674.815
0.07956; 673.138
0.07982; 671.48
0.08008; 669.84
0.08034; 668.219
0.0806; 666.617
0.08086; 665.032
0.08112; 663.467
0.08138; 661.919
0.08164; 660.39
0.0819; 658.878
0.08216; 657.385
0.08242; 655.909
0.08268; 654.451
0.08294; 653.01
0.0832; 651.587
0.08346; 650.181
0.08372; 648.792
0.08398; 647.42
0.08424; 646.066
0.0845; 644.728
0.08476; 643.407
0.08502; 642.103
0.08528; 640.816
0.08554; 639.545
0.0858; 638.291
0.08606; 637.053
0.08632; 635.832
0.08658; 634.627
0.08684; 633.439
0.0871; 632.266
0.08736; 631.111
0.08762; 629.971
0.08788; 628.848
0.08814; 627.74
0.0884; 626.649
0.08866; 625.574
0.08892; 624.515
0.08918; 623.472
0.08944; 622.445
0.0897; 621.434
0.08996; 620.439
0.09022; 619.46
0.09048; 618.497
0.09074; 617.549
0.091; 616.618
0.09126; 615.702
0.09152; 614.803
0.09178; 613.918
0.09204; 613.051
0.0923; 612.198
0.09256; 611.362
0.09282; 610.541
0.09308; 609.736
0.09334; 608.947
0.0936; 608.174
0.09386; 607.415
0.09412; 606.674
0.09438; 605.947
0.09464; 605.238
0.0949; 604.542
0.09516; 603.864
0.09542; 603.2
0.09568; 602.553
0.09594; 601.92
0.0962; 601.304
0.09646; 600.703
0.09672; 600.119
0.09698; 599.549
0.09724; 598.996
0.0975; 598.457
0.09776; 597.936
0.09802; 597.428
0.09828; 596.938
0.09854; 596.462
0.0988; 596.003
0.09906; 595.558
0.09932; 595.129
0.09958; 594.715
0.09984; 594.318
0.1001; 593.936
0.10036; 593.57
0.10062; 593.218
0.10088; 592.883
0.10114; 592.562
0.1014; 592.258
0.10166; 591.968
0.10192; 591.694
0.10218; 591.435
0.10244; 591.193
0.1027; 590.964
0.10296; 590.752
0.10322; 590.554
0.10348; 590.373
0.10374; 590.205
0.104; 590.054
0.10426; 589.916
0.10452; 589.795
0.10478; 589.687
0.10504; 589.596
0.1053; 589.517
0.10556; 589.454
0.10582; 589.403
0.10608; 589.364
0.10634; 589.336
0.1066; 0
0.10686; 0
0.10712; 0
0.10738; 0
0.10764; 0
0.1079; 0
0.10816; 0
0.10842; 0
0.10868; 0
0.10894; 0
0.1092; 0
0.10946; 0
0.10972; 0
0.10998; 0
0.11024; 0
0.1105; 0
0.11076; 0
0.11102; 0
0.11128; 0
0.11154; 0
0.1118; 0
0.11206; 0
0.11232; 0
0.11258; 0
0.11284; 0
0.1131; 0
0.11336; 0
0.11362; 0
0.11388; 0
0.11414; 0
0.1144; 0
0.11466; 0
0.11492; 0
0.11518; 0
0.11544; 0
0.1157; 0
0.11596; 0
0.11622; 0
0.11648; 0
0.11674; 0
0.117; 0
0.11726; 0
0.11752; 0
0.11778; 0
0.11804; 0
0.1183; 0
0.11856; 0
0.11882; 0
0.11908; 0
0.11934; 0
0.1196; 0
0.11986; 0
0.12012; 0
0.12038; 0
0.12064; 0
0.1209; 0
0.12116; 0
0.12142; 0
0.12168; 0
0.12194; 0
0.1222; 0
0.12246; 0
0.12272; 0
0.12298; 0
0.12324; 0
0.1235; 0
0.12376; 0
0.12402; 0
0.12428; 0
0.12454; 0
0.1248; 0
