0.0026; 400
0.0052; 400
0.0078; 400
0.0104; 400
0.013; 400
0.0156; 400
0.0182; 400
0.0208; 400
0.0234; 400
0.026; 400
0.0286; 400
0.0312; 400
0.0338; 400
0.0364; 400
0.039; 400
0.0416; 400
0.0442; 400
0.0468; 400
0.0494; 400
0.052; 400
0.0546; 400
0.0572; 400
0.0598; 400
0.0624; 400
0.065; 400
0.0676; 400
0.0702; 400
0.0728; 400
0.0754; 400
0.078; 400
0.0806; 400
0.0832; 400
0.0858; 400
0.0884; 400
0.091; 400
0.0936; 400
0.0962; 400
0.0988; 400
0.1014; 400
0.104; 400
0.1066; 400
0.1092; 400
0.1118; 400
0.1144; 400
0.117; 400
0.1196; 400
0.1222; 400
0.1248; 400
0.1274; 400
0.13; 400
0.1326; 400
0.1352; 400
0.1378; 400
0.1404; 400
0.143; 400
0.1456; 400
0.1482; 400
0.1508; 400
0.1534; 400
0.156; 400
0.1586; 400
0.1612; 400
0.1638; 400
0.1664; 400
0.169; 400
0.1716; 400
0.1742; 400
0.1768; 400
0.1794; 400
0.182; 400
0.1846; 400
0.1872; 400
0.1898; 400
0.1924; 400
0.195; 400
0.1976; 400
0.2002; 400
0.2028; 400
0.2054; 400
0.208; 400
0.2106; 400
0.2132; 400
0.2158; 400
0.2184; 400
0.221; 400
0.2236; 400
0.2262; 400
0.2288; 400
0.2314; 400
0.234; 400
0.2366; 400
0.2392; 400
0.2418; 400
0.2444; 400
0.247; 400
0.2496; 400
0.2522; 400
0.2548; 400
0.2574; 400
0.26; 400
0.2626; 400
0.2652; 400
0.2678; 400
0.2704; 400
0.273; 400
0.2756; 400
0.2782; 400
0.2808; 400.001
0.2834; 400.001
0.286; 400.001
0.2886; 400.001
0.2912; 400.001
0.2938; 400.001
0.2964; 400.001
0.299; 400.001
0.3016; 400.001
0.3042; 400.002
0.3068; 400.002
0.3094; 400.002
0.312; 400.002
0.3146; 400.002
0.3172; 400.002
0.3198; 400.002
0.3224; 400.003
0.325; 400.003
0.3276; 400.003
0.3302; 400.003
0.3328; 400.004
0.3354; 400.004
0.338; 400.004
0.3406; 400.005
0.3432; 400.005
0.3458; 400.006
0.3484; 400.006
0.351; 400.007
0.3536; 400.008
0.3562; 400.008
0.3588; 400.009
0.3614; 400.01
0.364; 400.011
0.3666; 400.012
0.3692; 400.013
0.3718; 400.014
0.3744; 400.016
0.377; 400.018
0.3796; 400.019
0.3822; 400.021
0.3848; 400.023
0.3874; 400.026
0.39; 400.028
0.3926; 400.031
0.3952; 400.034
0.3978; 400.038
0.4004; 400.041
0.403; 400.045
0.4056; 400.05
0.4082; 400.055
0.4108; 400.06
0.4134; 400.066
0.416; 400.072
0.4186; 400.079
0.4212; 400.087
0.4238; 400.095
0.4264; 400.105
0.429; 400.114
0.4316; 400.125
0.4342; 400.137
0.4368; 400.15
0.4394; 400.164
0.442; 400.179
0.4446; 400.196
0.4472; 400.214
0.4498; 400.233
0.4524; 400.254
0.455; 400.277
0.4576; 400.302
0.4602; 400.328
0.4628; 400.357
0.4654; 400.389
0.468; 400.422
0.4706; 400.459
0.4732; 400.498
0.4758; 400.54
0.4784; 400.585
0.481; 400.634
0.4836; 400.687
0.4862; 400.743
0.4888; 400.804
0.4914; 400.869
0.494; 400.939
0.4966; 401.013
0.4992; 401.093
0.5018; 401.178
0.5044; 401.27
0.507; 401.367
0.5096; 401.471
0.5122; 401.583
0.5148; 401.701
0.5174; 401.827
0.52; 401.961
0.5226; 402.104
0.5252; 402.256
0.5278; 402.417
0.5304; 402.588
0.533; 402.77
0.5356; 402.962
0.5382; 403.166
0.5408; 403.382
0.5434; 403.61
0.546; 403.851
0.5486; 404.106
0.5512; 404.375
0.5538; 404.659
0.5564; 404.958
0.559; 405.274
0.5616; 405.605
0.5642; 405.954
0.5668; 406.321
0.5694; 406.707
0.572; 407.111
0.5746; 407.536
0.5772; 407.981
0.5798; 408.447
0.5824; 408.936
0.585; 409.446
0.5876; 409.98
0.5902; 410.539
0.5928; 411.121
0.5954; 411.729
0.598; 412.363
0.6006; 413.024
0.6032; 413.712
0.6058; 414.428
0.6084; 415.173
0.611; 415.946
0.6136; 416.75
0.6162; 417.585
0.6188; 418.45
0.6214; 419.347
0.624; 420.276
0.6266; 421.239
0.6292; 422.234
0.6318; 423.263
0.6344; 424.326
0.637; 425.424
0.6396; 426.557
0.6422; 427.726
0.6448; 428.93
0.6474; 430.171
0.65; 431.447
0.6526; 432.761
0.6552; 434.111
0.6578; 435.498
0.6604; 436.922
0.663; 438.384
0.6656; 439.883
0.6682; 441.419
0.6708; 442.992
0.6734; 444.603
0.676; 446.25
0.6786; 447.935
0.6812; 449.656
0.6838; 451.414
0.6864; 453.207
0.689; 455.037
0.6916; 456.902
0.6942; 458.802
0.6968; 460.737
0.6994; 462.705
0.702; 464.707
0.7046; 466.742
0.7072; 468.809
0.7098; 470.908
0.7124; 473.037
0.715; 475.197
0.7176; 477.385
0.7202; 479.602
0.7228; 481.847
0.7254; 484.118
0.728; 486.415
0.7306; 488.737
0.7332; 491.083
0.7358; 493.452
0.7384; 495.843
0.741; 498.256
0.7436; 500.689
0.7462; 503.143
0.7488; 505.617
0.7514; 508.11
0.754; 510.625
0.7566; 513.161
0.7592; 515.719
0.7618; 518.303
0.7644; 520.916
0.767; 523.559
0.7696; 526.236
0.7722; 528.947
0.7748; 531.688
0.7774; 534.456
0.78; 537.245
0.7826; 540.05
0.7852; 542.863
0.7878; 545.677
0.7904; 548.482
0.793; 551.275
0.7956; 554.052
0.7982; 556.81
0.8008; 559.55
0.8034; 562.271
0.806; 564.973
0.8086; 567.656
0.8112; 570.32
0.8138; 572.969
0.8164; 575.619
0.819; 578.513
0.8216; 581.61
0.8242; 584.681
0.8268; 587.719
0.8294; 590.727
0.832; 593.708
0.8346; 596.663
0.8372; 599.592
0.8398; 602.498
0.8424; 605.386
0.845; 608.276
0.8476; 611.028
0.8502; 613.564
0.8528; 615.972
0.8554; 618.326
0.858; 620.645
0.8606; 622.937
0.8632; 625.203
0.8658; 627.443
0.8684; 629.658
0.871; 631.849
0.8736; 634.016
0.8762; 636.161
0.8788; 638.286
0.8814; 640.396
0.884; 642.483
0.8866; 644.588
0.8892; 646.718
0.8918; 648.76
0.8944; 650.726
0.897; 652.623
0.8996; 654.454
0.9022; 656.218
0.9048; 657.916
0.9074; 659.547
0.91; 661.112
0.9126; 662.609
0.9152; 664.04
0.9178; 665.404
0.9204; 666.701
0.923; 667.933
0.9256; 669.101
0.9282; 670.206
0.9308; 671.249
0.9334; 672.234
0.936; 673.162
0.9386; 674.036
0.9412; 674.858
0.9438; 675.631
0.9464; 676.357
0.949; 677.039
0.9516; 677.681
0.9542; 678.285
0.9568; 678.854
0.9594; 679.391
0.962; 679.899
0.9646; 680.38
0.9672; 680.838
0.9698; 681.275
0.9724; 681.695
0.975; 682.098
0.9776; 682.487
0.9802; 682.865
0.9828; 683.232
0.9854; 683.59
0.988; 683.94
0.9906; 684.282
0.9932; 684.617
0.9958; 684.946
0.9984; 685.266
1.001; 685.576
1.0036; 685.884
1.0062; 686.244
1.0088; 686.597
1.0114; 686.958
1.014; 687.326
1.0166; 687.696
1.0192; 688.066
1.0218; 688.435
1.0244; 688.802
1.027; 689.165
1.0296; 689.523
1.0322; 689.875
1.0348; 690.22
1.0374; 690.558
1.04; 690.886
1.0426; 691.205
1.0452; 691.512
1.0478; 691.831
1.0504; 692.152
1.053; 692.452
1.0556; 692.734
1.0582; 692.999
1.0608; 693.251
1.0634; 693.49
1.066; 693.718
1.0686; 693.934
1.0712; 694.14
1.0738; 694.337
1.0764; 694.525
1.079; 694.705
1.0816; 694.879
1.0842; 695.046
1.0868; 695.208
1.0894; 695.367
1.092; 695.523
1.0946; 695.677
1.0972; 695.831
1.0998; 695.987
1.1024; 696.144
1.105; 696.305
1.1076; 696.471
1.1102; 696.643
1.1128; 696.821
1.1154; 697.008
1.118; 697.204
1.1206; 697.411
1.1232; 697.629
1.1258; 697.862
1.1284; 698.109
1.131; 698.373
1.1336; 698.648
1.1362; 698.923
1.1388; 699.255
1.1414; 699.64
1.144; 700.033
1.1466; 700.451
1.1492; 700.896
1.1518; 701.355
1.1544; 701.829
1.157; 702.313
1.1596; 702.805
1.1622; 703.305
1.1648; 703.809
1.1674; 704.318
1.17; 704.827
1.1726; 705.336
1.1752; 705.84
1.1778; 706.435
1.1804; 707.124
1.183; 707.813
1.1856; 708.503
1.1882; 709.192
1.1908; 709.878
1.1934; 710.56
1.196; 711.235
1.1986; 711.901
1.2012; 712.557
1.2038; 713.199
1.2064; 713.825
1.209; 714.432
1.2116; 715.018
1.2142; 715.58
1.2168; 716.115
1.2194; 716.621
1.222; 717.095
1.2246; 717.534
1.2272; 717.936
1.2298; 718.3
1.2324; 718.622
1.235; 718.902
1.2376; 719.137
1.2402; 719.328
1.2428; 719.471
1.2454; 719.567
1.248; 719.615
