0.0026; 400
0.0052; 400
0.0078; 400
0.0104; 400
0.013; 400
0.0156; 400
0.0182; 400
0.0208; 400
0.0234; 400
0.026; 400
0.0286; 400
0.0312; 400
0.0338; 400
0.0364; 400
0.039; 400
0.0416; 400
0.0442; 400
0.0468; 400
0.0494; 400
0.052; 400
0.0546; 400
0.0572; 400
0.0598; 400
0.0624; 400
0.065; 400
0.0676; 400
0.0702; 400
0.0728; 400
0.0754; 400
0.078; 400
0.0806; 400
0.0832; 400
0.0858; 400
0.0884; 400
0.091; 400
0.0936; 400
0.0962; 400
0.0988; 400
0.1014; 400
0.104; 400
0.1066; 400
0.1092; 400
0.1118; 400
0.1144; 400
0.117; 400
0.1196; 400
0.1222; 400
0.1248; 400
0.1274; 400
0.13; 400
0.1326; 400
0.1352; 400
0.1378; 400
0.1404; 400
0.143; 400
0.1456; 400
0.1482; 400
0.1508; 400
0.1534; 400
0.156; 400
0.1586; 400
0.1612; 400
0.1638; 400
0.1664; 400
0.169; 400
0.1716; 400
0.1742; 400
0.1768; 400
0.1794; 400
0.182; 400
0.1846; 400
0.1872; 400
0.1898; 400
0.1924; 400
0.195; 400
0.1976; 400
0.2002; 400
0.2028; 400
0.2054; 400
0.208; 400
0.2106; 400
0.2132; 400
0.2158; 400
0.2184; 400
0.221; 400
0.2236; 400
0.2262; 400
0.2288; 400
0.2314; 400
0.234; 400
0.2366; 400
0.2392; 400
0.2418; 400
0.2444; 400
0.247; 400
0.2496; 400
0.2522; 400
0.2548; 400
0.2574; 400
0.26; 400
0.2626; 400
0.2652; 400.001
0.2678; 400.001
0.2704; 400.001
0.273; 400.001
0.2756; 400.001
0.2782; 400.001
0.2808; 400.001
0.2834; 400.001
0.286; 400.001
0.2886; 400.002
0.2912; 400.002
0.2938; 400.002
0.2964; 400.002
0.299; 400.002
0.3016; 400.002
0.3042; 400.003
0.3068; 400.003
0.3094; 400.003
0.312; 400.003
0.3146; 400.004
0.3172; 400.004
0.3198; 400.004
0.3224; 400.005
0.325; 400.005
0.3276; 400.006
0.3302; 400.006
0.3328; 400.007
0.3354; 400.007
0.338; 400.008
0.3406; 400.009
0.3432; 400.009
0.3458; 400.01
0.3484; 400.011
0.351; 400.012
0.3536; 400.013
0.3562; 400.014
0.3588; 400.016
0.3614; 400.017
0.364; 400.019
0.3666; 400.021
0.3692; 400.023
0.3718; 400.025
0.3744; 400.027
0.377; 400.03
0.3796; 400.033
0.3822; 400.036
0.3848; 400.039
0.3874; 400.043
0.39; 400.047
0.3926; 400.052
0.3952; 400.056
0.3978; 400.062
0.4004; 400.067
0.403; 400.074
0.4056; 400.081
0.4082; 400.088
0.4108; 400.096
0.4134; 400.105
0.416; 400.115
0.4186; 400.125
0.4212; 400.136
0.4238; 400.149
0.4264; 400.162
0.429; 400.177
0.4316; 400.192
0.4342; 400.209
0.4368; 400.227
0.4394; 400.247
0.442; 400.269
0.4446; 400.292
0.4472; 400.317
0.4498; 400.344
0.4524; 400.373
0.455; 400.404
0.4576; 400.437
0.4602; 400.474
0.4628; 400.512
0.4654; 400.554
0.468; 400.599
0.4706; 400.647
0.4732; 400.698
0.4758; 400.753
0.4784; 400.812
0.481; 400.876
0.4836; 400.943
0.4862; 401.015
0.4888; 401.092
0.4914; 401.175
0.494; 401.262
0.4966; 401.356
0.4992; 401.455
0.5018; 401.561
0.5044; 401.674
0.507; 401.794
0.5096; 401.921
0.5122; 402.056
0.5148; 402.199
0.5174; 402.351
0.52; 402.512
0.5226; 402.683
0.5252; 402.863
0.5278; 403.054
0.5304; 403.256
0.533; 403.469
0.5356; 403.694
0.5382; 403.931
0.5408; 404.181
0.5434; 404.444
0.546; 404.722
0.5486; 405.013
0.5512; 405.32
0.5538; 405.642
0.5564; 405.981
0.559; 406.336
0.5616; 406.708
0.5642; 407.099
0.5668; 407.508
0.5694; 407.936
0.572; 408.384
0.5746; 408.852
0.5772; 409.341
0.5798; 409.852
0.5824; 410.385
0.585; 410.941
0.5876; 411.52
0.5902; 412.123
0.5928; 412.752
0.5954; 413.405
0.598; 414.084
0.6006; 414.79
0.6032; 415.523
0.6058; 416.284
0.6084; 417.072
0.611; 417.89
0.6136; 418.737
0.6162; 419.613
0.6188; 420.52
0.6214; 421.458
0.624; 422.427
0.6266; 423.428
0.6292; 424.461
0.6318; 425.527
0.6344; 426.625
0.637; 427.757
0.6396; 428.922
0.6422; 430.122
0.6448; 431.355
0.6474; 432.623
0.65; 433.925
0.6526; 435.262
0.6552; 436.634
0.6578; 438.042
0.6604; 439.484
0.663; 440.961
0.6656; 442.474
0.6682; 444.021
0.6708; 445.604
0.6734; 447.221
0.676; 448.874
0.6786; 450.561
0.6812; 452.282
0.6838; 454.037
0.6864; 455.826
0.689; 457.648
0.6916; 459.504
0.6942; 461.392
0.6968; 463.312
0.6994; 465.263
0.702; 467.246
0.7046; 469.259
0.7072; 471.302
0.7098; 473.374
0.7124; 475.475
0.715; 477.604
0.7176; 479.759
0.7202; 481.941
0.7228; 484.148
0.7254; 486.379
0.728; 488.635
0.7306; 490.913
0.7332; 493.214
0.7358; 495.535
0.7384; 497.877
0.741; 500.239
0.7436; 502.62
0.7462; 505.02
0.7488; 507.438
0.7514; 509.875
0.754; 512.33
0.7566; 514.806
0.7592; 517.303
0.7618; 519.823
0.7644; 522.37
0.767; 524.947
0.7696; 527.554
0.7722; 530.194
0.7748; 532.863
0.7774; 535.555
0.78; 538.267
0.7826; 540.993
0.7852; 543.727
0.7878; 546.46
0.7904; 549.184
0.793; 551.896
0.7956; 554.591
0.7982; 557.268
0.8008; 559.927
0.8034; 562.568
0.806; 565.19
0.8086; 567.793
0.8112; 570.379
0.8138; 572.949
0.8164; 575.522
0.819; 578.332
0.8216; 581.338
0.8242; 584.317
0.8268; 587.263
0.8294; 590.179
0.832; 593.067
0.8346; 595.93
0.8372; 598.768
0.8398; 601.583
0.8424; 604.381
0.845; 607.182
0.8476; 609.849
0.8502; 612.307
0.8528; 614.643
0.8554; 616.927
0.858; 619.18
0.8606; 621.408
0.8632; 623.613
0.8658; 625.796
0.8684; 627.956
0.871; 630.094
0.8736; 632.212
0.8762; 634.311
0.8788; 636.394
0.8814; 638.464
0.884; 640.515
0.8866; 642.582
0.8892; 644.677
0.8918; 646.691
0.8944; 648.633
0.897; 650.511
0.8996; 652.328
0.9022; 654.084
0.9048; 655.779
0.9074; 657.412
0.91; 658.985
0.9126; 660.495
0.9152; 661.943
0.9178; 663.33
0.9204; 664.654
0.923; 665.917
0.9256; 667.121
0.9282; 668.265
0.9308; 669.351
0.9334; 670.382
0.936; 671.358
0.9386; 672.283
0.9412; 673.157
0.9438; 673.985
0.9464; 674.766
0.949; 675.505
0.9516; 676.204
0.9542; 676.865
0.9568; 677.491
0.9594; 678.084
0.962; 678.647
0.9646; 679.183
0.9672; 679.693
0.9698; 680.181
0.9724; 680.649
0.975; 681.098
0.9776; 681.531
0.9802; 681.95
0.9828; 682.356
0.9854; 682.749
0.988; 683.132
0.9906; 683.503
0.9932; 683.865
0.9958; 684.217
0.9984; 684.557
1.001; 684.884
1.0036; 685.207
1.0062; 685.58
1.0088; 685.944
1.0114; 686.315
1.014; 686.692
1.0166; 687.071
1.0192; 687.45
1.0218; 687.827
1.0244; 688.2
1.027; 688.57
1.0296; 688.934
1.0322; 689.292
1.0348; 689.644
1.0374; 689.987
1.04; 690.322
1.0426; 690.648
1.0452; 690.962
1.0478; 691.29
1.0504; 691.621
1.053; 691.931
1.0556; 692.226
1.0582; 692.505
1.0608; 692.773
1.0634; 693.03
1.066; 693.278
1.0686; 693.517
1.0712; 693.748
1.0738; 693.973
1.0764; 694.191
1.079; 694.404
1.0816; 694.612
1.0842; 694.816
1.0868; 695.018
1.0894; 695.218
1.092; 695.416
1.0946; 695.615
1.0972; 695.814
1.0998; 696.015
1.1024; 696.219
1.105; 696.426
1.1076; 696.637
1.1102; 696.853
1.1128; 697.075
1.1154; 697.304
1.118; 697.539
1.1206; 697.783
1.1232; 698.036
1.1258; 698.3
1.1284; 698.575
1.131; 698.863
1.1336; 699.159
1.1362; 699.45
1.1388; 699.793
1.1414; 700.185
1.144; 700.582
1.1466; 701.001
1.1492; 701.445
1.1518; 701.899
1.1544; 702.364
1.157; 702.837
1.1596; 703.315
1.1622; 703.797
1.1648; 704.282
1.1674; 704.768
1.17; 705.252
1.1726; 705.733
1.1752; 706.206
1.1778; 706.764
1.1804; 707.41
1.183; 708.051
1.1856; 708.687
1.1882; 709.319
1.1908; 709.944
1.1934; 710.562
1.196; 711.17
1.1986; 711.767
1.2012; 712.352
1.2038; 712.923
1.2064; 713.477
1.209; 714.012
1.2116; 714.527
1.2142; 715.02
1.2168; 715.487
1.2194; 715.928
1.222; 716.34
1.2246; 716.721
1.2272; 717.069
1.2298; 717.383
1.2324; 717.662
1.235; 717.903
1.2376; 718.106
1.2402; 718.27
1.2428; 718.393
1.2454; 718.476
1.248; 718.517
