0.00026; 0
0.00052; 0
0.00078; 0
0.00104; 0
0.0013; 0
0.00156; 0
0.00182; 0
0.00208; 0
0.00234; 0
0.0026; 0
0.00286; 0
0.00312; 0
0.00338; 0
0.00364; 0
0.0039; 0
0.00416; 0
0.00442; 0
0.00468; 0
0.00494; 0
0.0052; 0
0.00546; 0
0.00572; 0
0.00598; 0
0.00624; 0
0.0065; 0
0.00676; 0
0.00702; 0
0.00728; 0
0.00754; 0
0.0078; 0
0.00806; 0
0.00832; 0
0.00858; 0
0.00884; 0
0.0091; 0
0.00936; 0
0.00962; 0
0.00988; 0
0.01014; 0
0.0104; 0
0.01066; 0
0.01092; 0
0.01118; 0
0.01144; 0
0.0117; 0
0.01196; 0
0.01222; 0
0.01248; 0
0.01274; 0
0.013; 0
0.01326; 0
0.01352; 0
0.01378; 0
0.01404; 0
0.0143; 0
0.01456; 0
0.01482; 0
0.01508; 0
0.01534; 0
0.0156; 0
0.01586; 0
0.01612; 0
0.01638; 0
0.01664; 0
0.0169; 0
0.01716; 0
0.01742; 0
0.01768; 0
0.01794; 0
0.0182; 0
0.01846; 0
0.01872; 0
0.01898; 0
0.01924; 0
0.0195; 0
0.01976; 0
0.02002; 0
0.02028; 0
0.02054; 0
0.0208; 0
0.02106; 0
0.02132; 0
0.02158; 0
0.02184; 0
0.0221; 0
0.02236; 0
0.02262; 0
0.02288; 0
0.02314; 0
0.0234; 0
0.02366; 0
0.02392; 0
0.02418; 0
0.02444; 0
0.0247; 0
0.02496; 0
0.02522; 0
0.02548; 0
0.02574; 0
0.026; 0
0.02626; 0
0.02652; 0
0.02678; 0
0.02704; 0
0.0273; 0
0.02756; 0
0.02782; 0
0.02808; 0
0.02834; 0
0.0286; 0
0.02886; 0
0.02912; 0
0.02938; 0
0.02964; 0
0.0299; 0
0.03016; 0
0.03042; 0
0.03068; 0
0.03094; 0
0.0312; 0
0.03146; 0
0.03172; 0
0.03198; 0
0.03224; 0
0.0325; 0
0.03276; 898.963
0.03302; 898.947
0.03328; 898.938
0.03354; 898.9
0.0338; 898.868
0.03406; 898.808
0.03432; 898.755
0.03458; 898.673
0.03484; 898.598
0.0351; 898.494
0.03536; 898.396
0.03562; 898.271
0.03588; 898.152
0.03614; 898.004
0.0364; 897.863
0.03666; 897.692
0.03692; 897.528
0.03718; 897.336
0.03744; 897.15
0.0377; 896.935
0.03796; 896.726
0.03822; 896.489
0.03848; 896.257
0.03874; 895.997
0.039; 895.742
0.03926; 895.459
0.03952; 895.181
0.03978; 894.874
0.04004; 894.572
0.0403; 894.241
0.04056; 893.916
0.04082; 893.562
0.04108; 893.212
0.04134; 892.834
0.0416; 892.46
0.04186; 892.058
0.04212; 891.66
0.04238; 891.233
0.04264; 890.81
0.0429; 890.358
0.04316; 889.91
0.04342; 889.434
0.04368; 888.961
0.04394; 888.459
0.0442; 887.96
0.04446; 887.433
0.04472; 886.908
0.04498; 886.354
0.04524; 885.802
0.0455; 885.222
0.04576; 884.644
0.04602; 884.037
0.04628; 883.432
0.04654; 882.797
0.0468; 882.165
0.04706; 881.503
0.04732; 880.842
0.04758; 880.152
0.04784; 879.462
0.0481; 878.744
0.04836; 878.026
0.04862; 877.279
0.04888; 876.532
0.04914; 875.755
0.0494; 874.978
0.04966; 874.172
0.04992; 873.364
0.05018; 872.527
0.05044; 871.688
0.0507; 870.82
0.05096; 869.95
0.05122; 869.051
0.05148; 868.149
0.05174; 867.217
0.052; 866.282
0.05226; 865.316
0.05252; 864.348
0.05278; 863.349
0.05304; 862.346
0.0533; 861.312
0.05356; 860.273
0.05382; 859.204
0.05408; 858.129
0.05434; 857.023
0.0546; 855.912
0.05486; 854.769
0.05512; 853.619
0.05538; 852.437
0.05564; 851.249
0.0559; 850.028
0.05616; 848.798
0.05642; 847.537
0.05668; 846.267
0.05694; 844.963
0.0572; 843.65
0.05746; 842.304
0.05772; 840.947
0.05798; 839.557
0.05824; 838.155
0.0585; 836.719
0.05876; 835.27
0.05902; 833.787
0.05928; 832.29
0.05954; 830.758
0.0598; 829.211
0.06006; 827.629
0.06032; 826.031
0.06058; 824.397
0.06084; 822.746
0.0611; 821.059
0.06136; 819.354
0.06162; 817.612
0.06188; 815.85
0.06214; 814.051
0.0624; 812.232
0.06266; 810.375
0.06292; 808.497
0.06318; 806.581
0.06344; 804.643
0.0637; 802.666
0.06396; 800.666
0.06422; 798.629
0.06448; 796.566
0.06474; 794.466
0.065; 792.341
0.06526; 790.179
0.06552; 787.992
0.06578; 785.768
0.06604; 783.518
0.0663; 781.234
0.06656; 778.924
0.06682; 776.581
0.06708; 774.212
0.06734; 771.813
0.0676; 769.39
0.06786; 766.938
0.06812; 764.464
0.06838; 761.965
0.06864; 759.446
0.0689; 756.906
0.06916; 754.349
0.06942; 751.774
0.06968; 749.186
0.06994; 746.585
0.0702; 743.973
0.07046; 741.354
0.07072; 738.729
0.07098; 736.101
0.07124; 733.471
0.0715; 730.842
0.07176; 728.215
0.07202; 725.595
0.07228; 722.978
0.07254; 720.373
0.0728; 717.775
0.07306; 715.192
0.07332; 712.619
0.07358; 710.064
0.07384; 707.519
0.0741; 704.997
0.07436; 702.487
0.07462; 700.001
0.07488; 697.528
0.07514; 695.081
0.0754; 692.647
0.07566; 690.242
0.07592; 687.851
0.07618; 685.488
0.07644; 683.139
0.0767; 680.821
0.07696; 678.516
0.07722; 676.241
0.07748; 673.98
0.07774; 671.751
0.078; 669.534
0.07826; 667.349
0.07852; 665.176
0.07878; 663.037
0.07904; 660.908
0.0793; 658.813
0.07956; 656.727
0.07982; 654.676
0.08008; 652.634
0.08034; 650.627
0.0806; 648.628
0.08086; 646.664
0.08112; 644.707
0.08138; 642.786
0.08164; 640.871
0.0819; 638.992
0.08216; 637.119
0.08242; 635.282
0.08268; 633.45
0.08294; 631.655
0.0832; 629.864
0.08346; 628.11
0.08372; 626.359
0.08398; 624.646
0.08424; 622.936
0.0845; 621.263
0.08476; 619.593
0.08502; 617.96
0.08528; 616.33
0.08554; 614.738
0.0858; 613.147
0.08606; 611.595
0.08632; 610.043
0.08658; 608.531
0.08684; 607.018
0.0871; 605.546
0.08736; 604.072
0.08762; 602.639
0.08788; 601.205
0.08814; 599.811
0.0884; 598.416
0.08866; 597.062
0.08892; 595.706
0.08918; 594.391
0.08944; 593.074
0.0897; 591.798
0.08996; 590.52
0.09022; 589.284
0.09048; 588.044
0.09074; 586.848
0.091; 585.648
0.09126; 584.49
0.09152; 583.329
0.09178; 582.211
0.09204; 581.089
0.0923; 580.01
0.09256; 578.928
0.09282; 577.888
0.09308; 576.845
0.09334; 575.845
0.0936; 574.841
0.09386; 573.881
0.09412; 572.916
0.09438; 571.995
0.09464; 571.07
0.0949; 570.189
0.09516; 569.303
0.09542; 568.462
0.09568; 567.616
0.09594; 566.815
0.0962; 566.008
0.09646; 565.247
0.09672; 564.479
0.09698; 563.758
0.09724; 563.031
0.0975; 562.35
0.09776; 561.662
0.09802; 561.021
0.09828; 560.374
0.09854; 559.774
0.0988; 559.166
0.09906; 558.605
0.09932; 558.038
0.09958; 557.516
0.09984; 556.988
0.1001; 556.508
0.10036; 556.019
0.10062; 555.578
0.10088; 555.13
0.10114; 554.729
0.1014; 554.32
0.10166; 553.96
0.10192; 553.591
0.10218; 553.271
0.10244; 552.942
0.1027; 552.66
0.10296; 552.37
0.10322; 552.129
0.10348; 551.878
0.10374; 551.675
0.104; 551.464
0.10426; 551.301
0.10452; 551.129
0.10478; 551.004
0.10504; 550.87
0.1053; 550.783
0.10556; 550.685
0.10582; 550.633
0.10608; 550.567
0.10634; 550.548
0.1066; 0
0.10686; 0
0.10712; 0
0.10738; 0
0.10764; 0
0.1079; 0
0.10816; 0
0.10842; 0
0.10868; 0
0.10894; 0
0.1092; 0
0.10946; 0
0.10972; 0
0.10998; 0
0.11024; 0
0.1105; 0
0.11076; 0
0.11102; 0
0.11128; 0
0.11154; 0
0.1118; 0
0.11206; 0
0.11232; 0
0.11258; 0
0.11284; 0
0.1131; 0
0.11336; 0
0.11362; 0
0.11388; 0
0.11414; 0
0.1144; 0
0.11466; 0
0.11492; 0
0.11518; 0
0.11544; 0
0.1157; 0
0.11596; 0
0.11622; 0
0.11648; 0
0.11674; 0
0.117; 0
0.11726; 0
0.11752; 0
0.11778; 0
0.11804; 0
0.1183; 0
0.11856; 0
0.11882; 0
0.11908; 0
0.11934; 0
0.1196; 0
0.11986; 0
0.12012; 0
0.12038; 0
0.12064; 0
0.1209; 0
0.12116; 0
0.12142; 0
0.12168; 0
0.12194; 0
0.1222; 0
0.12246; 0
0.12272; 0
0.12298; 0
0.12324; 0
0.1235; 0
0.12376; 0
0.12402; 0
0.12428; 0
0.12454; 0
0.1248; 0
