0.00026; 539.542
0.00052; 539.545
0.00078; 539.553
0.00104; 539.564
0.0013; 539.586
0.00156; 539.611
0.00182; 539.647
0.00208; 539.686
0.00234; 539.736
0.0026; 539.789
0.00286; 539.853
0.00312; 539.92
0.00338; 539.999
0.00364; 540.079
0.0039; 540.172
0.00416; 540.267
0.00442; 540.374
0.00468; 540.483
0.00494; 540.604
0.0052; 540.727
0.00546; 540.862
0.00572; 541
0.00598; 541.149
0.00624; 541.3
0.0065; 541.463
0.00676; 541.629
0.00702; 541.806
0.00728; 541.986
0.00754; 542.177
0.0078; 542.371
0.00806; 542.576
0.00832; 542.784
0.00858; 543.003
0.00884; 543.225
0.0091; 543.458
0.00936; 543.694
0.00962; 543.941
0.00988; 544.191
0.01014; 544.452
0.0104; 544.716
0.01066; 544.991
0.01092; 545.269
0.01118; 545.558
0.01144; 545.85
0.0117; 546.153
0.01196; 546.459
0.01222; 546.776
0.01248; 547.095
0.01274; 547.426
0.013; 547.76
0.01326; 548.104
0.01352; 548.452
0.01378; 548.81
0.01404; 549.171
0.0143; 549.544
0.01456; 549.918
0.01482; 550.305
0.01508; 550.693
0.01534; 551.093
0.0156; 551.496
0.01586; 551.91
0.01612; 552.326
0.01638; 552.753
0.01664; 553.183
0.0169; 553.624
0.01716; 554.068
0.01742; 554.523
0.01768; 554.98
0.01794; 555.449
0.0182; 555.919
0.01846; 556.401
0.01872; 556.886
0.01898; 557.382
0.01924; 557.879
0.0195; 558.389
0.01976; 558.9
0.02002; 559.423
0.02028; 559.948
0.02054; 560.485
0.0208; 561.023
0.02106; 561.573
0.02132; 562.125
0.02158; 562.688
0.02184; 563.253
0.0221; 563.83
0.02236; 564.408
0.02262; 564.998
0.02288; 565.59
0.02314; 566.194
0.0234; 566.799
0.02366; 567.416
0.02392; 568.034
0.02418; 568.664
0.02444; 569.296
0.0247; 569.939
0.02496; 570.584
0.02522; 571.24
0.02548; 571.898
0.02574; 572.568
0.026; 573.239
0.02626; 573.922
0.02652; 574.606
0.02678; 575.302
0.02704; 575.999
0.0273; 576.708
0.02756; 577.418
0.02782; 578.14
0.02808; 578.863
0.02834; 579.598
0.0286; 580.334
0.02886; 581.082
0.02912; 581.831
0.02938; 582.591
0.02964; 583.353
0.0299; 584.126
0.03016; 584.901
0.03042; 585.687
0.03068; 586.475
0.03094; 587.273
0.0312; 588.074
0.03146; 588.885
0.03172; 589.698
0.03198; 590.522
0.03224; 591.347
0.0325; 592.184
0.03276; 593.022
0.03302; 593.871
0.03328; 594.722
0.03354; 595.583
0.0338; 596.447
0.03406; 597.32
0.03432; 598.196
0.03458; 599.082
0.03484; 599.97
0.0351; 600.869
0.03536; 601.769
0.03562; 602.68
0.03588; 603.593
0.03614; 604.516
0.0364; 605.441
0.03666; 606.376
0.03692; 607.313
0.03718; 608.26
0.03744; 609.209
0.0377; 610.169
0.03796; 611.13
0.03822; 612.101
0.03848; 613.075
0.03874; 614.058
0.039; 615.043
0.03926; 616.038
0.03952; 617.035
0.03978; 618.042
0.04004; 619.051
0.0403; 620.07
0.04056; 621.09
0.04082; 622.121
0.04108; 623.153
0.04134; 624.196
0.0416; 625.24
0.04186; 626.293
0.04212; 627.349
0.04238; 628.414
0.04264; 629.481
0.0429; 630.558
0.04316; 631.637
0.04342; 632.725
0.04368; 633.815
0.04394; 634.915
0.0442; 636.016
0.04446; 637.127
0.04472; 638.24
0.04498; 639.362
0.04524; 640.486
0.0455; 641.619
0.04576; 642.754
0.04602; 643.898
0.04628; 645.044
0.04654; 646.2
0.0468; 647.357
0.04706; 648.523
0.04732; 649.692
0.04758; 650.869
0.04784; 652.048
0.0481; 653.236
0.04836; 654.426
0.04862; 655.625
0.04888; 656.826
0.04914; 658.035
0.0494; 659.247
0.04966; 660.467
0.04992; 661.689
0.05018; 662.92
0.05044; 664.152
0.0507; 665.394
0.05096; 666.637
0.05122; 667.888
0.05148; 669.142
0.05174; 670.404
0.052; 671.667
0.05226; 672.94
0.05252; 674.214
0.05278; 675.497
0.05304; 676.781
0.0533; 678.074
0.05356; 679.368
0.05382; 680.671
0.05408; 681.975
0.05434; 683.288
0.0546; 684.602
0.05486; 685.925
0.05512; 687.249
0.05538; 688.581
0.05564; 689.915
0.0559; 691.258
0.05616; 692.601
0.05642; 693.953
0.05668; 695.306
0.05694; 696.668
0.0572; 698.031
0.05746; 699.402
0.05772; 700.774
0.05798; 702.155
0.05824; 703.536
0.0585; 704.926
0.05876; 706.317
0.05902; 707.716
0.05928; 709.116
0.05954; 710.524
0.0598; 711.934
0.06006; 713.351
0.06032; 714.769
0.06058; 716.195
0.06084; 717.623
0.0611; 719.058
0.06136; 720.494
0.06162; 721.938
0.06188; 723.383
0.06214; 724.836
0.0624; 726.29
0.06266; 727.751
0.06292; 729.214
0.06318; 730.684
0.06344; 732.155
0.0637; 733.633
0.06396; 735.113
0.06422; 736.599
0.06448; 738.087
0.06474; 739.582
0.065; 741.078
0.06526; 742.582
0.06552; 744.086
0.06578; 745.597
0.06604; 747.11
0.0663; 748.629
0.06656; 750.15
0.06682; 751.677
0.06708; 753.205
0.06734; 754.74
0.0676; 756.276
0.06786; 757.819
0.06812; 759.363
0.06838; 760.914
0.06864; 762.465
0.0689; 764.024
0.06916; 765.583
0.06942; 767.148
0.06968; 768.715
0.06994; 770.288
0.0702; 771.862
0.07046; 773.442
0.07072; 775.023
0.07098; 776.61
0.07124; 778.199
0.0715; 779.793
0.07176; 781.388
0.07202; 782.99
0.07228; 784.592
0.07254; 786.201
0.0728; 787.81
0.07306; 789.425
0.07332; 791.041
0.07358; 792.663
0.07384; 794.286
0.0741; 795.914
0.07436; 797.544
0.07462; 799.179
0.07488; 800.814
0.07514; 802.456
0.0754; 804.098
0.07566; 805.745
0.07592; 807.394
0.07618; 809.048
0.07644; 810.702
0.0767; 812.362
0.07696; 814.023
0.07722; 815.688
0.07748; 817.355
0.07774; 819.027
0.078; 820.699
0.07826; 822.377
0.07852; 824.055
0.07878; 825.738
0.07904; 827.422
0.0793; 829.111
0.07956; 830.8
0.07982; 832.495
0.08008; 834.19
0.08034; 835.889
0.0806; 837.59
0.08086; 839.295
0.08112; 841
0.08138; 842.71
0.08164; 844.421
0.0819; 846.136
0.08216; 847.852
0.08242; 849.572
0.08268; 851.292
0.08294; 853.017
0.0832; 854.743
0.08346; 856.472
0.08372; 858.202
0.08398; 859.937
0.08424; 861.671
0.0845; 863.41
0.08476; 865.149
0.08502; 866.893
0.08528; 868.636
0.08554; 870.384
0.0858; 872.132
0.08606; 873.883
0.08632; 875.636
0.08658; 877.391
0.08684; 879.148
0.0871; 880.907
0.08736; 882.667
0.08762; 884.431
0.08788; 886.195
0.08814; 887.963
0.0884; 889.731
0.08866; 891.501
0.08892; 893.273
0.08918; 895.047
0.08944; 896.822
0.0897; 898.6
0.08996; 900.379
0.09022; 902.16
0.09048; 903.942
0.09074; 905.726
0.091; 907.511
0.09126; 909.299
0.09152; 911.087
0.09178; 912.877
0.09204; 914.668
0.0923; 916.461
0.09256; 918.255
0.09282; 920.051
0.09308; 921.848
0.09334; 923.647
0.0936; 925.446
0.09386; 927.247
0.09412; 929.049
0.09438; 930.852
0.09464; 932.657
0.0949; 934.463
0.09516; 936.269
0.09542; 938.077
0.09568; 939.886
0.09594; 941.696
0.0962; 943.507
0.09646; 945.319
0.09672; 947.132
0.09698; 948.946
0.09724; 950.761
0.0975; 952.577
0.09776; 954.393
0.09802; 956.211
0.09828; 958.028
0.09854; 959.848
0.0988; 961.667
0.09906; 963.487
0.09932; 965.308
0.09958; 967.13
0.09984; 968.952
0.1001; 970.775
0.10036; 972.598
0.10062; 974.422
0.10088; 976.246
0.10114; 978.071
0.1014; 979.896
0.10166; 981.722
0.10192; 983.548
0.10218; 985.375
0.10244; 987.202
0.1027; 989.029
0.10296; 990.857
0.10322; 992.685
0.10348; 994.513
0.10374; 996.342
0.104; 998.171
0.10426; 1000
0.10452; 1000
0.10478; 1000
0.10504; 1000
0.1053; 1000
0.10556; 1000
0.10582; 1000
0.10608; 1000
0.10634; 1000
0.1066; 1000
0.10686; 1000
0.10712; 1000
0.10738; 1000
0.10764; 1000
0.1079; 1000
0.10816; 1000
0.10842; 1000
0.10868; 1000
0.10894; 1000
0.1092; 1000
0.10946; 1000
0.10972; 1000
0.10998; 1000
0.11024; 1000
0.1105; 1000
0.11076; 1000
0.11102; 1000
0.11128; 1000
0.11154; 1000
0.1118; 1000
0.11206; 1000
0.11232; 1000
0.11258; 1000
0.11284; 1000
0.1131; 1000
0.11336; 1000
0.11362; 1000
0.11388; 1000
0.11414; 1000
0.1144; 1000
0.11466; 1000
0.11492; 1000
0.11518; 1000
0.11544; 1000
0.1157; 1000
0.11596; 1000
0.11622; 1000
0.11648; 1000
0.11674; 1000
0.117; 1000
0.11726; 1000
0.11752; 1000
0.11778; 1000
0.11804; 1000
0.1183; 1000
0.11856; 1000
0.11882; 1000
0.11908; 1000
0.11934; 1000
0.1196; 1000
0.11986; 1000
0.12012; 1000
0.12038; 1000
0.12064; 1000
0.1209; 1000
0.12116; 1000
0.12142; 1000
0.12168; 1000
0.12194; 1000
0.1222; 1000
0.12246; 1000
0.12272; 1000
0.12298; 1000
0.12324; 1000
0.1235; 1000
0.12376; 1000
0.12402; 1000
0.12428; 1000
0.12454; 1000
0.1248; 1000
