0.00026; 541.469
0.00052; 541.475
0.00078; 541.481
0.00104; 541.493
0.0013; 541.513
0.00156; 541.54
0.00182; 541.574
0.00208; 541.615
0.00234; 541.664
0.0026; 541.718
0.00286; 541.781
0.00312; 541.85
0.00338; 541.927
0.00364; 542.01
0.0039; 542.1
0.00416; 542.198
0.00442; 542.303
0.00468; 542.414
0.00494; 542.533
0.0052; 542.658
0.00546; 542.791
0.00572; 542.93
0.00598; 543.077
0.00624; 543.231
0.0065; 543.392
0.00676; 543.559
0.00702; 543.734
0.00728; 543.915
0.00754; 544.104
0.0078; 544.3
0.00806; 544.503
0.00832; 544.712
0.00858; 544.929
0.00884; 545.152
0.0091; 545.383
0.00936; 545.62
0.00962; 545.865
0.00988; 546.116
0.01014; 546.375
0.0104; 546.639
0.01066; 546.912
0.01092; 547.191
0.01118; 547.477
0.01144; 547.769
0.0117; 548.069
0.01196; 548.376
0.01222; 548.69
0.01248; 549.01
0.01274; 549.338
0.013; 549.672
0.01326; 550.013
0.01352; 550.361
0.01378; 550.717
0.01404; 551.078
0.0143; 551.447
0.01456; 551.823
0.01482; 552.206
0.01508; 552.595
0.01534; 552.992
0.0156; 553.394
0.01586; 553.805
0.01612; 554.221
0.01638; 554.645
0.01664; 555.075
0.0169; 555.513
0.01716; 555.957
0.01742; 556.408
0.01768; 556.865
0.01794; 557.33
0.0182; 557.801
0.01846; 558.28
0.01872; 558.764
0.01898; 559.256
0.01924; 559.754
0.0195; 560.26
0.01976; 560.771
0.02002; 561.29
0.02028; 561.815
0.02054; 562.347
0.0208; 562.886
0.02106; 563.432
0.02132; 563.984
0.02158; 564.543
0.02184; 565.108
0.0221; 565.681
0.02236; 566.259
0.02262; 566.845
0.02288; 567.437
0.02314; 568.036
0.0234; 568.641
0.02366; 569.254
0.02392; 569.872
0.02418; 570.498
0.02444; 571.129
0.0247; 571.768
0.02496; 572.413
0.02522; 573.064
0.02548; 573.722
0.02574; 574.387
0.026; 575.058
0.02626; 575.735
0.02652; 576.419
0.02678; 577.11
0.02704; 577.807
0.0273; 578.51
0.02756; 579.22
0.02782; 579.937
0.02808; 580.66
0.02834; 581.389
0.0286; 582.125
0.02886; 582.867
0.02912; 583.616
0.02938; 584.371
0.02964; 585.132
0.0299; 585.9
0.03016; 586.674
0.03042; 587.455
0.03068; 588.242
0.03094; 589.035
0.0312; 589.834
0.03146; 590.64
0.03172; 591.452
0.03198; 592.271
0.03224; 593.095
0.0325; 593.926
0.03276; 594.763
0.03302; 595.607
0.03328; 596.456
0.03354; 597.312
0.0338; 598.174
0.03406; 599.042
0.03432; 599.916
0.03458; 600.797
0.03484; 601.684
0.0351; 602.577
0.03536; 603.475
0.03562; 604.38
0.03588; 605.291
0.03614; 606.209
0.0364; 607.132
0.03666; 608.061
0.03692; 608.997
0.03718; 609.938
0.03744; 610.886
0.0377; 611.839
0.03796; 612.798
0.03822; 613.764
0.03848; 614.735
0.03874; 615.713
0.039; 616.696
0.03926; 617.685
0.03952; 618.68
0.03978; 619.681
0.04004; 620.688
0.0403; 621.701
0.04056; 622.719
0.04082; 623.744
0.04108; 624.774
0.04134; 625.81
0.0416; 626.852
0.04186; 627.9
0.04212; 628.953
0.04238; 630.012
0.04264; 631.077
0.0429; 632.148
0.04316; 633.224
0.04342; 634.306
0.04368; 635.393
0.04394; 636.487
0.0442; 637.585
0.04446; 638.69
0.04472; 639.8
0.04498; 640.916
0.04524; 642.037
0.0455; 643.164
0.04576; 644.296
0.04602; 645.434
0.04628; 646.577
0.04654; 647.726
0.0468; 648.88
0.04706; 650.04
0.04732; 651.205
0.04758; 652.376
0.04784; 653.552
0.0481; 654.734
0.04836; 655.92
0.04862; 657.113
0.04888; 658.31
0.04914; 659.513
0.0494; 660.721
0.04966; 661.935
0.04992; 663.153
0.05018; 664.377
0.05044; 665.606
0.0507; 666.841
0.05096; 668.081
0.05122; 669.326
0.05148; 670.575
0.05174; 671.831
0.052; 673.091
0.05226; 674.356
0.05252; 675.627
0.05278; 676.902
0.05304; 678.183
0.0533; 679.469
0.05356; 680.759
0.05382; 682.055
0.05408; 683.355
0.05434; 684.661
0.0546; 685.971
0.05486; 687.287
0.05512; 688.607
0.05538; 689.932
0.05564; 691.262
0.0559; 692.597
0.05616; 693.937
0.05642; 695.281
0.05668; 696.63
0.05694; 697.985
0.0572; 699.343
0.05746; 700.707
0.05772; 702.075
0.05798; 703.448
0.05824; 704.826
0.0585; 706.208
0.05876; 707.595
0.05902; 708.986
0.05928; 710.382
0.05954; 711.783
0.0598; 713.188
0.06006; 714.598
0.06032; 716.012
0.06058; 717.43
0.06084; 718.853
0.0611; 720.281
0.06136; 721.712
0.06162; 723.149
0.06188; 724.589
0.06214; 726.034
0.0624; 727.484
0.06266; 728.937
0.06292; 730.395
0.06318; 731.857
0.06344; 733.324
0.0637; 734.794
0.06396; 736.269
0.06422; 737.748
0.06448; 739.231
0.06474; 740.718
0.065; 742.209
0.06526; 743.705
0.06552; 745.204
0.06578; 746.708
0.06604; 748.215
0.0663; 749.727
0.06656; 751.242
0.06682; 752.762
0.06708; 754.285
0.06734; 755.812
0.0676; 757.343
0.06786; 758.878
0.06812; 760.417
0.06838; 761.96
0.06864; 763.506
0.0689; 765.056
0.06916; 766.61
0.06942; 768.168
0.06968; 769.729
0.06994; 771.294
0.0702; 772.862
0.07046; 774.435
0.07072; 776.01
0.07098; 777.59
0.07124; 779.172
0.0715; 780.759
0.07176; 782.349
0.07202; 783.942
0.07228; 785.539
0.07254; 787.139
0.0728; 788.742
0.07306; 790.35
0.07332; 791.96
0.07358; 793.574
0.07384; 795.19
0.0741; 796.811
0.07436; 798.434
0.07462; 800.061
0.07488; 801.691
0.07514; 803.324
0.0754; 804.96
0.07566; 806.599
0.07592; 808.242
0.07618; 809.887
0.07644; 811.536
0.0767; 813.188
0.07696; 814.842
0.07722; 816.5
0.07748; 818.16
0.07774; 819.824
0.078; 821.49
0.07826; 823.159
0.07852; 824.831
0.07878; 826.506
0.07904; 828.184
0.0793; 829.864
0.07956; 831.548
0.07982; 833.234
0.08008; 834.922
0.08034; 836.613
0.0806; 838.307
0.08086; 840.004
0.08112; 841.703
0.08138; 843.404
0.08164; 845.108
0.0819; 846.815
0.08216; 848.524
0.08242; 850.236
0.08268; 851.95
0.08294; 853.666
0.0832; 855.385
0.08346; 857.106
0.08372; 858.83
0.08398; 860.556
0.08424; 862.283
0.0845; 864.014
0.08476; 865.746
0.08502; 867.481
0.08528; 869.218
0.08554; 870.957
0.0858; 872.698
0.08606; 874.441
0.08632; 876.187
0.08658; 877.934
0.08684; 879.683
0.0871; 881.434
0.08736; 883.188
0.08762; 884.943
0.08788; 886.7
0.08814; 888.458
0.0884; 890.219
0.08866; 891.982
0.08892; 893.746
0.08918; 895.512
0.08944; 897.279
0.0897; 899.049
0.08996; 900.82
0.09022; 902.593
0.09048; 904.367
0.09074; 906.143
0.091; 907.921
0.09126; 909.7
0.09152; 911.481
0.09178; 913.263
0.09204; 915.046
0.0923; 916.831
0.09256; 918.617
0.09282; 920.405
0.09308; 922.194
0.09334; 923.984
0.0936; 925.776
0.09386; 927.569
0.09412; 929.363
0.09438; 931.159
0.09464; 932.955
0.0949; 934.753
0.09516; 936.551
0.09542; 938.351
0.09568; 940.152
0.09594; 941.954
0.0962; 943.758
0.09646; 945.562
0.09672; 947.366
0.09698; 949.173
0.09724; 950.979
0.0975; 952.787
0.09776; 954.595
0.09802; 956.405
0.09828; 958.215
0.09854; 960.025
0.0988; 961.837
0.09906; 963.649
0.09932; 965.462
0.09958; 967.276
0.09984; 969.09
0.1001; 970.904
0.10036; 972.72
0.10062; 974.535
0.10088; 976.352
0.10114; 978.168
0.1014; 979.986
0.10166; 981.803
0.10192; 983.622
0.10218; 985.44
0.10244; 987.259
0.1027; 989.078
0.10296; 990.898
0.10322; 992.718
0.10348; 994.538
0.10374; 996.358
0.104; 998.179
0.10426; 1000
0.10452; 1000
0.10478; 1000
0.10504; 1000
0.1053; 1000
0.10556; 1000
0.10582; 1000
0.10608; 1000
0.10634; 1000
0.1066; 1000
0.10686; 1000
0.10712; 1000
0.10738; 1000
0.10764; 1000
0.1079; 1000
0.10816; 1000
0.10842; 1000
0.10868; 1000
0.10894; 1000
0.1092; 1000
0.10946; 1000
0.10972; 1000
0.10998; 1000
0.11024; 1000
0.1105; 1000
0.11076; 1000
0.11102; 1000
0.11128; 1000
0.11154; 1000
0.1118; 1000
0.11206; 1000
0.11232; 1000
0.11258; 1000
0.11284; 1000
0.1131; 1000
0.11336; 1000
0.11362; 1000
0.11388; 1000
0.11414; 1000
0.1144; 1000
0.11466; 1000
0.11492; 1000
0.11518; 1000
0.11544; 1000
0.1157; 1000
0.11596; 1000
0.11622; 1000
0.11648; 1000
0.11674; 1000
0.117; 1000
0.11726; 1000
0.11752; 1000
0.11778; 1000
0.11804; 1000
0.1183; 1000
0.11856; 1000
0.11882; 1000
0.11908; 1000
0.11934; 1000
0.1196; 1000
0.11986; 1000
0.12012; 1000
0.12038; 1000
0.12064; 1000
0.1209; 1000
0.12116; 1000
0.12142; 1000
0.12168; 1000
0.12194; 1000
0.1222; 1000
0.12246; 1000
0.12272; 1000
0.12298; 1000
0.12324; 1000
0.1235; 1000
0.12376; 1000
0.12402; 1000
0.12428; 1000
0.12454; 1000
0.1248; 1000
