0.0026; 400
0.0052; 400
0.0078; 400
0.0104; 400
0.013; 400
0.0156; 400
0.0182; 400
0.0208; 400
0.0234; 400
0.026; 400
0.0286; 400
0.0312; 400
0.0338; 400
0.0364; 400
0.039; 400
0.0416; 400
0.0442; 400
0.0468; 400
0.0494; 400
0.052; 400
0.0546; 400
0.0572; 400
0.0598; 400
0.0624; 400
0.065; 400
0.0676; 400
0.0702; 400
0.0728; 400
0.0754; 400
0.078; 400
0.0806; 400
0.0832; 400
0.0858; 400
0.0884; 400
0.091; 400
0.0936; 400
0.0962; 400
0.0988; 400
0.1014; 400
0.104; 400
0.1066; 400
0.1092; 400
0.1118; 400
0.1144; 400
0.117; 400
0.1196; 400
0.1222; 400
0.1248; 400
0.1274; 400
0.13; 400
0.1326; 400
0.1352; 400
0.1378; 400
0.1404; 400
0.143; 400
0.1456; 400
0.1482; 400
0.1508; 400
0.1534; 400
0.156; 400
0.1586; 400
0.1612; 400
0.1638; 400
0.1664; 400
0.169; 400
0.1716; 400
0.1742; 400
0.1768; 400
0.1794; 400
0.182; 400
0.1846; 400
0.1872; 400
0.1898; 400
0.1924; 400
0.195; 400
0.1976; 400
0.2002; 400
0.2028; 400
0.2054; 400
0.208; 400
0.2106; 400
0.2132; 400
0.2158; 400
0.2184; 400
0.221; 400
0.2236; 400
0.2262; 400
0.2288; 400
0.2314; 400
0.234; 400
0.2366; 400
0.2392; 400
0.2418; 400
0.2444; 400
0.247; 400
0.2496; 400
0.2522; 400
0.2548; 400.001
0.2574; 400.001
0.26; 400.001
0.2626; 400.001
0.2652; 400.001
0.2678; 400.001
0.2704; 400.001
0.273; 400.001
0.2756; 400.002
0.2782; 400.002
0.2808; 400.002
0.2834; 400.002
0.286; 400.002
0.2886; 400.002
0.2912; 400.002
0.2938; 400.003
0.2964; 400.003
0.299; 400.003
0.3016; 400.003
0.3042; 400.004
0.3068; 400.004
0.3094; 400.004
0.312; 400.005
0.3146; 400.005
0.3172; 400.006
0.3198; 400.006
0.3224; 400.007
0.325; 400.007
0.3276; 400.008
0.3302; 400.009
0.3328; 400.009
0.3354; 400.01
0.338; 400.011
0.3406; 400.012
0.3432; 400.013
0.3458; 400.014
0.3484; 400.015
0.351; 400.017
0.3536; 400.018
0.3562; 400.02
0.3588; 400.022
0.3614; 400.024
0.364; 400.026
0.3666; 400.029
0.3692; 400.031
0.3718; 400.034
0.3744; 400.037
0.377; 400.041
0.3796; 400.045
0.3822; 400.049
0.3848; 400.053
0.3874; 400.058
0.39; 400.063
0.3926; 400.069
0.3952; 400.075
0.3978; 400.082
0.4004; 400.09
0.403; 400.098
0.4056; 400.106
0.4082; 400.116
0.4108; 400.126
0.4134; 400.137
0.416; 400.149
0.4186; 400.162
0.4212; 400.177
0.4238; 400.192
0.4264; 400.208
0.429; 400.226
0.4316; 400.245
0.4342; 400.266
0.4368; 400.289
0.4394; 400.313
0.442; 400.339
0.4446; 400.367
0.4472; 400.397
0.4498; 400.429
0.4524; 400.464
0.455; 400.501
0.4576; 400.541
0.4602; 400.583
0.4628; 400.629
0.4654; 400.678
0.468; 400.731
0.4706; 400.787
0.4732; 400.847
0.4758; 400.911
0.4784; 400.979
0.481; 401.052
0.4836; 401.13
0.4862; 401.213
0.4888; 401.301
0.4914; 401.395
0.494; 401.495
0.4966; 401.601
0.4992; 401.713
0.5018; 401.833
0.5044; 401.959
0.507; 402.094
0.5096; 402.236
0.5122; 402.387
0.5148; 402.546
0.5174; 402.715
0.52; 402.893
0.5226; 403.082
0.5252; 403.28
0.5278; 403.49
0.5304; 403.711
0.533; 403.944
0.5356; 404.189
0.5382; 404.447
0.5408; 404.718
0.5434; 405.004
0.546; 405.303
0.5486; 405.618
0.5512; 405.947
0.5538; 406.293
0.5564; 406.656
0.559; 407.035
0.5616; 407.432
0.5642; 407.848
0.5668; 408.282
0.5694; 408.736
0.572; 409.209
0.5746; 409.703
0.5772; 410.219
0.5798; 410.756
0.5824; 411.315
0.585; 411.898
0.5876; 412.503
0.5902; 413.133
0.5928; 413.788
0.5954; 414.467
0.598; 415.173
0.6006; 415.904
0.6032; 416.663
0.6058; 417.449
0.6084; 418.263
0.611; 419.105
0.6136; 419.976
0.6162; 420.876
0.6188; 421.806
0.6214; 422.767
0.624; 423.758
0.6266; 424.78
0.6292; 425.833
0.6318; 426.918
0.6344; 428.036
0.637; 429.186
0.6396; 430.368
0.6422; 431.584
0.6448; 432.832
0.6474; 434.114
0.65; 435.429
0.6526; 436.779
0.6552; 438.161
0.6578; 439.578
0.6604; 441.029
0.663; 442.513
0.6656; 444.032
0.6682; 445.584
0.6708; 447.17
0.6734; 448.789
0.676; 450.442
0.6786; 452.128
0.6812; 453.847
0.6838; 455.598
0.6864; 457.382
0.689; 459.198
0.6916; 461.045
0.6942; 462.924
0.6968; 464.834
0.6994; 466.773
0.702; 468.742
0.7046; 470.741
0.7072; 472.768
0.7098; 474.822
0.7124; 476.904
0.715; 479.013
0.7176; 481.147
0.7202; 483.306
0.7228; 485.489
0.7254; 487.696
0.728; 489.925
0.7306; 492.176
0.7332; 494.448
0.7358; 496.74
0.7384; 499.052
0.741; 501.383
0.7436; 503.731
0.7462; 506.098
0.7488; 508.482
0.7514; 510.883
0.754; 513.303
0.7566; 515.742
0.7592; 518.201
0.7618; 520.683
0.7644; 523.19
0.767; 525.726
0.7696; 528.291
0.7722; 530.888
0.7748; 533.512
0.7774; 536.159
0.78; 538.825
0.7826; 541.503
0.7852; 544.189
0.7878; 546.873
0.7904; 549.549
0.793; 552.212
0.7956; 554.858
0.7982; 557.486
0.8008; 560.097
0.8034; 562.689
0.806; 565.263
0.8086; 567.819
0.8112; 570.357
0.8138; 572.881
0.8164; 575.407
0.819; 578.166
0.8216; 581.118
0.8242; 584.042
0.8268; 586.933
0.8294; 589.794
0.832; 592.628
0.8346; 595.436
0.8372; 598.22
0.8398; 600.982
0.8424; 603.727
0.845; 606.475
0.8476; 609.092
0.8502; 611.505
0.8528; 613.798
0.8554; 616.042
0.858; 618.257
0.8606; 620.448
0.8632; 622.617
0.8658; 624.765
0.8684; 626.893
0.871; 629.001
0.8736; 631.09
0.8762; 633.162
0.8788; 635.219
0.8814; 637.265
0.884; 639.294
0.8866; 641.339
0.8892; 643.414
0.8918; 645.409
0.8944; 647.337
0.897; 649.204
0.8996; 651.012
0.9022; 652.762
0.9048; 654.454
0.9074; 656.088
0.91; 657.664
0.9126; 659.18
0.9152; 660.638
0.9178; 662.036
0.9204; 663.375
0.923; 664.655
0.9256; 665.877
0.9282; 667.042
0.9308; 668.152
0.9334; 669.207
0.936; 670.21
0.9386; 671.163
0.9412; 672.066
0.9438; 672.923
0.9464; 673.736
0.949; 674.506
0.9516; 675.236
0.9542; 675.929
0.9568; 676.586
0.9594; 677.211
0.962; 677.805
0.9646; 678.371
0.9672; 678.911
0.9698; 679.428
0.9724; 679.923
0.975; 680.4
0.9776; 680.859
0.9802; 681.302
0.9828; 681.731
0.9854; 682.146
0.988; 682.548
0.9906; 682.939
0.9932; 683.318
0.9958; 683.686
0.9984; 684.04
1.001; 684.381
1.0036; 684.715
1.0062; 685.098
1.0088; 685.473
1.0114; 685.854
1.014; 686.241
1.0166; 686.629
1.0192; 687.016
1.0218; 687.401
1.0244; 687.782
1.027; 688.16
1.0296; 688.532
1.0322; 688.898
1.0348; 689.257
1.0374; 689.608
1.04; 689.951
1.0426; 690.284
1.0452; 690.607
1.0478; 690.944
1.0504; 691.285
1.053; 691.606
1.0556; 691.911
1.0582; 692.203
1.0608; 692.484
1.0634; 692.755
1.066; 693.017
1.0686; 693.272
1.0712; 693.52
1.0738; 693.763
1.0764; 694
1.079; 694.233
1.0816; 694.462
1.0842; 694.689
1.0868; 694.913
1.0894; 695.137
1.092; 695.359
1.0946; 695.582
1.0972; 695.806
1.0998; 696.032
1.1024; 696.26
1.105; 696.491
1.1076; 696.726
1.1102; 696.966
1.1128; 697.21
1.1154; 697.46
1.118; 697.715
1.1206; 697.978
1.1232; 698.248
1.1258; 698.526
1.1284; 698.815
1.131; 699.114
1.1336; 699.419
1.1362; 699.716
1.1388; 700.064
1.1414; 700.458
1.144; 700.856
1.1466; 701.274
1.1492; 701.714
1.1518; 702.164
1.1544; 702.624
1.157; 703.089
1.1596; 703.558
1.1622; 704.03
1.1648; 704.503
1.1674; 704.975
1.17; 705.444
1.1726; 705.909
1.1752; 706.364
1.1778; 706.903
1.1804; 707.524
1.183; 708.138
1.1856; 708.746
1.1882; 709.347
1.1908; 709.939
1.1934; 710.522
1.196; 711.094
1.1986; 711.655
1.2012; 712.202
1.2038; 712.734
1.2064; 713.25
1.209; 713.748
1.2116; 714.225
1.2142; 714.68
1.2168; 715.112
1.2194; 715.519
1.222; 715.898
1.2246; 716.248
1.2272; 716.568
1.2298; 716.856
1.2324; 717.112
1.235; 717.333
1.2376; 717.519
1.2402; 717.668
1.2428; 717.781
1.2454; 717.857
1.248; 717.895
