0.0026; 400
0.0052; 400
0.0078; 400
0.0104; 400
0.013; 400
0.0156; 400
0.0182; 400
0.0208; 400
0.0234; 400
0.026; 400
0.0286; 400
0.0312; 400
0.0338; 400
0.0364; 400
0.039; 400
0.0416; 400
0.0442; 400
0.0468; 400
0.0494; 400
0.052; 400
0.0546; 400
0.0572; 400
0.0598; 400
0.0624; 400
0.065; 400
0.0676; 400
0.0702; 400
0.0728; 400
0.0754; 400
0.078; 400
0.0806; 400
0.0832; 400
0.0858; 400
0.0884; 400
0.091; 400
0.0936; 400
0.0962; 400
0.0988; 400
0.1014; 400
0.104; 400
0.1066; 400
0.1092; 400
0.1118; 400
0.1144; 400
0.117; 400
0.1196; 400
0.1222; 400
0.1248; 400
0.1274; 400
0.13; 400
0.1326; 400
0.1352; 400
0.1378; 400
0.1404; 400
0.143; 400
0.1456; 400
0.1482; 400
0.1508; 400
0.1534; 400
0.156; 400
0.1586; 400
0.1612; 400
0.1638; 400
0.1664; 400
0.169; 400
0.1716; 400
0.1742; 400
0.1768; 400
0.1794; 400
0.182; 400
0.1846; 400
0.1872; 400
0.1898; 400
0.1924; 400
0.195; 400
0.1976; 400
0.2002; 400
0.2028; 400
0.2054; 400
0.208; 400
0.2106; 400
0.2132; 400
0.2158; 400
0.2184; 400
0.221; 400
0.2236; 400
0.2262; 400
0.2288; 400
0.2314; 400
0.234; 400
0.2366; 400
0.2392; 400
0.2418; 400
0.2444; 400
0.247; 400
0.2496; 400
0.2522; 400
0.2548; 400
0.2574; 400
0.26; 400
0.2626; 400
0.2652; 400
0.2678; 400
0.2704; 400
0.273; 400
0.2756; 400
0.2782; 400
0.2808; 400
0.2834; 400
0.286; 400
0.2886; 400
0.2912; 400
0.2938; 400
0.2964; 400
0.299; 400
0.3016; 400
0.3042; 400
0.3068; 400
0.3094; 400
0.312; 400
0.3146; 400
0.3172; 400
0.3198; 400
0.3224; 400
0.325; 400
0.3276; 400
0.3302; 400
0.3328; 400
0.3354; 400
0.338; 400
0.3406; 400
0.3432; 400
0.3458; 400
0.3484; 400
0.351; 400
0.3536; 400
0.3562; 400
0.3588; 400
0.3614; 400
0.364; 400
0.3666; 400
0.3692; 400
0.3718; 400.001
0.3744; 400.001
0.377; 400.001
0.3796; 400.001
0.3822; 400.001
0.3848; 400.001
0.3874; 400.001
0.39; 400.001
0.3926; 400.001
0.3952; 400.002
0.3978; 400.002
0.4004; 400.002
0.403; 400.002
0.4056; 400.003
0.4082; 400.003
0.4108; 400.003
0.4134; 400.004
0.416; 400.004
0.4186; 400.005
0.4212; 400.005
0.4238; 400.006
0.4264; 400.007
0.429; 400.007
0.4316; 400.008
0.4342; 400.009
0.4368; 400.011
0.4394; 400.012
0.442; 400.013
0.4446; 400.015
0.4472; 400.017
0.4498; 400.019
0.4524; 400.021
0.455; 400.024
0.4576; 400.027
0.4602; 400.031
0.4628; 400.034
0.4654; 400.039
0.468; 400.043
0.4706; 400.049
0.4732; 400.055
0.4758; 400.061
0.4784; 400.069
0.481; 400.077
0.4836; 400.086
0.4862; 400.096
0.4888; 400.108
0.4914; 400.12
0.494; 400.134
0.4966; 400.15
0.4992; 400.167
0.5018; 400.186
0.5044; 400.207
0.507; 400.23
0.5096; 400.255
0.5122; 400.283
0.5148; 400.314
0.5174; 400.348
0.52; 400.385
0.5226; 400.425
0.5252; 400.47
0.5278; 400.519
0.5304; 400.572
0.533; 400.63
0.5356; 400.693
0.5382; 400.762
0.5408; 400.838
0.5434; 400.919
0.546; 401.008
0.5486; 401.104
0.5512; 401.209
0.5538; 401.322
0.5564; 401.444
0.559; 401.576
0.5616; 401.719
0.5642; 401.873
0.5668; 402.038
0.5694; 402.217
0.572; 402.408
0.5746; 402.614
0.5772; 402.835
0.5798; 403.072
0.5824; 403.325
0.585; 403.596
0.5876; 403.886
0.5902; 404.195
0.5928; 404.525
0.5954; 404.876
0.598; 405.25
0.6006; 405.648
0.6032; 406.07
0.6058; 406.518
0.6084; 406.992
0.611; 407.495
0.6136; 408.027
0.6162; 408.589
0.6188; 409.183
0.6214; 409.809
0.624; 410.468
0.6266; 411.162
0.6292; 411.893
0.6318; 412.66
0.6344; 413.465
0.637; 414.309
0.6396; 415.194
0.6422; 416.12
0.6448; 417.087
0.6474; 418.098
0.65; 419.154
0.6526; 420.254
0.6552; 421.399
0.6578; 422.592
0.6604; 423.831
0.663; 425.119
0.6656; 426.455
0.6682; 427.84
0.6708; 429.275
0.6734; 430.759
0.676; 432.294
0.6786; 433.88
0.6812; 435.516
0.6838; 437.203
0.6864; 438.94
0.689; 440.729
0.6916; 442.568
0.6942; 444.457
0.6968; 446.397
0.6994; 448.386
0.702; 450.424
0.7046; 452.51
0.7072; 454.644
0.7098; 456.826
0.7124; 459.053
0.715; 461.326
0.7176; 463.643
0.7202; 466.004
0.7228; 468.406
0.7254; 470.849
0.728; 473.332
0.7306; 475.853
0.7332; 478.411
0.7358; 481.005
0.7384; 483.633
0.741; 486.294
0.7436; 488.987
0.7462; 491.711
0.7488; 494.465
0.7514; 497.249
0.754; 500.063
0.7566; 502.908
0.7592; 505.785
0.7618; 508.696
0.7644; 511.646
0.767; 514.638
0.7696; 517.674
0.7722; 520.755
0.7748; 523.879
0.7774; 527.039
0.78; 530.229
0.7826; 533.442
0.7852; 536.669
0.7878; 539.901
0.7904; 543.127
0.793; 546.339
0.7956; 549.534
0.7982; 552.708
0.8008; 555.86
0.8034; 558.989
0.806; 562.095
0.8086; 565.176
0.8112; 568.232
0.8138; 571.268
0.8164; 574.303
0.819; 577.614
0.8216; 581.165
0.8242; 584.697
0.8268; 588.201
0.8294; 591.681
0.832; 595.138
0.8346; 598.571
0.8372; 601.983
0.8398; 605.373
0.8424; 608.749
0.845; 612.132
0.8476; 615.359
0.8502; 618.331
0.8528; 621.152
0.8554; 623.9
0.858; 626.599
0.8606; 629.254
0.8632; 631.869
0.8658; 634.443
0.8684; 636.976
0.871; 639.468
0.8736; 641.92
0.8762; 644.333
0.8788; 646.709
0.8814; 649.051
0.884; 651.356
0.8866; 653.683
0.8892; 656.023
0.8918; 658.248
0.8944; 660.37
0.897; 662.395
0.8996; 664.324
0.9022; 666.156
0.9048; 667.89
0.9074; 669.526
0.91; 671.062
0.9126; 672.497
0.9152; 673.833
0.9178; 675.068
0.9204; 676.204
0.923; 677.243
0.9256; 678.186
0.9282; 679.038
0.9308; 679.8
0.9334; 680.477
0.936; 681.074
0.9386; 681.594
0.9412; 682.044
0.9438; 682.428
0.9464; 682.751
0.949; 683.021
0.9516; 683.242
0.9542; 683.421
0.9568; 683.565
0.9594; 683.678
0.962; 683.768
0.9646; 683.841
0.9672; 683.902
0.9698; 683.957
0.9724; 684.012
0.975; 684.071
0.9776; 684.14
0.9802; 684.223
0.9828; 684.323
0.9854; 684.444
0.988; 684.588
0.9906; 684.758
0.9932; 684.956
0.9958; 685.182
0.9984; 685.435
1.001; 685.716
1.0036; 686.029
1.0062; 686.417
1.0088; 686.809
1.0114; 687.223
1.014; 687.658
1.0166; 688.108
1.0192; 688.571
1.0218; 689.043
1.0244; 689.523
1.027; 690.006
1.0296; 690.492
1.0322; 690.976
1.0348; 691.456
1.0374; 691.929
1.04; 692.393
1.0426; 692.843
1.0452; 693.278
1.0478; 693.728
1.0504; 694.188
1.053; 694.621
1.0556; 695.024
1.0582; 695.396
1.0608; 695.736
1.0634; 696.041
1.066; 696.309
1.0686; 696.538
1.0712; 696.727
1.0738; 696.874
1.0764; 696.98
1.079; 697.044
1.0816; 697.066
1.0842; 697.048
1.0868; 696.992
1.0894; 696.901
1.092; 696.776
1.0946; 696.623
1.0972; 696.444
1.0998; 696.245
1.1024; 696.03
1.105; 695.805
1.1076; 695.575
1.1102; 695.345
1.1128; 695.122
1.1154; 694.911
1.118; 694.718
1.1206; 694.548
1.1232; 694.407
1.1258; 694.301
1.1284; 694.235
1.131; 694.212
1.1336; 694.232
1.1362; 694.283
1.1388; 694.443
1.1414; 694.693
1.144; 694.974
1.1466; 695.305
1.1492; 695.694
1.1518; 696.125
1.1544; 696.599
1.157; 697.111
1.1596; 697.657
1.1622; 698.237
1.1648; 698.849
1.1674; 699.489
1.17; 700.155
1.1726; 700.844
1.1752; 701.552
1.1778; 702.4
1.1804; 703.408
1.183; 704.46
1.1856; 705.555
1.1882; 706.687
1.1908; 707.85
1.1934; 709.038
1.196; 710.245
1.1986; 711.463
1.2012; 712.685
1.2038; 713.904
1.2064; 715.111
1.209; 716.299
1.2116; 717.458
1.2142; 718.583
1.2168; 719.664
1.2194; 720.694
1.222; 721.666
1.2246; 722.573
1.2272; 723.409
1.2298; 724.168
1.2324; 724.843
1.235; 725.432
1.2376; 725.929
1.2402; 726.331
1.2428; 726.634
1.2454; 726.838
1.248; 726.94
