0.00026; 300.071
0.00052; 300.071
0.00078; 300.071
0.00104; 300.071
0.0013; 300.071
0.00156; 300.072
0.00182; 300.073
0.00208; 300.073
0.00234; 300.074
0.0026; 300.075
0.00286; 300.076
0.00312; 300.078
0.00338; 300.079
0.00364; 300.08
0.0039; 300.082
0.00416; 300.084
0.00442; 300.086
0.00468; 300.088
0.00494; 300.09
0.0052; 300.093
0.00546; 300.095
0.00572; 300.098
0.00598; 300.101
0.00624; 300.104
0.0065; 300.107
0.00676; 300.111
0.00702; 300.114
0.00728; 300.118
0.00754; 300.122
0.0078; 300.126
0.00806; 300.13
0.00832; 300.135
0.00858; 300.14
0.00884; 300.145
0.0091; 300.15
0.00936; 300.155
0.00962; 300.161
0.00988; 300.167
0.01014; 300.173
0.0104; 300.18
0.01066; 300.186
0.01092; 300.193
0.01118; 300.2
0.01144; 300.208
0.0117; 300.216
0.01196; 300.224
0.01222; 300.232
0.01248; 300.241
0.01274; 300.25
0.013; 300.26
0.01326; 300.27
0.01352; 300.28
0.01378; 300.291
0.01404; 300.302
0.0143; 300.313
0.01456; 300.325
0.01482; 300.338
0.01508; 300.35
0.01534; 300.364
0.0156; 300.377
0.01586; 300.392
0.01612; 300.407
0.01638; 300.422
0.01664; 300.438
0.0169; 300.454
0.01716; 300.471
0.01742; 300.489
0.01768; 300.507
0.01794; 300.526
0.0182; 300.545
0.01846; 300.566
0.01872; 300.587
0.01898; 300.608
0.01924; 300.631
0.0195; 300.654
0.01976; 300.678
0.02002; 300.703
0.02028; 300.728
0.02054; 300.755
0.0208; 300.782
0.02106; 300.81
0.02132; 300.84
0.02158; 300.871
0.02184; 300.902
0.0221; 300.934
0.02236; 300.968
0.02262; 301.002
0.02288; 301.038
0.02314; 301.074
0.0234; 301.113
0.02366; 301.152
0.02392; 301.192
0.02418; 301.234
0.02444; 301.278
0.0247; 301.322
0.02496; 301.368
0.02522; 301.416
0.02548; 301.464
0.02574; 301.515
0.026; 301.567
0.02626; 301.621
0.02652; 301.677
0.02678; 301.734
0.02704; 301.793
0.0273; 301.854
0.02756; 301.917
0.02782; 301.981
0.02808; 302.048
0.02834; 302.117
0.0286; 302.188
0.02886; 302.26
0.02912; 302.336
0.02938; 302.413
0.02964; 302.493
0.0299; 302.576
0.03016; 302.661
0.03042; 302.748
0.03068; 302.837
0.03094; 302.93
0.0312; 303.024
0.03146; 303.123
0.03172; 303.223
0.03198; 303.328
0.03224; 303.434
0.0325; 303.543
0.03276; 303.657
0.03302; 303.774
0.03328; 303.894
0.03354; 304.016
0.0338; 304.143
0.03406; 304.273
0.03432; 304.407
0.03458; 304.544
0.03484; 304.686
0.0351; 304.831
0.03536; 304.98
0.03562; 305.135
0.03588; 305.293
0.03614; 305.455
0.0364; 305.621
0.03666; 305.793
0.03692; 305.967
0.03718; 306.149
0.03744; 306.333
0.0377; 306.525
0.03796; 306.72
0.03822; 306.919
0.03848; 307.127
0.03874; 307.339
0.039; 307.556
0.03926; 307.778
0.03952; 308.007
0.03978; 308.24
0.04004; 308.482
0.0403; 308.727
0.04056; 308.982
0.04082; 309.24
0.04108; 309.505
0.04134; 309.78
0.0416; 310.061
0.04186; 310.348
0.04212; 310.641
0.04238; 310.943
0.04264; 311.25
0.0429; 311.568
0.04316; 311.891
0.04342; 312.225
0.04368; 312.564
0.04394; 312.911
0.0442; 313.271
0.04446; 313.638
0.04472; 314.012
0.04498; 314.394
0.04524; 314.788
0.0455; 315.188
0.04576; 315.601
0.04602; 316.02
0.04628; 316.453
0.04654; 316.893
0.0468; 317.342
0.04706; 317.807
0.04732; 318.28
0.04758; 318.762
0.04784; 319.256
0.0481; 319.762
0.04836; 320.275
0.04862; 320.805
0.04888; 321.343
0.04914; 321.898
0.0494; 322.46
0.04966; 323.034
0.04992; 323.627
0.05018; 324.23
0.05044; 324.844
0.0507; 325.472
0.05096; 326.115
0.05122; 326.767
0.05148; 327.438
0.05174; 328.12
0.052; 328.821
0.05226; 329.531
0.05252; 330.256
0.05278; 331.003
0.05304; 331.762
0.0533; 332.535
0.05356; 333.324
0.05382; 334.131
0.05408; 334.947
0.05434; 335.788
0.0546; 336.64
0.05486; 337.516
0.05512; 338.403
0.05538; 339.306
0.05564; 340.236
0.0559; 341.18
0.05616; 342.139
0.05642; 343.119
0.05668; 344.118
0.05694; 345.13
0.0572; 346.169
0.05746; 347.222
0.05772; 348.302
0.05798; 349.395
0.05824; 350.507
0.0585; 351.649
0.05876; 352.809
0.05902; 353.986
0.05928; 355.186
0.05954; 356.409
0.0598; 357.646
0.06006; 358.915
0.06032; 360.199
0.06058; 361.515
0.06084; 362.845
0.0611; 364.197
0.06136; 365.584
0.06162; 366.991
0.06188; 368.417
0.06214; 369.868
0.0624; 371.347
0.06266; 372.841
0.06292; 374.371
0.06318; 375.915
0.06344; 377.501
0.0637; 379.101
0.06396; 380.724
0.06422; 382.386
0.06448; 384.072
0.06474; 385.778
0.065; 387.51
0.06526; 389.277
0.06552; 391.06
0.06578; 392.882
0.06604; 394.72
0.0663; 396.604
0.06656; 398.503
0.06682; 400.428
0.06708; 402.397
0.06734; 404.39
0.0676; 406.407
0.06786; 408.451
0.06812; 410.534
0.06838; 412.633
0.06864; 414.777
0.0689; 416.941
0.06916; 419.147
0.06942; 421.373
0.06968; 423.628
0.06994; 425.93
0.0702; 428.258
0.07046; 430.612
0.07072; 432.996
0.07098; 435.42
0.07124; 437.863
0.0715; 440.353
0.07176; 442.864
0.07202; 445.421
0.07228; 447.998
0.07254; 450.607
0.0728; 453.265
0.07306; 455.951
0.07332; 458.664
0.07358; 461.409
0.07384; 464.197
0.0741; 467.003
0.07436; 469.859
0.07462; 472.738
0.07488; 475.664
0.07514; 478.611
0.0754; 481.591
0.07566; 484.622
0.07592; 487.683
0.07618; 490.771
0.07644; 493.892
0.0767; 497.057
0.07696; 500.242
0.07722; 503.477
0.07748; 506.733
0.07774; 510.043
0.078; 513.373
0.07826; 516.734
0.07852; 520.148
0.07878; 523.592
0.07904; 527.064
0.0793; 530.568
0.07956; 534.117
0.07982; 537.687
0.08008; 541.306
0.08034; 544.946
0.0806; 548.64
0.08086; 552.354
0.08112; 556.099
0.08138; 559.897
0.08164; 563.724
0.0819; 567.578
0.08216; 571.465
0.08242; 575.395
0.08268; 579.346
0.08294; 583.345
0.0832; 587.364
0.08346; 591.435
0.08372; 595.526
0.08398; 599.648
0.08424; 603.819
0.0845; 608.019
0.08476; 612.245
0.08502; 616.502
0.08528; 620.801
0.08554; 625.118
0.0858; 629.482
0.08606; 633.865
0.08632; 638.297
0.08658; 642.747
0.08684; 647.226
0.0871; 651.751
0.08736; 656.303
0.08762; 660.879
0.08788; 665.483
0.08814; 670.127
0.0884; 674.787
0.08866; 679.489
0.08892; 684.209
0.08918; 688.974
0.08944; 693.755
0.0897; 698.561
0.08996; 703.41
0.09022; 708.282
0.09048; 713.175
0.09074; 718.094
0.091; 723.047
0.09126; 728.014
0.09152; 733.019
0.09178; 738.039
0.09204; 743.097
0.0923; 748.17
0.09256; 753.264
0.09282; 758.394
0.09308; 763.544
0.09334; 768.712
0.0936; 773.901
0.09386; 779.118
0.09412; 784.348
0.09438; 789.608
0.09464; 794.881
0.0949; 800.184
0.09516; 805.499
0.09542; 810.832
0.09568; 816.192
0.09594; 821.568
0.0962; 826.958
0.09646; 832.365
0.09672; 837.792
0.09698; 843.229
0.09724; 848.689
0.0975; 854.158
0.09776; 859.65
0.09802; 865.15
0.09828; 870.662
0.09854; 876.193
0.0988; 881.736
0.09906; 887.288
0.09932; 892.851
0.09958; 898.427
0.09984; 904.01
0.1001; 909.607
0.10036; 915.209
0.10062; 920.825
0.10088; 926.445
0.10114; 932.073
0.1014; 937.71
0.10166; 943.353
0.10192; 949.001
0.10218; 954.654
0.10244; 960.312
0.1027; 965.973
0.10296; 971.64
0.10322; 977.308
0.10348; 982.979
0.10374; 988.652
0.104; 994.325
0.10426; 1000
0.10452; 1000
0.10478; 1000
0.10504; 1000
0.1053; 1000
0.10556; 1000
0.10582; 1000
0.10608; 1000
0.10634; 1000
0.1066; 1000
0.10686; 1000
0.10712; 1000
0.10738; 1000
0.10764; 1000
0.1079; 1000
0.10816; 1000
0.10842; 1000
0.10868; 1000
0.10894; 1000
0.1092; 1000
0.10946; 1000
0.10972; 1000
0.10998; 1000
0.11024; 1000
0.1105; 1000
0.11076; 1000
0.11102; 1000
0.11128; 1000
0.11154; 1000
0.1118; 1000
0.11206; 1000
0.11232; 1000
0.11258; 1000
0.11284; 1000
0.1131; 1000
0.11336; 1000
0.11362; 1000
0.11388; 1000
0.11414; 1000
0.1144; 1000
0.11466; 1000
0.11492; 1000
0.11518; 1000
0.11544; 1000
0.1157; 1000
0.11596; 1000
0.11622; 1000
0.11648; 1000
0.11674; 1000
0.117; 1000
0.11726; 1000
0.11752; 1000
0.11778; 1000
0.11804; 1000
0.1183; 1000
0.11856; 1000
0.11882; 1000
0.11908; 1000
0.11934; 1000
0.1196; 1000
0.11986; 1000
0.12012; 1000
0.12038; 1000
0.12064; 1000
0.1209; 1000
0.12116; 1000
0.12142; 1000
0.12168; 1000
0.12194; 1000
0.1222; 1000
0.12246; 1000
0.12272; 1000
0.12298; 1000
0.12324; 1000
0.1235; 1000
0.12376; 1000
0.12402; 1000
0.12428; 1000
0.12454; 1000
0.1248; 1000
