0.00026; 0
0.00052; 0
0.00078; 0
0.00104; 0
0.0013; 0
0.00156; 0
0.00182; 0
0.00208; 0
0.00234; 0
0.0026; 0
0.00286; 0
0.00312; 0
0.00338; 0
0.00364; 0
0.0039; 0
0.00416; 0
0.00442; 0
0.00468; 0
0.00494; 0
0.0052; 0
0.00546; 0
0.00572; 0
0.00598; 0
0.00624; 0
0.0065; 0
0.00676; 0
0.00702; 0
0.00728; 0
0.00754; 0
0.0078; 0
0.00806; 0
0.00832; 0
0.00858; 0
0.00884; 0
0.0091; 0
0.00936; 0
0.00962; 0
0.00988; 0
0.01014; 0
0.0104; 0
0.01066; 0
0.01092; 0
0.01118; 0
0.01144; 0
0.0117; 0
0.01196; 0
0.01222; 0
0.01248; 0
0.01274; 0
0.013; 0
0.01326; 0
0.01352; 0
0.01378; 0
0.01404; 0
0.0143; 0
0.01456; 0
0.01482; 0
0.01508; 0
0.01534; 0
0.0156; 0
0.01586; 0
0.01612; 0
0.01638; 0
0.01664; 0
0.0169; 0
0.01716; 0
0.01742; 0
0.01768; 0
0.01794; 0
0.0182; 0
0.01846; 0
0.01872; 0
0.01898; 0
0.01924; 0
0.0195; 0
0.01976; 0
0.02002; 0
0.02028; 0
0.02054; 0
0.0208; 0
0.02106; 0
0.02132; 0
0.02158; 0
0.02184; 0
0.0221; 0
0.02236; 0
0.02262; 0
0.02288; 0
0.02314; 0
0.0234; 0
0.02366; 0
0.02392; 0
0.02418; 0
0.02444; 0
0.0247; 0
0.02496; 0
0.02522; 0
0.02548; 0
0.02574; 0
0.026; 0
0.02626; 0
0.02652; 0
0.02678; 0
0.02704; 0
0.0273; 0
0.02756; 0
0.02782; 0
0.02808; 0
0.02834; 0
0.0286; 0
0.02886; 0
0.02912; 0
0.02938; 0
0.02964; 0
0.0299; 0
0.03016; 0
0.03042; 0
0.03068; 0
0.03094; 0
0.0312; 0
0.03146; 0
0.03172; 0
0.03198; 0
0.03224; 0
0.0325; 0
0.03276; 895.198
0.03302; 895.194
0.03328; 895.174
0.03354; 895.148
0.0338; 895.106
0.03406; 895.058
0.03432; 894.994
0.03458; 894.925
0.03484; 894.84
0.0351; 894.75
0.03536; 894.644
0.03562; 894.532
0.03588; 894.404
0.03614; 894.271
0.0364; 894.121
0.03666; 893.966
0.03692; 893.794
0.03718; 893.617
0.03744; 893.424
0.0377; 893.225
0.03796; 893.009
0.03822; 892.788
0.03848; 892.55
0.03874; 892.307
0.039; 892.046
0.03926; 891.78
0.03952; 891.498
0.03978; 891.21
0.04004; 890.903
0.0403; 890.591
0.04056; 890.262
0.04082; 889.926
0.04108; 889.573
0.04134; 889.215
0.0416; 888.839
0.04186; 888.458
0.04212; 888.056
0.04238; 887.651
0.04264; 887.226
0.0429; 886.796
0.04316; 886.346
0.04342; 885.892
0.04368; 885.417
0.04394; 884.938
0.0442; 884.438
0.04446; 883.933
0.04472; 883.408
0.04498; 882.878
0.04524; 882.328
0.0455; 881.772
0.04576; 881.195
0.04602; 880.613
0.04628; 880.01
0.04654; 879.401
0.0468; 878.771
0.04706; 878.135
0.04732; 877.478
0.04758; 876.815
0.04784; 876.131
0.0481; 875.44
0.04836; 874.727
0.04862; 874.008
0.04888; 873.267
0.04914; 872.518
0.0494; 871.748
0.04966; 870.971
0.04992; 870.171
0.05018; 869.364
0.05044; 868.534
0.0507; 867.696
0.05096; 866.836
0.05122; 865.967
0.05148; 865.076
0.05174; 864.175
0.052; 863.252
0.05226; 862.319
0.05252; 861.362
0.05278; 860.396
0.05304; 859.407
0.0533; 858.406
0.05356; 857.383
0.05382; 856.348
0.05408; 855.289
0.05434; 854.219
0.0546; 853.124
0.05486; 852.017
0.05512; 850.886
0.05538; 849.741
0.05564; 848.572
0.0559; 847.389
0.05616; 846.18
0.05642; 844.957
0.05668; 843.709
0.05694; 842.446
0.0572; 841.156
0.05746; 839.85
0.05772; 838.518
0.05798; 837.169
0.05824; 835.793
0.0585; 834.399
0.05876; 832.978
0.05902; 831.538
0.05928; 830.07
0.05954; 828.583
0.0598; 827.066
0.06006; 825.53
0.06032; 823.964
0.06058; 822.377
0.06084; 820.76
0.0611; 819.121
0.06136; 817.452
0.06162; 815.759
0.06188; 814.035
0.06214; 812.288
0.0624; 810.508
0.06266; 808.704
0.06292; 806.868
0.06318; 805.006
0.06344; 803.111
0.0637; 801.191
0.06396; 799.237
0.06422; 797.256
0.06448; 795.242
0.06474; 793.201
0.065; 791.127
0.06526; 789.025
0.06552; 786.89
0.06578; 784.728
0.06604; 782.534
0.0663; 780.313
0.06656; 778.061
0.06682; 775.782
0.06708; 773.474
0.06734; 771.141
0.0676; 768.78
0.06786; 766.396
0.06812; 763.987
0.06838; 761.557
0.06864; 759.105
0.0689; 756.635
0.06916; 754.147
0.06942; 751.643
0.06968; 749.126
0.06994; 746.597
0.0702; 744.058
0.07046; 741.512
0.07072; 738.961
0.07098; 736.406
0.07124; 733.851
0.0715; 731.295
0.07176; 728.744
0.07202; 726.197
0.07228; 723.657
0.07254; 721.125
0.0728; 718.605
0.07306; 716.094
0.07332; 713.598
0.07358; 711.114
0.07384; 708.649
0.0741; 706.197
0.07436; 703.765
0.07462; 701.348
0.07488; 698.954
0.07514; 696.575
0.0754; 694.221
0.07566; 691.882
0.07592; 689.569
0.07618; 687.273
0.07644; 685.002
0.0767; 682.748
0.07696; 680.521
0.07722; 678.31
0.07748; 676.127
0.07774; 673.959
0.078; 671.82
0.07826; 669.696
0.07852; 667.6
0.07878; 665.519
0.07904; 663.467
0.0793; 661.43
0.07956; 659.421
0.07982; 657.426
0.08008; 655.46
0.08034; 653.508
0.0806; 651.584
0.08086; 649.673
0.08112; 647.792
0.08138; 645.923
0.08164; 644.083
0.0819; 642.255
0.08216; 640.456
0.08242; 638.669
0.08268; 636.911
0.08294; 635.164
0.0832; 633.446
0.08346; 631.738
0.08372; 630.06
0.08398; 628.392
0.08424; 626.754
0.0845; 625.126
0.08476; 623.527
0.08502; 621.937
0.08528; 620.377
0.08554; 618.826
0.0858; 617.305
0.08606; 615.793
0.08632; 614.31
0.08658; 612.836
0.08684; 611.392
0.0871; 609.956
0.08736; 608.551
0.08762; 607.153
0.08788; 605.786
0.08814; 604.426
0.0884; 603.098
0.08866; 601.776
0.08892; 600.486
0.08918; 599.202
0.08944; 597.95
0.0897; 596.704
0.08996; 595.49
0.09022; 594.281
0.09048; 593.105
0.09074; 591.935
0.091; 590.796
0.09126; 589.664
0.09152; 588.564
0.09178; 587.47
0.09204; 586.408
0.0923; 585.352
0.09256; 584.328
0.09282; 583.31
0.09308; 582.325
0.09334; 581.345
0.0936; 580.397
0.09386; 579.455
0.09412; 578.546
0.09438; 577.642
0.09464; 576.771
0.0949; 575.905
0.09516; 575.072
0.09542; 574.244
0.09568; 573.451
0.09594; 572.661
0.0962; 571.906
0.09646; 571.154
0.09672; 570.438
0.09698; 569.725
0.09724; 569.046
0.0975; 568.372
0.09776; 567.732
0.09802; 567.096
0.09828; 566.494
0.09854; 565.896
0.0988; 565.334
0.09906; 564.774
0.09932; 564.25
0.09958; 563.729
0.09984; 563.243
0.1001; 562.76
0.10036; 562.313
0.10062; 561.868
0.10088; 561.459
0.10114; 561.053
0.1014; 560.682
0.10166; 560.315
0.10192; 559.982
0.10218; 559.652
0.10244; 559.358
0.1027; 559.066
0.10296; 558.809
0.10322; 558.554
0.10348; 558.336
0.10374; 558.119
0.104; 557.938
0.10426; 557.759
0.10452; 557.616
0.10478; 557.474
0.10504; 557.368
0.1053; 557.262
0.10556; 557.191
0.10582; 557.12
0.10608; 557.081
0.10634; 557.038
0.1066; 0
0.10686; 0
0.10712; 0
0.10738; 0
0.10764; 0
0.1079; 0
0.10816; 0
0.10842; 0
0.10868; 0
0.10894; 0
0.1092; 0
0.10946; 0
0.10972; 0
0.10998; 0
0.11024; 0
0.1105; 0
0.11076; 0
0.11102; 0
0.11128; 0
0.11154; 0
0.1118; 0
0.11206; 0
0.11232; 0
0.11258; 0
0.11284; 0
0.1131; 0
0.11336; 0
0.11362; 0
0.11388; 0
0.11414; 0
0.1144; 0
0.11466; 0
0.11492; 0
0.11518; 0
0.11544; 0
0.1157; 0
0.11596; 0
0.11622; 0
0.11648; 0
0.11674; 0
0.117; 0
0.11726; 0
0.11752; 0
0.11778; 0
0.11804; 0
0.1183; 0
0.11856; 0
0.11882; 0
0.11908; 0
0.11934; 0
0.1196; 0
0.11986; 0
0.12012; 0
0.12038; 0
0.12064; 0
0.1209; 0
0.12116; 0
0.12142; 0
0.12168; 0
0.12194; 0
0.1222; 0
0.12246; 0
0.12272; 0
0.12298; 0
0.12324; 0
0.1235; 0
0.12376; 0
0.12402; 0
0.12428; 0
0.12454; 0
0.1248; 0
