0.0026; 400
0.0052; 400
0.0078; 400
0.0104; 400
0.013; 400
0.0156; 400
0.0182; 400
0.0208; 400
0.0234; 400
0.026; 400
0.0286; 400
0.0312; 400
0.0338; 400
0.0364; 400
0.039; 400
0.0416; 400
0.0442; 400
0.0468; 400
0.0494; 400
0.052; 400
0.0546; 400
0.0572; 400
0.0598; 400
0.0624; 400
0.065; 400
0.0676; 400
0.0702; 400
0.0728; 400
0.0754; 400
0.078; 400
0.0806; 400
0.0832; 400
0.0858; 400
0.0884; 400
0.091; 400
0.0936; 400
0.0962; 400
0.0988; 400
0.1014; 400
0.104; 400
0.1066; 400
0.1092; 400
0.1118; 400
0.1144; 400
0.117; 400
0.1196; 400
0.1222; 400
0.1248; 400
0.1274; 400
0.13; 400
0.1326; 400
0.1352; 400
0.1378; 400
0.1404; 400
0.143; 400
0.1456; 400
0.1482; 400
0.1508; 400
0.1534; 400
0.156; 400
0.1586; 400
0.1612; 400
0.1638; 400
0.1664; 400
0.169; 400
0.1716; 400
0.1742; 400
0.1768; 400
0.1794; 400
0.182; 400
0.1846; 400
0.1872; 400
0.1898; 400
0.1924; 400
0.195; 400
0.1976; 400
0.2002; 400
0.2028; 400
0.2054; 400
0.208; 400
0.2106; 400
0.2132; 400
0.2158; 400
0.2184; 400
0.221; 400
0.2236; 400
0.2262; 400
0.2288; 400
0.2314; 400
0.234; 400
0.2366; 400
0.2392; 400
0.2418; 400
0.2444; 400
0.247; 400
0.2496; 400
0.2522; 400
0.2548; 400
0.2574; 400
0.26; 400
0.2626; 400
0.2652; 400
0.2678; 400
0.2704; 400
0.273; 400
0.2756; 400
0.2782; 400
0.2808; 400
0.2834; 400
0.286; 400
0.2886; 400
0.2912; 400
0.2938; 400
0.2964; 400
0.299; 400
0.3016; 400
0.3042; 400
0.3068; 400
0.3094; 400
0.312; 400
0.3146; 400
0.3172; 400
0.3198; 400
0.3224; 400
0.325; 400
0.3276; 400
0.3302; 400
0.3328; 400
0.3354; 400
0.338; 400
0.3406; 400
0.3432; 400
0.3458; 400
0.3484; 400
0.351; 400
0.3536; 400
0.3562; 400
0.3588; 400
0.3614; 400
0.364; 400
0.3666; 400
0.3692; 400
0.3718; 400
0.3744; 400
0.377; 400
0.3796; 400
0.3822; 400
0.3848; 400
0.3874; 400
0.39; 400
0.3926; 400.001
0.3952; 400.001
0.3978; 400.001
0.4004; 400.001
0.403; 400.001
0.4056; 400.001
0.4082; 400.001
0.4108; 400.001
0.4134; 400.001
0.416; 400.002
0.4186; 400.002
0.4212; 400.002
0.4238; 400.002
0.4264; 400.003
0.429; 400.003
0.4316; 400.004
0.4342; 400.004
0.4368; 400.005
0.4394; 400.005
0.442; 400.006
0.4446; 400.007
0.4472; 400.008
0.4498; 400.009
0.4524; 400.01
0.455; 400.011
0.4576; 400.013
0.4602; 400.014
0.4628; 400.016
0.4654; 400.018
0.468; 400.021
0.4706; 400.024
0.4732; 400.027
0.4758; 400.03
0.4784; 400.034
0.481; 400.039
0.4836; 400.044
0.4862; 400.049
0.4888; 400.056
0.4914; 400.063
0.494; 400.071
0.4966; 400.08
0.4992; 400.09
0.5018; 400.101
0.5044; 400.114
0.507; 400.127
0.5096; 400.143
0.5122; 400.16
0.5148; 400.179
0.5174; 400.201
0.52; 400.224
0.5226; 400.25
0.5252; 400.279
0.5278; 400.311
0.5304; 400.346
0.533; 400.385
0.5356; 400.428
0.5382; 400.475
0.5408; 400.527
0.5434; 400.583
0.546; 400.646
0.5486; 400.714
0.5512; 400.788
0.5538; 400.869
0.5564; 400.958
0.559; 401.054
0.5616; 401.16
0.5642; 401.274
0.5668; 401.398
0.5694; 401.533
0.572; 401.679
0.5746; 401.837
0.5772; 402.008
0.5798; 402.192
0.5824; 402.392
0.585; 402.606
0.5876; 402.837
0.5902; 403.086
0.5928; 403.352
0.5954; 403.638
0.598; 403.945
0.6006; 404.273
0.6032; 404.624
0.6058; 404.999
0.6084; 405.399
0.611; 405.825
0.6136; 406.279
0.6162; 406.762
0.6188; 407.274
0.6214; 407.818
0.624; 408.395
0.6266; 409.005
0.6292; 409.651
0.6318; 410.333
0.6344; 411.053
0.637; 411.812
0.6396; 412.611
0.6422; 413.452
0.6448; 414.336
0.6474; 415.263
0.65; 416.236
0.6526; 417.255
0.6552; 418.322
0.6578; 419.437
0.6604; 420.601
0.663; 421.815
0.6656; 423.081
0.6682; 424.398
0.6708; 425.769
0.6734; 427.192
0.676; 428.67
0.6786; 430.201
0.6812; 431.788
0.6838; 433.429
0.6864; 435.126
0.689; 436.878
0.6916; 438.686
0.6942; 440.549
0.6968; 442.466
0.6994; 444.439
0.702; 446.466
0.7046; 448.547
0.7072; 450.681
0.7098; 452.867
0.7124; 455.106
0.715; 457.395
0.7176; 459.733
0.7202; 462.12
0.7228; 464.555
0.7254; 467.036
0.728; 469.561
0.7306; 472.13
0.7332; 474.74
0.7358; 477.391
0.7384; 480.08
0.741; 482.807
0.7436; 485.57
0.7462; 488.367
0.7488; 491.198
0.7514; 494.062
0.754; 496.96
0.7566; 499.891
0.7592; 502.857
0.7618; 505.861
0.7644; 508.905
0.767; 511.993
0.7696; 515.129
0.7722; 518.312
0.7748; 521.54
0.7774; 524.806
0.78; 528.104
0.7826; 531.425
0.7852; 534.761
0.7878; 538.101
0.7904; 541.434
0.793; 544.753
0.7956; 548.051
0.7982; 551.327
0.8008; 554.579
0.8034; 557.805
0.806; 561.005
0.8086; 564.178
0.8112; 567.324
0.8138; 570.446
0.8164; 573.564
0.819; 576.965
0.8216; 580.616
0.8242; 584.248
0.8268; 587.853
0.8294; 591.435
0.832; 594.995
0.8346; 598.534
0.8372; 602.053
0.8398; 605.553
0.8424; 609.042
0.845; 612.544
0.8476; 615.888
0.8502; 618.97
0.8528; 621.897
0.8554; 624.746
0.858; 627.544
0.8606; 630.296
0.8632; 633.005
0.8658; 635.67
0.8684; 638.291
0.871; 640.869
0.8736; 643.404
0.8762; 645.896
0.8788; 648.348
0.8814; 650.763
0.884; 653.139
0.8866; 655.542
0.8892; 657.959
0.8918; 660.255
0.8944; 662.445
0.897; 664.532
0.8996; 666.518
0.9022; 668.4
0.9048; 670.176
0.9074; 671.844
0.91; 673.403
0.9126; 674.852
0.9152; 676.189
0.9178; 677.415
0.9204; 678.53
0.923; 679.535
0.9256; 680.432
0.9282; 681.224
0.9308; 681.915
0.9334; 682.509
0.936; 683.01
0.9386; 683.423
0.9412; 683.755
0.9438; 684.011
0.9464; 684.198
0.949; 684.324
0.9516; 684.395
0.9542; 684.418
0.9568; 684.402
0.9594; 684.353
0.962; 684.28
0.9646; 684.19
0.9672; 684.09
0.9698; 683.989
0.9724; 683.892
0.975; 683.806
0.9776; 683.739
0.9802; 683.694
0.9828; 683.677
0.9854; 683.693
0.988; 683.746
0.9906; 683.839
0.9932; 683.975
0.9958; 684.155
0.9984; 684.38
1.001; 684.649
1.0036; 684.967
1.0062; 685.376
1.0088; 685.794
1.0114; 686.242
1.014; 686.719
1.0166; 687.219
1.0192; 687.739
1.0218; 688.276
1.0244; 688.825
1.027; 689.384
1.0296; 689.949
1.0322; 690.517
1.0348; 691.084
1.0374; 691.646
1.04; 692.2
1.0426; 692.741
1.0452; 693.265
1.0478; 693.811
1.0504; 694.376
1.053; 694.914
1.0556; 695.421
1.0582; 695.892
1.0608; 696.325
1.0634; 696.715
1.066; 697.058
1.0686; 697.35
1.0712; 697.589
1.0738; 697.771
1.0764; 697.895
1.079; 697.96
1.0816; 697.967
1.0842; 697.915
1.0868; 697.808
1.0894; 697.648
1.092; 697.438
1.0946; 697.183
1.0972; 696.887
1.0998; 696.558
1.1024; 696.202
1.105; 695.825
1.1076; 695.435
1.1102; 695.04
1.1128; 694.647
1.1154; 694.266
1.118; 693.903
1.1206; 693.567
1.1232; 693.265
1.1258; 693.006
1.1284; 692.795
1.131; 692.639
1.1336; 692.538
1.1362; 692.48
1.1388; 692.555
1.1414; 692.736
1.144; 692.957
1.1466; 693.24
1.1492; 693.593
1.1518; 694
1.1544; 694.462
1.157; 694.974
1.1596; 695.531
1.1622; 696.134
1.1648; 696.778
1.1674; 697.462
1.17; 698.182
1.1726; 698.934
1.1752; 699.715
1.1778; 700.656
1.1804; 701.784
1.183; 702.973
1.1856; 704.22
1.1882; 705.519
1.1908; 706.861
1.1934; 708.239
1.196; 709.644
1.1986; 711.067
1.2012; 712.498
1.2038; 713.928
1.2064; 715.347
1.209; 716.744
1.2116; 718.109
1.2142; 719.433
1.2168; 720.707
1.2194; 721.921
1.222; 723.066
1.2246; 724.135
1.2272; 725.119
1.2298; 726.012
1.2324; 726.808
1.235; 727.5
1.2376; 728.085
1.2402; 728.557
1.2428; 728.915
1.2454; 729.154
1.248; 729.274
