0.00026; 0
0.00052; 0
0.00078; 0
0.00104; 0
0.0013; 0
0.00156; 0
0.00182; 0
0.00208; 0
0.00234; 0
0.0026; 0
0.00286; 0
0.00312; 0
0.00338; 0
0.00364; 0
0.0039; 0
0.00416; 0
0.00442; 0
0.00468; 0
0.00494; 0
0.0052; 0
0.00546; 0
0.00572; 0
0.00598; 0
0.00624; 0
0.0065; 0
0.00676; 0
0.00702; 0
0.00728; 0
0.00754; 0
0.0078; 0
0.00806; 0
0.00832; 0
0.00858; 0
0.00884; 0
0.0091; 0
0.00936; 0
0.00962; 0
0.00988; 0
0.01014; 0
0.0104; 0
0.01066; 0
0.01092; 0
0.01118; 0
0.01144; 0
0.0117; 0
0.01196; 0
0.01222; 0
0.01248; 0
0.01274; 0
0.013; 0
0.01326; 0
0.01352; 0
0.01378; 0
0.01404; 0
0.0143; 0
0.01456; 0
0.01482; 0
0.01508; 0
0.01534; 0
0.0156; 0
0.01586; 0
0.01612; 0
0.01638; 0
0.01664; 0
0.0169; 0
0.01716; 0
0.01742; 0
0.01768; 0
0.01794; 0
0.0182; 0
0.01846; 0
0.01872; 0
0.01898; 0
0.01924; 0
0.0195; 0
0.01976; 0
0.02002; 0
0.02028; 0
0.02054; 0
0.0208; 0
0.02106; 0
0.02132; 0
0.02158; 0
0.02184; 0
0.0221; 0
0.02236; 0
0.02262; 0
0.02288; 0
0.02314; 0
0.0234; 0
0.02366; 0
0.02392; 0
0.02418; 0
0.02444; 0
0.0247; 0
0.02496; 0
0.02522; 0
0.02548; 0
0.02574; 0
0.026; 0
0.02626; 0
0.02652; 0
0.02678; 0
0.02704; 0
0.0273; 0
0.02756; 0
0.02782; 0
0.02808; 0
0.02834; 0
0.0286; 0
0.02886; 0
0.02912; 0
0.02938; 0
0.02964; 0
0.0299; 0
0.03016; 0
0.03042; 0
0.03068; 0
0.03094; 0
0.0312; 0
0.03146; 0
0.03172; 0
0.03198; 0
0.03224; 0
0.0325; 0
0.03276; 899.93
0.03302; 899.925
0.03328; 899.904
0.03354; 899.876
0.0338; 899.834
0.03406; 899.784
0.03432; 899.719
0.03458; 899.647
0.03484; 899.56
0.0351; 899.466
0.03536; 899.357
0.03562; 899.241
0.03588; 899.11
0.03614; 898.972
0.0364; 898.818
0.03666; 898.658
0.03692; 898.482
0.03718; 898.299
0.03744; 898.101
0.0377; 897.895
0.03796; 897.675
0.03822; 897.446
0.03848; 897.203
0.03874; 896.951
0.039; 896.685
0.03926; 896.411
0.03952; 896.12
0.03978; 895.823
0.04004; 895.508
0.0403; 895.187
0.04056; 894.849
0.04082; 894.504
0.04108; 894.141
0.04134; 893.772
0.0416; 893.385
0.04186; 892.991
0.04212; 892.579
0.04238; 892.161
0.04264; 891.724
0.0429; 891.28
0.04316; 890.819
0.04342; 890.35
0.04368; 889.863
0.04394; 889.369
0.0442; 888.857
0.04446; 888.337
0.04472; 887.798
0.04498; 887.252
0.04524; 886.686
0.0455; 886.113
0.04576; 885.522
0.04602; 884.922
0.04628; 884.302
0.04654; 883.675
0.0468; 883.029
0.04706; 882.373
0.04732; 881.699
0.04758; 881.015
0.04784; 880.312
0.0481; 879.6
0.04836; 878.868
0.04862; 878.126
0.04888; 877.365
0.04914; 876.593
0.0494; 875.802
0.04966; 875.001
0.04992; 874.179
0.05018; 873.346
0.05044; 872.494
0.0507; 871.63
0.05096; 870.745
0.05122; 869.85
0.05148; 868.933
0.05174; 868.004
0.052; 867.055
0.05226; 866.093
0.05252; 865.109
0.05278; 864.113
0.05304; 863.095
0.0533; 862.064
0.05356; 861.011
0.05382; 859.944
0.05408; 858.854
0.05434; 857.75
0.0546; 856.623
0.05486; 855.482
0.05512; 854.317
0.05538; 853.137
0.05564; 851.933
0.0559; 850.713
0.05616; 849.468
0.05642; 848.207
0.05668; 846.921
0.05694; 845.617
0.0572; 844.288
0.05746; 842.941
0.05772; 841.569
0.05798; 840.177
0.05824; 838.759
0.0585; 837.321
0.05876; 835.856
0.05902; 834.37
0.05928; 832.856
0.05954; 831.322
0.0598; 829.758
0.06006; 828.173
0.06032; 826.558
0.06058; 824.92
0.06084; 823.252
0.0611; 821.56
0.06136; 819.838
0.06162; 818.091
0.06188; 816.312
0.06214; 814.508
0.0624; 812.672
0.06266; 810.808
0.06292; 808.913
0.06318; 806.989
0.06344; 805.033
0.0637; 803.049
0.06396; 801.031
0.06422; 798.984
0.06448; 796.904
0.06474; 794.794
0.065; 792.651
0.06526; 790.479
0.06552; 788.273
0.06578; 786.038
0.06604; 783.77
0.0663; 781.473
0.06656; 779.144
0.06682; 776.788
0.06708; 774.401
0.06734; 771.987
0.0676; 769.545
0.06786; 767.079
0.06812; 764.586
0.06838; 762.071
0.06864; 759.533
0.0689; 756.976
0.06916; 754.4
0.06942; 751.808
0.06968; 749.201
0.06994; 746.581
0.0702; 743.952
0.07046; 741.314
0.07072; 738.67
0.07098; 736.022
0.07124; 733.374
0.0715; 730.725
0.07176; 728.08
0.07202; 725.438
0.07228; 722.804
0.07254; 720.178
0.0728; 717.563
0.07306; 714.958
0.07332; 712.368
0.07358; 709.79
0.07384; 707.23
0.0741; 704.685
0.07436; 702.159
0.07462; 699.65
0.07488; 697.162
0.07514; 694.692
0.0754; 692.245
0.07566; 689.815
0.07592; 687.41
0.07618; 685.024
0.07644; 682.662
0.0767; 680.319
0.07696; 678.002
0.07722; 675.703
0.07748; 673.43
0.07774; 671.176
0.078; 668.948
0.07826; 666.739
0.07852; 664.556
0.07878; 662.391
0.07904; 660.253
0.0793; 658.132
0.07956; 656.039
0.07982; 653.962
0.08008; 651.911
0.08034; 649.878
0.0806; 647.871
0.08086; 645.881
0.08112; 643.918
0.08138; 641.97
0.08164; 640.049
0.0819; 638.144
0.08216; 636.264
0.08242; 634.401
0.08268; 632.564
0.08294; 630.742
0.0832; 628.947
0.08346; 627.166
0.08372; 625.411
0.08398; 623.671
0.08424; 621.957
0.0845; 620.258
0.08476; 618.585
0.08502; 616.925
0.08528; 615.293
0.08554; 613.674
0.0858; 612.081
0.08606; 610.501
0.08632; 608.949
0.08658; 607.409
0.08684; 605.897
0.0871; 604.396
0.08736; 602.924
0.08762; 601.463
0.08788; 600.029
0.08814; 598.609
0.0884; 597.214
0.08866; 595.833
0.08892; 594.478
0.08918; 593.135
0.08944; 591.82
0.0897; 590.517
0.08996; 589.242
0.09022; 587.978
0.09048; 586.742
0.09074; 585.518
0.091; 584.322
0.09126; 583.137
0.09152; 581.98
0.09178; 580.835
0.09204; 579.718
0.0923; 578.612
0.09256; 577.535
0.09282; 576.469
0.09308; 575.432
0.09334; 574.405
0.0936; 573.408
0.09386; 572.422
0.09412; 571.464
0.09438; 570.518
0.09464; 569.6
0.0949; 568.693
0.09516; 567.816
0.09542; 566.949
0.09568; 566.112
0.09594; 565.286
0.0962; 564.489
0.09646; 563.702
0.09672; 562.945
0.09698; 562.199
0.09724; 561.482
0.0975; 560.776
0.09776; 560.1
0.09802; 559.435
0.09828; 558.799
0.09854; 558.173
0.0988; 557.577
0.09906; 556.991
0.09932; 556.436
0.09958; 555.89
0.09984; 555.376
0.1001; 554.872
0.10036; 554.398
0.10062; 553.933
0.10088; 553.5
0.10114; 553.075
0.1014; 552.683
0.10166; 552.298
0.10192; 551.946
0.10218; 551.602
0.10244; 551.29
0.1027; 550.985
0.10296; 550.712
0.10322; 550.447
0.10348; 550.214
0.10374; 549.99
0.104; 549.796
0.10426; 549.611
0.10452; 549.457
0.10478; 549.311
0.10504; 549.196
0.1053; 549.088
0.10556; 549.011
0.10582; 548.938
0.10608; 548.893
0.10634; 548.85
0.1066; 0
0.10686; 0
0.10712; 0
0.10738; 0
0.10764; 0
0.1079; 0
0.10816; 0
0.10842; 0
0.10868; 0
0.10894; 0
0.1092; 0
0.10946; 0
0.10972; 0
0.10998; 0
0.11024; 0
0.1105; 0
0.11076; 0
0.11102; 0
0.11128; 0
0.11154; 0
0.1118; 0
0.11206; 0
0.11232; 0
0.11258; 0
0.11284; 0
0.1131; 0
0.11336; 0
0.11362; 0
0.11388; 0
0.11414; 0
0.1144; 0
0.11466; 0
0.11492; 0
0.11518; 0
0.11544; 0
0.1157; 0
0.11596; 0
0.11622; 0
0.11648; 0
0.11674; 0
0.117; 0
0.11726; 0
0.11752; 0
0.11778; 0
0.11804; 0
0.1183; 0
0.11856; 0
0.11882; 0
0.11908; 0
0.11934; 0
0.1196; 0
0.11986; 0
0.12012; 0
0.12038; 0
0.12064; 0
0.1209; 0
0.12116; 0
0.12142; 0
0.12168; 0
0.12194; 0
0.1222; 0
0.12246; 0
0.12272; 0
0.12298; 0
0.12324; 0
0.1235; 0
0.12376; 0
0.12402; 0
0.12428; 0
0.12454; 0
0.1248; 0
