0.00026; 0
0.00052; 0
0.00078; 0
0.00104; 0
0.0013; 0
0.00156; 0
0.00182; 0
0.00208; 0
0.00234; 0
0.0026; 0
0.00286; 0
0.00312; 0
0.00338; 0
0.00364; 0
0.0039; 0
0.00416; 0
0.00442; 0
0.00468; 0
0.00494; 0
0.0052; 0
0.00546; 0
0.00572; 0
0.00598; 0
0.00624; 0
0.0065; 0
0.00676; 0
0.00702; 0
0.00728; 0
0.00754; 0
0.0078; 0
0.00806; 0
0.00832; 0
0.00858; 0
0.00884; 0
0.0091; 0
0.00936; 0
0.00962; 0
0.00988; 0
0.01014; 0
0.0104; 0
0.01066; 0
0.01092; 0
0.01118; 0
0.01144; 0
0.0117; 0
0.01196; 0
0.01222; 0
0.01248; 0
0.01274; 0
0.013; 0
0.01326; 0
0.01352; 0
0.01378; 0
0.01404; 0
0.0143; 0
0.01456; 0
0.01482; 0
0.01508; 0
0.01534; 0
0.0156; 0
0.01586; 0
0.01612; 0
0.01638; 0
0.01664; 0
0.0169; 0
0.01716; 0
0.01742; 0
0.01768; 0
0.01794; 0
0.0182; 0
0.01846; 0
0.01872; 0
0.01898; 0
0.01924; 0
0.0195; 0
0.01976; 0
0.02002; 0
0.02028; 0
0.02054; 0
0.0208; 0
0.02106; 0
0.02132; 0
0.02158; 0
0.02184; 0
0.0221; 0
0.02236; 0
0.02262; 0
0.02288; 0
0.02314; 0
0.0234; 0
0.02366; 0
0.02392; 0
0.02418; 0
0.02444; 0
0.0247; 0
0.02496; 0
0.02522; 0
0.02548; 0
0.02574; 0
0.026; 0
0.02626; 0
0.02652; 0
0.02678; 0
0.02704; 0
0.0273; 0
0.02756; 0
0.02782; 0
0.02808; 0
0.02834; 0
0.0286; 0
0.02886; 0
0.02912; 0
0.02938; 0
0.02964; 0
0.0299; 0
0.03016; 0
0.03042; 0
0.03068; 0
0.03094; 0
0.0312; 0
0.03146; 0
0.03172; 0
0.03198; 0
0.03224; 0
0.0325; 0
0.03276; 874.697
0.03302; 874.688
0.03328; 874.673
0.03354; 874.646
0.0338; 874.613
0.03406; 874.567
0.03432; 874.515
0.03458; 874.451
0.03484; 874.38
0.0351; 874.297
0.03536; 874.207
0.03562; 874.105
0.03588; 873.997
0.03614; 873.876
0.0364; 873.748
0.03666; 873.608
0.03692; 873.461
0.03718; 873.302
0.03744; 873.136
0.0377; 872.958
0.03796; 872.772
0.03822; 872.574
0.03848; 872.369
0.03874; 872.152
0.039; 871.927
0.03926; 871.69
0.03952; 871.446
0.03978; 871.189
0.04004; 870.924
0.0403; 870.647
0.04056; 870.362
0.04082; 870.065
0.04108; 869.76
0.04134; 869.442
0.0416; 869.116
0.04186; 868.778
0.04212; 868.431
0.04238; 868.072
0.04264; 867.705
0.0429; 867.324
0.04316; 866.935
0.04342; 866.534
0.04368; 866.123
0.04394; 865.7
0.0442; 865.268
0.04446; 864.823
0.04472; 864.369
0.04498; 863.901
0.04524; 863.425
0.0455; 862.936
0.04576; 862.437
0.04602; 861.925
0.04628; 861.403
0.04654; 860.868
0.0468; 860.323
0.04706; 859.765
0.04732; 859.197
0.04758; 858.614
0.04784; 858.022
0.0481; 857.416
0.04836; 856.799
0.04862; 856.168
0.04888; 855.527
0.04914; 854.871
0.0494; 854.205
0.04966; 853.524
0.04992; 852.833
0.05018; 852.126
0.05044; 851.408
0.0507; 850.675
0.05096; 849.931
0.05122; 849.172
0.05148; 848.401
0.05174; 847.614
0.052; 846.816
0.05226; 846.001
0.05252; 845.175
0.05278; 844.332
0.05304; 843.477
0.0533; 842.605
0.05356; 841.72
0.05382; 840.818
0.05408; 839.904
0.05434; 838.972
0.0546; 838.026
0.05486; 837.063
0.05512; 836.086
0.05538; 835.09
0.05564; 834.081
0.0559; 833.053
0.05616; 832.01
0.05642; 830.948
0.05668; 829.871
0.05694; 828.774
0.0572; 827.662
0.05746; 826.53
0.05772; 825.381
0.05798; 824.212
0.05824; 823.026
0.0585; 821.819
0.05876; 820.595
0.05902; 819.349
0.05928; 818.085
0.05954; 816.798
0.0598; 815.493
0.06006; 814.166
0.06032; 812.819
0.06058; 811.449
0.06084; 810.059
0.0611; 808.645
0.06136; 807.21
0.06162; 805.751
0.06188; 804.271
0.06214; 802.766
0.0624; 801.238
0.06266; 799.686
0.06292; 798.111
0.06318; 796.51
0.06344; 794.886
0.0637; 793.236
0.06396; 791.562
0.06422; 789.862
0.06448; 788.138
0.06474; 786.388
0.065; 784.614
0.06526; 782.814
0.06552; 780.989
0.06578; 779.139
0.06604; 777.266
0.0663; 775.367
0.06656; 773.446
0.06682; 771.501
0.06708; 769.533
0.06734; 767.544
0.0676; 765.533
0.06786; 763.503
0.06812; 761.453
0.06838; 759.386
0.06864; 757.303
0.0689; 755.204
0.06916; 753.091
0.06942; 750.967
0.06968; 748.832
0.06994; 746.689
0.0702; 744.539
0.07046; 742.384
0.07072; 740.226
0.07098; 738.066
0.07124; 735.907
0.0715; 733.75
0.07176; 731.597
0.07202; 729.45
0.07228; 727.31
0.07254; 725.179
0.0728; 723.057
0.07306; 720.947
0.07332; 718.849
0.07358; 716.765
0.07384; 714.694
0.0741; 712.639
0.07436; 710.6
0.07462; 708.578
0.07488; 706.573
0.07514; 704.586
0.0754; 702.616
0.07566; 700.665
0.07592; 698.732
0.07618; 696.82
0.07644; 694.925
0.0767; 693.05
0.07696; 691.194
0.07722; 689.358
0.07748; 687.54
0.07774; 685.743
0.078; 683.964
0.07826; 682.206
0.07852; 680.465
0.07878; 678.745
0.07904; 677.043
0.0793; 675.361
0.07956; 673.696
0.07982; 672.052
0.08008; 670.425
0.08034; 668.818
0.0806; 667.228
0.08086; 665.658
0.08112; 664.104
0.08138; 662.57
0.08164; 661.052
0.0819; 659.554
0.08216; 658.071
0.08242; 656.609
0.08268; 655.161
0.08294; 653.733
0.0832; 652.32
0.08346; 650.927
0.08372; 649.548
0.08398; 648.189
0.08424; 646.844
0.0845; 645.519
0.08476; 644.208
0.08502; 642.916
0.08528; 641.638
0.08554; 640.379
0.0858; 639.135
0.08606; 637.909
0.08632; 636.697
0.08658; 635.504
0.08684; 634.324
0.0871; 633.164
0.08736; 632.016
0.08762; 630.888
0.08788; 629.773
0.08814; 628.677
0.0884; 627.594
0.08866; 626.53
0.08892; 625.479
0.08918; 624.447
0.08944; 623.427
0.0897; 622.427
0.08996; 621.439
0.09022; 620.47
0.09048; 619.514
0.09074; 618.577
0.091; 617.652
0.09126; 616.747
0.09152; 615.853
0.09178; 614.979
0.09204; 614.117
0.0923; 613.274
0.09256; 612.444
0.09282; 611.632
0.09308; 610.833
0.09334; 610.052
0.0936; 609.284
0.09386; 608.535
0.09412; 607.798
0.09438; 607.08
0.09464; 606.374
0.0949; 605.688
0.09516; 605.013
0.09542; 604.357
0.09568; 603.714
0.09594; 603.089
0.0962; 602.476
0.09646; 601.883
0.09672; 601.301
0.09698; 600.739
0.09724; 600.188
0.0975; 599.657
0.09776; 599.137
0.09802; 598.637
0.09828; 598.148
0.09854; 597.679
0.0988; 597.222
0.09906; 596.783
0.09932; 596.357
0.09958; 595.949
0.09984; 595.553
0.1001; 595.177
0.10036; 594.811
0.10062; 594.466
0.10088; 594.131
0.10114; 593.816
0.1014; 593.512
0.10166; 593.227
0.10192; 592.953
0.10218; 592.699
0.10244; 592.456
0.1027; 592.232
0.10296; 592.019
0.10322; 591.826
0.10348; 591.643
0.10374; 591.479
0.104; 591.326
0.10426; 591.192
0.10452; 591.069
0.10478; 590.965
0.10504; 590.872
0.1053; 590.797
0.10556; 590.731
0.10582; 590.683
0.10608; 590.642
0.10634; 590.616
0.1066; 0
0.10686; 0
0.10712; 0
0.10738; 0
0.10764; 0
0.1079; 0
0.10816; 0
0.10842; 0
0.10868; 0
0.10894; 0
0.1092; 0
0.10946; 0
0.10972; 0
0.10998; 0
0.11024; 0
0.1105; 0
0.11076; 0
0.11102; 0
0.11128; 0
0.11154; 0
0.1118; 0
0.11206; 0
0.11232; 0
0.11258; 0
0.11284; 0
0.1131; 0
0.11336; 0
0.11362; 0
0.11388; 0
0.11414; 0
0.1144; 0
0.11466; 0
0.11492; 0
0.11518; 0
0.11544; 0
0.1157; 0
0.11596; 0
0.11622; 0
0.11648; 0
0.11674; 0
0.117; 0
0.11726; 0
0.11752; 0
0.11778; 0
0.11804; 0
0.1183; 0
0.11856; 0
0.11882; 0
0.11908; 0
0.11934; 0
0.1196; 0
0.11986; 0
0.12012; 0
0.12038; 0
0.12064; 0
0.1209; 0
0.12116; 0
0.12142; 0
0.12168; 0
0.12194; 0
0.1222; 0
0.12246; 0
0.12272; 0
0.12298; 0
0.12324; 0
0.1235; 0
0.12376; 0
0.12402; 0
0.12428; 0
0.12454; 0
0.1248; 0
