0.0026; 400
0.0052; 400
0.0078; 400
0.0104; 400
0.013; 400
0.0156; 400
0.0182; 400
0.0208; 400
0.0234; 400
0.026; 400
0.0286; 400
0.0312; 400
0.0338; 400
0.0364; 400
0.039; 400
0.0416; 400
0.0442; 400
0.0468; 400
0.0494; 400
0.052; 400
0.0546; 400
0.0572; 400
0.0598; 400
0.0624; 400
0.065; 400
0.0676; 400
0.0702; 400
0.0728; 400
0.0754; 400
0.078; 400
0.0806; 400
0.0832; 400
0.0858; 400
0.0884; 400
0.091; 400
0.0936; 400
0.0962; 400
0.0988; 400
0.1014; 400
0.104; 400
0.1066; 400
0.1092; 400
0.1118; 400
0.1144; 400
0.117; 400
0.1196; 400
0.1222; 400
0.1248; 400
0.1274; 400
0.13; 400
0.1326; 400
0.1352; 400
0.1378; 400
0.1404; 400
0.143; 400
0.1456; 400
0.1482; 400
0.1508; 400
0.1534; 400
0.156; 400
0.1586; 400
0.1612; 400
0.1638; 400
0.1664; 400
0.169; 400
0.1716; 400
0.1742; 400
0.1768; 400
0.1794; 400
0.182; 400
0.1846; 400
0.1872; 400
0.1898; 400
0.1924; 400
0.195; 400
0.1976; 400
0.2002; 400
0.2028; 400
0.2054; 400
0.208; 400
0.2106; 400
0.2132; 400
0.2158; 400
0.2184; 400
0.221; 400
0.2236; 400
0.2262; 400
0.2288; 400
0.2314; 400
0.234; 400
0.2366; 400
0.2392; 400
0.2418; 400
0.2444; 400
0.247; 400
0.2496; 400
0.2522; 400
0.2548; 400
0.2574; 400
0.26; 400
0.2626; 400
0.2652; 400
0.2678; 400
0.2704; 400
0.273; 400
0.2756; 400
0.2782; 400
0.2808; 400
0.2834; 400
0.286; 400
0.2886; 400
0.2912; 400
0.2938; 400
0.2964; 400
0.299; 400
0.3016; 400
0.3042; 400
0.3068; 400
0.3094; 400
0.312; 400
0.3146; 400
0.3172; 400
0.3198; 400
0.3224; 400
0.325; 400
0.3276; 400
0.3302; 400
0.3328; 400
0.3354; 400
0.338; 400
0.3406; 400
0.3432; 400
0.3458; 400
0.3484; 400
0.351; 400
0.3536; 400
0.3562; 400
0.3588; 400
0.3614; 400
0.364; 400
0.3666; 400
0.3692; 400
0.3718; 400
0.3744; 400
0.377; 400
0.3796; 400
0.3822; 400
0.3848; 400
0.3874; 400
0.39; 400
0.3926; 400
0.3952; 400
0.3978; 400
0.4004; 400
0.403; 400
0.4056; 400
0.4082; 400
0.4108; 400
0.4134; 400
0.416; 400
0.4186; 400
0.4212; 400
0.4238; 400
0.4264; 400
0.429; 400
0.4316; 400
0.4342; 400
0.4368; 400
0.4394; 400
0.442; 400
0.4446; 400
0.4472; 400
0.4498; 400
0.4524; 400
0.455; 400
0.4576; 400
0.4602; 400.001
0.4628; 400.001
0.4654; 400.001
0.468; 400.001
0.4706; 400.001
0.4732; 400.001
0.4758; 400.001
0.4784; 400.002
0.481; 400.002
0.4836; 400.002
0.4862; 400.003
0.4888; 400.003
0.4914; 400.003
0.494; 400.004
0.4966; 400.005
0.4992; 400.006
0.5018; 400.006
0.5044; 400.008
0.507; 400.009
0.5096; 400.01
0.5122; 400.012
0.5148; 400.014
0.5174; 400.016
0.52; 400.019
0.5226; 400.022
0.5252; 400.026
0.5278; 400.03
0.5304; 400.035
0.533; 400.04
0.5356; 400.047
0.5382; 400.054
0.5408; 400.062
0.5434; 400.072
0.546; 400.083
0.5486; 400.095
0.5512; 400.109
0.5538; 400.125
0.5564; 400.143
0.559; 400.164
0.5616; 400.187
0.5642; 400.214
0.5668; 400.243
0.5694; 400.277
0.572; 400.314
0.5746; 400.356
0.5772; 400.404
0.5798; 400.457
0.5824; 400.516
0.585; 400.581
0.5876; 400.655
0.5902; 400.736
0.5928; 400.827
0.5954; 400.927
0.598; 401.038
0.6006; 401.161
0.6032; 401.296
0.6058; 401.445
0.6084; 401.609
0.611; 401.789
0.6136; 401.986
0.6162; 402.202
0.6188; 402.438
0.6214; 402.696
0.624; 402.978
0.6266; 403.284
0.6292; 403.616
0.6318; 403.977
0.6344; 404.369
0.637; 404.792
0.6396; 405.249
0.6422; 405.743
0.6448; 406.274
0.6474; 406.846
0.65; 407.461
0.6526; 408.12
0.6552; 408.826
0.6578; 409.581
0.6604; 410.387
0.663; 411.247
0.6656; 412.162
0.6682; 413.136
0.6708; 414.169
0.6734; 415.265
0.676; 416.425
0.6786; 417.652
0.6812; 418.946
0.6838; 420.31
0.6864; 421.746
0.689; 423.255
0.6916; 424.839
0.6942; 426.498
0.6968; 428.234
0.6994; 430.048
0.702; 431.939
0.7046; 433.91
0.7072; 435.96
0.7098; 438.089
0.7124; 440.297
0.715; 442.583
0.7176; 444.947
0.7202; 447.388
0.7228; 449.905
0.7254; 452.496
0.728; 455.159
0.7306; 457.893
0.7332; 460.696
0.7358; 463.566
0.7384; 466.499
0.741; 469.494
0.7436; 472.547
0.7462; 475.657
0.7488; 478.82
0.7514; 482.035
0.754; 485.299
0.7566; 488.613
0.7592; 491.975
0.7618; 495.387
0.7644; 498.849
0.767; 502.366
0.7696; 505.937
0.7722; 509.563
0.7748; 513.236
0.7774; 516.948
0.78; 520.688
0.7826; 524.447
0.7852; 528.213
0.7878; 531.971
0.7904; 535.709
0.793; 539.416
0.7956; 543.086
0.7982; 546.717
0.8008; 550.305
0.8034; 553.85
0.806; 557.351
0.8086; 560.805
0.8112; 564.212
0.8138; 567.574
0.8164; 570.905
0.819; 574.542
0.8216; 578.437
0.8242; 582.284
0.8268; 586.083
0.8294; 589.841
0.832; 593.567
0.8346; 597.266
0.8372; 600.945
0.8398; 604.61
0.8424; 608.278
0.845; 611.98
0.8476; 615.547
0.8502; 618.854
0.8528; 622.006
0.8554; 625.085
0.858; 628.118
0.8606; 631.114
0.8632; 634.073
0.8658; 636.998
0.8684; 639.889
0.871; 642.745
0.8736; 645.567
0.8762; 648.357
0.8788; 651.116
0.8814; 653.851
0.884; 656.561
0.8866; 659.34
0.8892; 662.184
0.8918; 664.93
0.8944; 667.585
0.897; 670.149
0.8996; 672.615
0.9022; 674.972
0.9048; 677.21
0.9074; 679.318
0.91; 681.286
0.9126; 683.103
0.9152; 684.76
0.9178; 686.25
0.9204; 687.567
0.923; 688.705
0.9256; 689.662
0.9282; 690.436
0.9308; 691.028
0.9334; 691.442
0.936; 691.681
0.9386; 691.751
0.9412; 691.661
0.9438; 691.42
0.9464; 691.039
0.949; 690.529
0.9516; 689.905
0.9542; 689.181
0.9568; 688.371
0.9594; 687.491
0.962; 686.557
0.9646; 685.587
0.9672; 684.596
0.9698; 683.6
0.9724; 682.617
0.975; 681.663
0.9776; 680.752
0.9802; 679.899
0.9828; 679.119
0.9854; 678.425
0.988; 677.83
0.9906; 677.345
0.9932; 676.981
0.9958; 676.746
0.9984; 676.647
1.001; 676.687
1.0036; 676.878
1.0062; 677.273
1.0088; 677.722
1.0114; 678.251
1.014; 678.863
1.0166; 679.551
1.0192; 680.31
1.0218; 681.134
1.0244; 682.017
1.027; 682.953
1.0296; 683.934
1.0322; 684.953
1.0348; 686.002
1.0374; 687.072
1.04; 688.154
1.0426; 689.237
1.0452; 690.31
1.0478; 691.454
1.0504; 692.709
1.053; 693.969
1.0556; 695.215
1.0582; 696.428
1.0608; 697.59
1.0634; 698.682
1.066; 699.684
1.0686; 700.58
1.0712; 701.353
1.0738; 701.989
1.0764; 702.476
1.079; 702.804
1.0816; 702.967
1.0842; 702.959
1.0868; 702.78
1.0894; 702.432
1.092; 701.92
1.0946; 701.251
1.0972; 700.437
1.0998; 699.491
1.1024; 698.429
1.105; 697.269
1.1076; 696.031
1.1102; 694.738
1.1128; 693.41
1.1154; 692.072
1.118; 690.747
1.1206; 689.459
1.1232; 688.229
1.1258; 687.079
1.1284; 686.03
1.131; 685.095
1.1336; 684.284
1.1362; 683.595
1.1388; 683.173
1.1414; 682.96
1.144; 682.84
1.1466; 682.85
1.1492; 683.007
1.1518; 683.29
1.1544; 683.698
1.157; 684.225
1.1596; 684.864
1.1622; 685.611
1.1648; 686.462
1.1674; 687.411
1.17; 688.45
1.1726; 689.573
1.1752; 690.772
1.1778; 692.238
1.1804; 694.026
1.183; 695.954
1.1856; 698.007
1.1882; 700.167
1.1908; 702.414
1.1934; 704.728
1.196; 707.087
1.1986; 709.471
1.2012; 711.858
1.2038; 714.228
1.2064; 716.562
1.209; 718.841
1.2116; 721.048
1.2142; 723.168
1.2168; 725.186
1.2194; 727.089
1.222; 728.867
1.2246; 730.508
1.2272; 732.005
1.2298; 733.351
1.2324; 734.539
1.235; 735.566
1.2376; 736.426
1.2402; 737.118
1.2428; 737.639
1.2454; 737.987
1.248; 738.161
