0.0026; 400
0.0052; 400
0.0078; 400
0.0104; 400
0.013; 400
0.0156; 400
0.0182; 400
0.0208; 400
0.0234; 400
0.026; 400
0.0286; 400
0.0312; 400
0.0338; 400
0.0364; 400
0.039; 400
0.0416; 400
0.0442; 400
0.0468; 400
0.0494; 400
0.052; 400
0.0546; 400
0.0572; 400
0.0598; 400
0.0624; 400
0.065; 400
0.0676; 400
0.0702; 400
0.0728; 400
0.0754; 400
0.078; 400
0.0806; 400
0.0832; 400
0.0858; 400
0.0884; 400
0.091; 400
0.0936; 400
0.0962; 400
0.0988; 400
0.1014; 400
0.104; 400
0.1066; 400
0.1092; 400
0.1118; 400
0.1144; 400
0.117; 400
0.1196; 400
0.1222; 400
0.1248; 400
0.1274; 400
0.13; 400
0.1326; 400
0.1352; 400
0.1378; 400
0.1404; 400
0.143; 400
0.1456; 400
0.1482; 400
0.1508; 400
0.1534; 400
0.156; 400
0.1586; 400
0.1612; 400
0.1638; 400
0.1664; 400
0.169; 400
0.1716; 400
0.1742; 400
0.1768; 400
0.1794; 400
0.182; 400
0.1846; 400
0.1872; 400
0.1898; 400
0.1924; 400
0.195; 400
0.1976; 400
0.2002; 400
0.2028; 400
0.2054; 400
0.208; 400
0.2106; 400
0.2132; 400
0.2158; 400
0.2184; 400
0.221; 400
0.2236; 400
0.2262; 400
0.2288; 400
0.2314; 400
0.234; 400
0.2366; 400
0.2392; 400
0.2418; 400
0.2444; 400
0.247; 400
0.2496; 400.001
0.2522; 400.001
0.2548; 400.001
0.2574; 400.001
0.26; 400.001
0.2626; 400.001
0.2652; 400.001
0.2678; 400.001
0.2704; 400.002
0.273; 400.002
0.2756; 400.002
0.2782; 400.002
0.2808; 400.002
0.2834; 400.002
0.286; 400.002
0.2886; 400.003
0.2912; 400.003
0.2938; 400.003
0.2964; 400.003
0.299; 400.004
0.3016; 400.004
0.3042; 400.004
0.3068; 400.005
0.3094; 400.005
0.312; 400.005
0.3146; 400.006
0.3172; 400.006
0.3198; 400.007
0.3224; 400.007
0.325; 400.008
0.3276; 400.009
0.3302; 400.01
0.3328; 400.01
0.3354; 400.011
0.338; 400.012
0.3406; 400.014
0.3432; 400.015
0.3458; 400.016
0.3484; 400.017
0.351; 400.019
0.3536; 400.021
0.3562; 400.023
0.3588; 400.025
0.3614; 400.027
0.364; 400.03
0.3666; 400.032
0.3692; 400.035
0.3718; 400.038
0.3744; 400.042
0.377; 400.046
0.3796; 400.05
0.3822; 400.054
0.3848; 400.059
0.3874; 400.065
0.39; 400.071
0.3926; 400.077
0.3952; 400.084
0.3978; 400.091
0.4004; 400.099
0.403; 400.108
0.4056; 400.118
0.4082; 400.128
0.4108; 400.139
0.4134; 400.151
0.416; 400.165
0.4186; 400.179
0.4212; 400.194
0.4238; 400.211
0.4264; 400.228
0.429; 400.248
0.4316; 400.268
0.4342; 400.291
0.4368; 400.315
0.4394; 400.341
0.442; 400.369
0.4446; 400.399
0.4472; 400.431
0.4498; 400.465
0.4524; 400.502
0.455; 400.542
0.4576; 400.584
0.4602; 400.63
0.4628; 400.678
0.4654; 400.73
0.468; 400.786
0.4706; 400.845
0.4732; 400.909
0.4758; 400.976
0.4784; 401.049
0.481; 401.125
0.4836; 401.207
0.4862; 401.294
0.4888; 401.387
0.4914; 401.485
0.494; 401.59
0.4966; 401.701
0.4992; 401.818
0.5018; 401.943
0.5044; 402.075
0.507; 402.216
0.5096; 402.364
0.5122; 402.521
0.5148; 402.687
0.5174; 402.862
0.52; 403.047
0.5226; 403.242
0.5252; 403.448
0.5278; 403.664
0.5304; 403.893
0.533; 404.133
0.5356; 404.386
0.5382; 404.652
0.5408; 404.932
0.5434; 405.225
0.546; 405.533
0.5486; 405.856
0.5512; 406.195
0.5538; 406.55
0.5564; 406.921
0.559; 407.31
0.5616; 407.716
0.5642; 408.141
0.5668; 408.585
0.5694; 409.048
0.572; 409.531
0.5746; 410.035
0.5772; 410.56
0.5798; 411.107
0.5824; 411.676
0.585; 412.268
0.5876; 412.884
0.5902; 413.523
0.5928; 414.187
0.5954; 414.877
0.598; 415.592
0.6006; 416.333
0.6032; 417.101
0.6058; 417.896
0.6084; 418.719
0.611; 419.57
0.6136; 420.449
0.6162; 421.358
0.6188; 422.297
0.6214; 423.265
0.624; 424.264
0.6266; 425.294
0.6292; 426.355
0.6318; 427.447
0.6344; 428.571
0.637; 429.727
0.6396; 430.915
0.6422; 432.136
0.6448; 433.39
0.6474; 434.677
0.65; 435.997
0.6526; 437.35
0.6552; 438.737
0.6578; 440.156
0.6604; 441.61
0.663; 443.096
0.6656; 444.616
0.6682; 446.17
0.6708; 447.756
0.6734; 449.376
0.676; 451.028
0.6786; 452.714
0.6812; 454.431
0.6838; 456.181
0.6864; 457.963
0.689; 459.776
0.6916; 461.62
0.6942; 463.495
0.6968; 465.4
0.6994; 467.335
0.702; 469.298
0.7046; 471.291
0.7072; 473.311
0.7098; 475.359
0.7124; 477.434
0.715; 479.534
0.7176; 481.66
0.7202; 483.81
0.7228; 485.984
0.7254; 488.181
0.728; 490.401
0.7306; 492.641
0.7332; 494.903
0.7358; 497.184
0.7384; 499.484
0.741; 501.802
0.7436; 504.139
0.7462; 506.492
0.7488; 508.863
0.7514; 511.252
0.754; 513.658
0.7566; 516.083
0.7592; 518.527
0.7618; 520.995
0.7644; 523.487
0.767; 526.007
0.7696; 528.557
0.7722; 531.137
0.7748; 533.745
0.7774; 536.375
0.78; 539.023
0.7826; 541.684
0.7852; 544.351
0.7878; 547.017
0.7904; 549.675
0.793; 552.319
0.7956; 554.947
0.7982; 557.557
0.8008; 560.15
0.8034; 562.724
0.806; 565.28
0.8086; 567.818
0.8112; 570.338
0.8138; 572.845
0.8164; 575.353
0.819; 578.093
0.8216; 581.024
0.8242; 583.928
0.8268; 586.798
0.8294; 589.639
0.832; 592.452
0.8346; 595.241
0.8372; 598.004
0.8398; 600.746
0.8424; 603.471
0.845; 606.2
0.8476; 608.799
0.8502; 611.195
0.8528; 613.473
0.8554; 615.702
0.858; 617.902
0.8606; 620.079
0.8632; 622.236
0.8658; 624.371
0.8684; 626.487
0.871; 628.583
0.8736; 630.661
0.8762; 632.723
0.8788; 634.771
0.8814; 636.808
0.884; 638.829
0.8866; 640.865
0.8892; 642.932
0.8918; 644.921
0.8944; 646.843
0.897; 648.705
0.8996; 650.51
0.9022; 652.258
0.9048; 653.949
0.9074; 655.583
0.91; 657.159
0.9126; 658.678
0.9152; 660.138
0.9178; 661.54
0.9204; 662.884
0.923; 664.17
0.9256; 665.399
0.9282; 666.572
0.9308; 667.69
0.9334; 668.754
0.936; 669.767
0.9386; 670.729
0.9412; 671.643
0.9438; 672.511
0.9464; 673.334
0.949; 674.116
0.9516; 674.857
0.9542; 675.561
0.9568; 676.23
0.9594; 676.866
0.962; 677.471
0.9646; 678.048
0.9672; 678.599
0.9698; 679.127
0.9724; 679.632
0.975; 680.119
0.9776; 680.587
0.9802; 681.04
0.9828; 681.477
0.9854; 681.901
0.988; 682.311
0.9906; 682.709
0.9932; 683.095
0.9958; 683.469
0.9984; 683.829
1.001; 684.175
1.0036; 684.514
1.0062; 684.903
1.0088; 685.281
1.0114; 685.667
1.014; 686.058
1.0166; 686.45
1.0192; 686.841
1.0218; 687.23
1.0244; 687.615
1.027; 687.996
1.0296; 688.372
1.0322; 688.741
1.0348; 689.104
1.0374; 689.459
1.04; 689.806
1.0426; 690.142
1.0452; 690.468
1.0478; 690.81
1.0504; 691.155
1.053; 691.481
1.0556; 691.792
1.0582; 692.089
1.0608; 692.375
1.0634; 692.651
1.066; 692.92
1.0686; 693.181
1.0712; 693.436
1.0738; 693.685
1.0764; 693.93
1.079; 694.17
1.0816; 694.408
1.0842; 694.642
1.0868; 694.875
1.0894; 695.107
1.092; 695.338
1.0946; 695.57
1.0972; 695.803
1.0998; 696.037
1.1024; 696.274
1.105; 696.514
1.1076; 696.757
1.1102; 697.005
1.1128; 697.257
1.1154; 697.514
1.118; 697.776
1.1206; 698.045
1.1232; 698.32
1.1258; 698.604
1.1284; 698.897
1.131; 699.199
1.1336; 699.507
1.1362; 699.807
1.1388; 700.155
1.1414; 700.55
1.144; 700.948
1.1466; 701.365
1.1492; 701.804
1.1518; 702.252
1.1544; 702.709
1.157; 703.172
1.1596; 703.637
1.1622; 704.105
1.1648; 704.573
1.1674; 705.041
1.17; 705.505
1.1726; 705.963
1.1752; 706.412
1.1778; 706.943
1.1804; 707.556
1.183; 708.161
1.1856; 708.758
1.1882; 709.348
1.1908; 709.929
1.1934; 710.499
1.196; 711.059
1.1986; 711.606
1.2012; 712.14
1.2038; 712.659
1.2064; 713.161
1.209; 713.646
1.2116; 714.11
1.2142; 714.552
1.2168; 714.972
1.2194; 715.366
1.222; 715.734
1.2246; 716.073
1.2272; 716.383
1.2298; 716.663
1.2324; 716.91
1.235; 717.124
1.2376; 717.304
1.2402; 717.449
1.2428; 717.558
1.2454; 717.631
1.248; 717.668
