0.00026; 607.46
0.00052; 607.466
0.00078; 607.47
0.00104; 607.482
0.0013; 607.498
0.00156; 607.522
0.00182; 607.551
0.00208; 607.586
0.00234; 607.627
0.0026; 607.675
0.00286; 607.728
0.00312; 607.788
0.00338; 607.853
0.00364; 607.925
0.0039; 608.003
0.00416; 608.087
0.00442; 608.177
0.00468; 608.273
0.00494; 608.374
0.0052; 608.483
0.00546; 608.597
0.00572; 608.718
0.00598; 608.843
0.00624; 608.976
0.0065; 609.114
0.00676; 609.259
0.00702; 609.409
0.00728; 609.566
0.00754; 609.728
0.0078; 609.898
0.00806; 610.072
0.00832; 610.253
0.00858; 610.439
0.00884; 610.633
0.0091; 610.831
0.00936; 611.037
0.00962; 611.247
0.00988; 611.464
0.01014; 611.687
0.0104; 611.916
0.01066; 612.151
0.01092; 612.392
0.01118; 612.638
0.01144; 612.892
0.0117; 613.15
0.01196; 613.416
0.01222; 613.686
0.01248; 613.963
0.01274; 614.246
0.013; 614.535
0.01326; 614.829
0.01352; 615.13
0.01378; 615.437
0.01404; 615.75
0.0143; 616.068
0.01456; 616.393
0.01482; 616.723
0.01508; 617.059
0.01534; 617.401
0.0156; 617.75
0.01586; 618.103
0.01612; 618.464
0.01638; 618.829
0.01664; 619.201
0.0169; 619.579
0.01716; 619.963
0.01742; 620.351
0.01768; 620.747
0.01794; 621.148
0.0182; 621.555
0.01846; 621.967
0.01872; 622.386
0.01898; 622.81
0.01924; 623.241
0.0195; 623.676
0.01976; 624.119
0.02002; 624.566
0.02028; 625.02
0.02054; 625.478
0.0208; 625.944
0.02106; 626.414
0.02132; 626.891
0.02158; 627.372
0.02184; 627.861
0.0221; 628.354
0.02236; 628.854
0.02262; 629.358
0.02288; 629.869
0.02314; 630.385
0.0234; 630.908
0.02366; 631.435
0.02392; 631.969
0.02418; 632.508
0.02444; 633.053
0.0247; 633.603
0.02496; 634.16
0.02522; 634.721
0.02548; 635.289
0.02574; 635.862
0.026; 636.441
0.02626; 637.025
0.02652; 637.615
0.02678; 638.21
0.02704; 638.812
0.0273; 639.418
0.02756; 640.03
0.02782; 640.647
0.02808; 641.271
0.02834; 641.899
0.0286; 642.534
0.02886; 643.173
0.02912; 643.819
0.02938; 644.469
0.02964; 645.126
0.0299; 645.787
0.03016; 646.455
0.03042; 647.127
0.03068; 647.806
0.03094; 648.489
0.0312; 649.178
0.03146; 649.872
0.03172; 650.572
0.03198; 651.277
0.03224; 651.988
0.0325; 652.703
0.03276; 653.424
0.03302; 654.15
0.03328; 654.883
0.03354; 655.619
0.0338; 656.362
0.03406; 657.109
0.03432; 657.862
0.03458; 658.62
0.03484; 659.384
0.0351; 660.152
0.03536; 660.927
0.03562; 661.705
0.03588; 662.49
0.03614; 663.279
0.0364; 664.074
0.03666; 664.874
0.03692; 665.679
0.03718; 666.489
0.03744; 667.305
0.0377; 668.125
0.03796; 668.951
0.03822; 669.781
0.03848; 670.617
0.03874; 671.457
0.039; 672.304
0.03926; 673.154
0.03952; 674.01
0.03978; 674.871
0.04004; 675.737
0.0403; 676.608
0.04056; 677.484
0.04082; 678.364
0.04108; 679.251
0.04134; 680.141
0.0416; 681.037
0.04186; 681.937
0.04212; 682.843
0.04238; 683.753
0.04264; 684.669
0.0429; 685.589
0.04316; 686.514
0.04342; 687.444
0.04368; 688.379
0.04394; 689.318
0.0442; 690.262
0.04446; 691.211
0.04472; 692.165
0.04498; 693.124
0.04524; 694.087
0.0455; 695.055
0.04576; 696.028
0.04602; 697.005
0.04628; 697.988
0.04654; 698.974
0.0468; 699.966
0.04706; 700.961
0.04732; 701.962
0.04758; 702.967
0.04784; 703.978
0.0481; 704.992
0.04836; 706.011
0.04862; 707.034
0.04888; 708.063
0.04914; 709.095
0.0494; 710.132
0.04966; 711.173
0.04992; 712.22
0.05018; 713.27
0.05044; 714.325
0.0507; 715.384
0.05096; 716.448
0.05122; 717.516
0.05148; 718.589
0.05174; 719.665
0.052; 720.747
0.05226; 721.832
0.05252; 722.922
0.05278; 724.016
0.05304; 725.114
0.0533; 726.217
0.05356; 727.324
0.05382; 728.435
0.05408; 729.55
0.05434; 730.669
0.0546; 731.794
0.05486; 732.921
0.05512; 734.053
0.05538; 735.189
0.05564; 736.33
0.0559; 737.474
0.05616; 738.623
0.05642; 739.775
0.05668; 740.932
0.05694; 742.092
0.0572; 743.257
0.05746; 744.425
0.05772; 745.598
0.05798; 746.774
0.05824; 747.955
0.0585; 749.138
0.05876; 750.327
0.05902; 751.519
0.05928; 752.715
0.05954; 753.914
0.0598; 755.118
0.06006; 756.325
0.06032; 757.537
0.06058; 758.751
0.06084; 759.97
0.0611; 761.192
0.06136; 762.419
0.06162; 763.648
0.06188; 764.882
0.06214; 766.119
0.0624; 767.36
0.06266; 768.604
0.06292; 769.852
0.06318; 771.104
0.06344; 772.359
0.0637; 773.617
0.06396; 774.88
0.06422; 776.145
0.06448; 777.415
0.06474; 778.687
0.065; 779.963
0.06526; 781.243
0.06552; 782.526
0.06578; 783.812
0.06604; 785.102
0.0663; 786.395
0.06656; 787.691
0.06682; 788.991
0.06708; 790.294
0.06734; 791.6
0.0676; 792.91
0.06786; 794.222
0.06812; 795.539
0.06838; 796.858
0.06864; 798.18
0.0689; 799.506
0.06916; 800.834
0.06942; 802.166
0.06968; 803.501
0.06994; 804.839
0.0702; 806.18
0.07046; 807.524
0.07072; 808.871
0.07098; 810.221
0.07124; 811.574
0.0715; 812.93
0.07176; 814.289
0.07202; 815.65
0.07228; 817.015
0.07254; 818.382
0.0728; 819.753
0.07306; 821.126
0.07332; 822.502
0.07358; 823.88
0.07384; 825.262
0.0741; 826.646
0.07436; 828.033
0.07462; 829.423
0.07488; 830.815
0.07514; 832.21
0.0754; 833.608
0.07566; 835.008
0.07592; 836.411
0.07618; 837.817
0.07644; 839.225
0.0767; 840.635
0.07696; 842.049
0.07722; 843.464
0.07748; 844.882
0.07774; 846.302
0.078; 847.725
0.07826; 849.151
0.07852; 850.578
0.07878; 852.008
0.07904; 853.441
0.0793; 854.875
0.07956; 856.312
0.07982; 857.752
0.08008; 859.193
0.08034; 860.637
0.0806; 862.083
0.08086; 863.531
0.08112; 864.982
0.08138; 866.434
0.08164; 867.888
0.0819; 869.345
0.08216; 870.804
0.08242; 872.264
0.08268; 873.727
0.08294; 875.192
0.0832; 876.659
0.08346; 878.128
0.08372; 879.598
0.08398; 881.071
0.08424; 882.546
0.0845; 884.022
0.08476; 885.5
0.08502; 886.98
0.08528; 888.462
0.08554; 889.946
0.0858; 891.432
0.08606; 892.919
0.08632; 894.408
0.08658; 895.898
0.08684; 897.391
0.0871; 898.885
0.08736; 900.381
0.08762; 901.878
0.08788; 903.377
0.08814; 904.877
0.0884; 906.379
0.08866; 907.882
0.08892; 909.388
0.08918; 910.894
0.08944; 912.402
0.0897; 913.911
0.08996; 915.422
0.09022; 916.934
0.09048; 918.448
0.09074; 919.962
0.091; 921.478
0.09126; 922.996
0.09152; 924.514
0.09178; 926.034
0.09204; 927.555
0.0923; 929.078
0.09256; 930.601
0.09282; 932.126
0.09308; 933.652
0.09334; 935.178
0.0936; 936.706
0.09386; 938.235
0.09412; 939.765
0.09438; 941.296
0.09464; 942.828
0.0949; 944.361
0.09516; 945.895
0.09542; 947.43
0.09568; 948.966
0.09594; 950.503
0.0962; 952.04
0.09646; 953.578
0.09672; 955.117
0.09698; 956.657
0.09724; 958.198
0.0975; 959.739
0.09776; 961.281
0.09802; 962.824
0.09828; 964.367
0.09854; 965.911
0.0988; 967.456
0.09906; 969.001
0.09932; 970.547
0.09958; 972.094
0.09984; 973.641
0.1001; 975.188
0.10036; 976.736
0.10062; 978.284
0.10088; 979.833
0.10114; 981.382
0.1014; 982.932
0.10166; 984.482
0.10192; 986.032
0.10218; 987.583
0.10244; 989.134
0.1027; 990.685
0.10296; 992.237
0.10322; 993.789
0.10348; 995.341
0.10374; 996.894
0.104; 998.447
0.10426; 1000
0.10452; 1000
0.10478; 1000
0.10504; 1000
0.1053; 1000
0.10556; 1000
0.10582; 1000
0.10608; 1000
0.10634; 1000
0.1066; 1000
0.10686; 1000
0.10712; 1000
0.10738; 1000
0.10764; 1000
0.1079; 1000
0.10816; 1000
0.10842; 1000
0.10868; 1000
0.10894; 1000
0.1092; 1000
0.10946; 1000
0.10972; 1000
0.10998; 1000
0.11024; 1000
0.1105; 1000
0.11076; 1000
0.11102; 1000
0.11128; 1000
0.11154; 1000
0.1118; 1000
0.11206; 1000
0.11232; 1000
0.11258; 1000
0.11284; 1000
0.1131; 1000
0.11336; 1000
0.11362; 1000
0.11388; 1000
0.11414; 1000
0.1144; 1000
0.11466; 1000
0.11492; 1000
0.11518; 1000
0.11544; 1000
0.1157; 1000
0.11596; 1000
0.11622; 1000
0.11648; 1000
0.11674; 1000
0.117; 1000
0.11726; 1000
0.11752; 1000
0.11778; 1000
0.11804; 1000
0.1183; 1000
0.11856; 1000
0.11882; 1000
0.11908; 1000
0.11934; 1000
0.1196; 1000
0.11986; 1000
0.12012; 1000
0.12038; 1000
0.12064; 1000
0.1209; 1000
0.12116; 1000
0.12142; 1000
0.12168; 1000
0.12194; 1000
0.1222; 1000
0.12246; 1000
0.12272; 1000
0.12298; 1000
0.12324; 1000
0.1235; 1000
0.12376; 1000
0.12402; 1000
0.12428; 1000
0.12454; 1000
0.1248; 1000
