0.00026; 514.227
0.00052; 514.232
0.00078; 514.239
0.00104; 514.252
0.0013; 514.273
0.00156; 514.301
0.00182; 514.337
0.00208; 514.379
0.00234; 514.43
0.0026; 514.487
0.00286; 514.552
0.00312; 514.624
0.00338; 514.704
0.00364; 514.791
0.0039; 514.886
0.00416; 514.988
0.00442; 515.097
0.00468; 515.214
0.00494; 515.338
0.0052; 515.47
0.00546; 515.609
0.00572; 515.755
0.00598; 515.909
0.00624; 516.069
0.0065; 516.238
0.00676; 516.413
0.00702; 516.597
0.00728; 516.787
0.00754; 516.985
0.0078; 517.19
0.00806; 517.403
0.00832; 517.623
0.00858; 517.85
0.00884; 518.085
0.0091; 518.327
0.00936; 518.576
0.00962; 518.833
0.00988; 519.096
0.01014; 519.368
0.0104; 519.647
0.01066; 519.933
0.01092; 520.226
0.01118; 520.527
0.01144; 520.835
0.0117; 521.15
0.01196; 521.472
0.01222; 521.802
0.01248; 522.139
0.01274; 522.484
0.013; 522.835
0.01326; 523.194
0.01352; 523.56
0.01378; 523.934
0.01404; 524.315
0.0143; 524.703
0.01456; 525.098
0.01482; 525.5
0.01508; 525.91
0.01534; 526.327
0.0156; 526.751
0.01586; 527.182
0.01612; 527.62
0.01638; 528.066
0.01664; 528.519
0.0169; 528.979
0.01716; 529.446
0.01742; 529.92
0.01768; 530.401
0.01794; 530.89
0.0182; 531.385
0.01846; 531.888
0.01872; 532.398
0.01898; 532.915
0.01924; 533.44
0.0195; 533.971
0.01976; 534.51
0.02002; 535.055
0.02028; 535.608
0.02054; 536.168
0.0208; 536.734
0.02106; 537.308
0.02132; 537.889
0.02158; 538.477
0.02184; 539.072
0.0221; 539.674
0.02236; 540.283
0.02262; 540.9
0.02288; 541.523
0.02314; 542.153
0.0234; 542.79
0.02366; 543.435
0.02392; 544.086
0.02418; 544.744
0.02444; 545.409
0.0247; 546.081
0.02496; 546.76
0.02522; 547.446
0.02548; 548.138
0.02574; 548.838
0.026; 549.544
0.02626; 550.258
0.02652; 550.978
0.02678; 551.705
0.02704; 552.439
0.0273; 553.18
0.02756; 553.928
0.02782; 554.683
0.02808; 555.444
0.02834; 556.212
0.0286; 556.987
0.02886; 557.769
0.02912; 558.557
0.02938; 559.353
0.02964; 560.155
0.0299; 560.964
0.03016; 561.779
0.03042; 562.601
0.03068; 563.43
0.03094; 564.266
0.0312; 565.108
0.03146; 565.957
0.03172; 566.813
0.03198; 567.676
0.03224; 568.545
0.0325; 569.42
0.03276; 570.303
0.03302; 571.192
0.03328; 572.087
0.03354; 572.989
0.0338; 573.898
0.03406; 574.813
0.03432; 575.735
0.03458; 576.663
0.03484; 577.598
0.0351; 578.539
0.03536; 579.487
0.03562; 580.442
0.03588; 581.402
0.03614; 582.37
0.0364; 583.343
0.03666; 584.324
0.03692; 585.31
0.03718; 586.303
0.03744; 587.303
0.0377; 588.309
0.03796; 589.321
0.03822; 590.339
0.03848; 591.364
0.03874; 592.395
0.039; 593.433
0.03926; 594.476
0.03952; 595.526
0.03978; 596.583
0.04004; 597.645
0.0403; 598.714
0.04056; 599.789
0.04082; 600.87
0.04108; 601.957
0.04134; 603.051
0.0416; 604.15
0.04186; 605.256
0.04212; 606.368
0.04238; 607.486
0.04264; 608.611
0.0429; 609.741
0.04316; 610.877
0.04342; 612.02
0.04368; 613.168
0.04394; 614.322
0.0442; 615.483
0.04446; 616.649
0.04472; 617.822
0.04498; 619
0.04524; 620.184
0.0455; 621.375
0.04576; 622.571
0.04602; 623.773
0.04628; 624.981
0.04654; 626.195
0.0468; 627.414
0.04706; 628.64
0.04732; 629.871
0.04758; 631.108
0.04784; 632.351
0.0481; 633.599
0.04836; 634.854
0.04862; 636.114
0.04888; 637.379
0.04914; 638.651
0.0494; 639.928
0.04966; 641.21
0.04992; 642.499
0.05018; 643.792
0.05044; 645.092
0.0507; 646.397
0.05096; 647.708
0.05122; 649.024
0.05148; 650.345
0.05174; 651.673
0.052; 653.005
0.05226; 654.343
0.05252; 655.687
0.05278; 657.036
0.05304; 658.39
0.0533; 659.75
0.05356; 661.115
0.05382; 662.486
0.05408; 663.862
0.05434; 665.243
0.0546; 666.629
0.05486; 668.021
0.05512; 669.418
0.05538; 670.82
0.05564; 672.228
0.0559; 673.641
0.05616; 675.058
0.05642; 676.481
0.05668; 677.909
0.05694; 679.343
0.0572; 680.781
0.05746; 682.224
0.05772; 683.672
0.05798; 685.126
0.05824; 686.584
0.0585; 688.047
0.05876; 689.515
0.05902; 690.989
0.05928; 692.467
0.05954; 693.95
0.0598; 695.438
0.06006; 696.93
0.06032; 698.428
0.06058; 699.93
0.06084; 701.437
0.0611; 702.949
0.06136; 704.465
0.06162; 705.987
0.06188; 707.513
0.06214; 709.043
0.0624; 710.578
0.06266; 712.118
0.06292; 713.663
0.06318; 715.212
0.06344; 716.765
0.0637; 718.324
0.06396; 719.886
0.06422; 721.453
0.06448; 723.025
0.06474; 724.601
0.065; 726.181
0.06526; 727.766
0.06552; 729.355
0.06578; 730.949
0.06604; 732.547
0.0663; 734.149
0.06656; 735.755
0.06682; 737.366
0.06708; 738.981
0.06734; 740.6
0.0676; 742.223
0.06786; 743.85
0.06812; 745.482
0.06838; 747.117
0.06864; 748.757
0.0689; 750.401
0.06916; 752.048
0.06942; 753.7
0.06968; 755.355
0.06994; 757.015
0.0702; 758.679
0.07046; 760.346
0.07072; 762.017
0.07098; 763.693
0.07124; 765.371
0.0715; 767.054
0.07176; 768.741
0.07202; 770.431
0.07228; 772.125
0.07254; 773.823
0.0728; 775.524
0.07306; 777.229
0.07332; 778.938
0.07358; 780.65
0.07384; 782.366
0.0741; 784.085
0.07436; 785.808
0.07462; 787.534
0.07488; 789.264
0.07514; 790.997
0.0754; 792.733
0.07566; 794.473
0.07592; 796.217
0.07618; 797.963
0.07644; 799.713
0.0767; 801.466
0.07696; 803.223
0.07722; 804.982
0.07748; 806.745
0.07774; 808.511
0.078; 810.28
0.07826; 812.052
0.07852; 813.828
0.07878; 815.606
0.07904; 817.387
0.0793; 819.171
0.07956; 820.959
0.07982; 822.749
0.08008; 824.542
0.08034; 826.338
0.0806; 828.137
0.08086; 829.939
0.08112; 831.743
0.08138; 833.55
0.08164; 835.36
0.0819; 837.173
0.08216; 838.988
0.08242; 840.806
0.08268; 842.627
0.08294; 844.45
0.0832; 846.276
0.08346; 848.105
0.08372; 849.935
0.08398; 851.769
0.08424; 853.605
0.0845; 855.443
0.08476; 857.284
0.08502; 859.127
0.08528; 860.972
0.08554; 862.82
0.0858; 864.669
0.08606; 866.522
0.08632; 868.376
0.08658; 870.233
0.08684; 872.092
0.0871; 873.953
0.08736; 875.816
0.08762; 877.681
0.08788; 879.548
0.08814; 881.417
0.0884; 883.288
0.08866; 885.161
0.08892; 887.036
0.08918; 888.913
0.08944; 890.792
0.0897; 892.673
0.08996; 894.555
0.09022; 896.44
0.09048; 898.326
0.09074; 900.214
0.091; 902.103
0.09126; 903.994
0.09152; 905.887
0.09178; 907.781
0.09204; 909.677
0.0923; 911.575
0.09256; 913.474
0.09282; 915.374
0.09308; 917.276
0.09334; 919.179
0.0936; 921.084
0.09386; 922.99
0.09412; 924.898
0.09438; 926.806
0.09464; 928.716
0.0949; 930.628
0.09516; 932.54
0.09542; 934.454
0.09568; 936.368
0.09594; 938.284
0.0962; 940.201
0.09646; 942.119
0.09672; 944.038
0.09698; 945.958
0.09724; 947.879
0.0975; 949.801
0.09776; 951.724
0.09802; 953.648
0.09828; 955.572
0.09854; 957.497
0.0988; 959.424
0.09906; 961.35
0.09932; 963.278
0.09958; 965.206
0.09984; 967.135
0.1001; 969.065
0.10036; 970.995
0.10062; 972.925
0.10088; 974.857
0.10114; 976.788
0.1014; 978.721
0.10166; 980.653
0.10192; 982.586
0.10218; 984.52
0.10244; 986.453
0.1027; 988.388
0.10296; 990.322
0.10322; 992.257
0.10348; 994.192
0.10374; 996.128
0.104; 998.064
0.10426; 1000
0.10452; 1000
0.10478; 1000
0.10504; 1000
0.1053; 1000
0.10556; 1000
0.10582; 1000
0.10608; 1000
0.10634; 1000
0.1066; 1000
0.10686; 1000
0.10712; 1000
0.10738; 1000
0.10764; 1000
0.1079; 1000
0.10816; 1000
0.10842; 1000
0.10868; 1000
0.10894; 1000
0.1092; 1000
0.10946; 1000
0.10972; 1000
0.10998; 1000
0.11024; 1000
0.1105; 1000
0.11076; 1000
0.11102; 1000
0.11128; 1000
0.11154; 1000
0.1118; 1000
0.11206; 1000
0.11232; 1000
0.11258; 1000
0.11284; 1000
0.1131; 1000
0.11336; 1000
0.11362; 1000
0.11388; 1000
0.11414; 1000
0.1144; 1000
0.11466; 1000
0.11492; 1000
0.11518; 1000
0.11544; 1000
0.1157; 1000
0.11596; 1000
0.11622; 1000
0.11648; 1000
0.11674; 1000
0.117; 1000
0.11726; 1000
0.11752; 1000
0.11778; 1000
0.11804; 1000
0.1183; 1000
0.11856; 1000
0.11882; 1000
0.11908; 1000
0.11934; 1000
0.1196; 1000
0.11986; 1000
0.12012; 1000
0.12038; 1000
0.12064; 1000
0.1209; 1000
0.12116; 1000
0.12142; 1000
0.12168; 1000
0.12194; 1000
0.1222; 1000
0.12246; 1000
0.12272; 1000
0.12298; 1000
0.12324; 1000
0.1235; 1000
0.12376; 1000
0.12402; 1000
0.12428; 1000
0.12454; 1000
0.1248; 1000
