0.00026; 0
0.00052; 0
0.00078; 0
0.00104; 0
0.0013; 0
0.00156; 0
0.00182; 0
0.00208; 0
0.00234; 0
0.0026; 0
0.00286; 0
0.00312; 0
0.00338; 0
0.00364; 0
0.0039; 0
0.00416; 0
0.00442; 0
0.00468; 0
0.00494; 0
0.0052; 0
0.00546; 0
0.00572; 0
0.00598; 0
0.00624; 0
0.0065; 0
0.00676; 0
0.00702; 0
0.00728; 0
0.00754; 0
0.0078; 0
0.00806; 0
0.00832; 0
0.00858; 0
0.00884; 0
0.0091; 0
0.00936; 0
0.00962; 0
0.00988; 0
0.01014; 0
0.0104; 0
0.01066; 0
0.01092; 0
0.01118; 0
0.01144; 0
0.0117; 0
0.01196; 0
0.01222; 0
0.01248; 0
0.01274; 0
0.013; 0
0.01326; 0
0.01352; 0
0.01378; 0
0.01404; 0
0.0143; 0
0.01456; 0
0.01482; 0
0.01508; 0
0.01534; 0
0.0156; 0
0.01586; 0
0.01612; 0
0.01638; 0
0.01664; 0
0.0169; 0
0.01716; 0
0.01742; 0
0.01768; 0
0.01794; 0
0.0182; 0
0.01846; 0
0.01872; 0
0.01898; 0
0.01924; 0
0.0195; 0
0.01976; 0
0.02002; 0
0.02028; 0
0.02054; 0
0.0208; 0
0.02106; 0
0.02132; 0
0.02158; 0
0.02184; 0
0.0221; 0
0.02236; 0
0.02262; 0
0.02288; 0
0.02314; 0
0.0234; 0
0.02366; 0
0.02392; 0
0.02418; 0
0.02444; 0
0.0247; 0
0.02496; 0
0.02522; 0
0.02548; 0
0.02574; 0
0.026; 0
0.02626; 0
0.02652; 0
0.02678; 0
0.02704; 0
0.0273; 0
0.02756; 0
0.02782; 0
0.02808; 0
0.02834; 0
0.0286; 0
0.02886; 0
0.02912; 0
0.02938; 0
0.02964; 0
0.0299; 0
0.03016; 0
0.03042; 0
0.03068; 0
0.03094; 0
0.0312; 0
0.03146; 0
0.03172; 0
0.03198; 0
0.03224; 0
0.0325; 0
0.03276; 881.916
0.03302; 881.913
0.03328; 881.893
0.03354; 881.87
0.0338; 881.831
0.03406; 881.787
0.03432; 881.728
0.03458; 881.665
0.03484; 881.586
0.0351; 881.504
0.03536; 881.405
0.03562; 881.303
0.03588; 881.184
0.03614; 881.062
0.0364; 880.924
0.03666; 880.782
0.03692; 880.623
0.03718; 880.461
0.03744; 880.282
0.0377; 880.099
0.03796; 879.901
0.03822; 879.698
0.03848; 879.478
0.03874; 879.254
0.039; 879.014
0.03926; 878.769
0.03952; 878.508
0.03978; 878.243
0.04004; 877.961
0.0403; 877.674
0.04056; 877.371
0.04082; 877.063
0.04108; 876.738
0.04134; 876.408
0.0416; 876.062
0.04186; 875.71
0.04212; 875.342
0.04238; 874.969
0.04264; 874.578
0.0429; 874.183
0.04316; 873.77
0.04342; 873.352
0.04368; 872.916
0.04394; 872.475
0.0442; 872.017
0.04446; 871.553
0.04472; 871.072
0.04498; 870.585
0.04524; 870.08
0.0455; 869.569
0.04576; 869.041
0.04602; 868.506
0.04628; 867.953
0.04654; 867.394
0.0468; 866.817
0.04706; 866.234
0.04732; 865.632
0.04758; 865.023
0.04784; 864.396
0.0481; 863.762
0.04836; 863.11
0.04862; 862.45
0.04888; 861.771
0.04914; 861.085
0.0494; 860.38
0.04966; 859.667
0.04992; 858.935
0.05018; 858.195
0.05044; 857.436
0.0507; 856.668
0.05096; 855.881
0.05122; 855.085
0.05148; 854.269
0.05174; 853.444
0.052; 852.6
0.05226; 851.745
0.05252; 850.871
0.05278; 849.986
0.05304; 849.082
0.0533; 848.166
0.05356; 847.23
0.05382; 846.284
0.05408; 845.316
0.05434; 844.337
0.0546; 843.337
0.05486; 842.324
0.05512; 841.291
0.05538; 840.245
0.05564; 839.177
0.0559; 838.096
0.05616; 836.992
0.05642; 835.875
0.05668; 834.736
0.05694; 833.582
0.0572; 832.406
0.05746; 831.214
0.05772; 829.998
0.05798; 828.767
0.05824; 827.512
0.0585; 826.241
0.05876; 824.945
0.05902; 823.632
0.05928; 822.295
0.05954; 820.939
0.0598; 819.558
0.06006; 818.158
0.06032; 816.733
0.06058; 815.287
0.06084; 813.816
0.0611; 812.324
0.06136; 810.805
0.06162; 809.265
0.06188; 807.697
0.06214; 806.107
0.0624; 804.49
0.06266; 802.85
0.06292; 801.181
0.06318; 799.489
0.06344; 797.769
0.0637; 796.025
0.06396; 794.251
0.06422; 792.453
0.06448; 790.626
0.06474; 788.775
0.065; 786.894
0.06526; 784.989
0.06552; 783.054
0.06578; 781.095
0.06604; 779.108
0.0663; 777.097
0.06656; 775.059
0.06682; 772.997
0.06708; 770.909
0.06734; 768.8
0.0676; 766.666
0.06786; 764.512
0.06812; 762.336
0.06838; 760.142
0.06864; 757.929
0.0689; 755.7
0.06916; 753.456
0.06942; 751.199
0.06968; 748.93
0.06994; 746.652
0.0702; 744.366
0.07046; 742.074
0.07072; 739.779
0.07098; 737.481
0.07124; 735.184
0.0715; 732.888
0.07176; 730.596
0.07202; 728.309
0.07228; 726.031
0.07254; 723.759
0.0728; 721.499
0.07306; 719.249
0.07332; 717.014
0.07358; 714.79
0.07384; 712.583
0.0741; 710.39
0.07436; 708.215
0.07462; 706.056
0.07488; 703.916
0.07514; 701.793
0.0754; 699.691
0.07566; 697.605
0.07592; 695.542
0.07618; 693.495
0.07644; 691.471
0.0767; 689.465
0.07696; 687.481
0.07722; 685.515
0.07748; 683.572
0.07774; 681.646
0.078; 679.744
0.07826; 677.859
0.07852; 675.998
0.07878; 674.152
0.07904; 672.331
0.0793; 670.526
0.07956; 668.744
0.07982; 666.978
0.08008; 665.237
0.08034; 663.51
0.0806; 661.807
0.08086; 660.12
0.08112; 658.455
0.08138; 656.805
0.08164; 655.178
0.0819; 653.566
0.08216; 651.977
0.08242; 650.402
0.08268; 648.85
0.08294; 647.312
0.0832; 645.797
0.08346; 644.295
0.08372; 642.816
0.08398; 641.35
0.08424; 639.907
0.0845; 638.477
0.08476; 637.07
0.08502; 635.675
0.08528; 634.303
0.08554; 632.944
0.0858; 631.607
0.08606; 630.282
0.08632; 628.98
0.08658; 627.69
0.08684; 626.423
0.0871; 625.167
0.08736; 623.934
0.08762; 622.713
0.08788; 621.515
0.08814; 620.327
0.0884; 619.163
0.08866; 618.009
0.08892; 616.879
0.08918; 615.76
0.08944; 614.663
0.0897; 613.577
0.08996; 612.515
0.09022; 611.463
0.09048; 610.435
0.09074; 609.417
0.091; 608.422
0.09126; 607.437
0.09152; 606.476
0.09178; 605.525
0.09204; 604.598
0.0923; 603.68
0.09256; 602.786
0.09282; 601.902
0.09308; 601.042
0.09334; 600.192
0.0936; 599.366
0.09386; 598.549
0.09412; 597.757
0.09438; 596.973
0.09464; 596.214
0.0949; 595.465
0.09516; 594.739
0.09542; 594.023
0.09568; 593.331
0.09594; 592.649
0.0962; 591.99
0.09646; 591.342
0.09672; 590.717
0.09698; 590.102
0.09724; 589.511
0.0975; 588.929
0.09776; 588.372
0.09802; 587.823
0.09828; 587.3
0.09854; 586.785
0.0988; 586.295
0.09906; 585.814
0.09932; 585.357
0.09958; 584.909
0.09984; 584.486
0.1001; 584.071
0.10036; 583.681
0.10062; 583.3
0.10088; 582.943
0.10114; 582.595
0.1014; 582.272
0.10166; 581.957
0.10192; 581.667
0.10218; 581.385
0.10244; 581.127
0.1027; 580.878
0.10296; 580.653
0.10322; 580.436
0.10348; 580.244
0.10374; 580.061
0.104; 579.901
0.10426; 579.75
0.10452; 579.622
0.10478; 579.503
0.10504; 579.408
0.1053; 579.319
0.10556; 579.255
0.10582; 579.195
0.10608; 579.158
0.10634; 579.124
0.1066; 0
0.10686; 0
0.10712; 0
0.10738; 0
0.10764; 0
0.1079; 0
0.10816; 0
0.10842; 0
0.10868; 0
0.10894; 0
0.1092; 0
0.10946; 0
0.10972; 0
0.10998; 0
0.11024; 0
0.1105; 0
0.11076; 0
0.11102; 0
0.11128; 0
0.11154; 0
0.1118; 0
0.11206; 0
0.11232; 0
0.11258; 0
0.11284; 0
0.1131; 0
0.11336; 0
0.11362; 0
0.11388; 0
0.11414; 0
0.1144; 0
0.11466; 0
0.11492; 0
0.11518; 0
0.11544; 0
0.1157; 0
0.11596; 0
0.11622; 0
0.11648; 0
0.11674; 0
0.117; 0
0.11726; 0
0.11752; 0
0.11778; 0
0.11804; 0
0.1183; 0
0.11856; 0
0.11882; 0
0.11908; 0
0.11934; 0
0.1196; 0
0.11986; 0
0.12012; 0
0.12038; 0
0.12064; 0
0.1209; 0
0.12116; 0
0.12142; 0
0.12168; 0
0.12194; 0
0.1222; 0
0.12246; 0
0.12272; 0
0.12298; 0
0.12324; 0
0.1235; 0
0.12376; 0
0.12402; 0
0.12428; 0
0.12454; 0
0.1248; 0
