0.00026; 305.765
0.00052; 305.767
0.00078; 305.77
0.00104; 305.775
0.0013; 305.783
0.00156; 305.794
0.00182; 305.807
0.00208; 305.823
0.00234; 305.842
0.0026; 305.863
0.00286; 305.887
0.00312; 305.914
0.00338; 305.943
0.00364; 305.975
0.0039; 306.01
0.00416; 306.048
0.00442; 306.088
0.00468; 306.131
0.00494; 306.177
0.0052; 306.225
0.00546; 306.276
0.00572; 306.33
0.00598; 306.387
0.00624; 306.447
0.0065; 306.51
0.00676; 306.575
0.00702; 306.643
0.00728; 306.715
0.00754; 306.789
0.0078; 306.866
0.00806; 306.946
0.00832; 307.029
0.00858; 307.115
0.00884; 307.203
0.0091; 307.295
0.00936; 307.39
0.00962; 307.489
0.00988; 307.59
0.01014; 307.694
0.0104; 307.802
0.01066; 307.913
0.01092; 308.027
0.01118; 308.144
0.01144; 308.264
0.0117; 308.388
0.01196; 308.515
0.01222; 308.646
0.01248; 308.78
0.01274; 308.917
0.013; 309.058
0.01326; 309.202
0.01352; 309.35
0.01378; 309.501
0.01404; 309.656
0.0143; 309.815
0.01456; 309.977
0.01482; 310.143
0.01508; 310.313
0.01534; 310.487
0.0156; 310.665
0.01586; 310.846
0.01612; 311.031
0.01638; 311.221
0.01664; 311.414
0.0169; 311.611
0.01716; 311.813
0.01742; 312.019
0.01768; 312.228
0.01794; 312.443
0.0182; 312.661
0.01846; 312.884
0.01872; 313.111
0.01898; 313.342
0.01924; 313.579
0.0195; 313.819
0.01976; 314.064
0.02002; 314.314
0.02028; 314.569
0.02054; 314.828
0.0208; 315.093
0.02106; 315.362
0.02132; 315.636
0.02158; 315.915
0.02184; 316.199
0.0221; 316.488
0.02236; 316.782
0.02262; 317.082
0.02288; 317.386
0.02314; 317.697
0.0234; 318.012
0.02366; 318.333
0.02392; 318.66
0.02418; 318.992
0.02444; 319.33
0.0247; 319.673
0.02496; 320.022
0.02522; 320.378
0.02548; 320.739
0.02574; 321.106
0.026; 321.479
0.02626; 321.858
0.02652; 322.244
0.02678; 322.636
0.02704; 323.034
0.0273; 323.438
0.02756; 323.849
0.02782; 324.267
0.02808; 324.691
0.02834; 325.122
0.0286; 325.559
0.02886; 326.004
0.02912; 326.455
0.02938; 326.914
0.02964; 327.379
0.0299; 327.852
0.03016; 328.332
0.03042; 328.819
0.03068; 329.314
0.03094; 329.816
0.0312; 330.325
0.03146; 330.843
0.03172; 331.368
0.03198; 331.9
0.03224; 332.441
0.0325; 332.99
0.03276; 333.546
0.03302; 334.111
0.03328; 334.684
0.03354; 335.265
0.0338; 335.855
0.03406; 336.453
0.03432; 337.06
0.03458; 337.675
0.03484; 338.299
0.0351; 338.932
0.03536; 339.574
0.03562; 340.224
0.03588; 340.884
0.03614; 341.553
0.0364; 342.231
0.03666; 342.919
0.03692; 343.615
0.03718; 344.322
0.03744; 345.038
0.0377; 345.763
0.03796; 346.499
0.03822; 347.244
0.03848; 347.999
0.03874; 348.765
0.039; 349.54
0.03926; 350.326
0.03952; 351.122
0.03978; 351.928
0.04004; 352.745
0.0403; 353.573
0.04056; 354.411
0.04082; 355.26
0.04108; 356.12
0.04134; 356.991
0.0416; 357.873
0.04186; 358.766
0.04212; 359.67
0.04238; 360.586
0.04264; 361.513
0.0429; 362.451
0.04316; 363.401
0.04342; 364.363
0.04368; 365.337
0.04394; 366.322
0.0442; 367.32
0.04446; 368.33
0.04472; 369.351
0.04498; 370.385
0.04524; 371.432
0.0455; 372.491
0.04576; 373.562
0.04602; 374.646
0.04628; 375.743
0.04654; 376.852
0.0468; 377.975
0.04706; 379.11
0.04732; 380.258
0.04758; 381.42
0.04784; 382.595
0.0481; 383.783
0.04836; 384.985
0.04862; 386.2
0.04888; 387.429
0.04914; 388.671
0.0494; 389.928
0.04966; 391.198
0.04992; 392.482
0.05018; 393.78
0.05044; 395.092
0.0507; 396.419
0.05096; 397.759
0.05122; 399.115
0.05148; 400.484
0.05174; 401.868
0.052; 403.267
0.05226; 404.681
0.05252; 406.109
0.05278; 407.552
0.05304; 409.01
0.0533; 410.483
0.05356; 411.972
0.05382; 413.475
0.05408; 414.994
0.05434; 416.528
0.0546; 418.077
0.05486; 419.642
0.05512; 421.222
0.05538; 422.818
0.05564; 424.43
0.0559; 426.058
0.05616; 427.701
0.05642; 429.36
0.05668; 431.035
0.05694; 432.727
0.0572; 434.434
0.05746; 436.157
0.05772; 437.897
0.05798; 439.653
0.05824; 441.426
0.0585; 443.214
0.05876; 445.02
0.05902; 446.841
0.05928; 448.68
0.05954; 450.535
0.0598; 452.406
0.06006; 454.295
0.06032; 456.2
0.06058; 458.122
0.06084; 460.061
0.0611; 462.017
0.06136; 463.99
0.06162; 465.979
0.06188; 467.986
0.06214; 470.01
0.0624; 472.052
0.06266; 474.11
0.06292; 476.185
0.06318; 478.278
0.06344; 480.388
0.0637; 482.516
0.06396; 484.661
0.06422; 486.823
0.06448; 489.003
0.06474; 491.2
0.065; 493.414
0.06526; 495.646
0.06552; 497.896
0.06578; 500.163
0.06604; 502.448
0.0663; 504.75
0.06656; 507.069
0.06682; 509.407
0.06708; 511.762
0.06734; 514.134
0.0676; 516.525
0.06786; 518.932
0.06812; 521.358
0.06838; 523.801
0.06864; 526.262
0.0689; 528.74
0.06916; 531.236
0.06942; 533.75
0.06968; 536.281
0.06994; 538.83
0.0702; 541.396
0.07046; 543.98
0.07072; 546.582
0.07098; 549.201
0.07124; 551.838
0.0715; 554.492
0.07176; 557.163
0.07202; 559.853
0.07228; 562.559
0.07254; 565.283
0.0728; 568.025
0.07306; 570.783
0.07332; 573.559
0.07358; 576.353
0.07384; 579.163
0.0741; 581.991
0.07436; 584.836
0.07462; 587.698
0.07488; 590.577
0.07514; 593.473
0.0754; 596.386
0.07566; 599.316
0.07592; 602.263
0.07618; 605.227
0.07644; 608.207
0.0767; 611.204
0.07696; 614.218
0.07722; 617.248
0.07748; 620.295
0.07774; 623.358
0.078; 626.438
0.07826; 629.533
0.07852; 632.645
0.07878; 635.773
0.07904; 638.917
0.0793; 642.077
0.07956; 645.253
0.07982; 648.445
0.08008; 651.652
0.08034; 654.875
0.0806; 658.114
0.08086; 661.368
0.08112; 664.637
0.08138; 667.921
0.08164; 671.221
0.0819; 674.536
0.08216; 677.865
0.08242; 681.209
0.08268; 684.568
0.08294; 687.942
0.0832; 691.33
0.08346; 694.732
0.08372; 698.149
0.08398; 701.58
0.08424; 705.024
0.0845; 708.483
0.08476; 711.955
0.08502; 715.441
0.08528; 718.941
0.08554; 722.453
0.0858; 725.979
0.08606; 729.519
0.08632; 733.071
0.08658; 736.636
0.08684; 740.213
0.0871; 743.803
0.08736; 747.406
0.08762; 751.02
0.08788; 754.647
0.08814; 758.286
0.0884; 761.937
0.08866; 765.599
0.08892; 769.273
0.08918; 772.958
0.08944; 776.654
0.0897; 780.361
0.08996; 784.079
0.09022; 787.808
0.09048; 791.547
0.09074; 795.297
0.091; 799.057
0.09126; 802.827
0.09152; 806.606
0.09178; 810.396
0.09204; 814.195
0.0923; 818.003
0.09256; 821.82
0.09282; 825.647
0.09308; 829.482
0.09334; 833.326
0.0936; 837.178
0.09386; 841.039
0.09412; 844.907
0.09438; 848.784
0.09464; 852.668
0.0949; 856.559
0.09516; 860.458
0.09542; 864.365
0.09568; 868.278
0.09594; 872.197
0.0962; 876.124
0.09646; 880.057
0.09672; 883.996
0.09698; 887.94
0.09724; 891.891
0.0975; 895.847
0.09776; 899.809
0.09802; 903.776
0.09828; 907.747
0.09854; 911.724
0.0988; 915.705
0.09906; 919.691
0.09932; 923.68
0.09958; 927.674
0.09984; 931.671
0.1001; 935.672
0.10036; 939.676
0.10062; 943.684
0.10088; 947.694
0.10114; 951.707
0.1014; 955.723
0.10166; 959.74
0.10192; 963.76
0.10218; 967.782
0.10244; 971.806
0.1027; 975.831
0.10296; 979.857
0.10322; 983.884
0.10348; 987.913
0.10374; 991.941
0.104; 995.971
0.10426; 1000
0.10452; 1000
0.10478; 1000
0.10504; 1000
0.1053; 1000
0.10556; 1000
0.10582; 1000
0.10608; 1000
0.10634; 1000
0.1066; 1000
0.10686; 1000
0.10712; 1000
0.10738; 1000
0.10764; 1000
0.1079; 1000
0.10816; 1000
0.10842; 1000
0.10868; 1000
0.10894; 1000
0.1092; 1000
0.10946; 1000
0.10972; 1000
0.10998; 1000
0.11024; 1000
0.1105; 1000
0.11076; 1000
0.11102; 1000
0.11128; 1000
0.11154; 1000
0.1118; 1000
0.11206; 1000
0.11232; 1000
0.11258; 1000
0.11284; 1000
0.1131; 1000
0.11336; 1000
0.11362; 1000
0.11388; 1000
0.11414; 1000
0.1144; 1000
0.11466; 1000
0.11492; 1000
0.11518; 1000
0.11544; 1000
0.1157; 1000
0.11596; 1000
0.11622; 1000
0.11648; 1000
0.11674; 1000
0.117; 1000
0.11726; 1000
0.11752; 1000
0.11778; 1000
0.11804; 1000
0.1183; 1000
0.11856; 1000
0.11882; 1000
0.11908; 1000
0.11934; 1000
0.1196; 1000
0.11986; 1000
0.12012; 1000
0.12038; 1000
0.12064; 1000
0.1209; 1000
0.12116; 1000
0.12142; 1000
0.12168; 1000
0.12194; 1000
0.1222; 1000
0.12246; 1000
0.12272; 1000
0.12298; 1000
0.12324; 1000
0.1235; 1000
0.12376; 1000
0.12402; 1000
0.12428; 1000
0.12454; 1000
0.1248; 1000
