0.0026; 400
0.0052; 400
0.0078; 400
0.0104; 400
0.013; 400
0.0156; 400
0.0182; 400
0.0208; 400
0.0234; 400
0.026; 400
0.0286; 400
0.0312; 400
0.0338; 400
0.0364; 400
0.039; 400
0.0416; 400
0.0442; 400
0.0468; 400
0.0494; 400
0.052; 400
0.0546; 400
0.0572; 400
0.0598; 400
0.0624; 400
0.065; 400
0.0676; 400
0.0702; 400
0.0728; 400
0.0754; 400
0.078; 400
0.0806; 400
0.0832; 400
0.0858; 400
0.0884; 400
0.091; 400
0.0936; 400
0.0962; 400
0.0988; 400
0.1014; 400
0.104; 400
0.1066; 400
0.1092; 400
0.1118; 400
0.1144; 400
0.117; 400
0.1196; 400
0.1222; 400
0.1248; 400
0.1274; 400
0.13; 400
0.1326; 400
0.1352; 400
0.1378; 400
0.1404; 400
0.143; 400
0.1456; 400
0.1482; 400
0.1508; 400
0.1534; 400
0.156; 400
0.1586; 400
0.1612; 400
0.1638; 400
0.1664; 400
0.169; 400
0.1716; 400
0.1742; 400
0.1768; 400
0.1794; 400
0.182; 400
0.1846; 400
0.1872; 400
0.1898; 400
0.1924; 400
0.195; 400
0.1976; 400
0.2002; 400
0.2028; 400
0.2054; 400
0.208; 400
0.2106; 400
0.2132; 400
0.2158; 400
0.2184; 400
0.221; 400
0.2236; 400
0.2262; 400
0.2288; 400
0.2314; 400
0.234; 400
0.2366; 400
0.2392; 400
0.2418; 400
0.2444; 400
0.247; 400
0.2496; 400
0.2522; 400
0.2548; 400
0.2574; 400
0.26; 400
0.2626; 400
0.2652; 400
0.2678; 400
0.2704; 400
0.273; 400
0.2756; 400
0.2782; 400
0.2808; 400
0.2834; 400
0.286; 400
0.2886; 400
0.2912; 400
0.2938; 400
0.2964; 400
0.299; 400
0.3016; 400
0.3042; 400
0.3068; 400
0.3094; 400
0.312; 400
0.3146; 400
0.3172; 400
0.3198; 400
0.3224; 400
0.325; 400
0.3276; 400
0.3302; 400
0.3328; 400
0.3354; 400
0.338; 400
0.3406; 400
0.3432; 400
0.3458; 400
0.3484; 400
0.351; 400
0.3536; 400
0.3562; 400
0.3588; 400
0.3614; 400
0.364; 400
0.3666; 400
0.3692; 400
0.3718; 400
0.3744; 400
0.377; 400
0.3796; 400
0.3822; 400
0.3848; 400
0.3874; 400
0.39; 400
0.3926; 400
0.3952; 400
0.3978; 400
0.4004; 400
0.403; 400
0.4056; 400
0.4082; 400
0.4108; 400
0.4134; 400
0.416; 400
0.4186; 400
0.4212; 400
0.4238; 400
0.4264; 400.001
0.429; 400.001
0.4316; 400.001
0.4342; 400.001
0.4368; 400.001
0.4394; 400.001
0.442; 400.001
0.4446; 400.001
0.4472; 400.001
0.4498; 400.002
0.4524; 400.002
0.455; 400.002
0.4576; 400.003
0.4602; 400.003
0.4628; 400.003
0.4654; 400.004
0.468; 400.004
0.4706; 400.005
0.4732; 400.006
0.4758; 400.006
0.4784; 400.007
0.481; 400.009
0.4836; 400.01
0.4862; 400.011
0.4888; 400.013
0.4914; 400.015
0.494; 400.017
0.4966; 400.02
0.4992; 400.023
0.5018; 400.026
0.5044; 400.03
0.507; 400.034
0.5096; 400.039
0.5122; 400.045
0.5148; 400.051
0.5174; 400.058
0.52; 400.067
0.5226; 400.076
0.5252; 400.087
0.5278; 400.099
0.5304; 400.112
0.533; 400.127
0.5356; 400.144
0.5382; 400.164
0.5408; 400.185
0.5434; 400.209
0.546; 400.236
0.5486; 400.266
0.5512; 400.3
0.5538; 400.337
0.5564; 400.379
0.559; 400.425
0.5616; 400.476
0.5642; 400.533
0.5668; 400.596
0.5694; 400.665
0.572; 400.741
0.5746; 400.826
0.5772; 400.919
0.5798; 401.021
0.5824; 401.132
0.585; 401.255
0.5876; 401.389
0.5902; 401.536
0.5928; 401.696
0.5954; 401.871
0.598; 402.061
0.6006; 402.267
0.6032; 402.492
0.6058; 402.735
0.6084; 402.998
0.611; 403.283
0.6136; 403.591
0.6162; 403.922
0.6188; 404.28
0.6214; 404.664
0.624; 405.078
0.6266; 405.521
0.6292; 405.996
0.6318; 406.505
0.6344; 407.048
0.637; 407.629
0.6396; 408.247
0.6422; 408.906
0.6448; 409.607
0.6474; 410.351
0.65; 411.14
0.6526; 411.977
0.6552; 412.862
0.6578; 413.797
0.6604; 414.784
0.663; 415.824
0.6656; 416.919
0.6682; 418.071
0.6708; 419.28
0.6734; 420.549
0.676; 421.877
0.6786; 423.267
0.6812; 424.72
0.6838; 426.236
0.6864; 427.816
0.689; 429.461
0.6916; 431.172
0.6942; 432.948
0.6968; 434.791
0.6994; 436.7
0.702; 438.675
0.7046; 440.717
0.7072; 442.824
0.7098; 444.997
0.7124; 447.234
0.715; 449.535
0.7176; 451.899
0.7202; 454.325
0.7228; 456.812
0.7254; 459.358
0.728; 461.961
0.7306; 464.62
0.7332; 467.333
0.7358; 470.098
0.7384; 472.913
0.741; 475.777
0.7436; 478.686
0.7462; 481.64
0.7488; 484.637
0.7514; 487.675
0.754; 490.754
0.7566; 493.873
0.7592; 497.034
0.7618; 500.238
0.7644; 503.487
0.767; 506.786
0.7696; 510.136
0.7722; 513.538
0.7748; 516.987
0.7774; 520.476
0.78; 523.996
0.7826; 527.539
0.7852; 531.094
0.7878; 534.649
0.7904; 538.192
0.793; 541.713
0.7956; 545.208
0.7982; 548.673
0.8008; 552.107
0.8034; 555.507
0.806; 558.872
0.8086; 562.203
0.8112; 565.497
0.8138; 568.759
0.8164; 572.006
0.819; 575.55
0.8216; 579.353
0.8242; 583.13
0.8268; 586.877
0.8294; 590.597
0.832; 594.295
0.8346; 597.973
0.8372; 601.635
0.8398; 605.284
0.8424; 608.929
0.845; 612.6
0.8476; 616.12
0.8502; 619.372
0.8528; 622.464
0.8554; 625.478
0.858; 628.439
0.8606; 631.354
0.8632; 634.224
0.8658; 637.052
0.8684; 639.835
0.871; 642.575
0.8736; 645.271
0.8762; 647.925
0.8788; 650.538
0.8814; 653.115
0.884; 655.655
0.8866; 658.237
0.8892; 660.848
0.8918; 663.342
0.8944; 665.729
0.897; 668.012
0.8996; 670.189
0.9022; 672.253
0.9048; 674.201
0.9074; 676.026
0.91; 677.725
0.9126; 679.292
0.9152; 680.723
0.9178; 682.016
0.9204; 683.169
0.923; 684.181
0.9256; 685.052
0.9282; 685.784
0.9308; 686.379
0.9334; 686.843
0.936; 687.178
0.9386; 687.392
0.9412; 687.491
0.9438; 687.483
0.9464; 687.378
0.949; 687.183
0.9516; 686.91
0.9542; 686.569
0.9568; 686.171
0.9594; 685.727
0.962; 685.249
0.9646; 684.748
0.9672; 684.237
0.9698; 683.727
0.9724; 683.229
0.975; 682.753
0.9776; 682.31
0.9802; 681.911
0.9828; 681.563
0.9854; 681.275
0.988; 681.055
0.9906; 680.91
0.9932; 680.845
0.9958; 680.866
0.9984; 680.974
1.001; 681.17
1.0036; 681.462
1.0062; 681.892
1.0088; 682.35
1.0114; 682.86
1.014; 683.422
1.0166; 684.031
1.0192; 684.68
1.0218; 685.367
1.0244; 686.087
1.027; 686.833
1.0296; 687.601
1.0322; 688.385
1.0348; 689.181
1.0374; 689.981
1.04; 690.779
1.0426; 691.569
1.0452; 692.343
1.0478; 693.157
1.0504; 694.028
1.053; 694.88
1.0556; 695.703
1.0582; 696.489
1.0608; 697.225
1.0634; 697.902
1.066; 698.51
1.0686; 699.039
1.0712; 699.481
1.0738; 699.829
1.0764; 700.077
1.079; 700.221
1.0816; 700.259
1.0842; 700.189
1.0868; 700.013
1.0894; 699.734
1.092; 699.356
1.0946; 698.885
1.0972; 698.329
1.0998; 697.699
1.1024; 697.004
1.105; 696.257
1.1076; 695.47
1.1102; 694.659
1.1128; 693.836
1.1154; 693.016
1.118; 692.215
1.1206; 691.446
1.1232; 690.724
1.1258; 690.061
1.1284; 689.471
1.131; 688.963
1.1336; 688.541
1.1362; 688.197
1.1388; 688.045
1.1414; 688.046
1.144; 688.109
1.1466; 688.265
1.1492; 688.525
1.1518; 688.871
1.1544; 689.303
1.157; 689.816
1.1596; 690.405
1.1622; 691.067
1.1648; 691.799
1.1674; 692.596
1.17; 693.456
1.1726; 694.371
1.1752; 695.339
1.1778; 696.515
1.1804; 697.943
1.183; 699.473
1.1856; 701.094
1.1882; 702.798
1.1908; 704.57
1.1934; 706.397
1.196; 708.266
1.1986; 710.161
1.2012; 712.067
1.2038; 713.971
1.2064; 715.857
1.209; 717.711
1.2116; 719.519
1.2142; 721.267
1.2168; 722.943
1.2194; 724.535
1.222; 726.032
1.2246; 727.425
1.2272; 728.703
1.2298; 729.859
1.2324; 730.887
1.235; 731.778
1.2376; 732.529
1.2402; 733.135
1.2428; 733.593
1.2454; 733.899
1.248; 734.053
