0.00026; 0
0.00052; 0
0.00078; 0
0.00104; 0
0.0013; 0
0.00156; 0
0.00182; 0
0.00208; 0
0.00234; 0
0.0026; 0
0.00286; 0
0.00312; 0
0.00338; 0
0.00364; 0
0.0039; 0
0.00416; 0
0.00442; 0
0.00468; 0
0.00494; 0
0.0052; 0
0.00546; 0
0.00572; 0
0.00598; 0
0.00624; 0
0.0065; 0
0.00676; 0
0.00702; 0
0.00728; 0
0.00754; 0
0.0078; 0
0.00806; 0
0.00832; 0
0.00858; 0
0.00884; 0
0.0091; 0
0.00936; 0
0.00962; 0
0.00988; 0
0.01014; 0
0.0104; 0
0.01066; 0
0.01092; 0
0.01118; 0
0.01144; 0
0.0117; 0
0.01196; 0
0.01222; 0
0.01248; 0
0.01274; 0
0.013; 0
0.01326; 0
0.01352; 0
0.01378; 0
0.01404; 0
0.0143; 0
0.01456; 0
0.01482; 0
0.01508; 0
0.01534; 0
0.0156; 0
0.01586; 0
0.01612; 0
0.01638; 0
0.01664; 0
0.0169; 0
0.01716; 0
0.01742; 0
0.01768; 0
0.01794; 0
0.0182; 0
0.01846; 0
0.01872; 0
0.01898; 0
0.01924; 0
0.0195; 0
0.01976; 0
0.02002; 0
0.02028; 0
0.02054; 0
0.0208; 0
0.02106; 0
0.02132; 0
0.02158; 0
0.02184; 0
0.0221; 0
0.02236; 0
0.02262; 0
0.02288; 0
0.02314; 0
0.0234; 0
0.02366; 0
0.02392; 0
0.02418; 0
0.02444; 0
0.0247; 0
0.02496; 0
0.02522; 0
0.02548; 0
0.02574; 0
0.026; 0
0.02626; 0
0.02652; 0
0.02678; 0
0.02704; 0
0.0273; 0
0.02756; 0
0.02782; 0
0.02808; 0
0.02834; 0
0.0286; 0
0.02886; 0
0.02912; 0
0.02938; 0
0.02964; 0
0.0299; 0
0.03016; 0
0.03042; 0
0.03068; 0
0.03094; 0
0.0312; 0
0.03146; 0
0.03172; 0
0.03198; 0
0.03224; 0
0.0325; 0
0.03276; 887.215
0.03302; 887.208
0.03328; 887.19
0.03354; 887.163
0.0338; 887.125
0.03406; 887.077
0.03432; 887.019
0.03458; 886.951
0.03484; 886.872
0.0351; 886.783
0.03536; 886.684
0.03562; 886.575
0.03588; 886.456
0.03614; 886.326
0.0364; 886.186
0.03666; 886.036
0.03692; 885.875
0.03718; 885.704
0.03744; 885.523
0.0377; 885.331
0.03796; 885.128
0.03822; 884.915
0.03848; 884.691
0.03874; 884.457
0.039; 884.211
0.03926; 883.956
0.03952; 883.689
0.03978; 883.411
0.04004; 883.122
0.0403; 882.823
0.04056; 882.512
0.04082; 882.191
0.04108; 881.858
0.04134; 881.514
0.0416; 881.159
0.04186; 880.792
0.04212; 880.414
0.04238; 880.025
0.04264; 879.624
0.0429; 879.212
0.04316; 878.787
0.04342; 878.352
0.04368; 877.904
0.04394; 877.445
0.0442; 876.973
0.04446; 876.49
0.04472; 875.994
0.04498; 875.487
0.04524; 874.967
0.0455; 874.435
0.04576; 873.89
0.04602; 873.334
0.04628; 872.764
0.04654; 872.182
0.0468; 871.587
0.04706; 870.98
0.04732; 870.359
0.04758; 869.725
0.04784; 869.078
0.0481; 868.419
0.04836; 867.745
0.04862; 867.059
0.04888; 866.358
0.04914; 865.644
0.0494; 864.916
0.04966; 864.175
0.04992; 863.419
0.05018; 862.649
0.05044; 861.865
0.0507; 861.066
0.05096; 860.252
0.05122; 859.424
0.05148; 858.581
0.05174; 857.723
0.052; 856.849
0.05226; 855.961
0.05252; 855.056
0.05278; 854.136
0.05304; 853.2
0.0533; 852.248
0.05356; 851.28
0.05382; 850.295
0.05408; 849.293
0.05434; 848.275
0.0546; 847.24
0.05486; 846.187
0.05512; 845.116
0.05538; 844.028
0.05564; 842.922
0.0559; 841.798
0.05616; 840.655
0.05642; 839.493
0.05668; 838.312
0.05694; 837.112
0.0572; 835.892
0.05746; 834.652
0.05772; 833.392
0.05798; 832.112
0.05824; 830.811
0.0585; 829.488
0.05876; 828.144
0.05902; 826.779
0.05928; 825.391
0.05954; 823.98
0.0598; 822.547
0.06006; 821.091
0.06032; 819.611
0.06058; 818.108
0.06084; 816.58
0.0611; 815.027
0.06136; 813.45
0.06162; 811.847
0.06188; 810.219
0.06214; 808.564
0.0624; 806.884
0.06266; 805.177
0.06292; 803.443
0.06318; 801.681
0.06344; 799.893
0.0637; 798.077
0.06396; 796.232
0.06422; 794.36
0.06448; 792.46
0.06474; 790.532
0.065; 788.575
0.06526; 786.59
0.06552; 784.577
0.06578; 782.536
0.06604; 780.468
0.0663; 778.372
0.06656; 776.249
0.06682; 774.1
0.06708; 771.926
0.06734; 769.727
0.0676; 767.503
0.06786; 765.257
0.06812; 762.989
0.06838; 760.701
0.06864; 758.393
0.0689; 756.069
0.06916; 753.728
0.06942; 751.373
0.06968; 749.005
0.06994; 746.628
0.0702; 744.241
0.07046; 741.849
0.07072; 739.452
0.07098; 737.052
0.07124; 734.653
0.0715; 732.254
0.07176; 729.859
0.07202; 727.47
0.07228; 725.087
0.07254; 722.713
0.0728; 720.349
0.07306; 717.997
0.07332; 715.658
0.07358; 713.332
0.07384; 711.022
0.0741; 708.728
0.07436; 706.45
0.07462; 704.19
0.07488; 701.949
0.07514; 699.726
0.0754; 697.522
0.07566; 695.339
0.07592; 693.175
0.07618; 691.031
0.07644; 688.908
0.0767; 686.806
0.07696; 684.725
0.07722; 682.664
0.07748; 680.624
0.07774; 678.605
0.078; 676.608
0.07826; 674.631
0.07852; 672.675
0.07878; 670.74
0.07904; 668.825
0.0793; 666.931
0.07956; 665.058
0.07982; 663.205
0.08008; 661.372
0.08034; 659.559
0.0806; 657.767
0.08086; 655.995
0.08112; 654.242
0.08138; 652.51
0.08164; 650.797
0.0819; 649.103
0.08216; 647.429
0.08242; 645.774
0.08268; 644.138
0.08294; 642.521
0.0832; 640.923
0.08346; 639.344
0.08372; 637.784
0.08398; 636.243
0.08424; 634.72
0.0845; 633.215
0.08476; 631.729
0.08502; 630.262
0.08528; 628.813
0.08554; 627.382
0.0858; 625.969
0.08606; 624.575
0.08632; 623.199
0.08658; 621.84
0.08684; 620.5
0.0871; 619.178
0.08736; 617.874
0.08762; 616.587
0.08788; 615.319
0.08814; 614.068
0.0884; 612.835
0.08866; 611.62
0.08892; 610.423
0.08918; 609.243
0.08944; 608.082
0.0897; 606.938
0.08996; 605.811
0.09022; 604.703
0.09048; 603.612
0.09074; 602.539
0.091; 601.484
0.09126; 600.446
0.09152; 599.426
0.09178; 598.424
0.09204; 597.44
0.0923; 596.473
0.09256; 595.524
0.09282; 594.593
0.09308; 593.679
0.09334; 592.783
0.0936; 591.905
0.09386; 591.045
0.09412; 590.202
0.09438; 589.377
0.09464; 588.57
0.0949; 587.78
0.09516; 587.008
0.09542; 586.254
0.09568; 585.518
0.09594; 584.799
0.0962; 584.098
0.09646; 583.415
0.09672; 582.749
0.09698; 582.102
0.09724; 581.471
0.0975; 580.859
0.09776; 580.264
0.09802; 579.687
0.09828; 579.128
0.09854; 578.586
0.0988; 578.062
0.09906; 577.556
0.09932; 577.068
0.09958; 576.597
0.09984; 576.143
0.1001; 575.708
0.10036; 575.289
0.10062; 574.889
0.10088; 574.506
0.10114; 574.141
0.1014; 573.793
0.10166; 573.463
0.10192; 573.151
0.10218; 572.856
0.10244; 572.578
0.1027; 572.318
0.10296; 572.076
0.10322; 571.851
0.10348; 571.643
0.10374; 571.452
0.104; 571.279
0.10426; 571.123
0.10452; 570.984
0.10478; 570.862
0.10504; 570.757
0.1053; 570.669
0.10556; 570.596
0.10582; 570.538
0.10608; 570.492
0.10634; 570.459
0.1066; 0
0.10686; 0
0.10712; 0
0.10738; 0
0.10764; 0
0.1079; 0
0.10816; 0
0.10842; 0
0.10868; 0
0.10894; 0
0.1092; 0
0.10946; 0
0.10972; 0
0.10998; 0
0.11024; 0
0.1105; 0
0.11076; 0
0.11102; 0
0.11128; 0
0.11154; 0
0.1118; 0
0.11206; 0
0.11232; 0
0.11258; 0
0.11284; 0
0.1131; 0
0.11336; 0
0.11362; 0
0.11388; 0
0.11414; 0
0.1144; 0
0.11466; 0
0.11492; 0
0.11518; 0
0.11544; 0
0.1157; 0
0.11596; 0
0.11622; 0
0.11648; 0
0.11674; 0
0.117; 0
0.11726; 0
0.11752; 0
0.11778; 0
0.11804; 0
0.1183; 0
0.11856; 0
0.11882; 0
0.11908; 0
0.11934; 0
0.1196; 0
0.11986; 0
0.12012; 0
0.12038; 0
0.12064; 0
0.1209; 0
0.12116; 0
0.12142; 0
0.12168; 0
0.12194; 0
0.1222; 0
0.12246; 0
0.12272; 0
0.12298; 0
0.12324; 0
0.1235; 0
0.12376; 0
0.12402; 0
0.12428; 0
0.12454; 0
0.1248; 0
