0.0026; 400
0.0052; 400
0.0078; 400
0.0104; 400
0.013; 400
0.0156; 400
0.0182; 400
0.0208; 400
0.0234; 400
0.026; 400
0.0286; 400
0.0312; 400
0.0338; 400
0.0364; 400
0.039; 400
0.0416; 400
0.0442; 400
0.0468; 400
0.0494; 400
0.052; 400
0.0546; 400
0.0572; 400
0.0598; 400
0.0624; 400
0.065; 400
0.0676; 400
0.0702; 400
0.0728; 400
0.0754; 400
0.078; 400
0.0806; 400
0.0832; 400
0.0858; 400
0.0884; 400
0.091; 400
0.0936; 400
0.0962; 400
0.0988; 400
0.1014; 400
0.104; 400
0.1066; 400
0.1092; 400
0.1118; 400
0.1144; 400
0.117; 400
0.1196; 400
0.1222; 400
0.1248; 400
0.1274; 400
0.13; 400
0.1326; 400
0.1352; 400
0.1378; 400
0.1404; 400
0.143; 400
0.1456; 400
0.1482; 400
0.1508; 400
0.1534; 400
0.156; 400
0.1586; 400
0.1612; 400
0.1638; 400
0.1664; 400
0.169; 400
0.1716; 400
0.1742; 400
0.1768; 400
0.1794; 400
0.182; 400
0.1846; 400
0.1872; 400
0.1898; 400
0.1924; 400
0.195; 400
0.1976; 400
0.2002; 400
0.2028; 400
0.2054; 400
0.208; 400
0.2106; 400
0.2132; 400
0.2158; 400
0.2184; 400
0.221; 400
0.2236; 400
0.2262; 400
0.2288; 400
0.2314; 400
0.234; 400
0.2366; 400
0.2392; 400
0.2418; 400
0.2444; 400
0.247; 400
0.2496; 400
0.2522; 400
0.2548; 400
0.2574; 400
0.26; 400
0.2626; 400
0.2652; 400
0.2678; 400
0.2704; 400
0.273; 400
0.2756; 400
0.2782; 400
0.2808; 400.001
0.2834; 400.001
0.286; 400.001
0.2886; 400.001
0.2912; 400.001
0.2938; 400.001
0.2964; 400.001
0.299; 400.001
0.3016; 400.001
0.3042; 400.002
0.3068; 400.002
0.3094; 400.002
0.312; 400.002
0.3146; 400.002
0.3172; 400.002
0.3198; 400.002
0.3224; 400.003
0.325; 400.003
0.3276; 400.003
0.3302; 400.003
0.3328; 400.004
0.3354; 400.004
0.338; 400.005
0.3406; 400.005
0.3432; 400.006
0.3458; 400.006
0.3484; 400.007
0.351; 400.007
0.3536; 400.008
0.3562; 400.009
0.3588; 400.01
0.3614; 400.01
0.364; 400.011
0.3666; 400.013
0.3692; 400.014
0.3718; 400.015
0.3744; 400.017
0.377; 400.018
0.3796; 400.02
0.3822; 400.022
0.3848; 400.024
0.3874; 400.027
0.39; 400.029
0.3926; 400.032
0.3952; 400.035
0.3978; 400.039
0.4004; 400.043
0.403; 400.047
0.4056; 400.052
0.4082; 400.057
0.4108; 400.062
0.4134; 400.068
0.416; 400.075
0.4186; 400.082
0.4212; 400.09
0.4238; 400.099
0.4264; 400.108
0.429; 400.118
0.4316; 400.129
0.4342; 400.142
0.4368; 400.155
0.4394; 400.169
0.442; 400.185
0.4446; 400.202
0.4472; 400.22
0.4498; 400.24
0.4524; 400.262
0.455; 400.285
0.4576; 400.31
0.4602; 400.338
0.4628; 400.367
0.4654; 400.399
0.468; 400.434
0.4706; 400.471
0.4732; 400.511
0.4758; 400.554
0.4784; 400.6
0.481; 400.65
0.4836; 400.704
0.4862; 400.761
0.4888; 400.823
0.4914; 400.889
0.494; 400.96
0.4966; 401.036
0.4992; 401.117
0.5018; 401.204
0.5044; 401.297
0.507; 401.396
0.5096; 401.502
0.5122; 401.615
0.5148; 401.735
0.5174; 401.863
0.52; 401.999
0.5226; 402.144
0.5252; 402.297
0.5278; 402.461
0.5304; 402.634
0.533; 402.818
0.5356; 403.013
0.5382; 403.219
0.5408; 403.437
0.5434; 403.668
0.546; 403.912
0.5486; 404.17
0.5512; 404.441
0.5538; 404.728
0.5564; 405.03
0.559; 405.348
0.5616; 405.683
0.5642; 406.035
0.5668; 406.405
0.5694; 406.794
0.572; 407.202
0.5746; 407.629
0.5772; 408.078
0.5798; 408.547
0.5824; 409.039
0.585; 409.553
0.5876; 410.091
0.5902; 410.652
0.5928; 411.238
0.5954; 411.85
0.598; 412.487
0.6006; 413.151
0.6032; 413.843
0.6058; 414.562
0.6084; 415.31
0.611; 416.087
0.6136; 416.895
0.6162; 417.732
0.6188; 418.601
0.6214; 419.501
0.624; 420.433
0.6266; 421.399
0.6292; 422.397
0.6318; 423.429
0.6344; 424.495
0.637; 425.596
0.6396; 426.731
0.6422; 427.902
0.6448; 429.109
0.6474; 430.351
0.65; 431.63
0.6526; 432.945
0.6552; 434.297
0.6578; 435.686
0.6604; 437.112
0.663; 438.575
0.6656; 440.075
0.6682; 441.612
0.6708; 443.186
0.6734; 444.798
0.676; 446.446
0.6786; 448.13
0.6812; 449.852
0.6838; 451.609
0.6864; 453.403
0.689; 455.232
0.6916; 457.097
0.6942; 458.996
0.6968; 460.93
0.6994; 462.897
0.702; 464.898
0.7046; 466.931
0.7072; 468.997
0.7098; 471.094
0.7124; 473.221
0.715; 475.378
0.7176; 477.564
0.7202; 479.779
0.7228; 482.021
0.7254; 484.289
0.728; 486.583
0.7306; 488.902
0.7332; 491.245
0.7358; 493.61
0.7384; 495.998
0.741; 498.407
0.7436; 500.836
0.7462; 503.286
0.7488; 505.756
0.7514; 508.245
0.754; 510.755
0.7566; 513.286
0.7592; 515.841
0.7618; 518.42
0.7644; 521.027
0.767; 523.666
0.7696; 526.338
0.7722; 529.043
0.7748; 531.78
0.7774; 534.542
0.78; 537.325
0.7826; 540.124
0.7852; 542.931
0.7878; 545.739
0.7904; 548.539
0.793; 551.325
0.7956; 554.096
0.7982; 556.848
0.8008; 559.582
0.8034; 562.297
0.806; 564.993
0.8086; 567.67
0.8112; 570.328
0.8138; 572.971
0.8164; 575.616
0.819; 578.504
0.8216; 581.594
0.8242; 584.658
0.8268; 587.689
0.8294; 590.69
0.832; 593.665
0.8346; 596.612
0.8372; 599.535
0.8398; 602.434
0.8424; 605.315
0.845; 608.199
0.8476; 610.944
0.8502; 613.474
0.8528; 615.877
0.8554; 618.225
0.858; 620.54
0.8606; 622.827
0.8632; 625.088
0.8658; 627.323
0.8684; 629.534
0.871; 631.721
0.8736; 633.885
0.8762; 636.026
0.8788; 638.149
0.8814; 640.255
0.884; 642.34
0.8866; 644.441
0.8892; 646.569
0.8918; 648.609
0.8944; 650.573
0.897; 652.469
0.8996; 654.299
0.9022; 656.062
0.9048; 657.76
0.9074; 659.391
0.91; 660.957
0.9126; 662.455
0.9152; 663.887
0.9178; 665.253
0.9204; 666.552
0.923; 667.787
0.9256; 668.957
0.9282; 670.065
0.9308; 671.112
0.9334; 672.101
0.936; 673.033
0.9386; 673.911
0.9412; 674.736
0.9438; 675.513
0.9464; 676.244
0.949; 676.931
0.9516; 677.577
0.9542; 678.185
0.9568; 678.759
0.9594; 679.3
0.962; 679.812
0.9646; 680.298
0.9672; 680.76
0.9698; 681.201
0.9724; 681.624
0.975; 682.031
0.9776; 682.424
0.9802; 682.804
0.9828; 683.174
0.9854; 683.535
0.988; 683.887
0.9906; 684.231
0.9932; 684.569
0.9958; 684.899
0.9984; 685.22
1.001; 685.531
1.0036; 685.84
1.0062; 686.201
1.0088; 686.555
1.0114; 686.916
1.014; 687.284
1.0166; 687.654
1.0192; 688.025
1.0218; 688.394
1.0244; 688.761
1.027; 689.124
1.0296; 689.483
1.0322; 689.835
1.0348; 690.18
1.0374; 690.518
1.04; 690.847
1.0426; 691.165
1.0452; 691.473
1.0478; 691.792
1.0504; 692.114
1.053; 692.414
1.0556; 692.696
1.0582; 692.963
1.0608; 693.216
1.0634; 693.456
1.066; 693.685
1.0686; 693.902
1.0712; 694.11
1.0738; 694.309
1.0764; 694.499
1.079; 694.682
1.0816; 694.858
1.0842; 695.028
1.0868; 695.193
1.0894; 695.355
1.092; 695.514
1.0946; 695.672
1.0972; 695.83
1.0998; 695.989
1.1024; 696.15
1.105; 696.314
1.1076; 696.484
1.1102; 696.659
1.1128; 696.841
1.1154; 697.031
1.118; 697.231
1.1206; 697.44
1.1232; 697.662
1.1258; 697.897
1.1284; 698.147
1.131; 698.412
1.1336; 698.69
1.1362; 698.966
1.1388; 699.299
1.1414; 699.685
1.144; 700.078
1.1466; 700.496
1.1492; 700.941
1.1518; 701.4
1.1544; 701.873
1.157; 702.357
1.1596; 702.848
1.1622; 703.346
1.1648; 703.849
1.1674; 704.356
1.17; 704.863
1.1726; 705.37
1.1752; 705.872
1.1778; 706.464
1.1804; 707.15
1.183; 707.835
1.1856; 708.521
1.1882; 709.205
1.1908; 709.886
1.1934; 710.563
1.196; 711.233
1.1986; 711.894
1.2012; 712.543
1.2038; 713.18
1.2064; 713.8
1.209; 714.402
1.2116; 714.982
1.2142; 715.539
1.2168; 716.069
1.2194; 716.569
1.222; 717.038
1.2246; 717.472
1.2272; 717.87
1.2298; 718.23
1.2324; 718.549
1.235; 718.825
1.2376; 719.058
1.2402; 719.246
1.2428; 719.388
1.2454; 719.483
1.248; 719.531
