0.00026; 570.083
0.00052; 570.095
0.00078; 570.094
0.00104; 570.111
0.0013; 570.125
0.00156; 570.155
0.00182; 570.182
0.00208; 570.226
0.00234; 570.266
0.0026; 570.324
0.00286; 570.377
0.00312; 570.447
0.00338; 570.514
0.00364; 570.598
0.0039; 570.678
0.00416; 570.775
0.00442; 570.868
0.00468; 570.978
0.00494; 571.085
0.0052; 571.209
0.00546; 571.329
0.00572; 571.466
0.00598; 571.599
0.00624; 571.749
0.0065; 571.895
0.00676; 572.058
0.00702; 572.218
0.00728; 572.394
0.00754; 572.567
0.0078; 572.757
0.00806; 572.943
0.00832; 573.146
0.00858; 573.345
0.00884; 573.561
0.0091; 573.774
0.00936; 574.003
0.00962; 574.229
0.00988; 574.472
0.01014; 574.71
0.0104; 574.966
0.01066; 575.218
0.01092; 575.487
0.01118; 575.752
0.01144; 576.034
0.0117; 576.312
0.01196; 576.607
0.01222; 576.898
0.01248; 577.206
0.01274; 577.51
0.013; 577.831
0.01326; 578.148
0.01352; 578.482
0.01378; 578.812
0.01404; 579.159
0.0143; 579.502
0.01456; 579.861
0.01482; 580.217
0.01508; 580.59
0.01534; 580.958
0.0156; 581.344
0.01586; 581.726
0.01612; 582.124
0.01638; 582.519
0.01664; 582.93
0.0169; 583.338
0.01716; 583.762
0.01742; 584.182
0.01768; 584.619
0.01794; 585.052
0.0182; 585.501
0.01846; 585.947
0.01872; 586.409
0.01898; 586.868
0.01924; 587.343
0.0195; 587.814
0.01976; 588.301
0.02002; 588.785
0.02028; 589.285
0.02054; 589.782
0.0208; 590.294
0.02106; 590.803
0.02132; 591.329
0.02158; 591.85
0.02184; 592.388
0.0221; 592.922
0.02236; 593.472
0.02262; 594.019
0.02288; 594.581
0.02314; 595.14
0.0234; 595.715
0.02366; 596.287
0.02392; 596.874
0.02418; 597.458
0.02444; 598.058
0.0247; 598.654
0.02496; 599.266
0.02522; 599.875
0.02548; 600.499
0.02574; 601.12
0.026; 601.756
0.02626; 602.39
0.02652; 603.039
0.02678; 603.684
0.02704; 604.345
0.0273; 605.002
0.02756; 605.675
0.02782; 606.345
0.02808; 607.031
0.02834; 607.713
0.0286; 608.41
0.02886; 609.104
0.02912; 609.813
0.02938; 610.519
0.02964; 611.24
0.0299; 611.958
0.03016; 612.691
0.03042; 613.421
0.03068; 614.166
0.03094; 614.908
0.0312; 615.665
0.03146; 616.419
0.03172; 617.187
0.03198; 617.953
0.03224; 618.733
0.0325; 619.51
0.03276; 620.302
0.03302; 621.091
0.03328; 621.895
0.03354; 622.695
0.0338; 623.511
0.03406; 624.323
0.03432; 625.15
0.03458; 625.973
0.03484; 626.812
0.0351; 627.647
0.03536; 628.497
0.03562; 629.344
0.03588; 630.205
0.03614; 631.063
0.0364; 631.935
0.03666; 632.805
0.03692; 633.689
0.03718; 634.57
0.03744; 635.465
0.0377; 636.356
0.03796; 637.263
0.03822; 638.166
0.03848; 639.084
0.03874; 639.998
0.039; 640.927
0.03926; 641.852
0.03952; 642.792
0.03978; 643.729
0.04004; 644.68
0.0403; 645.627
0.04056; 646.589
0.04082; 647.548
0.04108; 648.52
0.04134; 649.49
0.0416; 650.473
0.04186; 651.453
0.04212; 652.447
0.04238; 653.439
0.04264; 654.443
0.0429; 655.445
0.04316; 656.461
0.04342; 657.473
0.04368; 658.499
0.04394; 659.523
0.0442; 660.559
0.04446; 661.593
0.04472; 662.64
0.04498; 663.684
0.04524; 664.741
0.0455; 665.796
0.04576; 666.864
0.04602; 667.929
0.04628; 669.007
0.04654; 670.082
0.0468; 671.17
0.04706; 672.255
0.04732; 673.354
0.04758; 674.449
0.04784; 675.557
0.0481; 676.663
0.04836; 677.781
0.04862; 678.897
0.04888; 680.025
0.04914; 681.151
0.0494; 682.289
0.04966; 683.424
0.04992; 684.572
0.05018; 685.718
0.05044; 686.876
0.0507; 688.031
0.05096; 689.198
0.05122; 690.363
0.05148; 691.54
0.05174; 692.715
0.052; 693.901
0.05226; 695.085
0.05252; 696.281
0.05278; 697.475
0.05304; 698.68
0.0533; 699.883
0.05356; 701.098
0.05382; 702.31
0.05408; 703.534
0.05434; 704.756
0.0546; 705.989
0.05486; 707.22
0.05512; 708.462
0.05538; 709.702
0.05564; 710.954
0.0559; 712.203
0.05616; 713.463
0.05642; 714.721
0.05668; 715.99
0.05694; 717.257
0.0572; 718.535
0.05746; 719.811
0.05772; 721.098
0.05798; 722.382
0.05824; 723.678
0.0585; 724.971
0.05876; 726.275
0.05902; 727.577
0.05928; 728.889
0.05954; 730.199
0.0598; 731.52
0.06006; 732.839
0.06032; 734.168
0.06058; 735.495
0.06084; 736.833
0.0611; 738.168
0.06136; 739.514
0.06162; 740.858
0.06188; 742.212
0.06214; 743.563
0.0624; 744.925
0.06266; 746.285
0.06292; 747.655
0.06318; 749.023
0.06344; 750.4
0.0637; 751.776
0.06396; 753.161
0.06422; 754.545
0.06448; 755.938
0.06474; 757.329
0.065; 758.729
0.06526; 760.128
0.06552; 761.536
0.06578; 762.942
0.06604; 764.358
0.0663; 765.772
0.06656; 767.195
0.06682; 768.616
0.06708; 770.046
0.06734; 771.474
0.0676; 772.911
0.06786; 774.347
0.06812; 775.791
0.06838; 777.234
0.06864; 778.686
0.0689; 780.135
0.06916; 781.594
0.06942; 783.05
0.06968; 784.515
0.06994; 785.979
0.0702; 787.451
0.07046; 788.921
0.07072; 790.4
0.07098; 791.877
0.07124; 793.362
0.0715; 794.845
0.07176; 796.337
0.07202; 797.827
0.07228; 799.325
0.07254; 800.821
0.0728; 802.326
0.07306; 803.828
0.07332; 805.339
0.07358; 806.848
0.07384; 808.364
0.0741; 809.879
0.07436; 811.402
0.07462; 812.923
0.07488; 814.452
0.07514; 815.979
0.0754; 817.513
0.07566; 819.046
0.07592; 820.586
0.07618; 822.124
0.07644; 823.67
0.0767; 825.214
0.07696; 826.766
0.07722; 828.315
0.07748; 829.872
0.07774; 831.427
0.078; 832.99
0.07826; 834.55
0.07852; 836.118
0.07878; 837.683
0.07904; 839.256
0.0793; 840.827
0.07956; 842.405
0.07982; 843.981
0.08008; 845.563
0.08034; 847.144
0.0806; 848.732
0.08086; 850.318
0.08112; 851.91
0.08138; 853.501
0.08164; 855.098
0.0819; 856.694
0.08216; 858.295
0.08242; 859.895
0.08268; 861.501
0.08294; 863.106
0.0832; 864.716
0.08346; 866.325
0.08372; 867.94
0.08398; 869.553
0.08424; 871.172
0.0845; 872.79
0.08476; 874.412
0.08502; 876.034
0.08528; 877.661
0.08554; 879.287
0.0858; 880.917
0.08606; 882.547
0.08632; 884.181
0.08658; 885.815
0.08684; 887.453
0.0871; 889.09
0.08736; 890.732
0.08762; 892.373
0.08788; 894.018
0.08814; 895.662
0.0884; 897.311
0.08866; 898.959
0.08892; 900.61
0.08918; 902.261
0.08944; 903.916
0.0897; 905.571
0.08996; 907.229
0.09022; 908.886
0.09048; 910.547
0.09074; 912.208
0.091; 913.871
0.09126; 915.535
0.09152; 917.201
0.09178; 918.867
0.09204; 920.537
0.0923; 922.206
0.09256; 923.878
0.09282; 925.549
0.09308; 927.223
0.09334; 928.897
0.0936; 930.574
0.09386; 932.25
0.09412; 933.929
0.09438; 935.608
0.09464; 937.289
0.0949; 938.97
0.09516; 940.653
0.09542; 942.336
0.09568; 944.021
0.09594; 945.706
0.0962; 947.393
0.09646; 949.08
0.09672; 950.769
0.09698; 952.457
0.09724; 954.148
0.0975; 955.838
0.09776; 957.53
0.09802; 959.222
0.09828; 960.916
0.09854; 962.609
0.0988; 964.304
0.09906; 965.998
0.09932; 967.694
0.09958; 969.39
0.09984; 971.087
0.1001; 972.784
0.10036; 974.482
0.10062; 976.181
0.10088; 977.88
0.10114; 979.579
0.1014; 981.279
0.10166; 982.979
0.10192; 984.68
0.10218; 986.38
0.10244; 988.082
0.1027; 989.783
0.10296; 991.486
0.10322; 993.188
0.10348; 994.891
0.10374; 996.593
0.104; 998.297
0.10426; 1000
0.10452; 1000
0.10478; 1000
0.10504; 1000
0.1053; 1000
0.10556; 1000
0.10582; 1000
0.10608; 1000
0.10634; 1000
0.1066; 1000
0.10686; 1000
0.10712; 1000
0.10738; 1000
0.10764; 1000
0.1079; 1000
0.10816; 1000
0.10842; 1000
0.10868; 1000
0.10894; 1000
0.1092; 1000
0.10946; 1000
0.10972; 1000
0.10998; 1000
0.11024; 1000
0.1105; 1000
0.11076; 1000
0.11102; 1000
0.11128; 1000
0.11154; 1000
0.1118; 1000
0.11206; 1000
0.11232; 1000
0.11258; 1000
0.11284; 1000
0.1131; 1000
0.11336; 1000
0.11362; 1000
0.11388; 1000
0.11414; 1000
0.1144; 1000
0.11466; 1000
0.11492; 1000
0.11518; 1000
0.11544; 1000
0.1157; 1000
0.11596; 1000
0.11622; 1000
0.11648; 1000
0.11674; 1000
0.117; 1000
0.11726; 1000
0.11752; 1000
0.11778; 1000
0.11804; 1000
0.1183; 1000
0.11856; 1000
0.11882; 1000
0.11908; 1000
0.11934; 1000
0.1196; 1000
0.11986; 1000
0.12012; 1000
0.12038; 1000
0.12064; 1000
0.1209; 1000
0.12116; 1000
0.12142; 1000
0.12168; 1000
0.12194; 1000
0.1222; 1000
0.12246; 1000
0.12272; 1000
0.12298; 1000
0.12324; 1000
0.1235; 1000
0.12376; 1000
0.12402; 1000
0.12428; 1000
0.12454; 1000
0.1248; 1000
