0.0026; 400
0.0052; 400
0.0078; 400
0.0104; 400
0.013; 400
0.0156; 400
0.0182; 400
0.0208; 400
0.0234; 400
0.026; 400
0.0286; 400
0.0312; 400
0.0338; 400
0.0364; 400
0.039; 400
0.0416; 400
0.0442; 400
0.0468; 400
0.0494; 400
0.052; 400
0.0546; 400
0.0572; 400
0.0598; 400
0.0624; 400
0.065; 400
0.0676; 400
0.0702; 400
0.0728; 400
0.0754; 400
0.078; 400
0.0806; 400
0.0832; 400
0.0858; 400
0.0884; 400
0.091; 400
0.0936; 400
0.0962; 400
0.0988; 400
0.1014; 400
0.104; 400
0.1066; 400
0.1092; 400
0.1118; 400
0.1144; 400
0.117; 400
0.1196; 400
0.1222; 400
0.1248; 400
0.1274; 400
0.13; 400
0.1326; 400
0.1352; 400
0.1378; 400
0.1404; 400
0.143; 400
0.1456; 400
0.1482; 400
0.1508; 400
0.1534; 400
0.156; 400
0.1586; 400
0.1612; 400
0.1638; 400
0.1664; 400
0.169; 400
0.1716; 400
0.1742; 400
0.1768; 400
0.1794; 400
0.182; 400
0.1846; 400
0.1872; 400
0.1898; 400
0.1924; 400
0.195; 400
0.1976; 400
0.2002; 400
0.2028; 400
0.2054; 400
0.208; 400
0.2106; 400
0.2132; 400
0.2158; 400
0.2184; 400
0.221; 400
0.2236; 400
0.2262; 400
0.2288; 400
0.2314; 400
0.234; 400
0.2366; 400
0.2392; 400
0.2418; 400
0.2444; 400
0.247; 400
0.2496; 400
0.2522; 400
0.2548; 400
0.2574; 400
0.26; 400
0.2626; 400
0.2652; 400
0.2678; 400
0.2704; 400
0.273; 400
0.2756; 400
0.2782; 400
0.2808; 400
0.2834; 400
0.286; 400
0.2886; 400
0.2912; 400
0.2938; 400
0.2964; 400
0.299; 400
0.3016; 400
0.3042; 400
0.3068; 400
0.3094; 400
0.312; 400
0.3146; 400
0.3172; 400
0.3198; 400
0.3224; 400
0.325; 400
0.3276; 400
0.3302; 400
0.3328; 400
0.3354; 400
0.338; 400
0.3406; 400
0.3432; 400
0.3458; 400
0.3484; 400
0.351; 400
0.3536; 400
0.3562; 400
0.3588; 400
0.3614; 400
0.364; 400
0.3666; 400
0.3692; 400
0.3718; 400
0.3744; 400
0.377; 400
0.3796; 400
0.3822; 400
0.3848; 400
0.3874; 400
0.39; 400
0.3926; 400
0.3952; 400
0.3978; 400
0.4004; 400
0.403; 400
0.4056; 400
0.4082; 400
0.4108; 400
0.4134; 400
0.416; 400
0.4186; 400
0.4212; 400
0.4238; 400
0.4264; 400
0.429; 400
0.4316; 400
0.4342; 400
0.4368; 400
0.4394; 400
0.442; 400
0.4446; 400
0.4472; 400
0.4498; 400
0.4524; 400
0.455; 400
0.4576; 400
0.4602; 400
0.4628; 400
0.4654; 400
0.468; 400
0.4706; 400
0.4732; 400
0.4758; 400
0.4784; 400
0.481; 400
0.4836; 400
0.4862; 400
0.4888; 400
0.4914; 400
0.494; 400
0.4966; 400
0.4992; 400
0.5018; 400
0.5044; 400
0.507; 400
0.5096; 400
0.5122; 400
0.5148; 400
0.5174; 400
0.52; 400.001
0.5226; 400.001
0.5252; 400.001
0.5278; 400.001
0.5304; 400.001
0.533; 400.001
0.5356; 400.002
0.5382; 400.002
0.5408; 400.003
0.5434; 400.003
0.546; 400.004
0.5486; 400.005
0.5512; 400.006
0.5538; 400.007
0.5564; 400.008
0.559; 400.01
0.5616; 400.012
0.5642; 400.014
0.5668; 400.017
0.5694; 400.02
0.572; 400.024
0.5746; 400.029
0.5772; 400.034
0.5798; 400.041
0.5824; 400.048
0.585; 400.057
0.5876; 400.068
0.5902; 400.08
0.5928; 400.094
0.5954; 400.111
0.598; 400.13
0.6006; 400.152
0.6032; 400.178
0.6058; 400.207
0.6084; 400.241
0.611; 400.28
0.6136; 400.325
0.6162; 400.376
0.6188; 400.435
0.6214; 400.501
0.624; 400.577
0.6266; 400.663
0.6292; 400.761
0.6318; 400.872
0.6344; 400.997
0.637; 401.138
0.6396; 401.296
0.6422; 401.475
0.6448; 401.675
0.6474; 401.899
0.65; 402.149
0.6526; 402.428
0.6552; 402.739
0.6578; 403.085
0.6604; 403.469
0.663; 403.894
0.6656; 404.365
0.6682; 404.884
0.6708; 405.455
0.6734; 406.084
0.676; 406.773
0.6786; 407.528
0.6812; 408.353
0.6838; 409.253
0.6864; 410.232
0.689; 411.294
0.6916; 412.446
0.6942; 413.69
0.6968; 415.032
0.6994; 416.476
0.702; 418.025
0.7046; 419.684
0.7072; 421.456
0.7098; 423.344
0.7124; 425.351
0.715; 427.478
0.7176; 429.728
0.7202; 432.1
0.7228; 434.596
0.7254; 437.215
0.728; 439.956
0.7306; 442.817
0.7332; 445.797
0.7358; 448.89
0.7384; 452.095
0.741; 455.407
0.7436; 458.821
0.7462; 462.331
0.7488; 465.933
0.7514; 469.621
0.754; 473.39
0.7566; 477.235
0.7592; 481.153
0.7618; 485.139
0.7644; 489.193
0.767; 493.312
0.7696; 497.495
0.7722; 501.738
0.7748; 506.029
0.7774; 510.354
0.78; 514.699
0.7826; 519.051
0.7852; 523.396
0.7878; 527.717
0.7904; 531.999
0.793; 536.231
0.7956; 540.406
0.7982; 544.523
0.8008; 548.579
0.8034; 552.572
0.806; 556.5
0.8086; 560.361
0.8112; 564.148
0.8138; 567.857
0.8164; 571.488
0.819; 575.452
0.8216; 579.618
0.8242; 583.591
0.8268; 587.379
0.8294; 590.996
0.832; 594.455
0.8346; 597.773
0.8372; 600.97
0.8398; 604.074
0.8424; 607.123
0.845; 610.173
0.8476; 613.12
0.8502; 615.882
0.8528; 618.539
0.8554; 621.18
0.858; 623.836
0.8606; 626.519
0.8632; 629.239
0.8658; 632
0.8684; 634.807
0.871; 637.664
0.8736; 640.573
0.8762; 643.537
0.8788; 646.56
0.8814; 649.648
0.884; 652.805
0.8866; 656.173
0.8892; 659.807
0.8918; 663.488
0.8944; 667.206
0.897; 670.94
0.8996; 674.658
0.9022; 678.324
0.9048; 681.9
0.9074; 685.347
0.91; 688.628
0.9126; 691.706
0.9152; 694.546
0.9178; 697.119
0.9204; 699.399
0.923; 701.364
0.9256; 702.999
0.9282; 704.293
0.9308; 705.24
0.9334; 705.841
0.936; 706.098
0.9386; 706.021
0.9412; 705.622
0.9438; 704.916
0.9464; 703.923
0.949; 702.663
0.9516; 701.159
0.9542; 699.435
0.9568; 697.519
0.9594; 695.435
0.962; 693.211
0.9646; 690.876
0.9672; 688.456
0.9698; 685.982
0.9724; 683.481
0.975; 680.982
0.9776; 678.514
0.9802; 676.108
0.9828; 673.793
0.9854; 671.599
0.988; 669.557
0.9906; 667.696
0.9932; 666.047
0.9958; 664.636
0.9984; 663.491
1.001; 662.634
1.0036; 662.096
1.0062; 662.017
1.0088; 662.102
1.0114; 662.364
1.014; 662.82
1.0166; 663.466
1.0192; 664.298
1.0218; 665.31
1.0244; 666.491
1.027; 667.833
1.0296; 669.323
1.0322; 670.947
1.0348; 672.691
1.0374; 674.538
1.04; 676.468
1.0426; 678.46
1.0452; 680.49
1.0478; 682.709
1.0504; 685.285
1.053; 687.993
1.0556; 690.785
1.0582; 693.608
1.0608; 696.408
1.0634; 699.132
1.066; 701.727
1.0686; 704.142
1.0712; 706.33
1.0738; 708.247
1.0764; 709.854
1.079; 711.121
1.0816; 712.019
1.0842; 712.531
1.0868; 712.645
1.0894; 712.355
1.092; 711.666
1.0946; 710.586
1.0972; 709.135
1.0998; 707.337
1.1024; 705.223
1.105; 702.831
1.1076; 700.203
1.1102; 697.387
1.1128; 694.434
1.1154; 691.398
1.118; 688.333
1.1206; 685.296
1.1232; 682.342
1.1258; 679.524
1.1284; 676.889
1.131; 674.479
1.1336; 672.323
1.1362; 670.438
1.1388; 669.085
1.1414; 668.147
1.144; 667.418
1.1466; 666.961
1.1492; 666.807
1.1518; 666.925
1.1544; 667.316
1.157; 667.965
1.1596; 668.86
1.1622; 669.99
1.1648; 671.343
1.1674; 672.902
1.17; 674.653
1.1726; 676.577
1.1752; 678.657
1.1778; 681.183
1.1804; 684.245
1.183; 687.543
1.1856; 691.032
1.1882; 694.663
1.1908; 698.385
1.1934; 702.148
1.196; 705.905
1.1986; 709.614
1.2012; 713.233
1.2038; 716.729
1.2064; 720.07
1.209; 723.233
1.2116; 726.199
1.2142; 728.953
1.2168; 731.487
1.2194; 733.795
1.222; 735.876
1.2246; 737.734
1.2272; 739.373
1.2298; 740.8
1.2324; 742.023
1.235; 743.05
1.2376; 743.891
1.2402; 744.552
1.2428; 745.041
1.2454; 745.365
1.248; 745.525
