0.0026; 400
0.0052; 400
0.0078; 400
0.0104; 400
0.013; 400
0.0156; 400
0.0182; 400
0.0208; 400
0.0234; 400
0.026; 400
0.0286; 400
0.0312; 400
0.0338; 400
0.0364; 400
0.039; 400
0.0416; 400
0.0442; 400
0.0468; 400
0.0494; 400
0.052; 400
0.0546; 400
0.0572; 400
0.0598; 400
0.0624; 400
0.065; 400
0.0676; 400
0.0702; 400
0.0728; 400
0.0754; 400
0.078; 400
0.0806; 400
0.0832; 400
0.0858; 400
0.0884; 400
0.091; 400
0.0936; 400
0.0962; 400
0.0988; 400
0.1014; 400
0.104; 400
0.1066; 400
0.1092; 400
0.1118; 400
0.1144; 400
0.117; 400
0.1196; 400
0.1222; 400
0.1248; 400
0.1274; 400
0.13; 400
0.1326; 400
0.1352; 400
0.1378; 400
0.1404; 400
0.143; 400
0.1456; 400
0.1482; 400
0.1508; 400
0.1534; 400
0.156; 400
0.1586; 400
0.1612; 400
0.1638; 400
0.1664; 400
0.169; 400
0.1716; 400
0.1742; 400
0.1768; 400
0.1794; 400
0.182; 400
0.1846; 400
0.1872; 400
0.1898; 400
0.1924; 400
0.195; 400
0.1976; 400
0.2002; 400
0.2028; 400
0.2054; 400
0.208; 400
0.2106; 400
0.2132; 400
0.2158; 400
0.2184; 400
0.221; 400
0.2236; 400
0.2262; 400
0.2288; 400
0.2314; 400
0.234; 400
0.2366; 400
0.2392; 400
0.2418; 400
0.2444; 400
0.247; 400
0.2496; 400
0.2522; 400
0.2548; 400
0.2574; 400
0.26; 400
0.2626; 400
0.2652; 400
0.2678; 400
0.2704; 400
0.273; 400
0.2756; 400
0.2782; 400
0.2808; 400
0.2834; 400
0.286; 400.001
0.2886; 400.001
0.2912; 400.001
0.2938; 400.001
0.2964; 400.001
0.299; 400.001
0.3016; 400.001
0.3042; 400.001
0.3068; 400.001
0.3094; 400.002
0.312; 400.002
0.3146; 400.002
0.3172; 400.002
0.3198; 400.002
0.3224; 400.002
0.325; 400.002
0.3276; 400.003
0.3302; 400.003
0.3328; 400.003
0.3354; 400.003
0.338; 400.004
0.3406; 400.004
0.3432; 400.005
0.3458; 400.005
0.3484; 400.006
0.351; 400.006
0.3536; 400.007
0.3562; 400.007
0.3588; 400.008
0.3614; 400.009
0.364; 400.01
0.3666; 400.011
0.3692; 400.012
0.3718; 400.013
0.3744; 400.014
0.377; 400.016
0.3796; 400.017
0.3822; 400.019
0.3848; 400.021
0.3874; 400.023
0.39; 400.025
0.3926; 400.028
0.3952; 400.03
0.3978; 400.033
0.4004; 400.037
0.403; 400.04
0.4056; 400.044
0.4082; 400.049
0.4108; 400.054
0.4134; 400.059
0.416; 400.065
0.4186; 400.071
0.4212; 400.078
0.4238; 400.086
0.4264; 400.094
0.429; 400.103
0.4316; 400.113
0.4342; 400.124
0.4368; 400.136
0.4394; 400.149
0.442; 400.163
0.4446; 400.178
0.4472; 400.195
0.4498; 400.213
0.4524; 400.232
0.455; 400.254
0.4576; 400.277
0.4602; 400.301
0.4628; 400.328
0.4654; 400.358
0.468; 400.389
0.4706; 400.423
0.4732; 400.46
0.4758; 400.499
0.4784; 400.542
0.481; 400.588
0.4836; 400.638
0.4862; 400.691
0.4888; 400.748
0.4914; 400.809
0.494; 400.875
0.4966; 400.946
0.4992; 401.022
0.5018; 401.103
0.5044; 401.19
0.507; 401.283
0.5096; 401.382
0.5122; 401.488
0.5148; 401.601
0.5174; 401.722
0.52; 401.85
0.5226; 401.987
0.5252; 402.133
0.5278; 402.288
0.5304; 402.452
0.533; 402.627
0.5356; 402.813
0.5382; 403.009
0.5408; 403.218
0.5434; 403.438
0.546; 403.671
0.5486; 403.918
0.5512; 404.179
0.5538; 404.454
0.5564; 404.745
0.559; 405.051
0.5616; 405.374
0.5642; 405.714
0.5668; 406.071
0.5694; 406.447
0.572; 406.842
0.5746; 407.256
0.5772; 407.692
0.5798; 408.148
0.5824; 408.626
0.585; 409.126
0.5876; 409.65
0.5902; 410.197
0.5928; 410.77
0.5954; 411.367
0.598; 411.991
0.6006; 412.641
0.6032; 413.318
0.6058; 414.024
0.6084; 414.758
0.611; 415.522
0.6136; 416.316
0.6162; 417.14
0.6188; 417.995
0.6214; 418.883
0.624; 419.803
0.6266; 420.755
0.6292; 421.742
0.6318; 422.762
0.6344; 423.817
0.637; 424.906
0.6396; 426.031
0.6422; 427.192
0.6448; 428.389
0.6474; 429.623
0.65; 430.893
0.6526; 432.2
0.6552; 433.545
0.6578; 434.927
0.6604; 436.346
0.663; 437.804
0.6656; 439.299
0.6682; 440.831
0.6708; 442.402
0.6734; 444.01
0.676; 445.656
0.6786; 447.339
0.6812; 449.06
0.6838; 450.817
0.6864; 452.612
0.689; 454.442
0.6916; 456.309
0.6942; 458.211
0.6968; 460.149
0.6994; 462.12
0.702; 464.126
0.7046; 466.166
0.7072; 468.238
0.7098; 470.342
0.7124; 472.477
0.715; 474.643
0.7176; 476.839
0.7202; 479.064
0.7228; 481.316
0.7254; 483.596
0.728; 485.902
0.7306; 488.233
0.7332; 490.589
0.7358; 492.969
0.7384; 495.371
0.741; 497.794
0.7436; 500.239
0.7462; 502.705
0.7488; 505.191
0.7514; 507.698
0.754; 510.225
0.7566; 512.774
0.7592; 515.347
0.7618; 517.945
0.7644; 520.572
0.767; 523.23
0.7696; 525.923
0.7722; 528.649
0.7748; 531.408
0.7774; 534.192
0.78; 536.999
0.7826; 539.821
0.7852; 542.652
0.7878; 545.484
0.7904; 548.308
0.793; 551.119
0.7956; 553.914
0.7982; 556.691
0.8008; 559.449
0.8034; 562.188
0.806; 564.908
0.8086; 567.608
0.8112; 570.29
0.8138; 572.957
0.8164; 575.625
0.819; 578.538
0.8216; 581.655
0.8242; 584.747
0.8268; 587.806
0.8294; 590.835
0.832; 593.837
0.8346; 596.813
0.8372; 599.763
0.8398; 602.689
0.8424; 605.598
0.845; 608.509
0.8476; 611.28
0.8502; 613.833
0.8528; 616.259
0.8554; 618.628
0.858; 620.963
0.8606; 623.269
0.8632; 625.549
0.8658; 627.802
0.8684; 630.03
0.871; 632.233
0.8736; 634.411
0.8762; 636.567
0.8788; 638.702
0.8814; 640.821
0.884; 642.917
0.8866; 645.029
0.8892; 647.167
0.8918; 649.216
0.8944; 651.188
0.897; 653.089
0.8996; 654.922
0.9022; 656.688
0.9048; 658.386
0.9074; 660.017
0.91; 661.58
0.9126; 663.074
0.9152; 664.5
0.9178; 665.859
0.9204; 667.149
0.923; 668.374
0.9256; 669.533
0.9282; 670.628
0.9308; 671.662
0.9334; 672.636
0.936; 673.552
0.9386; 674.413
0.9412; 675.222
0.9438; 675.982
0.9464; 676.695
0.949; 677.364
0.9516; 677.992
0.9542; 678.582
0.9568; 679.137
0.9594; 679.661
0.962; 680.155
0.9646; 680.624
0.9672; 681.07
0.9698; 681.495
0.9724; 681.903
0.975; 682.295
0.9776; 682.674
0.9802; 683.042
0.9828; 683.401
0.9854; 683.751
0.988; 684.093
0.9906; 684.429
0.9932; 684.759
0.9958; 685.082
0.9984; 685.399
1.001; 685.706
1.0036; 686.012
1.0062; 686.37
1.0088; 686.721
1.0114; 687.08
1.014; 687.447
1.0166; 687.816
1.0192; 688.185
1.0218; 688.554
1.0244; 688.92
1.027; 689.283
1.0296; 689.641
1.0322; 689.993
1.0348; 690.338
1.0374; 690.675
1.04; 691.004
1.0426; 691.322
1.0452; 691.628
1.0478; 691.947
1.0504; 692.267
1.053; 692.566
1.0556; 692.846
1.0582; 693.11
1.0608; 693.359
1.0634; 693.595
1.066; 693.818
1.0686; 694.03
1.0712; 694.232
1.0738; 694.423
1.0764; 694.604
1.079; 694.777
1.0816; 694.943
1.0842; 695.102
1.0868; 695.255
1.0894; 695.404
1.092; 695.55
1.0946; 695.694
1.0972; 695.837
1.0998; 695.981
1.1024; 696.127
1.105; 696.277
1.1076; 696.431
1.1102; 696.592
1.1128; 696.759
1.1154; 696.935
1.118; 697.121
1.1206; 697.318
1.1232; 697.528
1.1258; 697.752
1.1284; 697.992
1.131; 698.249
1.1336; 698.519
1.1362; 698.789
1.1388; 699.118
1.1414; 699.501
1.144; 699.892
1.1466; 700.309
1.1492; 700.755
1.1518; 701.215
1.1544; 701.69
1.157; 702.176
1.1596; 702.672
1.1622; 703.175
1.1648; 703.684
1.1674; 704.197
1.17; 704.713
1.1726; 705.228
1.1752; 705.74
1.1778; 706.343
1.1804; 707.043
1.183; 707.743
1.1856; 708.446
1.1882; 709.149
1.1908; 709.85
1.1934; 710.547
1.196; 711.238
1.1986; 711.922
1.2012; 712.595
1.2038; 713.254
1.2064; 713.898
1.209; 714.524
1.2116; 715.127
1.2142; 715.707
1.2168; 716.258
1.2194; 716.78
1.222; 717.269
1.2246; 717.723
1.2272; 718.138
1.2298; 718.514
1.2324; 718.847
1.235; 719.137
1.2376; 719.38
1.2402; 719.577
1.2428; 719.726
1.2454; 719.825
1.248; 719.875
