0.0026; 400
0.0052; 400
0.0078; 400
0.0104; 400
0.013; 400
0.0156; 400
0.0182; 400
0.0208; 400
0.0234; 400
0.026; 400
0.0286; 400
0.0312; 400
0.0338; 400
0.0364; 400
0.039; 400
0.0416; 400
0.0442; 400
0.0468; 400
0.0494; 400
0.052; 400
0.0546; 400
0.0572; 400
0.0598; 400
0.0624; 400
0.065; 400
0.0676; 400
0.0702; 400
0.0728; 400
0.0754; 400
0.078; 400
0.0806; 400
0.0832; 400
0.0858; 400
0.0884; 400
0.091; 400
0.0936; 400
0.0962; 400
0.0988; 400
0.1014; 400
0.104; 400
0.1066; 400
0.1092; 400
0.1118; 400
0.1144; 400
0.117; 400
0.1196; 400
0.1222; 400
0.1248; 400
0.1274; 400
0.13; 400
0.1326; 400
0.1352; 400
0.1378; 400
0.1404; 400
0.143; 400
0.1456; 400
0.1482; 400
0.1508; 400
0.1534; 400
0.156; 400
0.1586; 400
0.1612; 400
0.1638; 400
0.1664; 400
0.169; 400
0.1716; 400
0.1742; 400
0.1768; 400
0.1794; 400
0.182; 400
0.1846; 400
0.1872; 400
0.1898; 400
0.1924; 400
0.195; 400
0.1976; 400
0.2002; 400
0.2028; 400
0.2054; 400
0.208; 400
0.2106; 400
0.2132; 400
0.2158; 400
0.2184; 400
0.221; 400
0.2236; 400
0.2262; 400
0.2288; 400
0.2314; 400
0.234; 400
0.2366; 400
0.2392; 400
0.2418; 400
0.2444; 400
0.247; 400
0.2496; 400
0.2522; 400
0.2548; 400
0.2574; 400
0.26; 400
0.2626; 400
0.2652; 400
0.2678; 400
0.2704; 400
0.273; 400
0.2756; 400
0.2782; 400
0.2808; 400
0.2834; 400.001
0.286; 400.001
0.2886; 400.001
0.2912; 400.001
0.2938; 400.001
0.2964; 400.001
0.299; 400.001
0.3016; 400.001
0.3042; 400.001
0.3068; 400.002
0.3094; 400.002
0.312; 400.002
0.3146; 400.002
0.3172; 400.002
0.3198; 400.002
0.3224; 400.002
0.325; 400.003
0.3276; 400.003
0.3302; 400.003
0.3328; 400.003
0.3354; 400.004
0.338; 400.004
0.3406; 400.004
0.3432; 400.005
0.3458; 400.005
0.3484; 400.006
0.351; 400.006
0.3536; 400.007
0.3562; 400.008
0.3588; 400.009
0.3614; 400.009
0.364; 400.01
0.3666; 400.011
0.3692; 400.012
0.3718; 400.014
0.3744; 400.015
0.377; 400.017
0.3796; 400.018
0.3822; 400.02
0.3848; 400.022
0.3874; 400.024
0.39; 400.027
0.3926; 400.029
0.3952; 400.032
0.3978; 400.035
0.4004; 400.039
0.403; 400.043
0.4056; 400.047
0.4082; 400.052
0.4108; 400.057
0.4134; 400.062
0.416; 400.069
0.4186; 400.075
0.4212; 400.083
0.4238; 400.091
0.4264; 400.099
0.429; 400.109
0.4316; 400.119
0.4342; 400.131
0.4368; 400.143
0.4394; 400.156
0.442; 400.171
0.4446; 400.187
0.4472; 400.204
0.4498; 400.223
0.4524; 400.243
0.455; 400.265
0.4576; 400.289
0.4602; 400.315
0.4628; 400.343
0.4654; 400.373
0.468; 400.405
0.4706; 400.441
0.4732; 400.479
0.4758; 400.519
0.4784; 400.564
0.481; 400.611
0.4836; 400.662
0.4862; 400.717
0.4888; 400.776
0.4914; 400.839
0.494; 400.907
0.4966; 400.979
0.4992; 401.057
0.5018; 401.14
0.5044; 401.23
0.507; 401.325
0.5096; 401.426
0.5122; 401.535
0.5148; 401.651
0.5174; 401.774
0.52; 401.906
0.5226; 402.045
0.5252; 402.194
0.5278; 402.352
0.5304; 402.52
0.533; 402.698
0.5356; 402.887
0.5382; 403.087
0.5408; 403.299
0.5434; 403.524
0.546; 403.761
0.5486; 404.012
0.5512; 404.277
0.5538; 404.556
0.5564; 404.851
0.559; 405.162
0.5616; 405.489
0.5642; 405.834
0.5668; 406.196
0.5694; 406.577
0.572; 406.976
0.5746; 407.396
0.5772; 407.836
0.5798; 408.297
0.5824; 408.781
0.585; 409.286
0.5876; 409.815
0.5902; 410.368
0.5928; 410.946
0.5954; 411.548
0.598; 412.177
0.6006; 412.833
0.6032; 413.515
0.6058; 414.226
0.6084; 414.966
0.611; 415.735
0.6136; 416.533
0.6162; 417.363
0.6188; 418.223
0.6214; 419.116
0.624; 420.04
0.6266; 420.998
0.6292; 421.988
0.6318; 423.013
0.6344; 424.072
0.637; 425.166
0.6396; 426.295
0.6422; 427.46
0.6448; 428.661
0.6474; 429.898
0.65; 431.171
0.6526; 432.482
0.6552; 433.829
0.6578; 435.214
0.6604; 436.636
0.663; 438.095
0.6656; 439.592
0.6682; 441.126
0.6708; 442.698
0.6734; 444.308
0.676; 445.955
0.6786; 447.639
0.6812; 449.359
0.6838; 451.117
0.6864; 452.911
0.689; 454.741
0.6916; 456.607
0.6942; 458.508
0.6968; 460.444
0.6994; 462.415
0.702; 464.419
0.7046; 466.456
0.7072; 468.525
0.7098; 470.627
0.7124; 472.759
0.715; 474.922
0.7176; 477.114
0.7202; 479.335
0.7228; 481.583
0.7254; 483.859
0.728; 486.16
0.7306; 488.487
0.7332; 490.838
0.7358; 493.212
0.7384; 495.609
0.741; 498.027
0.7436; 500.466
0.7462; 502.926
0.7488; 505.406
0.7514; 507.906
0.754; 510.426
0.7566; 512.969
0.7592; 515.535
0.7618; 518.126
0.7644; 520.745
0.767; 523.396
0.7696; 526.081
0.7722; 528.799
0.7748; 531.549
0.7774; 534.326
0.78; 537.123
0.7826; 539.936
0.7852; 542.758
0.7878; 545.581
0.7904; 548.396
0.793; 551.198
0.7956; 553.984
0.7982; 556.752
0.8008; 559.501
0.8034; 562.231
0.806; 564.942
0.8086; 567.633
0.8112; 570.306
0.8138; 572.963
0.8164; 575.623
0.819; 578.526
0.8216; 581.634
0.8242; 584.715
0.8268; 587.763
0.8294; 590.781
0.832; 593.773
0.8346; 596.738
0.8372; 599.678
0.8398; 602.594
0.8424; 605.492
0.845; 608.393
0.8476; 611.154
0.8502; 613.699
0.8528; 616.116
0.8554; 618.477
0.858; 620.804
0.8606; 623.103
0.8632; 625.376
0.8658; 627.622
0.8684; 629.844
0.871; 632.04
0.8736; 634.213
0.8762; 636.364
0.8788; 638.494
0.8814; 640.608
0.884; 642.7
0.8866; 644.808
0.8892; 646.942
0.8918; 648.988
0.8944; 650.956
0.897; 652.856
0.8996; 654.688
0.9022; 656.452
0.9048; 658.15
0.9074; 659.781
0.91; 661.345
0.9126; 662.841
0.9152; 664.27
0.9178; 665.631
0.9204; 666.925
0.923; 668.153
0.9256; 669.316
0.9282; 670.417
0.9308; 671.455
0.9334; 672.435
0.936; 673.357
0.9386; 674.225
0.9412; 675.04
0.9438; 675.806
0.9464; 676.526
0.949; 677.202
0.9516; 677.837
0.9542; 678.434
0.9568; 678.996
0.9594; 679.526
0.962; 680.028
0.9646; 680.503
0.9672; 680.955
0.9698; 681.386
0.9724; 681.799
0.975; 682.197
0.9776; 682.582
0.9802; 682.955
0.9828; 683.318
0.9854; 683.671
0.988; 684.018
0.9906; 684.357
0.9932; 684.689
0.9958; 685.015
0.9984; 685.333
1.001; 685.642
1.0036; 685.949
1.0062; 686.308
1.0088; 686.66
1.0114; 687.02
1.014; 687.387
1.0166; 687.756
1.0192; 688.126
1.0218; 688.495
1.0244; 688.862
1.027; 689.224
1.0296; 689.582
1.0322; 689.934
1.0348; 690.279
1.0374; 690.617
1.04; 690.945
1.0426; 691.263
1.0452; 691.57
1.0478; 691.889
1.0504; 692.209
1.053; 692.509
1.0556; 692.79
1.0582; 693.054
1.0608; 693.305
1.0634; 693.542
1.066; 693.768
1.0686; 693.982
1.0712; 694.186
1.0738; 694.379
1.0764; 694.564
1.079; 694.741
1.0816; 694.91
1.0842; 695.073
1.0868; 695.231
1.0894; 695.385
1.092; 695.536
1.0946; 695.685
1.0972; 695.834
1.0998; 695.984
1.1024; 696.136
1.105; 696.291
1.1076; 696.451
1.1102; 696.617
1.1128; 696.791
1.1154; 696.972
1.118; 697.163
1.1206; 697.365
1.1232; 697.579
1.1258; 697.808
1.1284; 698.052
1.131; 698.312
1.1336; 698.585
1.1362; 698.857
1.1388; 699.188
1.1414; 699.572
1.144; 699.964
1.1466; 700.381
1.1492; 700.826
1.1518; 701.286
1.1544; 701.761
1.157; 702.246
1.1596; 702.74
1.1622; 703.241
1.1648; 703.748
1.1674; 704.259
1.17; 704.771
1.1726; 705.283
1.1752; 705.791
1.1778; 706.39
1.1804; 707.084
1.183; 707.779
1.1856; 708.475
1.1882; 709.171
1.1908; 709.865
1.1934; 710.554
1.196; 711.237
1.1986; 711.912
1.2012; 712.576
1.2038; 713.227
1.2064; 713.862
1.209; 714.478
1.2116; 715.073
1.2142; 715.643
1.2168; 716.187
1.2194; 716.7
1.222; 717.181
1.2246; 717.628
1.2272; 718.036
1.2298; 718.406
1.2324; 718.734
1.235; 719.018
1.2376; 719.258
1.2402; 719.451
1.2428; 719.597
1.2454; 719.695
1.248; 719.744
