0.0026; 400
0.0052; 400
0.0078; 400
0.0104; 400
0.013; 400
0.0156; 400
0.0182; 400
0.0208; 400
0.0234; 400
0.026; 400
0.0286; 400
0.0312; 400
0.0338; 400
0.0364; 400
0.039; 400
0.0416; 400
0.0442; 400
0.0468; 400
0.0494; 400
0.052; 400
0.0546; 400
0.0572; 400
0.0598; 400
0.0624; 400
0.065; 400
0.0676; 400
0.0702; 400
0.0728; 400
0.0754; 400
0.078; 400
0.0806; 400
0.0832; 400
0.0858; 400
0.0884; 400
0.091; 400
0.0936; 400
0.0962; 400
0.0988; 400
0.1014; 400
0.104; 400
0.1066; 400
0.1092; 400
0.1118; 400
0.1144; 400
0.117; 400
0.1196; 400
0.1222; 400
0.1248; 400
0.1274; 400
0.13; 400
0.1326; 400
0.1352; 400
0.1378; 400
0.1404; 400
0.143; 400
0.1456; 400
0.1482; 400
0.1508; 400
0.1534; 400
0.156; 400
0.1586; 400
0.1612; 400
0.1638; 400
0.1664; 400
0.169; 400
0.1716; 400
0.1742; 400
0.1768; 400
0.1794; 400
0.182; 400
0.1846; 400
0.1872; 400
0.1898; 400
0.1924; 400
0.195; 400
0.1976; 400
0.2002; 400
0.2028; 400
0.2054; 400
0.208; 400
0.2106; 400
0.2132; 400
0.2158; 400
0.2184; 400
0.221; 400
0.2236; 400
0.2262; 400
0.2288; 400
0.2314; 400
0.234; 400
0.2366; 400
0.2392; 400
0.2418; 400
0.2444; 400
0.247; 400
0.2496; 400
0.2522; 400
0.2548; 400
0.2574; 400
0.26; 400
0.2626; 400
0.2652; 400
0.2678; 400
0.2704; 400
0.273; 400
0.2756; 400
0.2782; 400
0.2808; 400
0.2834; 400
0.286; 400
0.2886; 400
0.2912; 400
0.2938; 400
0.2964; 400
0.299; 400
0.3016; 400
0.3042; 400
0.3068; 400
0.3094; 400
0.312; 400
0.3146; 400
0.3172; 400
0.3198; 400
0.3224; 400
0.325; 400
0.3276; 400
0.3302; 400
0.3328; 400
0.3354; 400
0.338; 400
0.3406; 400
0.3432; 400
0.3458; 400
0.3484; 400
0.351; 400
0.3536; 400.001
0.3562; 400.001
0.3588; 400.001
0.3614; 400.001
0.364; 400.001
0.3666; 400.001
0.3692; 400.001
0.3718; 400.001
0.3744; 400.001
0.377; 400.002
0.3796; 400.002
0.3822; 400.002
0.3848; 400.002
0.3874; 400.002
0.39; 400.003
0.3926; 400.003
0.3952; 400.003
0.3978; 400.004
0.4004; 400.004
0.403; 400.005
0.4056; 400.005
0.4082; 400.006
0.4108; 400.007
0.4134; 400.008
0.416; 400.008
0.4186; 400.009
0.4212; 400.011
0.4238; 400.012
0.4264; 400.013
0.429; 400.015
0.4316; 400.017
0.4342; 400.018
0.4368; 400.021
0.4394; 400.023
0.442; 400.026
0.4446; 400.029
0.4472; 400.032
0.4498; 400.036
0.4524; 400.04
0.455; 400.045
0.4576; 400.05
0.4602; 400.056
0.4628; 400.063
0.4654; 400.07
0.468; 400.078
0.4706; 400.087
0.4732; 400.097
0.4758; 400.108
0.4784; 400.12
0.481; 400.133
0.4836; 400.148
0.4862; 400.164
0.4888; 400.182
0.4914; 400.201
0.494; 400.223
0.4966; 400.246
0.4992; 400.272
0.5018; 400.301
0.5044; 400.332
0.507; 400.366
0.5096; 400.403
0.5122; 400.443
0.5148; 400.488
0.5174; 400.536
0.52; 400.588
0.5226; 400.645
0.5252; 400.707
0.5278; 400.775
0.5304; 400.848
0.533; 400.927
0.5356; 401.013
0.5382; 401.106
0.5408; 401.206
0.5434; 401.314
0.546; 401.43
0.5486; 401.556
0.5512; 401.691
0.5538; 401.837
0.5564; 401.993
0.559; 402.161
0.5616; 402.341
0.5642; 402.533
0.5668; 402.74
0.5694; 402.96
0.572; 403.196
0.5746; 403.447
0.5772; 403.716
0.5798; 404.001
0.5824; 404.305
0.585; 404.629
0.5876; 404.972
0.5902; 405.337
0.5928; 405.724
0.5954; 406.134
0.598; 406.567
0.6006; 407.026
0.6032; 407.511
0.6058; 408.022
0.6084; 408.562
0.611; 409.13
0.6136; 409.728
0.6162; 410.358
0.6188; 411.019
0.6214; 411.714
0.624; 412.442
0.6266; 413.205
0.6292; 414.004
0.6318; 414.84
0.6344; 415.714
0.637; 416.627
0.6396; 417.579
0.6422; 418.571
0.6448; 419.605
0.6474; 420.68
0.65; 421.799
0.6526; 422.96
0.6552; 424.166
0.6578; 425.417
0.6604; 426.712
0.663; 428.053
0.6656; 429.44
0.6682; 430.874
0.6708; 432.355
0.6734; 433.882
0.676; 435.457
0.6786; 437.078
0.6812; 438.748
0.6838; 440.464
0.6864; 442.228
0.689; 444.038
0.6916; 445.895
0.6942; 447.799
0.6968; 449.749
0.6994; 451.744
0.702; 453.784
0.7046; 455.869
0.7072; 457.997
0.7098; 460.168
0.7124; 462.381
0.715; 464.635
0.7176; 466.93
0.7202; 469.263
0.7228; 471.635
0.7254; 474.044
0.728; 476.488
0.7306; 478.968
0.7332; 481.48
0.7358; 484.025
0.7384; 486.601
0.741; 489.206
0.7436; 491.841
0.7462; 494.504
0.7488; 497.194
0.7514; 499.911
0.754; 502.656
0.7566; 505.43
0.7592; 508.234
0.7618; 511.07
0.7644; 513.942
0.767; 516.853
0.7696; 519.806
0.7722; 522.803
0.7748; 525.839
0.7774; 528.909
0.78; 532.008
0.7826; 535.129
0.7852; 538.263
0.7878; 541.401
0.7904; 544.534
0.793; 547.653
0.7956; 550.755
0.7982; 553.839
0.8008; 556.901
0.8034; 559.942
0.806; 562.961
0.8086; 565.957
0.8112; 568.931
0.8138; 571.885
0.8164; 574.841
0.819; 578.065
0.8216; 581.52
0.8242; 584.956
0.8268; 588.363
0.8294; 591.743
0.832; 595.099
0.8346; 598.431
0.8372; 601.738
0.8398; 605.023
0.8424; 608.292
0.845; 611.565
0.8476; 614.684
0.8502; 617.556
0.8528; 620.282
0.8554; 622.939
0.858; 625.549
0.8606; 628.12
0.8632; 630.652
0.8658; 633.147
0.8684; 635.604
0.871; 638.024
0.8736; 640.407
0.8762; 642.755
0.8788; 645.069
0.8814; 647.352
0.884; 649.602
0.8866; 651.872
0.8892; 654.156
0.8918; 656.33
0.8944; 658.406
0.897; 660.391
0.8996; 662.286
0.9022; 664.092
0.9048; 665.806
0.9074; 667.43
0.91; 668.962
0.9126; 670.403
0.9152; 671.752
0.9178; 673.009
0.9204; 674.177
0.923; 675.256
0.9256; 676.249
0.9282; 677.159
0.9308; 677.988
0.9334; 678.74
0.936; 679.42
0.9386; 680.031
0.9412; 680.577
0.9438; 681.063
0.9464; 681.495
0.949; 681.877
0.9516; 682.214
0.9542; 682.511
0.9568; 682.774
0.9594; 683.008
0.962; 683.217
0.9646; 683.408
0.9672; 683.584
0.9698; 683.751
0.9724; 683.913
0.975; 684.075
0.9776; 684.239
0.9802; 684.409
0.9828; 684.588
0.9854; 684.779
0.988; 684.984
0.9906; 685.204
0.9932; 685.441
0.9958; 685.694
0.9984; 685.964
1.001; 686.249
1.0036; 686.554
1.0062; 686.926
1.0088; 687.297
1.0114; 687.686
1.014; 688.09
1.0166; 688.505
1.0192; 688.927
1.0218; 689.356
1.0244; 689.788
1.027; 690.22
1.0296; 690.652
1.0322; 691.08
1.0348; 691.503
1.0374; 691.918
1.04; 692.323
1.0426; 692.715
1.0452; 693.093
1.0478; 693.484
1.0504; 693.879
1.053; 694.247
1.0556; 694.588
1.0582; 694.903
1.0608; 695.19
1.0634; 695.449
1.066; 695.678
1.0686; 695.878
1.0712; 696.047
1.0738; 696.185
1.0764; 696.292
1.079; 696.368
1.0816; 696.416
1.0842; 696.435
1.0868; 696.427
1.0894; 696.396
1.092; 696.342
1.0946; 696.27
1.0972; 696.182
1.0998; 696.082
1.1024; 695.973
1.105; 695.861
1.1076; 695.747
1.1102; 695.638
1.1128; 695.536
1.1154; 695.447
1.118; 695.374
1.1206; 695.322
1.1232; 695.295
1.1258; 695.296
1.1284; 695.331
1.131; 695.401
1.1336; 695.505
1.1362; 695.631
1.1388; 695.85
1.1414; 696.148
1.144; 696.469
1.1466; 696.834
1.1492; 697.247
1.1518; 697.693
1.1544; 698.173
1.157; 698.683
1.1596; 699.22
1.1622; 699.783
1.1648; 700.368
1.1674; 700.975
1.17; 701.601
1.1726; 702.243
1.1752; 702.896
1.1778; 703.675
1.1804; 704.594
1.183; 705.545
1.1856; 706.526
1.1882; 707.533
1.1908; 708.561
1.1934; 709.606
1.196; 710.663
1.1986; 711.725
1.2012; 712.787
1.2038; 713.844
1.2064; 714.888
1.209; 715.913
1.2116; 716.912
1.2142; 717.88
1.2168; 718.809
1.2194; 719.694
1.222; 720.528
1.2246; 721.306
1.2272; 722.022
1.2298; 722.672
1.2324; 723.251
1.235; 723.755
1.2376; 724.18
1.2402; 724.524
1.2428; 724.785
1.2454; 724.959
1.248; 725.046
