0.00026; 301.172
0.00052; 301.173
0.00078; 301.174
0.00104; 301.176
0.0013; 301.179
0.00156; 301.183
0.00182; 301.188
0.00208; 301.193
0.00234; 301.2
0.0026; 301.208
0.00286; 301.217
0.00312; 301.226
0.00338; 301.237
0.00364; 301.249
0.0039; 301.261
0.00416; 301.275
0.00442; 301.29
0.00468; 301.305
0.00494; 301.322
0.0052; 301.34
0.00546; 301.359
0.00572; 301.378
0.00598; 301.399
0.00624; 301.421
0.0065; 301.445
0.00676; 301.469
0.00702; 301.494
0.00728; 301.521
0.00754; 301.548
0.0078; 301.577
0.00806; 301.607
0.00832; 301.638
0.00858; 301.671
0.00884; 301.705
0.0091; 301.739
0.00936; 301.776
0.00962; 301.813
0.00988; 301.852
0.01014; 301.892
0.0104; 301.933
0.01066; 301.976
0.01092; 302.021
0.01118; 302.066
0.01144; 302.113
0.0117; 302.162
0.01196; 302.212
0.01222; 302.263
0.01248; 302.317
0.01274; 302.371
0.013; 302.427
0.01326; 302.485
0.01352; 302.545
0.01378; 302.606
0.01404; 302.669
0.0143; 302.734
0.01456; 302.8
0.01482; 302.869
0.01508; 302.939
0.01534; 303.011
0.0156; 303.085
0.01586; 303.161
0.01612; 303.239
0.01638; 303.318
0.01664; 303.4
0.0169; 303.484
0.01716; 303.571
0.01742; 303.659
0.01768; 303.75
0.01794; 303.842
0.0182; 303.938
0.01846; 304.035
0.01872; 304.135
0.01898; 304.237
0.01924; 304.342
0.0195; 304.45
0.01976; 304.56
0.02002; 304.672
0.02028; 304.787
0.02054; 304.905
0.0208; 305.026
0.02106; 305.15
0.02132; 305.276
0.02158; 305.406
0.02184; 305.538
0.0221; 305.673
0.02236; 305.812
0.02262; 305.954
0.02288; 306.099
0.02314; 306.247
0.0234; 306.398
0.02366; 306.553
0.02392; 306.712
0.02418; 306.874
0.02444; 307.039
0.0247; 307.208
0.02496; 307.381
0.02522; 307.558
0.02548; 307.738
0.02574; 307.923
0.026; 308.111
0.02626; 308.304
0.02652; 308.5
0.02678; 308.701
0.02704; 308.906
0.0273; 309.115
0.02756; 309.329
0.02782; 309.548
0.02808; 309.771
0.02834; 309.998
0.0286; 310.231
0.02886; 310.468
0.02912; 310.71
0.02938; 310.957
0.02964; 311.209
0.0299; 311.466
0.03016; 311.729
0.03042; 311.997
0.03068; 312.27
0.03094; 312.549
0.0312; 312.833
0.03146; 313.124
0.03172; 313.419
0.03198; 313.721
0.03224; 314.029
0.0325; 314.343
0.03276; 314.663
0.03302; 314.989
0.03328; 315.322
0.03354; 315.661
0.0338; 316.006
0.03406; 316.358
0.03432; 316.717
0.03458; 317.083
0.03484; 317.456
0.0351; 317.836
0.03536; 318.223
0.03562; 318.618
0.03588; 319.02
0.03614; 319.429
0.0364; 319.846
0.03666; 320.271
0.03692; 320.703
0.03718; 321.144
0.03744; 321.593
0.0377; 322.049
0.03796; 322.515
0.03822; 322.988
0.03848; 323.47
0.03874; 323.961
0.039; 324.461
0.03926; 324.969
0.03952; 325.487
0.03978; 326.014
0.04004; 326.55
0.0403; 327.095
0.04056; 327.65
0.04082; 328.215
0.04108; 328.789
0.04134; 329.374
0.0416; 329.968
0.04186; 330.573
0.04212; 331.188
0.04238; 331.813
0.04264; 332.45
0.0429; 333.096
0.04316; 333.754
0.04342; 334.423
0.04368; 335.103
0.04394; 335.794
0.0442; 336.496
0.04446; 337.21
0.04472; 337.936
0.04498; 338.673
0.04524; 339.423
0.0455; 340.185
0.04576; 340.959
0.04602; 341.745
0.04628; 342.544
0.04654; 343.355
0.0468; 344.18
0.04706; 345.017
0.04732; 345.868
0.04758; 346.731
0.04784; 347.608
0.0481; 348.499
0.04836; 349.404
0.04862; 350.322
0.04888; 351.254
0.04914; 352.201
0.0494; 353.161
0.04966; 354.137
0.04992; 355.126
0.05018; 356.131
0.05044; 357.15
0.0507; 358.185
0.05096; 359.234
0.05122; 360.299
0.05148; 361.38
0.05174; 362.476
0.052; 363.588
0.05226; 364.716
0.05252; 365.86
0.05278; 367.02
0.05304; 368.196
0.0533; 369.389
0.05356; 370.599
0.05382; 371.826
0.05408; 373.069
0.05434; 374.33
0.0546; 375.608
0.05486; 376.903
0.05512; 378.216
0.05538; 379.546
0.05564; 380.895
0.0559; 382.261
0.05616; 383.646
0.05642; 385.049
0.05668; 386.47
0.05694; 387.91
0.0572; 389.368
0.05746; 390.845
0.05772; 392.342
0.05798; 393.857
0.05824; 395.392
0.0585; 396.946
0.05876; 398.52
0.05902; 400.113
0.05928; 401.726
0.05954; 403.359
0.0598; 405.012
0.06006; 406.685
0.06032; 408.379
0.06058; 410.093
0.06084; 411.827
0.0611; 413.582
0.06136; 415.358
0.06162; 417.155
0.06188; 418.973
0.06214; 420.812
0.0624; 422.673
0.06266; 424.554
0.06292; 426.458
0.06318; 428.383
0.06344; 430.329
0.0637; 432.298
0.06396; 434.288
0.06422; 436.301
0.06448; 438.335
0.06474; 440.392
0.065; 442.471
0.06526; 444.573
0.06552; 446.697
0.06578; 448.844
0.06604; 451.013
0.0663; 453.205
0.06656; 455.42
0.06682; 457.658
0.06708; 459.919
0.06734; 462.204
0.0676; 464.511
0.06786; 466.842
0.06812; 469.195
0.06838; 471.573
0.06864; 473.973
0.0689; 476.398
0.06916; 478.846
0.06942; 481.317
0.06968; 483.812
0.06994; 486.331
0.0702; 488.873
0.07046; 491.44
0.07072; 494.03
0.07098; 496.644
0.07124; 499.282
0.0715; 501.944
0.07176; 504.63
0.07202; 507.34
0.07228; 510.074
0.07254; 512.832
0.0728; 515.614
0.07306; 518.421
0.07332; 521.251
0.07358; 524.105
0.07384; 526.984
0.0741; 529.886
0.07436; 532.813
0.07462; 535.763
0.07488; 538.738
0.07514; 541.737
0.0754; 544.759
0.07566; 547.806
0.07592; 550.877
0.07618; 553.971
0.07644; 557.09
0.0767; 560.232
0.07696; 563.398
0.07722; 566.588
0.07748; 569.802
0.07774; 573.039
0.078; 576.3
0.07826; 579.585
0.07852; 582.893
0.07878; 586.224
0.07904; 589.579
0.0793; 592.957
0.07956; 596.359
0.07982; 599.783
0.08008; 603.23
0.08034; 606.701
0.0806; 610.194
0.08086; 613.71
0.08112; 617.248
0.08138; 620.809
0.08164; 624.393
0.0819; 627.999
0.08216; 631.627
0.08242; 635.276
0.08268; 638.948
0.08294; 642.642
0.0832; 646.358
0.08346; 650.094
0.08372; 653.853
0.08398; 657.632
0.08424; 661.433
0.0845; 665.254
0.08476; 669.097
0.08502; 672.96
0.08528; 676.843
0.08554; 680.747
0.0858; 684.67
0.08606; 688.614
0.08632; 692.577
0.08658; 696.56
0.08684; 700.563
0.0871; 704.584
0.08736; 708.625
0.08762; 712.684
0.08788; 716.762
0.08814; 720.858
0.0884; 724.973
0.08866; 729.105
0.08892; 733.255
0.08918; 737.423
0.08944; 741.607
0.0897; 745.809
0.08996; 750.028
0.09022; 754.263
0.09048; 758.515
0.09074; 762.783
0.091; 767.067
0.09126; 771.366
0.09152; 775.681
0.09178; 780.01
0.09204; 784.355
0.0923; 788.714
0.09256; 793.088
0.09282; 797.476
0.09308; 801.877
0.09334; 806.292
0.0936; 810.72
0.09386; 815.162
0.09412; 819.616
0.09438; 824.082
0.09464; 828.561
0.0949; 833.051
0.09516; 837.553
0.09542; 842.066
0.09568; 846.59
0.09594; 851.125
0.0962; 855.67
0.09646; 860.225
0.09672; 864.79
0.09698; 869.365
0.09724; 873.949
0.0975; 878.541
0.09776; 883.142
0.09802; 887.751
0.09828; 892.368
0.09854; 896.993
0.0988; 901.625
0.09906; 906.264
0.09932; 910.91
0.09958; 915.562
0.09984; 920.22
0.1001; 924.883
0.10036; 929.552
0.10062; 934.226
0.10088; 938.904
0.10114; 943.587
0.1014; 948.274
0.10166; 952.965
0.10192; 957.659
0.10218; 962.356
0.10244; 967.055
0.1027; 971.757
0.10296; 976.461
0.10322; 981.167
0.10348; 985.874
0.10374; 990.582
0.104; 995.291
0.10426; 1000
0.10452; 1000
0.10478; 1000
0.10504; 1000
0.1053; 1000
0.10556; 1000
0.10582; 1000
0.10608; 1000
0.10634; 1000
0.1066; 1000
0.10686; 1000
0.10712; 1000
0.10738; 1000
0.10764; 1000
0.1079; 1000
0.10816; 1000
0.10842; 1000
0.10868; 1000
0.10894; 1000
0.1092; 1000
0.10946; 1000
0.10972; 1000
0.10998; 1000
0.11024; 1000
0.1105; 1000
0.11076; 1000
0.11102; 1000
0.11128; 1000
0.11154; 1000
0.1118; 1000
0.11206; 1000
0.11232; 1000
0.11258; 1000
0.11284; 1000
0.1131; 1000
0.11336; 1000
0.11362; 1000
0.11388; 1000
0.11414; 1000
0.1144; 1000
0.11466; 1000
0.11492; 1000
0.11518; 1000
0.11544; 1000
0.1157; 1000
0.11596; 1000
0.11622; 1000
0.11648; 1000
0.11674; 1000
0.117; 1000
0.11726; 1000
0.11752; 1000
0.11778; 1000
0.11804; 1000
0.1183; 1000
0.11856; 1000
0.11882; 1000
0.11908; 1000
0.11934; 1000
0.1196; 1000
0.11986; 1000
0.12012; 1000
0.12038; 1000
0.12064; 1000
0.1209; 1000
0.12116; 1000
0.12142; 1000
0.12168; 1000
0.12194; 1000
0.1222; 1000
0.12246; 1000
0.12272; 1000
0.12298; 1000
0.12324; 1000
0.1235; 1000
0.12376; 1000
0.12402; 1000
0.12428; 1000
0.12454; 1000
0.1248; 1000
