0.00026; 0
0.00052; 0
0.00078; 0
0.00104; 0
0.0013; 0
0.00156; 0
0.00182; 0
0.00208; 0
0.00234; 0
0.0026; 0
0.00286; 0
0.00312; 0
0.00338; 0
0.00364; 0
0.0039; 0
0.00416; 0
0.00442; 0
0.00468; 0
0.00494; 0
0.0052; 0
0.00546; 0
0.00572; 0
0.00598; 0
0.00624; 0
0.0065; 0
0.00676; 0
0.00702; 0
0.00728; 0
0.00754; 0
0.0078; 0
0.00806; 0
0.00832; 0
0.00858; 0
0.00884; 0
0.0091; 0
0.00936; 0
0.00962; 0
0.00988; 0
0.01014; 0
0.0104; 0
0.01066; 0
0.01092; 0
0.01118; 0
0.01144; 0
0.0117; 0
0.01196; 0
0.01222; 0
0.01248; 0
0.01274; 0
0.013; 0
0.01326; 0
0.01352; 0
0.01378; 0
0.01404; 0
0.0143; 0
0.01456; 0
0.01482; 0
0.01508; 0
0.01534; 0
0.0156; 0
0.01586; 0
0.01612; 0
0.01638; 0
0.01664; 0
0.0169; 0
0.01716; 0
0.01742; 0
0.01768; 0
0.01794; 0
0.0182; 0
0.01846; 0
0.01872; 0
0.01898; 0
0.01924; 0
0.0195; 0
0.01976; 0
0.02002; 0
0.02028; 0
0.02054; 0
0.0208; 0
0.02106; 0
0.02132; 0
0.02158; 0
0.02184; 0
0.0221; 0
0.02236; 0
0.02262; 0
0.02288; 0
0.02314; 0
0.0234; 0
0.02366; 0
0.02392; 0
0.02418; 0
0.02444; 0
0.0247; 0
0.02496; 0
0.02522; 0
0.02548; 0
0.02574; 0
0.026; 0
0.02626; 0
0.02652; 0
0.02678; 0
0.02704; 0
0.0273; 0
0.02756; 0
0.02782; 0
0.02808; 0
0.02834; 0
0.0286; 0
0.02886; 0
0.02912; 0
0.02938; 0
0.02964; 0
0.0299; 0
0.03016; 0
0.03042; 0
0.03068; 0
0.03094; 0
0.0312; 0
0.03146; 0
0.03172; 0
0.03198; 0
0.03224; 0
0.0325; 0
0.03276; 871.599
0.03302; 871.591
0.03328; 871.576
0.03354; 871.551
0.0338; 871.518
0.03406; 871.474
0.03432; 871.422
0.03458; 871.36
0.03484; 871.29
0.0351; 871.21
0.03536; 871.122
0.03562; 871.023
0.03588; 870.916
0.03614; 870.798
0.0364; 870.673
0.03666; 870.537
0.03692; 870.393
0.03718; 870.238
0.03744; 870.075
0.0377; 869.901
0.03796; 869.72
0.03822; 869.527
0.03848; 869.326
0.03874; 869.114
0.039; 868.895
0.03926; 868.663
0.03952; 868.424
0.03978; 868.173
0.04004; 867.914
0.0403; 867.643
0.04056; 867.365
0.04082; 867.074
0.04108; 866.776
0.04134; 866.465
0.0416; 866.147
0.04186; 865.816
0.04212; 865.477
0.04238; 865.126
0.04264; 864.767
0.0429; 864.395
0.04316; 864.015
0.04342; 863.622
0.04368; 863.221
0.04394; 862.808
0.0442; 862.385
0.04446; 861.95
0.04472; 861.506
0.04498; 861.05
0.04524; 860.584
0.0455; 860.106
0.04576; 859.618
0.04602; 859.117
0.04628; 858.607
0.04654; 858.084
0.0468; 857.551
0.04706; 857.005
0.04732; 856.449
0.04758; 855.88
0.04784; 855.301
0.0481; 854.708
0.04836; 854.106
0.04862; 853.489
0.04888; 852.862
0.04914; 852.222
0.0494; 851.571
0.04966; 850.905
0.04992; 850.229
0.05018; 849.539
0.05044; 848.838
0.0507; 848.122
0.05096; 847.395
0.05122; 846.653
0.05148; 845.899
0.05174; 845.131
0.052; 844.351
0.05226; 843.555
0.05252; 842.748
0.05278; 841.924
0.05304; 841.089
0.0533; 840.237
0.05356; 839.372
0.05382; 838.492
0.05408; 837.598
0.05434; 836.688
0.0546; 835.764
0.05486; 834.824
0.05512; 833.869
0.05538; 832.897
0.05564; 831.911
0.0559; 830.907
0.05616; 829.888
0.05642; 828.851
0.05668; 827.799
0.05694; 826.729
0.0572; 825.642
0.05746; 824.537
0.05772; 823.415
0.05798; 822.274
0.05824; 821.116
0.0585; 819.938
0.05876; 818.743
0.05902; 817.527
0.05928; 816.293
0.05954; 815.038
0.0598; 813.764
0.06006; 812.469
0.06032; 811.154
0.06058; 809.818
0.06084; 808.461
0.0611; 807.082
0.06136; 805.682
0.06162; 804.259
0.06188; 802.815
0.06214; 801.347
0.0624; 799.856
0.06266; 798.343
0.06292; 796.806
0.06318; 795.245
0.06344; 793.661
0.0637; 792.052
0.06396; 790.42
0.06422; 788.763
0.06448; 787.082
0.06474; 785.376
0.065; 783.646
0.06526; 781.892
0.06552; 780.113
0.06578; 778.311
0.06604; 776.485
0.0663; 774.635
0.06656; 772.763
0.06682; 770.867
0.06708; 768.951
0.06734; 767.013
0.0676; 765.054
0.06786; 763.077
0.06812; 761.081
0.06838; 759.068
0.06864; 757.039
0.0689; 754.995
0.06916; 752.939
0.06942; 750.87
0.06968; 748.793
0.06994; 746.706
0.0702; 744.614
0.07046; 742.517
0.07072; 740.417
0.07098; 738.316
0.07124; 736.215
0.0715; 734.117
0.07176; 732.023
0.07202; 729.935
0.07228; 727.854
0.07254; 725.781
0.0728; 723.718
0.07306; 721.667
0.07332; 719.627
0.07358; 717.601
0.07384; 715.589
0.0741; 713.593
0.07436; 711.611
0.07462; 709.646
0.07488; 707.698
0.07514; 705.768
0.0754; 703.854
0.07566; 701.96
0.07592; 700.083
0.07618; 698.225
0.07644; 696.386
0.0767; 694.566
0.07696; 692.764
0.07722; 690.982
0.07748; 689.217
0.07774; 687.473
0.078; 685.747
0.07826; 684.041
0.07852; 682.352
0.07878; 680.684
0.07904; 679.033
0.0793; 677.402
0.07956; 675.787
0.07982; 674.193
0.08008; 672.615
0.08034; 671.057
0.0806; 669.516
0.08086; 667.994
0.08112; 666.488
0.08138; 665.001
0.08164; 663.53
0.0819; 662.079
0.08216; 660.643
0.08242; 659.226
0.08268; 657.824
0.08294; 656.441
0.0832; 655.072
0.08346; 653.723
0.08372; 652.388
0.08398; 651.072
0.08424; 649.77
0.0845; 648.487
0.08476; 647.218
0.08502; 645.968
0.08528; 644.731
0.08554; 643.513
0.0858; 642.309
0.08606; 641.123
0.08632; 639.95
0.08658; 638.796
0.08684; 637.655
0.0871; 636.532
0.08736; 635.423
0.08762; 634.332
0.08788; 633.253
0.08814; 632.193
0.0884; 631.146
0.08866; 630.117
0.08892; 629.101
0.08918; 628.103
0.08944; 627.118
0.0897; 626.15
0.08996; 625.195
0.09022; 624.259
0.09048; 623.335
0.09074; 622.428
0.091; 621.535
0.09126; 620.659
0.09152; 619.796
0.09178; 618.951
0.09204; 618.118
0.0923; 617.303
0.09256; 616.501
0.09282; 615.716
0.09308; 614.944
0.09334; 614.19
0.0936; 613.448
0.09386; 612.724
0.09412; 612.012
0.09438; 611.319
0.09464; 610.637
0.0949; 609.974
0.09516; 609.323
0.09542; 608.689
0.09568; 608.068
0.09594; 607.465
0.0962; 606.874
0.09646; 606.301
0.09672; 605.74
0.09698; 605.197
0.09724; 604.665
0.0975; 604.152
0.09776; 603.651
0.09802; 603.168
0.09828; 602.696
0.09854; 602.243
0.0988; 601.802
0.09906; 601.379
0.09932; 600.967
0.09958; 600.573
0.09984; 600.191
0.1001; 599.828
0.10036; 599.475
0.10062; 599.141
0.10088; 598.818
0.10114; 598.514
0.1014; 598.22
0.10166; 597.945
0.10192; 597.682
0.10218; 597.436
0.10244; 597.202
0.1027; 596.986
0.10296; 596.781
0.10322; 596.594
0.10348; 596.417
0.10374; 596.259
0.104; 596.112
0.10426; 595.983
0.10452; 595.864
0.10478; 595.763
0.10504; 595.673
0.1053; 595.601
0.10556; 595.538
0.10582; 595.491
0.10608; 595.451
0.10634; 595.425
0.1066; 0
0.10686; 0
0.10712; 0
0.10738; 0
0.10764; 0
0.1079; 0
0.10816; 0
0.10842; 0
0.10868; 0
0.10894; 0
0.1092; 0
0.10946; 0
0.10972; 0
0.10998; 0
0.11024; 0
0.1105; 0
0.11076; 0
0.11102; 0
0.11128; 0
0.11154; 0
0.1118; 0
0.11206; 0
0.11232; 0
0.11258; 0
0.11284; 0
0.1131; 0
0.11336; 0
0.11362; 0
0.11388; 0
0.11414; 0
0.1144; 0
0.11466; 0
0.11492; 0
0.11518; 0
0.11544; 0
0.1157; 0
0.11596; 0
0.11622; 0
0.11648; 0
0.11674; 0
0.117; 0
0.11726; 0
0.11752; 0
0.11778; 0
0.11804; 0
0.1183; 0
0.11856; 0
0.11882; 0
0.11908; 0
0.11934; 0
0.1196; 0
0.11986; 0
0.12012; 0
0.12038; 0
0.12064; 0
0.1209; 0
0.12116; 0
0.12142; 0
0.12168; 0
0.12194; 0
0.1222; 0
0.12246; 0
0.12272; 0
0.12298; 0
0.12324; 0
0.1235; 0
0.12376; 0
0.12402; 0
0.12428; 0
0.12454; 0
0.1248; 0
