0.00667; 0
0.01334; 0
0.02001; 0
0.02668; 0
0.03335; 0
0.04002; 0
0.04669; 0
0.05336; 0
0.06003; 0
0.0667; 0
0.07337; 0
0.08004; 0
0.08671; 0
0.09338; 0
0.10005; 0
0.10672; 0
0.11339; 0
0.12006; 0
0.12673; 0
0.1334; 0
0.14007; 0
0.14674; 0
0.15341; 0
0.16008; 0
0.16675; 0
0.17342; 0
0.18009; 0
0.18676; 0
0.19343; 0
0.2001; 0
0.20677; 0
0.21344; 0
0.22011; 0
0.22678; 0
0.23345; 0
0.24012; 0
0.24679; 0
0.25346; 0
0.26013; 0
0.2668; 0
0.27347; 0
0.28014; 0
0.28681; 0
0.29348; 0
0.30015; 0
0.30682; 0
0.31349; 0
0.32016; 0
0.32683; 0
0.3335; 0
0.34017; 0
0.34684; 0
0.35351; 0
0.36018; 0
0.36685; 0
0.37352; 0
0.38019; 0
0.38686; 0
0.39353; 0
0.4002; 0
0.40687; 0
0.41354; 0
0.42021; 0
0.42688; 0
0.43355; 0
0.44022; 0
0.44689; 0
0.45356; 0
0.46023; 0
0.4669; 0
0.47357; 0
0.48024; 0
0.48691; 0
0.49358; 0
0.50025; 0
0.50692; 0
0.51359; 0
0.52026; 0
0.52693; 0
0.5336; 0
0.54027; 0
0.54694; 0
0.55361; 0
0.56028; 0
0.56695; 0
0.57362; 0
0.58029; 0
0.58696; 0
0.59363; 0
0.6003; 0
0.60697; 0
0.61364; 0
0.62031; 0
0.62698; 0
0.63365; 0
0.64032; 0
0.64699; 0
0.65366; 0
0.66033; 0
0.667; 0
0.67367; 0
0.68034; 0
0.68701; 0
0.69368; 0
0.70035; 0
0.70702; 0
0.71369; 0
0.72036; 0
0.72703; 0
0.7337; 0
0.74037; 0
0.74704; 0
0.75371; 0
0.76038; 0
0.76705; 0
0.77372; 0
0.78039; 0
0.78706; 0
0.79373; 0
0.8004; 0
0.80707; 0
0.81374; 0
0.82041; 0
0.82708; 0
0.83375; 0
0.84042; 0
0.84709; 0
0.85376; 0
0.86043; 0
0.8671; 0
0.87377; 0
0.88044; 0
0.88711; 0
0.89378; 0
0.90045; 0
0.90712; 0
0.91379; 0
0.92046; 0
0.92713; 0
0.9338; 0
0.94047; 0
0.94714; 0
0.95381; 0
0.96048; 0
0.96715; 0
0.97382; 0
0.98049; 0
0.98716; 0
0.99383; 0
1.0005; 0
1.00717; 785.982
1.01384; 786.537
1.02051; 787.621
1.02718; 789.17
1.03385; 791.064
1.04052; 793.096
1.04719; 794.929
1.05386; 796.05
1.06053; 795.757
1.0672; 793.249
1.07387; 787.908
1.08054; 779.696
1.08721; 769.19
1.09388; 757.174
1.10055; 744.345
1.10722; 731.213
1.11389; 718.11
1.12056; 705.231
1.12723; 692.684
1.1339; 680.521
1.14057; 668.759
1.14724; 657.398
1.15391; 646.43
1.16058; 635.839
1.16725; 625.61
1.17392; 615.726
1.18059; 606.172
1.18726; 596.934
1.19393; 587.999
1.2006; 579.354
1.20727; 570.989
1.21394; 562.895
1.22061; 555.062
1.22728; 547.482
1.23395; 540.149
1.24062; 533.056
1.24729; 526.195
1.25396; 519.563
1.26063; 513.153
1.2673; 506.962
1.27397; 500.983
1.28064; 495.214
1.28731; 489.649
1.29398; 484.286
1.30065; 479.121
1.30732; 474.151
1.31399; 469.373
1.32066; 464.783
1.32733; 460.378
1.334; 456.158
1.34067; 452.118
1.34734; 448.256
1.35401; 444.571
1.36068; 441.06
1.36735; 437.721
1.37402; 434.553
1.38069; 431.553
1.38736; 428.721
1.39403; 426.053
1.4007; 423.55
1.40737; 421.21
1.41404; 419.031
1.42071; 417.012
1.42738; 415.153
1.43405; 413.452
1.44072; 411.909
1.44739; 410.522
1.45406; 409.291
1.46073; 408.215
1.4674; 407.294
1.47407; 406.527
1.48074; 405.914
1.48741; 405.454
1.49408; 405.148
1.50075; 404.995
1.50742; 404.995
1.51409; 405.148
1.52076; 405.454
1.52743; 405.914
1.5341; 406.527
1.54077; 407.294
1.54744; 408.215
1.55411; 409.291
1.56078; 410.522
1.56745; 411.909
1.57412; 413.452
1.58079; 415.153
1.58746; 417.012
1.59413; 419.031
1.6008; 421.21
1.60747; 423.55
1.61414; 426.053
1.62081; 428.721
1.62748; 431.553
1.63415; 434.553
1.64082; 437.721
1.64749; 441.06
1.65416; 444.571
1.66083; 448.256
1.6675; 452.118
1.67417; 456.158
1.68084; 460.378
1.68751; 464.783
1.69418; 469.373
1.70085; 474.151
1.70752; 479.121
1.71419; 484.286
1.72086; 489.649
1.72753; 495.214
1.7342; 500.983
1.74087; 506.962
1.74754; 513.153
1.75421; 519.563
1.76088; 526.195
1.76755; 533.056
1.77422; 540.149
1.78089; 547.482
1.78756; 555.062
1.79423; 562.895
1.8009; 570.989
1.80757; 579.354
1.81424; 587.999
1.82091; 596.934
1.82758; 606.172
1.83425; 615.726
1.84092; 625.61
1.84759; 635.839
1.85426; 646.43
1.86093; 657.398
1.8676; 668.759
1.87427; 680.521
1.88094; 692.684
1.88761; 705.231
1.89428; 718.11
1.90095; 731.213
1.90762; 744.345
1.91429; 757.174
1.92096; 769.19
1.92763; 779.696
1.9343; 787.908
1.94097; 793.249
1.94764; 795.757
1.95431; 796.05
1.96098; 794.929
1.96765; 793.096
1.97432; 791.064
1.98099; 789.17
1.98766; 787.621
1.99433; 786.537
2.001; 785.982
2.00767; 0
2.01434; 0
2.02101; 0
2.02768; 0
2.03435; 0
2.04102; 0
2.04769; 0
2.05436; 0
2.06103; 0
2.0677; 0
2.07437; 0
2.08104; 0
2.08771; 0
2.09438; 0
2.10105; 0
2.10772; 0
2.11439; 0
2.12106; 0
2.12773; 0
2.1344; 0
2.14107; 0
2.14774; 0
2.15441; 0
2.16108; 0
2.16775; 0
2.17442; 0
2.18109; 0
2.18776; 0
2.19443; 0
2.2011; 0
2.20777; 0
2.21444; 0
2.22111; 0
2.22778; 0
2.23445; 0
2.24112; 0
2.24779; 0
2.25446; 0
2.26113; 0
2.2678; 0
2.27447; 0
2.28114; 0
2.28781; 0
2.29448; 0
2.30115; 0
2.30782; 0
2.31449; 0
2.32116; 0
2.32783; 0
2.3345; 0
2.34117; 0
2.34784; 0
2.35451; 0
2.36118; 0
2.36785; 0
2.37452; 0
2.38119; 0
2.38786; 0
2.39453; 0
2.4012; 0
2.40787; 0
2.41454; 0
2.42121; 0
2.42788; 0
2.43455; 0
2.44122; 0
2.44789; 0
2.45456; 0
2.46123; 0
2.4679; 0
2.47457; 0
2.48124; 0
2.48791; 0
2.49458; 0
2.50125; 0
2.50792; 0
2.51459; 0
2.52126; 0
2.52793; 0
2.5346; 0
2.54127; 0
2.54794; 0
2.55461; 0
2.56128; 0
2.56795; 0
2.57462; 0
2.58129; 0
2.58796; 0
2.59463; 0
2.6013; 0
2.60797; 0
2.61464; 0
2.62131; 0
2.62798; 0
2.63465; 0
2.64132; 0
2.64799; 0
2.65466; 0
2.66133; 0
2.668; 0
2.67467; 0
2.68134; 0
2.68801; 0
2.69468; 0
2.70135; 0
2.70802; 0
2.71469; 0
2.72136; 0
2.72803; 0
2.7347; 0
2.74137; 0
2.74804; 0
2.75471; 0
2.76138; 0
2.76805; 0
2.77472; 0
2.78139; 0
2.78806; 0
2.79473; 0
2.8014; 0
2.80807; 0
2.81474; 0
2.82141; 0
2.82808; 0
2.83475; 0
2.84142; 0
2.84809; 0
2.85476; 0
2.86143; 0
2.8681; 0
2.87477; 0
2.88144; 0
2.88811; 0
2.89478; 0
2.90145; 0
2.90812; 0
2.91479; 0
2.92146; 0
2.92813; 0
2.9348; 0
2.94147; 0
2.94814; 0
2.95481; 0
2.96148; 0
2.96815; 0
2.97482; 0
2.98149; 0
2.98816; 0
2.99483; 0
3.0015; 0
3.00817; 0
3.01484; 0
3.02151; 0
3.02818; 0
3.03485; 0
3.04152; 0
3.04819; 0
3.05486; 0
3.06153; 0
3.0682; 0
3.07487; 0
3.08154; 0
3.08821; 0
3.09488; 0
3.10155; 0
3.10822; 0
3.11489; 0
3.12156; 0
3.12823; 0
3.1349; 0
3.14157; 0
3.14824; 0
3.15491; 0
3.16158; 0
3.16825; 0
3.17492; 0
3.18159; 0
3.18826; 0
3.19493; 0
3.2016; 0
