0.00026; 0
0.00052; 0
0.00078; 0
0.00104; 0
0.0013; 0
0.00156; 0
0.00182; 0
0.00208; 0
0.00234; 0
0.0026; 0
0.00286; 0
0.00312; 0
0.00338; 0
0.00364; 0
0.0039; 0
0.00416; 0
0.00442; 0
0.00468; 0
0.00494; 0
0.0052; 0
0.00546; 0
0.00572; 0
0.00598; 0
0.00624; 0
0.0065; 0
0.00676; 0
0.00702; 0
0.00728; 0
0.00754; 0
0.0078; 0
0.00806; 0
0.00832; 0
0.00858; 0
0.00884; 0
0.0091; 0
0.00936; 0
0.00962; 0
0.00988; 0
0.01014; 0
0.0104; 0
0.01066; 0
0.01092; 0
0.01118; 0
0.01144; 0
0.0117; 0
0.01196; 0
0.01222; 0
0.01248; 0
0.01274; 0
0.013; 0
0.01326; 0
0.01352; 0
0.01378; 0
0.01404; 0
0.0143; 0
0.01456; 0
0.01482; 0
0.01508; 0
0.01534; 0
0.0156; 0
0.01586; 0
0.01612; 0
0.01638; 0
0.01664; 0
0.0169; 0
0.01716; 0
0.01742; 0
0.01768; 0
0.01794; 0
0.0182; 0
0.01846; 0
0.01872; 0
0.01898; 0
0.01924; 0
0.0195; 0
0.01976; 0
0.02002; 0
0.02028; 0
0.02054; 0
0.0208; 0
0.02106; 0
0.02132; 0
0.02158; 0
0.02184; 0
0.0221; 0
0.02236; 0
0.02262; 0
0.02288; 0
0.02314; 0
0.0234; 0
0.02366; 0
0.02392; 0
0.02418; 0
0.02444; 0
0.0247; 0
0.02496; 0
0.02522; 0
0.02548; 0
0.02574; 0
0.026; 0
0.02626; 0
0.02652; 0
0.02678; 0
0.02704; 0
0.0273; 0
0.02756; 0
0.02782; 0
0.02808; 0
0.02834; 0
0.0286; 0
0.02886; 0
0.02912; 0
0.02938; 0
0.02964; 0
0.0299; 0
0.03016; 0
0.03042; 0
0.03068; 0
0.03094; 0
0.0312; 0
0.03146; 0
0.03172; 0
0.03198; 0
0.03224; 0
0.0325; 0
0.03276; 897.674
0.03302; 897.669
0.03328; 897.647
0.03354; 897.621
0.0338; 897.577
0.03406; 897.529
0.03432; 897.464
0.03458; 897.395
0.03484; 897.308
0.0351; 897.216
0.03536; 897.108
0.03562; 896.994
0.03588; 896.864
0.03614; 896.729
0.0364; 896.577
0.03666; 896.419
0.03692; 896.245
0.03718; 896.066
0.03744; 895.869
0.0377; 895.668
0.03796; 895.449
0.03822; 895.224
0.03848; 894.983
0.03874; 894.735
0.039; 894.471
0.03926; 894.2
0.03952; 893.913
0.03978; 893.62
0.04004; 893.309
0.0403; 892.992
0.04056; 892.658
0.04082; 892.318
0.04108; 891.96
0.04134; 891.596
0.0416; 891.215
0.04186; 890.826
0.04212; 890.42
0.04238; 890.007
0.04264; 889.577
0.0429; 889.139
0.04316; 888.684
0.04342; 888.222
0.04368; 887.742
0.04394; 887.254
0.0442; 886.749
0.04446; 886.235
0.04472; 885.704
0.04498; 885.165
0.04524; 884.607
0.0455; 884.042
0.04576; 883.458
0.04602; 882.866
0.04628; 882.256
0.04654; 881.637
0.0468; 880.999
0.04706; 880.353
0.04732; 879.687
0.04758; 879.013
0.04784; 878.319
0.0481; 877.616
0.04836; 876.894
0.04862; 876.162
0.04888; 875.411
0.04914; 874.651
0.0494; 873.87
0.04966; 873.079
0.04992; 872.269
0.05018; 871.448
0.05044; 870.607
0.0507; 869.754
0.05096; 868.882
0.05122; 867.999
0.05148; 867.095
0.05174; 866.179
0.052; 865.242
0.05226; 864.293
0.05252; 863.323
0.05278; 862.341
0.05304; 861.337
0.0533; 860.32
0.05356; 859.281
0.05382; 858.228
0.05408; 857.154
0.05434; 856.066
0.0546; 854.955
0.05486; 853.829
0.05512; 852.68
0.05538; 851.516
0.05564; 850.33
0.0559; 849.126
0.05616; 847.9
0.05642; 846.656
0.05668; 845.388
0.05694; 844.103
0.0572; 842.794
0.05746; 841.466
0.05772; 840.113
0.05798; 838.741
0.05824; 837.343
0.0585; 835.926
0.05876; 834.482
0.05902; 833.018
0.05928; 831.527
0.05954; 830.014
0.0598; 828.474
0.06006; 826.911
0.06032; 825.32
0.06058; 823.706
0.06084; 822.063
0.0611; 820.396
0.06136; 818.699
0.06162; 816.978
0.06188; 815.226
0.06214; 813.448
0.0624; 811.639
0.06266; 809.803
0.06292; 807.936
0.06318; 806.042
0.06344; 804.116
0.0637; 802.161
0.06396; 800.174
0.06422; 798.159
0.06448; 796.111
0.06474; 794.033
0.065; 791.923
0.06526; 789.784
0.06552; 787.613
0.06578; 785.413
0.06604; 783.18
0.0663; 780.919
0.06656; 778.627
0.06682; 776.308
0.06708; 773.959
0.06734; 771.584
0.0676; 769.181
0.06786; 766.753
0.06812; 764.301
0.06838; 761.826
0.06864; 759.33
0.0689; 756.814
0.06916; 754.28
0.06942; 751.73
0.06968; 749.165
0.06994; 746.589
0.0702; 744.003
0.07046; 741.409
0.07072; 738.809
0.07098; 736.206
0.07124; 733.602
0.0715; 730.997
0.07176; 728.397
0.07202; 725.801
0.07228; 723.212
0.07254; 720.631
0.0728; 718.061
0.07306; 715.501
0.07332; 712.956
0.07358; 710.424
0.07384; 707.909
0.0741; 705.408
0.07436; 702.927
0.07462; 700.462
0.07488; 698.019
0.07514; 695.593
0.0754; 693.19
0.07566; 690.804
0.07592; 688.443
0.07618; 686.099
0.07644; 683.781
0.0767; 681.481
0.07696; 679.207
0.07722; 676.951
0.07748; 674.721
0.07774; 672.509
0.078; 670.323
0.07826; 668.155
0.07852; 666.014
0.07878; 663.89
0.07904; 661.792
0.0793; 659.712
0.07956; 657.658
0.07982; 655.621
0.08008; 653.611
0.08034; 651.617
0.0806; 649.65
0.08086; 647.698
0.08112; 645.774
0.08138; 643.864
0.08164; 641.982
0.0819; 640.114
0.08216; 638.273
0.08242; 636.446
0.08268; 634.647
0.08294; 632.861
0.0832; 631.103
0.08346; 629.358
0.08372; 627.639
0.08398; 625.935
0.08424; 624.257
0.0845; 622.592
0.08476; 620.954
0.08502; 619.329
0.08528; 617.731
0.08554; 616.146
0.0858; 614.587
0.08606; 613.041
0.08632; 611.522
0.08658; 610.015
0.08684; 608.535
0.0871; 607.067
0.08736; 605.626
0.08762; 604.196
0.08788; 602.794
0.08814; 601.403
0.0884; 600.04
0.08866; 598.688
0.08892; 597.364
0.08918; 596.051
0.08944; 594.766
0.0897; 593.491
0.08996; 592.245
0.09022; 591.008
0.09048; 589.801
0.09074; 588.603
0.091; 587.435
0.09126; 586.276
0.09152; 585.146
0.09178; 584.026
0.09204; 582.935
0.0923; 581.853
0.09256; 580.802
0.09282; 579.759
0.09308; 578.746
0.09334; 577.742
0.0936; 576.768
0.09386; 575.803
0.09412; 574.869
0.09438; 573.943
0.09464; 573.048
0.0949; 572.161
0.09516; 571.305
0.09542; 570.457
0.09568; 569.64
0.09594; 568.832
0.0962; 568.054
0.09646; 567.285
0.09672; 566.547
0.09698; 565.817
0.09724; 565.118
0.0975; 564.427
0.09776; 563.769
0.09802; 563.117
0.09828; 562.498
0.09854; 561.887
0.0988; 561.307
0.09906; 560.734
0.09932; 560.194
0.09958; 559.66
0.09984; 559.159
0.1001; 558.665
0.10036; 558.203
0.10062; 557.746
0.10088; 557.324
0.10114; 556.907
0.1014; 556.525
0.10166; 556.147
0.10192; 555.805
0.10218; 555.467
0.10244; 555.163
0.1027; 554.864
0.10296; 554.599
0.10322; 554.339
0.10348; 554.113
0.10374; 553.892
0.104; 553.704
0.10426; 553.52
0.10452; 553.372
0.10478; 553.227
0.10504; 553.116
0.1053; 553.009
0.10556; 552.934
0.10582; 552.861
0.10608; 552.82
0.10634; 552.779
0.1066; 0
0.10686; 0
0.10712; 0
0.10738; 0
0.10764; 0
0.1079; 0
0.10816; 0
0.10842; 0
0.10868; 0
0.10894; 0
0.1092; 0
0.10946; 0
0.10972; 0
0.10998; 0
0.11024; 0
0.1105; 0
0.11076; 0
0.11102; 0
0.11128; 0
0.11154; 0
0.1118; 0
0.11206; 0
0.11232; 0
0.11258; 0
0.11284; 0
0.1131; 0
0.11336; 0
0.11362; 0
0.11388; 0
0.11414; 0
0.1144; 0
0.11466; 0
0.11492; 0
0.11518; 0
0.11544; 0
0.1157; 0
0.11596; 0
0.11622; 0
0.11648; 0
0.11674; 0
0.117; 0
0.11726; 0
0.11752; 0
0.11778; 0
0.11804; 0
0.1183; 0
0.11856; 0
0.11882; 0
0.11908; 0
0.11934; 0
0.1196; 0
0.11986; 0
0.12012; 0
0.12038; 0
0.12064; 0
0.1209; 0
0.12116; 0
0.12142; 0
0.12168; 0
0.12194; 0
0.1222; 0
0.12246; 0
0.12272; 0
0.12298; 0
0.12324; 0
0.1235; 0
0.12376; 0
0.12402; 0
0.12428; 0
0.12454; 0
0.1248; 0
