0.0026; 400
0.0052; 400
0.0078; 400
0.0104; 400
0.013; 400
0.0156; 400
0.0182; 400
0.0208; 400
0.0234; 400
0.026; 400
0.0286; 400
0.0312; 400
0.0338; 400
0.0364; 400
0.039; 400
0.0416; 400
0.0442; 400
0.0468; 400
0.0494; 400
0.052; 400
0.0546; 400
0.0572; 400
0.0598; 400
0.0624; 400
0.065; 400
0.0676; 400
0.0702; 400
0.0728; 400
0.0754; 400
0.078; 400
0.0806; 400
0.0832; 400
0.0858; 400
0.0884; 400
0.091; 400
0.0936; 400
0.0962; 400
0.0988; 400
0.1014; 400
0.104; 400
0.1066; 400
0.1092; 400
0.1118; 400
0.1144; 400
0.117; 400
0.1196; 400
0.1222; 400
0.1248; 400
0.1274; 400
0.13; 400
0.1326; 400
0.1352; 400
0.1378; 400
0.1404; 400
0.143; 400
0.1456; 400
0.1482; 400
0.1508; 400
0.1534; 400
0.156; 400
0.1586; 400
0.1612; 400
0.1638; 400
0.1664; 400
0.169; 400
0.1716; 400
0.1742; 400
0.1768; 400
0.1794; 400
0.182; 400
0.1846; 400
0.1872; 400
0.1898; 400
0.1924; 400
0.195; 400
0.1976; 400
0.2002; 400
0.2028; 400
0.2054; 400
0.208; 400
0.2106; 400
0.2132; 400
0.2158; 400
0.2184; 400
0.221; 400
0.2236; 400
0.2262; 400
0.2288; 400
0.2314; 400
0.234; 400
0.2366; 400
0.2392; 400
0.2418; 400
0.2444; 400
0.247; 400
0.2496; 400
0.2522; 400
0.2548; 400
0.2574; 400
0.26; 400
0.2626; 400
0.2652; 400
0.2678; 400
0.2704; 400
0.273; 400
0.2756; 400
0.2782; 400
0.2808; 400
0.2834; 400
0.286; 400
0.2886; 400
0.2912; 400
0.2938; 400
0.2964; 400
0.299; 400
0.3016; 400
0.3042; 400
0.3068; 400
0.3094; 400
0.312; 400
0.3146; 400
0.3172; 400
0.3198; 400
0.3224; 400
0.325; 400
0.3276; 400
0.3302; 400
0.3328; 400
0.3354; 400
0.338; 400
0.3406; 400
0.3432; 400
0.3458; 400
0.3484; 400
0.351; 400
0.3536; 400
0.3562; 400
0.3588; 400
0.3614; 400
0.364; 400
0.3666; 400
0.3692; 400
0.3718; 400
0.3744; 400
0.377; 400
0.3796; 400
0.3822; 400
0.3848; 400
0.3874; 400
0.39; 400
0.3926; 400
0.3952; 400
0.3978; 400
0.4004; 400
0.403; 400
0.4056; 400
0.4082; 400
0.4108; 400
0.4134; 400
0.416; 400
0.4186; 400.001
0.4212; 400.001
0.4238; 400.001
0.4264; 400.001
0.429; 400.001
0.4316; 400.001
0.4342; 400.001
0.4368; 400.001
0.4394; 400.001
0.442; 400.001
0.4446; 400.002
0.4472; 400.002
0.4498; 400.002
0.4524; 400.003
0.455; 400.003
0.4576; 400.003
0.4602; 400.004
0.4628; 400.004
0.4654; 400.005
0.468; 400.006
0.4706; 400.007
0.4732; 400.007
0.4758; 400.009
0.4784; 400.01
0.481; 400.011
0.4836; 400.013
0.4862; 400.015
0.4888; 400.017
0.4914; 400.019
0.494; 400.022
0.4966; 400.026
0.4992; 400.029
0.5018; 400.033
0.5044; 400.038
0.507; 400.044
0.5096; 400.05
0.5122; 400.057
0.5148; 400.065
0.5174; 400.074
0.52; 400.084
0.5226; 400.095
0.5252; 400.108
0.5278; 400.122
0.5304; 400.138
0.533; 400.157
0.5356; 400.177
0.5382; 400.2
0.5408; 400.225
0.5434; 400.253
0.546; 400.285
0.5486; 400.32
0.5512; 400.359
0.5538; 400.403
0.5564; 400.451
0.559; 400.504
0.5616; 400.563
0.5642; 400.627
0.5668; 400.699
0.5694; 400.778
0.572; 400.864
0.5746; 400.96
0.5772; 401.064
0.5798; 401.178
0.5824; 401.303
0.585; 401.44
0.5876; 401.589
0.5902; 401.751
0.5928; 401.928
0.5954; 402.12
0.598; 402.328
0.6006; 402.554
0.6032; 402.799
0.6058; 403.064
0.6084; 403.349
0.611; 403.657
0.6136; 403.989
0.6162; 404.346
0.6188; 404.73
0.6214; 405.141
0.624; 405.582
0.6266; 406.054
0.6292; 406.559
0.6318; 407.098
0.6344; 407.672
0.637; 408.284
0.6396; 408.935
0.6422; 409.626
0.6448; 410.36
0.6474; 411.138
0.65; 411.961
0.6526; 412.83
0.6552; 413.749
0.6578; 414.718
0.6604; 415.738
0.663; 416.811
0.6656; 417.939
0.6682; 419.123
0.6708; 420.363
0.6734; 421.662
0.676; 423.02
0.6786; 424.438
0.6812; 425.917
0.6838; 427.459
0.6864; 429.063
0.689; 430.73
0.6916; 432.461
0.6942; 434.256
0.6968; 436.115
0.6994; 438.038
0.702; 440.026
0.7046; 442.077
0.7072; 444.191
0.7098; 446.369
0.7124; 448.609
0.715; 450.91
0.7176; 453.271
0.7202; 455.692
0.7228; 458.171
0.7254; 460.706
0.728; 463.296
0.7306; 465.94
0.7332; 468.635
0.7358; 471.38
0.7384; 474.173
0.741; 477.011
0.7436; 479.894
0.7462; 482.819
0.7488; 485.786
0.7514; 488.792
0.754; 491.837
0.7566; 494.921
0.7592; 498.045
0.7618; 501.212
0.7644; 504.423
0.767; 507.683
0.7696; 510.994
0.7722; 514.355
0.7748; 517.764
0.7774; 521.212
0.78; 524.692
0.7826; 528.194
0.7852; 531.71
0.7878; 535.227
0.7904; 538.733
0.793; 542.219
0.7956; 545.68
0.7982; 549.113
0.8008; 552.516
0.8034; 555.887
0.806; 559.225
0.8086; 562.53
0.8112; 565.801
0.8138; 569.041
0.8164; 572.269
0.819; 575.791
0.8216; 579.572
0.8242; 583.33
0.8268; 587.057
0.8294; 590.76
0.832; 594.442
0.8346; 598.104
0.8372; 601.749
0.8398; 605.381
0.8424; 609.007
0.845; 612.656
0.8476; 616.153
0.8502; 619.382
0.8528; 622.451
0.8554; 625.442
0.858; 628.379
0.8606; 631.269
0.8632; 634.115
0.8658; 636.917
0.8684; 639.674
0.871; 642.387
0.8736; 645.056
0.8762; 647.682
0.8788; 650.266
0.8814; 652.813
0.884; 655.322
0.8866; 657.87
0.8892; 660.442
0.8918; 662.896
0.8944; 665.241
0.897; 667.482
0.8996; 669.615
0.9022; 671.638
0.9048; 673.545
0.9074; 675.333
0.91; 676.996
0.9126; 678.531
0.9152; 679.936
0.9178; 681.207
0.9204; 682.343
0.923; 683.344
0.9256; 684.212
0.9282; 684.947
0.9308; 685.554
0.9334; 686.035
0.936; 686.396
0.9386; 686.642
0.9412; 686.781
0.9438; 686.82
0.9464; 686.767
0.949; 686.631
0.9516; 686.422
0.9542; 686.15
0.9568; 685.825
0.9594; 685.458
0.962; 685.059
0.9646; 684.639
0.9672; 684.21
0.9698; 683.781
0.9724; 683.363
0.975; 682.967
0.9776; 682.601
0.9802; 682.274
0.9828; 681.995
0.9854; 681.771
0.988; 681.61
0.9906; 681.516
0.9932; 681.495
0.9958; 681.552
0.9984; 681.688
1.001; 681.903
1.0036; 682.205
1.0062; 682.635
1.0088; 683.089
1.0114; 683.59
1.014; 684.138
1.0166; 684.728
1.0192; 685.355
1.0218; 686.014
1.0244; 686.702
1.027; 687.412
1.0296; 688.142
1.0322; 688.884
1.0348; 689.635
1.0374; 690.388
1.04; 691.137
1.0426; 691.877
1.0452; 692.6
1.0478; 693.36
1.0504; 694.168
1.053; 694.954
1.0556; 695.711
1.0582; 696.43
1.0608; 697.1
1.0634; 697.714
1.066; 698.263
1.0686; 698.739
1.0712; 699.133
1.0738; 699.442
1.0764; 699.658
1.079; 699.78
1.0816; 699.805
1.0842; 699.733
1.0868; 699.565
1.0894; 699.303
1.092; 698.954
1.0946; 698.521
1.0972; 698.014
1.0998; 697.44
1.1024; 696.81
1.105; 696.135
1.1076; 695.426
1.1102; 694.696
1.1128; 693.958
1.1154; 693.226
1.118; 692.512
1.1206; 691.829
1.1232; 691.191
1.1258; 690.61
1.1284; 690.096
1.131; 689.658
1.1336; 689.3
1.1362; 689.014
1.1388; 688.907
1.1414; 688.944
1.144; 689.039
1.1466; 689.22
1.1492; 689.498
1.1518; 689.856
1.1544; 690.293
1.157; 690.805
1.1596; 691.387
1.1622; 692.036
1.1648; 692.75
1.1674; 693.524
1.17; 694.355
1.1726; 695.238
1.1752; 696.167
1.1778; 697.297
1.1804; 698.665
1.183; 700.127
1.1856; 701.676
1.1882; 703.301
1.1908; 704.99
1.1934; 706.732
1.196; 708.513
1.1986; 710.319
1.2012; 712.137
1.2038; 713.954
1.2064; 715.754
1.209; 717.525
1.2116; 719.254
1.2142; 720.927
1.2168; 722.533
1.2194; 724.059
1.222; 725.496
1.2246; 726.834
1.2272; 728.063
1.2298; 729.175
1.2324; 730.164
1.235; 731.024
1.2376; 731.748
1.2402; 732.332
1.2428; 732.774
1.2454; 733.07
1.248; 733.218
