0.00026; 0
0.00052; 0
0.00078; 0
0.00104; 0
0.0013; 0
0.00156; 0
0.00182; 0
0.00208; 0
0.00234; 0
0.0026; 0
0.00286; 0
0.00312; 0
0.00338; 0
0.00364; 0
0.0039; 0
0.00416; 0
0.00442; 0
0.00468; 0
0.00494; 0
0.0052; 0
0.00546; 0
0.00572; 0
0.00598; 0
0.00624; 0
0.0065; 0
0.00676; 0
0.00702; 0
0.00728; 0
0.00754; 0
0.0078; 0
0.00806; 0
0.00832; 0
0.00858; 0
0.00884; 0
0.0091; 0
0.00936; 0
0.00962; 0
0.00988; 0
0.01014; 0
0.0104; 0
0.01066; 0
0.01092; 0
0.01118; 0
0.01144; 0
0.0117; 0
0.01196; 0
0.01222; 0
0.01248; 0
0.01274; 0
0.013; 0
0.01326; 0
0.01352; 0
0.01378; 0
0.01404; 0
0.0143; 0
0.01456; 0
0.01482; 0
0.01508; 0
0.01534; 0
0.0156; 0
0.01586; 0
0.01612; 0
0.01638; 0
0.01664; 0
0.0169; 0
0.01716; 0
0.01742; 0
0.01768; 0
0.01794; 0
0.0182; 0
0.01846; 0
0.01872; 0
0.01898; 0
0.01924; 0
0.0195; 0
0.01976; 0
0.02002; 0
0.02028; 0
0.02054; 0
0.0208; 0
0.02106; 0
0.02132; 0
0.02158; 0
0.02184; 0
0.0221; 0
0.02236; 0
0.02262; 0
0.02288; 0
0.02314; 0
0.0234; 0
0.02366; 0
0.02392; 0
0.02418; 0
0.02444; 0
0.0247; 0
0.02496; 0
0.02522; 0
0.02548; 0
0.02574; 0
0.026; 0
0.02626; 0
0.02652; 0
0.02678; 0
0.02704; 0
0.0273; 0
0.02756; 0
0.02782; 0
0.02808; 0
0.02834; 0
0.0286; 0
0.02886; 0
0.02912; 0
0.02938; 0
0.02964; 0
0.0299; 0
0.03016; 0
0.03042; 0
0.03068; 0
0.03094; 0
0.0312; 0
0.03146; 0
0.03172; 0
0.03198; 0
0.03224; 0
0.0325; 0
0.03276; 889.604
0.03302; 889.604
0.03328; 889.581
0.03354; 889.558
0.0338; 889.515
0.03406; 889.472
0.03432; 889.407
0.03458; 889.344
0.03484; 889.258
0.0351; 889.174
0.03536; 889.068
0.03562; 888.963
0.03588; 888.837
0.03614; 888.711
0.0364; 888.563
0.03666; 888.416
0.03692; 888.248
0.03718; 888.079
0.03744; 887.89
0.0377; 887.7
0.03796; 887.489
0.03822; 887.278
0.03848; 887.046
0.03874; 886.813
0.039; 886.559
0.03926; 886.304
0.03952; 886.028
0.03978; 885.751
0.04004; 885.453
0.0403; 885.154
0.04056; 884.833
0.04082; 884.512
0.04108; 884.169
0.04134; 883.825
0.0416; 883.458
0.04186; 883.091
0.04212; 882.702
0.04238; 882.311
0.04264; 881.899
0.0429; 881.485
0.04316; 881.049
0.04342; 880.611
0.04368; 880.152
0.04394; 879.69
0.0442; 879.206
0.04446; 878.72
0.04472; 878.212
0.04498; 877.701
0.04524; 877.168
0.0455; 876.633
0.04576; 876.075
0.04602; 875.514
0.04628; 874.931
0.04654; 874.344
0.0468; 873.735
0.04706; 873.122
0.04732; 872.487
0.04758; 871.849
0.04784; 871.187
0.0481; 870.521
0.04836; 869.832
0.04862; 869.139
0.04888; 868.423
0.04914; 867.702
0.0494; 866.957
0.04966; 866.209
0.04992; 865.436
0.05018; 864.66
0.05044; 863.857
0.0507; 863.051
0.05096; 862.219
0.05122; 861.383
0.05148; 860.521
0.05174; 859.655
0.052; 858.762
0.05226; 857.864
0.05252; 856.94
0.05278; 856.011
0.05304; 855.055
0.0533; 854.092
0.05356; 853.103
0.05382; 852.107
0.05408; 851.085
0.05434; 850.055
0.0546; 848.997
0.05486; 847.932
0.05512; 846.84
0.05538; 845.738
0.05564; 844.61
0.0559; 843.471
0.05616; 842.305
0.05642; 841.129
0.05668; 839.924
0.05694; 838.709
0.0572; 837.464
0.05746; 836.208
0.05772; 834.923
0.05798; 833.625
0.05824; 832.298
0.0585; 830.957
0.05876; 829.587
0.05902; 828.202
0.05928; 826.787
0.05954; 825.357
0.0598; 823.896
0.06006; 822.419
0.06032; 820.91
0.06058; 819.384
0.06084; 817.827
0.0611; 816.251
0.06136; 814.644
0.06162; 813.017
0.06188; 811.357
0.06214; 809.678
0.0624; 807.965
0.06266; 806.231
0.06292; 804.464
0.06318; 802.675
0.06344; 800.853
0.0637; 799.007
0.06396; 797.128
0.06422; 795.225
0.06448; 793.289
0.06474; 791.329
0.065; 789.335
0.06526; 787.317
0.06552; 785.266
0.06578; 783.191
0.06604; 781.083
0.0663; 778.951
0.06656; 776.789
0.06682; 774.602
0.06708; 772.387
0.06734; 770.148
0.0676; 767.883
0.06786; 765.597
0.06812; 763.286
0.06838; 760.956
0.06864; 758.605
0.0689; 756.237
0.06916; 753.852
0.06942; 751.453
0.06968; 749.041
0.06994; 746.618
0.0702; 744.186
0.07046; 741.748
0.07072; 739.305
0.07098; 736.859
0.07124; 734.413
0.0715; 731.967
0.07176; 729.527
0.07202; 727.089
0.07228; 724.661
0.07254; 722.239
0.0728; 719.829
0.07306; 717.429
0.07332; 715.044
0.07358; 712.67
0.07384; 710.315
0.0741; 707.972
0.07436; 705.651
0.07462; 703.343
0.07488; 701.057
0.07514; 698.786
0.0754; 696.54
0.07566; 694.308
0.07592; 692.102
0.07618; 689.911
0.07644; 687.747
0.0767; 685.597
0.07696; 683.475
0.07722; 681.367
0.07748; 679.288
0.07774; 677.222
0.078; 675.186
0.07826; 673.162
0.07852; 671.168
0.07878; 669.187
0.07904; 667.235
0.0793; 665.295
0.07956; 663.385
0.07982; 661.486
0.08008; 659.618
0.08034; 657.761
0.0806; 655.933
0.08086; 654.116
0.08112; 652.329
0.08138; 650.552
0.08164; 648.806
0.0819; 647.068
0.08216; 645.361
0.08242; 643.663
0.08268; 641.995
0.08294; 640.335
0.0832; 638.707
0.08346; 637.086
0.08372; 635.496
0.08398; 633.913
0.08424; 632.361
0.0845; 630.815
0.08476; 629.302
0.08502; 627.794
0.08528; 626.317
0.08554; 624.846
0.0858; 623.408
0.08606; 621.973
0.08632; 620.572
0.08658; 619.174
0.08684; 617.809
0.0871; 616.448
0.08736; 615.12
0.08762; 613.796
0.08788; 612.505
0.08814; 611.217
0.0884; 609.962
0.08866; 608.71
0.08892; 607.492
0.08918; 606.276
0.08944; 605.094
0.0897; 603.915
0.08996; 602.769
0.09022; 601.626
0.09048; 600.516
0.09074; 599.409
0.091; 598.336
0.09126; 597.265
0.09152; 596.227
0.09178; 595.192
0.09204; 594.191
0.0923; 593.192
0.09256; 592.228
0.09282; 591.264
0.09308; 590.336
0.09334; 589.409
0.0936; 588.518
0.09386; 587.627
0.09412; 586.771
0.09438; 585.917
0.09464; 585.098
0.0949; 584.279
0.09516; 583.496
0.09542; 582.713
0.09568; 581.966
0.09594; 581.22
0.0962; 580.509
0.09646; 579.799
0.09672; 579.125
0.09698; 578.451
0.09724; 577.813
0.0975; 577.175
0.09776; 576.575
0.09802; 575.973
0.09828; 575.409
0.09854; 574.844
0.0988; 574.316
0.09906; 573.787
0.09932; 573.295
0.09958; 572.803
0.09984; 572.348
0.1001; 571.891
0.10036; 571.472
0.10062; 571.051
0.10088; 570.668
0.10114; 570.284
0.1014; 569.937
0.10166; 569.588
0.10192; 569.277
0.10218; 568.965
0.10244; 568.69
0.1027; 568.413
0.10296; 568.174
0.10322; 567.932
0.10348; 567.729
0.10374; 567.523
0.104; 567.355
0.10426; 567.184
0.10452; 567.051
0.10478; 566.916
0.10504; 566.818
0.1053; 566.716
0.10556; 566.652
0.10582; 566.582
0.10608; 566.546
0.10634; 566.503
0.1066; 0
0.10686; 0
0.10712; 0
0.10738; 0
0.10764; 0
0.1079; 0
0.10816; 0
0.10842; 0
0.10868; 0
0.10894; 0
0.1092; 0
0.10946; 0
0.10972; 0
0.10998; 0
0.11024; 0
0.1105; 0
0.11076; 0
0.11102; 0
0.11128; 0
0.11154; 0
0.1118; 0
0.11206; 0
0.11232; 0
0.11258; 0
0.11284; 0
0.1131; 0
0.11336; 0
0.11362; 0
0.11388; 0
0.11414; 0
0.1144; 0
0.11466; 0
0.11492; 0
0.11518; 0
0.11544; 0
0.1157; 0
0.11596; 0
0.11622; 0
0.11648; 0
0.11674; 0
0.117; 0
0.11726; 0
0.11752; 0
0.11778; 0
0.11804; 0
0.1183; 0
0.11856; 0
0.11882; 0
0.11908; 0
0.11934; 0
0.1196; 0
0.11986; 0
0.12012; 0
0.12038; 0
0.12064; 0
0.1209; 0
0.12116; 0
0.12142; 0
0.12168; 0
0.12194; 0
0.1222; 0
0.12246; 0
0.12272; 0
0.12298; 0
0.12324; 0
0.1235; 0
0.12376; 0
0.12402; 0
0.12428; 0
0.12454; 0
0.1248; 0
