0.00026; 607.121
0.00052; 607.125
0.00078; 607.131
0.00104; 607.142
0.0013; 607.159
0.00156; 607.182
0.00182; 607.211
0.00208; 607.246
0.00234; 607.288
0.0026; 607.335
0.00286; 607.389
0.00312; 607.448
0.00338; 607.514
0.00364; 607.586
0.0039; 607.664
0.00416; 607.747
0.00442; 607.838
0.00468; 607.933
0.00494; 608.036
0.0052; 608.144
0.00546; 608.258
0.00572; 608.378
0.00598; 608.505
0.00624; 608.637
0.0065; 608.776
0.00676; 608.921
0.00702; 609.072
0.00728; 609.228
0.00754; 609.392
0.0078; 609.56
0.00806; 609.735
0.00832; 609.916
0.00858; 610.103
0.00884; 610.296
0.0091; 610.495
0.00936; 610.7
0.00962; 610.911
0.00988; 611.128
0.01014; 611.352
0.0104; 611.58
0.01066; 611.816
0.01092; 612.057
0.01118; 612.304
0.01144; 612.557
0.0117; 612.817
0.01196; 613.082
0.01222; 613.353
0.01248; 613.63
0.01274; 613.914
0.013; 614.202
0.01326; 614.498
0.01352; 614.798
0.01378; 615.106
0.01404; 615.418
0.0143; 615.738
0.01456; 616.062
0.01482; 616.393
0.01508; 616.729
0.01534; 617.072
0.0156; 617.42
0.01586; 617.775
0.01612; 618.135
0.01638; 618.502
0.01664; 618.873
0.0169; 619.252
0.01716; 619.635
0.01742; 620.025
0.01768; 620.42
0.01794; 620.822
0.0182; 621.229
0.01846; 621.643
0.01872; 622.061
0.01898; 622.486
0.01924; 622.916
0.0195; 623.353
0.01976; 623.795
0.02002; 624.244
0.02028; 624.697
0.02054; 625.157
0.0208; 625.622
0.02106; 626.094
0.02132; 626.57
0.02158; 627.053
0.02184; 627.541
0.0221; 628.036
0.02236; 628.535
0.02262; 629.041
0.02288; 629.552
0.02314; 630.069
0.0234; 630.591
0.02366; 631.12
0.02392; 631.654
0.02418; 632.194
0.02444; 632.739
0.0247; 633.29
0.02496; 633.846
0.02522; 634.409
0.02548; 634.977
0.02574; 635.551
0.026; 636.129
0.02626; 636.714
0.02652; 637.304
0.02678; 637.901
0.02704; 638.502
0.0273; 639.109
0.02756; 639.722
0.02782; 640.34
0.02808; 640.964
0.02834; 641.593
0.0286; 642.228
0.02886; 642.869
0.02912; 643.514
0.02938; 644.166
0.02964; 644.822
0.0299; 645.485
0.03016; 646.152
0.03042; 646.826
0.03068; 647.504
0.03094; 648.188
0.0312; 648.877
0.03146; 649.572
0.03172; 650.272
0.03198; 650.978
0.03224; 651.689
0.0325; 652.406
0.03276; 653.127
0.03302; 653.855
0.03328; 654.587
0.03354; 655.325
0.0338; 656.068
0.03406; 656.816
0.03432; 657.57
0.03458; 658.329
0.03484; 659.093
0.0351; 659.863
0.03536; 660.637
0.03562; 661.417
0.03588; 662.201
0.03614; 662.992
0.0364; 663.787
0.03666; 664.588
0.03692; 665.393
0.03718; 666.204
0.03744; 667.02
0.0377; 667.841
0.03796; 668.667
0.03822; 669.499
0.03848; 670.335
0.03874; 671.177
0.039; 672.023
0.03926; 672.875
0.03952; 673.731
0.03978; 674.593
0.04004; 675.459
0.0403; 676.332
0.04056; 677.208
0.04082; 678.09
0.04108; 678.976
0.04134; 679.868
0.0416; 680.764
0.04186; 681.666
0.04212; 682.572
0.04238; 683.483
0.04264; 684.399
0.0429; 685.321
0.04316; 686.246
0.04342; 687.177
0.04368; 688.112
0.04394; 689.053
0.0442; 689.998
0.04446; 690.948
0.04472; 691.902
0.04498; 692.862
0.04524; 693.826
0.0455; 694.795
0.04576; 695.768
0.04602; 696.747
0.04628; 697.729
0.04654; 698.717
0.0468; 699.709
0.04706; 700.706
0.04732; 701.707
0.04758; 702.713
0.04784; 703.723
0.0481; 704.739
0.04836; 705.758
0.04862; 706.783
0.04888; 707.812
0.04914; 708.845
0.0494; 709.883
0.04966; 710.926
0.04992; 711.972
0.05018; 713.024
0.05044; 714.079
0.0507; 715.14
0.05096; 716.204
0.05122; 717.274
0.05148; 718.347
0.05174; 719.425
0.052; 720.506
0.05226; 721.593
0.05252; 722.684
0.05278; 723.779
0.05304; 724.878
0.0533; 725.982
0.05356; 727.089
0.05382; 728.201
0.05408; 729.317
0.05434; 730.438
0.0546; 731.562
0.05486; 732.692
0.05512; 733.824
0.05538; 734.962
0.05564; 736.102
0.0559; 737.248
0.05616; 738.397
0.05642; 739.551
0.05668; 740.708
0.05694; 741.87
0.0572; 743.035
0.05746; 744.205
0.05772; 745.378
0.05798; 746.556
0.05824; 747.737
0.0585; 748.923
0.05876; 750.112
0.05902; 751.305
0.05928; 752.502
0.05954; 753.703
0.0598; 754.907
0.06006; 756.116
0.06032; 757.328
0.06058; 758.544
0.06084; 759.763
0.0611; 760.987
0.06136; 762.214
0.06162; 763.445
0.06188; 764.68
0.06214; 765.918
0.0624; 767.16
0.06266; 768.406
0.06292; 769.654
0.06318; 770.907
0.06344; 772.163
0.0637; 773.423
0.06396; 774.686
0.06422; 775.953
0.06448; 777.223
0.06474; 778.497
0.065; 779.774
0.06526; 781.055
0.06552; 782.339
0.06578; 783.627
0.06604; 784.917
0.0663; 786.212
0.06656; 787.509
0.06682; 788.81
0.06708; 790.114
0.06734; 791.421
0.0676; 792.732
0.06786; 794.046
0.06812; 795.363
0.06838; 796.683
0.06864; 798.007
0.0689; 799.334
0.06916; 800.663
0.06942; 801.996
0.06968; 803.332
0.06994; 804.671
0.0702; 806.013
0.07046; 807.359
0.07072; 808.706
0.07098; 810.058
0.07124; 811.412
0.0715; 812.769
0.07176; 814.129
0.07202; 815.492
0.07228; 816.858
0.07254; 818.227
0.0728; 819.598
0.07306; 820.973
0.07332; 822.349
0.07358; 823.73
0.07384; 825.112
0.0741; 826.498
0.07436; 827.886
0.07462; 829.277
0.07488; 830.67
0.07514; 832.067
0.0754; 833.465
0.07566; 834.867
0.07592; 836.271
0.07618; 837.678
0.07644; 839.087
0.0767; 840.499
0.07696; 841.913
0.07722; 843.33
0.07748; 844.749
0.07774; 846.171
0.078; 847.594
0.07826; 849.021
0.07852; 850.45
0.07878; 851.881
0.07904; 853.315
0.0793; 854.751
0.07956; 856.189
0.07982; 857.629
0.08008; 859.072
0.08034; 860.517
0.0806; 861.964
0.08086; 863.414
0.08112; 864.865
0.08138; 866.319
0.08164; 867.775
0.0819; 869.233
0.08216; 870.692
0.08242; 872.155
0.08268; 873.619
0.08294; 875.085
0.0832; 876.553
0.08346; 878.023
0.08372; 879.495
0.08398; 880.969
0.08424; 882.444
0.0845; 883.922
0.08476; 885.402
0.08502; 886.883
0.08528; 888.366
0.08554; 889.851
0.0858; 891.338
0.08606; 892.827
0.08632; 894.317
0.08658; 895.809
0.08684; 897.302
0.0871; 898.798
0.08736; 900.295
0.08762; 901.793
0.08788; 903.293
0.08814; 904.795
0.0884; 906.298
0.08866; 907.803
0.08892; 909.309
0.08918; 910.817
0.08944; 912.326
0.0897; 913.837
0.08996; 915.349
0.09022; 916.863
0.09048; 918.377
0.09074; 919.893
0.091; 921.411
0.09126; 922.929
0.09152; 924.449
0.09178; 925.971
0.09204; 927.493
0.0923; 929.017
0.09256; 930.541
0.09282; 932.067
0.09308; 933.594
0.09334; 935.123
0.0936; 936.652
0.09386; 938.182
0.09412; 939.713
0.09438; 941.246
0.09464; 942.779
0.0949; 944.313
0.09516; 945.849
0.09542; 947.385
0.09568; 948.922
0.09594; 950.46
0.0962; 951.998
0.09646; 953.538
0.09672; 955.078
0.09698; 956.62
0.09724; 958.162
0.0975; 959.704
0.09776; 961.248
0.09802; 962.792
0.09828; 964.336
0.09854; 965.882
0.0988; 967.428
0.09906; 968.975
0.09932; 970.522
0.09958; 972.069
0.09984; 973.618
0.1001; 975.167
0.10036; 976.716
0.10062; 978.265
0.10088; 979.816
0.10114; 981.366
0.1014; 982.917
0.10166; 984.468
0.10192; 986.02
0.10218; 987.572
0.10244; 989.124
0.1027; 990.677
0.10296; 992.23
0.10322; 993.784
0.10348; 995.337
0.10374; 996.891
0.104; 998.446
0.10426; 1000
0.10452; 1000
0.10478; 1000
0.10504; 1000
0.1053; 1000
0.10556; 1000
0.10582; 1000
0.10608; 1000
0.10634; 1000
0.1066; 1000
0.10686; 1000
0.10712; 1000
0.10738; 1000
0.10764; 1000
0.1079; 1000
0.10816; 1000
0.10842; 1000
0.10868; 1000
0.10894; 1000
0.1092; 1000
0.10946; 1000
0.10972; 1000
0.10998; 1000
0.11024; 1000
0.1105; 1000
0.11076; 1000
0.11102; 1000
0.11128; 1000
0.11154; 1000
0.1118; 1000
0.11206; 1000
0.11232; 1000
0.11258; 1000
0.11284; 1000
0.1131; 1000
0.11336; 1000
0.11362; 1000
0.11388; 1000
0.11414; 1000
0.1144; 1000
0.11466; 1000
0.11492; 1000
0.11518; 1000
0.11544; 1000
0.1157; 1000
0.11596; 1000
0.11622; 1000
0.11648; 1000
0.11674; 1000
0.117; 1000
0.11726; 1000
0.11752; 1000
0.11778; 1000
0.11804; 1000
0.1183; 1000
0.11856; 1000
0.11882; 1000
0.11908; 1000
0.11934; 1000
0.1196; 1000
0.11986; 1000
0.12012; 1000
0.12038; 1000
0.12064; 1000
0.1209; 1000
0.12116; 1000
0.12142; 1000
0.12168; 1000
0.12194; 1000
0.1222; 1000
0.12246; 1000
0.12272; 1000
0.12298; 1000
0.12324; 1000
0.1235; 1000
0.12376; 1000
0.12402; 1000
0.12428; 1000
0.12454; 1000
0.1248; 1000
