0.0026; 400
0.0052; 400
0.0078; 400
0.0104; 400
0.013; 400
0.0156; 400
0.0182; 400
0.0208; 400
0.0234; 400
0.026; 400
0.0286; 400
0.0312; 400
0.0338; 400
0.0364; 400
0.039; 400
0.0416; 400
0.0442; 400
0.0468; 400
0.0494; 400
0.052; 400
0.0546; 400
0.0572; 400
0.0598; 400
0.0624; 400
0.065; 400
0.0676; 400
0.0702; 400
0.0728; 400
0.0754; 400
0.078; 400
0.0806; 400
0.0832; 400
0.0858; 400
0.0884; 400
0.091; 400
0.0936; 400
0.0962; 400
0.0988; 400
0.1014; 400
0.104; 400
0.1066; 400
0.1092; 400
0.1118; 400
0.1144; 400
0.117; 400
0.1196; 400
0.1222; 400
0.1248; 400
0.1274; 400
0.13; 400
0.1326; 400
0.1352; 400
0.1378; 400
0.1404; 400
0.143; 400
0.1456; 400
0.1482; 400
0.1508; 400
0.1534; 400
0.156; 400
0.1586; 400
0.1612; 400
0.1638; 400
0.1664; 400
0.169; 400
0.1716; 400
0.1742; 400
0.1768; 400
0.1794; 400
0.182; 400
0.1846; 400
0.1872; 400
0.1898; 400
0.1924; 400
0.195; 400
0.1976; 400
0.2002; 400
0.2028; 400
0.2054; 400
0.208; 400
0.2106; 400
0.2132; 400
0.2158; 400
0.2184; 400
0.221; 400
0.2236; 400
0.2262; 400
0.2288; 400
0.2314; 400
0.234; 400
0.2366; 400
0.2392; 400
0.2418; 400
0.2444; 400
0.247; 400
0.2496; 400
0.2522; 400
0.2548; 400
0.2574; 400
0.26; 400
0.2626; 400
0.2652; 400
0.2678; 400
0.2704; 400
0.273; 400
0.2756; 400
0.2782; 400
0.2808; 400
0.2834; 400
0.286; 400
0.2886; 400
0.2912; 400
0.2938; 400
0.2964; 400
0.299; 400
0.3016; 400
0.3042; 400
0.3068; 400
0.3094; 400
0.312; 400
0.3146; 400
0.3172; 400
0.3198; 400
0.3224; 400
0.325; 400
0.3276; 400
0.3302; 400
0.3328; 400
0.3354; 400
0.338; 400
0.3406; 400
0.3432; 400
0.3458; 400
0.3484; 400
0.351; 400
0.3536; 400
0.3562; 400
0.3588; 400
0.3614; 400
0.364; 400
0.3666; 400
0.3692; 400
0.3718; 400
0.3744; 400
0.377; 400
0.3796; 400
0.3822; 400
0.3848; 400
0.3874; 400
0.39; 400
0.3926; 400
0.3952; 400
0.3978; 400
0.4004; 400
0.403; 400
0.4056; 400
0.4082; 400
0.4108; 400
0.4134; 400
0.416; 400
0.4186; 400
0.4212; 400
0.4238; 400
0.4264; 400
0.429; 400
0.4316; 400
0.4342; 400
0.4368; 400
0.4394; 400
0.442; 400
0.4446; 400
0.4472; 400
0.4498; 400
0.4524; 400
0.455; 400
0.4576; 400
0.4602; 400
0.4628; 400
0.4654; 400
0.468; 400
0.4706; 400
0.4732; 400
0.4758; 400
0.4784; 400
0.481; 400
0.4836; 400
0.4862; 400
0.4888; 400
0.4914; 400
0.494; 400
0.4966; 400
0.4992; 400
0.5018; 400
0.5044; 400
0.507; 400
0.5096; 400
0.5122; 400
0.5148; 400
0.5174; 400
0.52; 400
0.5226; 400
0.5252; 400
0.5278; 400
0.5304; 400
0.533; 400
0.5356; 400
0.5382; 400
0.5408; 400
0.5434; 400
0.546; 400
0.5486; 400
0.5512; 400
0.5538; 400
0.5564; 400.001
0.559; 400.001
0.5616; 400.001
0.5642; 400.001
0.5668; 400.002
0.5694; 400.002
0.572; 400.002
0.5746; 400.003
0.5772; 400.004
0.5798; 400.005
0.5824; 400.006
0.585; 400.007
0.5876; 400.009
0.5902; 400.011
0.5928; 400.013
0.5954; 400.016
0.598; 400.019
0.6006; 400.023
0.6032; 400.028
0.6058; 400.034
0.6084; 400.041
0.611; 400.05
0.6136; 400.06
0.6162; 400.072
0.6188; 400.086
0.6214; 400.103
0.624; 400.123
0.6266; 400.147
0.6292; 400.174
0.6318; 400.207
0.6344; 400.245
0.637; 400.289
0.6396; 400.341
0.6422; 400.402
0.6448; 400.473
0.6474; 400.555
0.65; 400.65
0.6526; 400.761
0.6552; 400.888
0.6578; 401.036
0.6604; 401.205
0.663; 401.401
0.6656; 401.625
0.6682; 401.882
0.6708; 402.176
0.6734; 402.511
0.676; 402.892
0.6786; 403.326
0.6812; 403.817
0.6838; 404.371
0.6864; 404.997
0.689; 405.7
0.6916; 406.488
0.6942; 407.368
0.6968; 408.348
0.6994; 409.437
0.702; 410.641
0.7046; 411.97
0.7072; 413.43
0.7098; 415.028
0.7124; 416.772
0.715; 418.668
0.7176; 420.72
0.7202; 422.934
0.7228; 425.312
0.7254; 427.857
0.728; 430.57
0.7306; 433.449
0.7332; 436.493
0.7358; 439.698
0.7384; 443.06
0.741; 446.572
0.7436; 450.226
0.7462; 454.014
0.7488; 457.925
0.7514; 461.951
0.754; 466.08
0.7566; 470.303
0.7592; 474.61
0.7618; 478.994
0.7644; 483.446
0.767; 487.963
0.7696; 492.54
0.7722; 497.172
0.7748; 501.845
0.7774; 506.548
0.78; 511.268
0.7826; 515.998
0.7852; 520.729
0.7878; 525.449
0.7904; 530.148
0.793; 534.82
0.7956; 539.464
0.7982; 544.082
0.8008; 548.672
0.8034; 553.234
0.806; 557.764
0.8086; 562.253
0.8112; 566.69
0.8138; 571.059
0.8164; 575.345
0.819; 580.023
0.8216; 584.842
0.8242; 589.271
0.8268; 593.293
0.8294; 596.9
0.832; 600.093
0.8346; 602.887
0.8372; 605.313
0.8398; 607.42
0.8424; 609.279
0.845; 610.982
0.8476; 612.547
0.8502; 614.026
0.8528; 615.478
0.8554; 617
0.858; 618.633
0.8606; 620.406
0.8632; 622.338
0.8658; 624.447
0.8684; 626.745
0.871; 629.242
0.8736; 631.944
0.8762; 634.853
0.8788; 637.972
0.8814; 641.303
0.884; 644.85
0.8866; 648.807
0.8892; 653.308
0.8918; 658.056
0.8944; 663.008
0.897; 668.104
0.8996; 673.275
0.9022; 678.446
0.9048; 683.54
0.9074; 688.485
0.91; 693.21
0.9126; 697.649
0.9152; 701.746
0.9178; 705.453
0.9204; 708.729
0.923; 711.547
0.9256; 713.885
0.9282; 715.734
0.9308; 717.092
0.9334; 717.963
0.936; 718.359
0.9386; 718.296
0.9412; 717.796
0.9438; 716.884
0.9464; 715.583
0.949; 713.923
0.9516; 711.931
0.9542; 709.636
0.9568; 707.066
0.9594; 704.248
0.962; 701.211
0.9646; 697.981
0.9672; 694.587
0.9698; 691.059
0.9724; 687.424
0.975; 683.715
0.9776; 679.966
0.9802; 676.213
0.9828; 672.494
0.9854; 668.855
0.988; 665.341
0.9906; 662.003
0.9932; 658.894
0.9958; 656.067
0.9984; 653.577
1.001; 651.477
1.0036; 649.837
1.0062; 648.92
1.0088; 648.296
1.0114; 647.948
1.014; 647.912
1.0166; 648.196
1.0192; 648.799
1.0218; 649.718
1.0244; 650.944
1.027; 652.466
1.0296; 654.268
1.0322; 656.331
1.0348; 658.632
1.0374; 661.145
1.04; 663.84
1.0426; 666.682
1.0452; 669.63
1.0478; 672.903
1.0504; 676.806
1.053; 680.991
1.0556; 685.368
1.0582; 689.841
1.0608; 694.315
1.0634; 698.697
1.066; 702.897
1.0686; 706.834
1.0712; 710.43
1.0738; 713.621
1.0764; 716.347
1.079; 718.564
1.0816; 720.234
1.0842; 721.33
1.0868; 721.836
1.0894; 721.745
1.092; 721.059
1.0946; 719.791
1.0972; 717.96
1.0998; 715.596
1.1024; 712.737
1.105; 709.429
1.1076; 705.727
1.1102; 701.693
1.1128; 697.396
1.1154; 692.913
1.118; 688.323
1.1206; 683.71
1.1232; 679.16
1.1258; 674.758
1.1284; 670.584
1.131; 666.711
1.1336; 663.194
1.1362; 660.077
1.1388; 657.749
1.1414; 656.044
1.144; 654.667
1.1466; 653.711
1.1492; 653.225
1.1518; 653.171
1.1544; 653.549
1.157; 654.339
1.1596; 655.523
1.1622; 657.081
1.1648; 658.991
1.1674; 661.226
1.17; 663.755
1.1726; 666.548
1.1752; 669.573
1.1778; 673.21
1.1804; 677.572
1.183; 682.239
1.1856; 687.12
1.1882; 692.127
1.1908; 697.172
1.1934; 702.173
1.196; 707.055
1.1986; 711.754
1.2012; 716.217
1.2038; 720.402
1.2064; 724.277
1.209; 727.824
1.2116; 731.033
1.2142; 733.904
1.2168; 736.443
1.2194; 738.665
1.222; 740.588
1.2246; 742.234
1.2272; 743.626
1.2298; 744.788
1.2324; 745.745
1.235; 746.518
1.2376; 747.13
1.2402; 747.596
1.2428; 747.933
1.2454; 748.151
1.248; 748.258
