0.00026; 0
0.00052; 0
0.00078; 0
0.00104; 0
0.0013; 0
0.00156; 0
0.00182; 0
0.00208; 0
0.00234; 0
0.0026; 0
0.00286; 0
0.00312; 0
0.00338; 0
0.00364; 0
0.0039; 0
0.00416; 0
0.00442; 0
0.00468; 0
0.00494; 0
0.0052; 0
0.00546; 0
0.00572; 0
0.00598; 0
0.00624; 0
0.0065; 0
0.00676; 0
0.00702; 0
0.00728; 0
0.00754; 0
0.0078; 0
0.00806; 0
0.00832; 0
0.00858; 0
0.00884; 0
0.0091; 0
0.00936; 0
0.00962; 0
0.00988; 0
0.01014; 0
0.0104; 0
0.01066; 0
0.01092; 0
0.01118; 0
0.01144; 0
0.0117; 0
0.01196; 0
0.01222; 0
0.01248; 0
0.01274; 0
0.013; 0
0.01326; 0
0.01352; 0
0.01378; 0
0.01404; 0
0.0143; 0
0.01456; 0
0.01482; 0
0.01508; 0
0.01534; 0
0.0156; 0
0.01586; 0
0.01612; 0
0.01638; 0
0.01664; 0
0.0169; 0
0.01716; 0
0.01742; 0
0.01768; 0
0.01794; 0
0.0182; 0
0.01846; 0
0.01872; 0
0.01898; 0
0.01924; 0
0.0195; 0
0.01976; 0
0.02002; 0
0.02028; 0
0.02054; 0
0.0208; 0
0.02106; 0
0.02132; 0
0.02158; 0
0.02184; 0
0.0221; 0
0.02236; 0
0.02262; 0
0.02288; 0
0.02314; 0
0.0234; 0
0.02366; 0
0.02392; 0
0.02418; 0
0.02444; 0
0.0247; 0
0.02496; 0
0.02522; 0
0.02548; 0
0.02574; 0
0.026; 0
0.02626; 0
0.02652; 0
0.02678; 0
0.02704; 0
0.0273; 0
0.02756; 0
0.02782; 0
0.02808; 0
0.02834; 0
0.0286; 0
0.02886; 0
0.02912; 0
0.02938; 0
0.02964; 0
0.0299; 0
0.03016; 0
0.03042; 0
0.03068; 0
0.03094; 0
0.0312; 0
0.03146; 0
0.03172; 0
0.03198; 0
0.03224; 0
0.0325; 0
0.03276; 875.915
0.03302; 875.911
0.03328; 875.892
0.03354; 875.869
0.0338; 875.832
0.03406; 875.79
0.03432; 875.734
0.03458; 875.673
0.03484; 875.597
0.0351; 875.517
0.03536; 875.423
0.03562; 875.324
0.03588; 875.211
0.03614; 875.093
0.0364; 874.96
0.03666; 874.823
0.03692; 874.671
0.03718; 874.515
0.03744; 874.343
0.0377; 874.167
0.03796; 873.976
0.03822; 873.781
0.03848; 873.571
0.03874; 873.355
0.039; 873.125
0.03926; 872.889
0.03952; 872.639
0.03978; 872.384
0.04004; 872.113
0.0403; 871.837
0.04056; 871.546
0.04082; 871.25
0.04108; 870.938
0.04134; 870.621
0.0416; 870.289
0.04186; 869.951
0.04212; 869.598
0.04238; 869.239
0.04264; 868.865
0.0429; 868.485
0.04316; 868.089
0.04342; 867.687
0.04368; 867.27
0.04394; 866.846
0.0442; 866.407
0.04446; 865.961
0.04472; 865.5
0.04498; 865.032
0.04524; 864.548
0.0455; 864.057
0.04576; 863.551
0.04602; 863.037
0.04628; 862.508
0.04654; 861.971
0.0468; 861.418
0.04706; 860.858
0.04732; 860.281
0.04758; 859.697
0.04784; 859.096
0.0481; 858.487
0.04836; 857.862
0.04862; 857.229
0.04888; 856.579
0.04914; 855.921
0.0494; 855.245
0.04966; 854.561
0.04992; 853.86
0.05018; 853.15
0.05044; 852.423
0.0507; 851.687
0.05096; 850.933
0.05122; 850.17
0.05148; 849.389
0.05174; 848.598
0.052; 847.79
0.05226; 846.971
0.05252; 846.134
0.05278; 845.286
0.05304; 844.42
0.0533; 843.543
0.05356; 842.647
0.05382; 841.74
0.05408; 840.815
0.05434; 839.877
0.0546; 838.92
0.05486; 837.95
0.05512; 836.961
0.05538; 835.96
0.05564; 834.938
0.0559; 833.903
0.05616; 832.848
0.05642; 831.779
0.05668; 830.689
0.05694; 829.585
0.0572; 828.459
0.05746; 827.319
0.05772; 826.157
0.05798; 824.979
0.05824; 823.78
0.0585; 822.564
0.05876; 821.326
0.05902; 820.07
0.05928; 818.792
0.05954; 817.496
0.0598; 816.177
0.06006; 814.838
0.06032; 813.477
0.06058; 812.095
0.06084; 810.69
0.0611; 809.264
0.06136; 807.814
0.06162; 806.343
0.06188; 804.846
0.06214; 803.328
0.0624; 801.784
0.06266; 800.218
0.06292; 798.626
0.06318; 797.011
0.06344; 795.37
0.0637; 793.705
0.06396; 792.013
0.06422; 790.298
0.06448; 788.556
0.06474; 786.789
0.065; 784.996
0.06526; 783.179
0.06552; 781.336
0.06578; 779.468
0.06604; 777.575
0.0663; 775.658
0.06656; 773.716
0.06682; 771.752
0.06708; 769.764
0.06734; 767.754
0.0676; 765.723
0.06786; 763.672
0.06812; 761.601
0.06838; 759.513
0.06864; 757.407
0.0689; 755.287
0.06916; 753.152
0.06942; 751.005
0.06968; 748.848
0.06994; 746.682
0.0702; 744.509
0.07046; 742.331
0.07072; 740.15
0.07098; 737.967
0.07124; 735.785
0.0715; 733.605
0.07176; 731.429
0.07202; 729.258
0.07228; 727.095
0.07254; 724.94
0.0728; 722.795
0.07306; 720.661
0.07332; 718.541
0.07358; 716.432
0.07384; 714.34
0.0741; 712.261
0.07436; 710.2
0.07462; 708.154
0.07488; 706.127
0.07514; 704.116
0.0754; 702.125
0.07566; 700.151
0.07592; 698.197
0.07618; 696.26
0.07644; 694.345
0.0767; 692.447
0.07696; 690.571
0.07722; 688.712
0.07748; 686.874
0.07774; 685.054
0.078; 683.256
0.07826; 681.475
0.07852; 679.715
0.07878; 677.973
0.07904; 676.252
0.0793; 674.548
0.07956; 672.865
0.07982; 671.2
0.08008; 669.554
0.08034; 667.926
0.0806; 666.318
0.08086; 664.727
0.08112; 663.156
0.08138; 661.602
0.08164; 660.067
0.0819; 658.549
0.08216; 657.05
0.08242; 655.567
0.08268; 654.104
0.08294; 652.656
0.0832; 651.228
0.08346; 649.816
0.08372; 648.422
0.08398; 647.044
0.08424; 645.684
0.0845; 644.34
0.08476; 643.015
0.08502; 641.705
0.08528; 640.413
0.08554; 639.136
0.0858; 637.878
0.08606; 636.634
0.08632; 635.409
0.08658; 634.198
0.08684; 633.006
0.0871; 631.828
0.08736; 630.668
0.08762; 629.523
0.08788; 628.396
0.08814; 627.283
0.0884; 626.188
0.08866; 625.107
0.08892; 624.045
0.08918; 622.996
0.08944; 621.966
0.0897; 620.949
0.08996; 619.951
0.09022; 618.966
0.09048; 618
0.09074; 617.047
0.091; 616.113
0.09126; 615.192
0.09152; 614.289
0.09178; 613.4
0.09204; 612.529
0.0923; 611.672
0.09256; 610.833
0.09282; 610.007
0.09308; 609.2
0.09334; 608.406
0.0936; 607.63
0.09386; 606.868
0.09412; 606.124
0.09438; 605.393
0.09464; 604.681
0.0949; 603.982
0.09516; 603.3
0.09542; 602.631
0.09568; 601.983
0.09594; 601.346
0.0962; 600.729
0.09646; 600.124
0.09672; 599.538
0.09698; 598.964
0.09724; 598.41
0.0975; 597.868
0.09776; 597.345
0.09802; 596.834
0.09828; 596.343
0.09854; 595.863
0.0988; 595.403
0.09906; 594.954
0.09932; 594.526
0.09958; 594.109
0.09984; 593.712
0.1001; 593.325
0.10036; 592.96
0.10062; 592.604
0.10088; 592.27
0.10114; 591.946
0.1014; 591.642
0.10166; 591.349
0.10192; 591.077
0.10218; 590.814
0.10244; 590.573
0.1027; 590.341
0.10296; 590.13
0.10322; 589.929
0.10348; 589.749
0.10374; 589.579
0.104; 589.429
0.10426; 589.289
0.10452; 589.169
0.10478; 589.059
0.10504; 588.969
0.1053; 588.888
0.10556; 588.827
0.10582; 588.773
0.10608; 588.736
0.10634; 588.705
0.1066; 0
0.10686; 0
0.10712; 0
0.10738; 0
0.10764; 0
0.1079; 0
0.10816; 0
0.10842; 0
0.10868; 0
0.10894; 0
0.1092; 0
0.10946; 0
0.10972; 0
0.10998; 0
0.11024; 0
0.1105; 0
0.11076; 0
0.11102; 0
0.11128; 0
0.11154; 0
0.1118; 0
0.11206; 0
0.11232; 0
0.11258; 0
0.11284; 0
0.1131; 0
0.11336; 0
0.11362; 0
0.11388; 0
0.11414; 0
0.1144; 0
0.11466; 0
0.11492; 0
0.11518; 0
0.11544; 0
0.1157; 0
0.11596; 0
0.11622; 0
0.11648; 0
0.11674; 0
0.117; 0
0.11726; 0
0.11752; 0
0.11778; 0
0.11804; 0
0.1183; 0
0.11856; 0
0.11882; 0
0.11908; 0
0.11934; 0
0.1196; 0
0.11986; 0
0.12012; 0
0.12038; 0
0.12064; 0
0.1209; 0
0.12116; 0
0.12142; 0
0.12168; 0
0.12194; 0
0.1222; 0
0.12246; 0
0.12272; 0
0.12298; 0
0.12324; 0
0.1235; 0
0.12376; 0
0.12402; 0
0.12428; 0
0.12454; 0
0.1248; 0
