0.0026; 400
0.0052; 400
0.0078; 400
0.0104; 400
0.013; 400
0.0156; 400
0.0182; 400
0.0208; 400
0.0234; 400
0.026; 400
0.0286; 400
0.0312; 400
0.0338; 400
0.0364; 400
0.039; 400
0.0416; 400
0.0442; 400
0.0468; 400
0.0494; 400
0.052; 400
0.0546; 400
0.0572; 400
0.0598; 400
0.0624; 400
0.065; 400
0.0676; 400
0.0702; 400
0.0728; 400
0.0754; 400
0.078; 400
0.0806; 400
0.0832; 400
0.0858; 400
0.0884; 400
0.091; 400
0.0936; 400
0.0962; 400
0.0988; 400
0.1014; 400
0.104; 400
0.1066; 400
0.1092; 400
0.1118; 400
0.1144; 400
0.117; 400
0.1196; 400
0.1222; 400
0.1248; 400
0.1274; 400
0.13; 400
0.1326; 400
0.1352; 400
0.1378; 400
0.1404; 400
0.143; 400
0.1456; 400
0.1482; 400
0.1508; 400
0.1534; 400
0.156; 400
0.1586; 400
0.1612; 400
0.1638; 400
0.1664; 400
0.169; 400
0.1716; 400
0.1742; 400
0.1768; 400
0.1794; 400
0.182; 400
0.1846; 400
0.1872; 400
0.1898; 400
0.1924; 400
0.195; 400
0.1976; 400
0.2002; 400
0.2028; 400
0.2054; 400
0.208; 400
0.2106; 400
0.2132; 400
0.2158; 400
0.2184; 400
0.221; 400
0.2236; 400
0.2262; 400
0.2288; 400
0.2314; 400
0.234; 400
0.2366; 400
0.2392; 400
0.2418; 400
0.2444; 400
0.247; 400
0.2496; 400
0.2522; 400
0.2548; 400
0.2574; 400
0.26; 400
0.2626; 400
0.2652; 400
0.2678; 400
0.2704; 400
0.273; 400
0.2756; 400
0.2782; 400
0.2808; 400
0.2834; 400
0.286; 400
0.2886; 400
0.2912; 400
0.2938; 400
0.2964; 400
0.299; 400
0.3016; 400
0.3042; 400
0.3068; 400
0.3094; 400
0.312; 400
0.3146; 400
0.3172; 400
0.3198; 400
0.3224; 400
0.325; 400
0.3276; 400
0.3302; 400
0.3328; 400
0.3354; 400
0.338; 400
0.3406; 400
0.3432; 400
0.3458; 400
0.3484; 400
0.351; 400
0.3536; 400
0.3562; 400
0.3588; 400
0.3614; 400
0.364; 400
0.3666; 400
0.3692; 400
0.3718; 400
0.3744; 400
0.377; 400
0.3796; 400
0.3822; 400
0.3848; 400
0.3874; 400
0.39; 400
0.3926; 400
0.3952; 400
0.3978; 400
0.4004; 400
0.403; 400
0.4056; 400
0.4082; 400
0.4108; 400
0.4134; 400
0.416; 400
0.4186; 400
0.4212; 400
0.4238; 400
0.4264; 400
0.429; 400
0.4316; 400
0.4342; 400
0.4368; 400
0.4394; 400
0.442; 400
0.4446; 400
0.4472; 400
0.4498; 400
0.4524; 400
0.455; 400
0.4576; 400
0.4602; 400
0.4628; 400
0.4654; 400
0.468; 400
0.4706; 400
0.4732; 400
0.4758; 400
0.4784; 400
0.481; 400
0.4836; 400.001
0.4862; 400.001
0.4888; 400.001
0.4914; 400.001
0.494; 400.001
0.4966; 400.001
0.4992; 400.002
0.5018; 400.002
0.5044; 400.002
0.507; 400.003
0.5096; 400.003
0.5122; 400.004
0.5148; 400.004
0.5174; 400.005
0.52; 400.006
0.5226; 400.007
0.5252; 400.009
0.5278; 400.01
0.5304; 400.012
0.533; 400.014
0.5356; 400.017
0.5382; 400.02
0.5408; 400.023
0.5434; 400.027
0.546; 400.032
0.5486; 400.037
0.5512; 400.043
0.5538; 400.05
0.5564; 400.059
0.559; 400.068
0.5616; 400.079
0.5642; 400.092
0.5668; 400.107
0.5694; 400.123
0.572; 400.142
0.5746; 400.164
0.5772; 400.189
0.5798; 400.217
0.5824; 400.249
0.585; 400.285
0.5876; 400.326
0.5902; 400.373
0.5928; 400.425
0.5954; 400.483
0.598; 400.549
0.6006; 400.623
0.6032; 400.706
0.6058; 400.798
0.6084; 400.901
0.611; 401.016
0.6136; 401.144
0.6162; 401.286
0.6188; 401.443
0.6214; 401.617
0.624; 401.809
0.6266; 402.021
0.6292; 402.254
0.6318; 402.511
0.6344; 402.792
0.637; 403.101
0.6396; 403.438
0.6422; 403.807
0.6448; 404.209
0.6474; 404.647
0.65; 405.123
0.6526; 405.64
0.6552; 406.2
0.6578; 406.806
0.6604; 407.461
0.663; 408.167
0.6656; 408.927
0.6682; 409.744
0.6708; 410.62
0.6734; 411.56
0.676; 412.565
0.6786; 413.638
0.6812; 414.782
0.6838; 416
0.6864; 417.294
0.689; 418.667
0.6916; 420.121
0.6942; 421.657
0.6968; 423.279
0.6994; 424.988
0.702; 426.785
0.7046; 428.672
0.7072; 430.649
0.7098; 432.718
0.7124; 434.879
0.715; 437.132
0.7176; 439.476
0.7202; 441.912
0.7228; 444.438
0.7254; 447.053
0.728; 449.755
0.7306; 452.543
0.7332; 455.415
0.7358; 458.367
0.7384; 461.397
0.741; 464.501
0.7436; 467.678
0.7462; 470.922
0.7488; 474.232
0.7514; 477.603
0.754; 481.034
0.7566; 484.522
0.7592; 488.066
0.7618; 491.665
0.7644; 495.321
0.767; 499.035
0.7696; 502.806
0.7722; 506.634
0.7748; 510.51
0.7774; 514.423
0.78; 518.361
0.7826; 522.312
0.7852; 526.265
0.7878; 530.203
0.7904; 534.112
0.793; 537.982
0.7956; 541.806
0.7982; 545.581
0.8008; 549.304
0.8034; 552.975
0.806; 556.592
0.8086; 560.152
0.8112; 563.655
0.8138; 567.1
0.8164; 570.498
0.819; 574.209
0.8216; 578.167
0.8242; 582.044
0.8268; 585.843
0.8294; 589.578
0.832; 593.257
0.8346; 596.89
0.8372; 600.489
0.8398; 604.065
0.8424; 607.639
0.845; 611.251
0.8476; 614.742
0.8502; 617.99
0.8528; 621.093
0.8554; 624.135
0.858; 627.145
0.8606; 630.131
0.8632; 633.096
0.8658; 636.042
0.8684; 638.97
0.871; 641.88
0.8736; 644.775
0.8762; 647.655
0.8788; 650.524
0.8814; 653.387
0.884; 656.245
0.8866; 659.208
0.8892; 662.282
0.8918; 665.291
0.8944; 668.238
0.897; 671.118
0.8996; 673.917
0.9022; 676.619
0.9048; 679.207
0.9074; 681.663
0.91; 683.971
0.9126; 686.112
0.9152; 688.072
0.9178; 689.837
0.9204; 691.394
0.923; 692.734
0.9256; 693.851
0.9282; 694.741
0.9308; 695.4
0.9334; 695.832
0.936; 696.039
0.9386; 696.028
0.9412; 695.809
0.9438; 695.39
0.9464; 694.787
0.949; 694.014
0.9516; 693.086
0.9542; 692.023
0.9568; 690.842
0.9594; 689.563
0.962; 688.206
0.9646; 686.793
0.9672; 685.344
0.9698; 683.881
0.9724; 682.424
0.975; 680.994
0.9776; 679.611
0.9802; 678.295
0.9828; 677.066
0.9854; 675.942
0.988; 674.94
0.9906; 674.077
0.9932; 673.369
0.9958; 672.829
0.9984; 672.469
1.001; 672.296
1.0036; 672.326
1.0062; 672.632
1.0088; 673.021
1.0114; 673.519
1.014; 674.131
1.0166; 674.85
1.0192; 675.673
1.0218; 676.591
1.0244; 677.599
1.027; 678.687
1.0296; 679.848
1.0322; 681.071
1.0348; 682.347
1.0374; 683.665
1.04; 685.012
1.0426; 686.374
1.0452; 687.738
1.0478; 689.204
1.0504; 690.848
1.053; 692.527
1.0556; 694.216
1.0582; 695.886
1.0608; 697.509
1.0634; 699.057
1.066; 700.501
1.0686; 701.815
1.0712; 702.974
1.0738; 703.956
1.0764; 704.74
1.079; 705.311
1.0816; 705.657
1.0842; 705.768
1.0868; 705.641
1.0894; 705.276
1.092; 704.677
1.0946; 703.854
1.0972; 702.82
1.0998; 701.593
1.1024; 700.193
1.105; 698.644
1.1076; 696.975
1.1102; 695.213
1.1128; 693.391
1.1154; 691.542
1.118; 689.696
1.1206; 687.888
1.1232; 686.149
1.1258; 684.509
1.1284; 682.996
1.131; 681.631
1.1336; 680.43
1.1362; 679.393
1.1388; 678.701
1.1414; 678.276
1.144; 677.977
1.1466; 677.849
1.1492; 677.911
1.1518; 678.14
1.1544; 678.536
1.157; 679.09
1.1596; 679.794
1.1622; 680.642
1.1648; 681.628
1.1674; 682.742
1.17; 683.976
1.1726; 685.321
1.1752; 686.766
1.1778; 688.532
1.1804; 690.687
1.183; 693.014
1.1856; 695.491
1.1882; 698.093
1.1908; 700.791
1.1934; 703.556
1.196; 706.361
1.1986; 709.177
1.2012; 711.978
1.2038; 714.739
1.2064; 717.437
1.209; 720.049
1.2116; 722.557
1.2142; 724.944
1.2168; 727.196
1.2194; 729.301
1.222; 731.25
1.2246; 733.034
1.2272; 734.647
1.2298; 736.086
1.2324; 737.347
1.235; 738.429
1.2376; 739.331
1.2402; 740.053
1.2428; 740.593
1.2454; 740.954
1.248; 741.134
