0.0026; 400
0.0052; 400
0.0078; 400
0.0104; 400
0.013; 400
0.0156; 400
0.0182; 400
0.0208; 400
0.0234; 400
0.026; 400
0.0286; 400
0.0312; 400
0.0338; 400
0.0364; 400
0.039; 400
0.0416; 400
0.0442; 400
0.0468; 400
0.0494; 400
0.052; 400
0.0546; 400
0.0572; 400
0.0598; 400
0.0624; 400
0.065; 400
0.0676; 400
0.0702; 400
0.0728; 400
0.0754; 400
0.078; 400
0.0806; 400
0.0832; 400
0.0858; 400
0.0884; 400
0.091; 400
0.0936; 400
0.0962; 400
0.0988; 400
0.1014; 400
0.104; 400
0.1066; 400
0.1092; 400
0.1118; 400
0.1144; 400
0.117; 400
0.1196; 400
0.1222; 400
0.1248; 400
0.1274; 400
0.13; 400
0.1326; 400
0.1352; 400
0.1378; 400
0.1404; 400
0.143; 400
0.1456; 400
0.1482; 400
0.1508; 400
0.1534; 400
0.156; 400
0.1586; 400
0.1612; 400
0.1638; 400
0.1664; 400
0.169; 400
0.1716; 400
0.1742; 400
0.1768; 400
0.1794; 400
0.182; 400
0.1846; 400
0.1872; 400
0.1898; 400
0.1924; 400
0.195; 400
0.1976; 400
0.2002; 400
0.2028; 400
0.2054; 400
0.208; 400
0.2106; 400
0.2132; 400
0.2158; 400
0.2184; 400
0.221; 400
0.2236; 400
0.2262; 400
0.2288; 400
0.2314; 400
0.234; 400
0.2366; 400
0.2392; 400
0.2418; 400
0.2444; 400
0.247; 400
0.2496; 400
0.2522; 400
0.2548; 400
0.2574; 400
0.26; 400
0.2626; 400
0.2652; 400
0.2678; 400
0.2704; 400
0.273; 400
0.2756; 400
0.2782; 400
0.2808; 400
0.2834; 400
0.286; 400
0.2886; 400
0.2912; 400
0.2938; 400
0.2964; 400
0.299; 400
0.3016; 400
0.3042; 400
0.3068; 400
0.3094; 400
0.312; 400
0.3146; 400
0.3172; 400
0.3198; 400
0.3224; 400
0.325; 400
0.3276; 400
0.3302; 400
0.3328; 400
0.3354; 400
0.338; 400
0.3406; 400
0.3432; 400
0.3458; 400
0.3484; 400
0.351; 400
0.3536; 400
0.3562; 400
0.3588; 400
0.3614; 400
0.364; 400
0.3666; 400
0.3692; 400
0.3718; 400
0.3744; 400
0.377; 400
0.3796; 400
0.3822; 400
0.3848; 400
0.3874; 400
0.39; 400
0.3926; 400
0.3952; 400
0.3978; 400
0.4004; 400
0.403; 400
0.4056; 400
0.4082; 400
0.4108; 400
0.4134; 400
0.416; 400
0.4186; 400
0.4212; 400
0.4238; 400
0.4264; 400
0.429; 400
0.4316; 400
0.4342; 400
0.4368; 400
0.4394; 400
0.442; 400
0.4446; 400
0.4472; 400
0.4498; 400
0.4524; 400
0.455; 400
0.4576; 400
0.4602; 400
0.4628; 400
0.4654; 400
0.468; 400
0.4706; 400
0.4732; 400
0.4758; 400
0.4784; 400
0.481; 400
0.4836; 400
0.4862; 400
0.4888; 400
0.4914; 400
0.494; 400
0.4966; 400
0.4992; 400
0.5018; 400
0.5044; 400
0.507; 400
0.5096; 400
0.5122; 400
0.5148; 400
0.5174; 400
0.52; 400
0.5226; 400
0.5252; 400
0.5278; 400
0.5304; 400
0.533; 400
0.5356; 400
0.5382; 400.001
0.5408; 400.001
0.5434; 400.001
0.546; 400.001
0.5486; 400.001
0.5512; 400.002
0.5538; 400.002
0.5564; 400.003
0.559; 400.003
0.5616; 400.004
0.5642; 400.005
0.5668; 400.006
0.5694; 400.007
0.572; 400.008
0.5746; 400.01
0.5772; 400.012
0.5798; 400.015
0.5824; 400.018
0.585; 400.022
0.5876; 400.026
0.5902; 400.032
0.5928; 400.038
0.5954; 400.045
0.598; 400.054
0.6006; 400.064
0.6032; 400.077
0.6058; 400.091
0.6084; 400.108
0.611; 400.127
0.6136; 400.15
0.6162; 400.177
0.6188; 400.208
0.6214; 400.244
0.624; 400.286
0.6266; 400.334
0.6292; 400.39
0.6318; 400.454
0.6344; 400.527
0.637; 400.612
0.6396; 400.709
0.6422; 400.819
0.6448; 400.945
0.6474; 401.089
0.65; 401.252
0.6526; 401.438
0.6552; 401.648
0.6578; 401.885
0.6604; 402.153
0.663; 402.455
0.6656; 402.795
0.6682; 403.176
0.6708; 403.603
0.6734; 404.081
0.676; 404.613
0.6786; 405.206
0.6812; 405.864
0.6838; 406.593
0.6864; 407.399
0.689; 408.287
0.6916; 409.264
0.6942; 410.335
0.6968; 411.508
0.6994; 412.786
0.702; 414.177
0.7046; 415.686
0.7072; 417.319
0.7098; 419.079
0.7124; 420.971
0.715; 422.999
0.7176; 425.167
0.7202; 427.475
0.7228; 429.927
0.7254; 432.521
0.728; 435.259
0.7306; 438.138
0.7332; 441.156
0.7358; 444.31
0.7384; 447.595
0.741; 451.007
0.7436; 454.54
0.7462; 458.186
0.7488; 461.939
0.7514; 465.792
0.754; 469.737
0.7566; 473.767
0.7592; 477.877
0.7618; 482.062
0.7644; 486.317
0.767; 490.64
0.7696; 495.028
0.7722; 499.474
0.7748; 503.968
0.7774; 508.495
0.78; 513.041
0.7826; 517.594
0.7852; 522.14
0.7878; 526.665
0.7904; 531.153
0.793; 535.596
0.7956; 539.989
0.7982; 544.33
0.8008; 548.618
0.8034; 552.852
0.806; 557.027
0.8086; 561.138
0.8112; 565.18
0.8138; 569.14
0.8164; 573.015
0.819; 577.243
0.8216; 581.643
0.8242; 585.765
0.8268; 589.609
0.8294; 593.186
0.832; 596.505
0.8346; 599.584
0.8372; 602.449
0.8398; 605.139
0.8424; 607.703
0.845; 610.213
0.8476; 612.613
0.8502; 614.87
0.8528; 617.056
0.8554; 619.261
0.858; 621.52
0.8606; 623.852
0.8632; 626.268
0.8658; 628.78
0.8684; 631.395
0.871; 634.119
0.8736; 636.956
0.8762; 639.909
0.8788; 642.982
0.8814; 646.179
0.884; 649.507
0.8866; 653.127
0.8892; 657.133
0.8918; 661.273
0.8944; 665.525
0.897; 669.852
0.8996; 674.208
0.9022; 678.54
0.9048; 682.794
0.9074; 686.917
0.91; 690.855
0.9126; 694.559
0.9152; 697.983
0.9178; 701.088
0.9204; 703.839
0.923; 706.212
0.9256; 708.185
0.9282; 709.748
0.9308; 710.894
0.9334; 711.625
0.936; 711.946
0.9386; 711.869
0.9412; 711.411
0.9438; 710.59
0.9464; 709.429
0.949; 707.952
0.9516; 706.185
0.9542; 704.155
0.9568; 701.89
0.9594; 699.419
0.962; 696.771
0.9646; 693.973
0.9672; 691.057
0.9698; 688.052
0.9724; 684.989
0.975; 681.898
0.9776; 678.813
0.9802; 675.768
0.9828; 672.796
0.9854; 669.936
0.988; 667.224
0.9906; 664.701
0.9932; 662.406
0.9958; 660.378
0.9984; 658.654
1.001; 657.27
1.0036; 656.273
1.0062; 655.853
1.0088; 655.653
1.0114; 655.676
1.014; 655.944
1.0166; 656.459
1.0192; 657.217
1.0218; 658.213
1.0244; 659.438
1.027; 660.88
1.0296; 662.526
1.0322; 664.36
1.0348; 666.363
1.0374; 668.515
1.04; 670.791
1.0426; 673.165
1.0452; 675.607
1.0478; 678.296
1.0504; 681.463
1.053; 684.831
1.0556; 688.333
1.0582; 691.898
1.0608; 695.456
1.0634; 698.936
1.066; 702.267
1.0686; 705.385
1.0712; 708.229
1.0738; 710.742
1.0764; 712.876
1.079; 714.592
1.0816; 715.855
1.0842; 716.642
1.0868; 716.937
1.0894; 716.735
1.092; 716.036
1.0946; 714.852
1.0972; 713.203
1.0998; 711.116
1.1024; 708.628
1.105; 705.781
1.1076; 702.625
1.1102; 699.216
1.1128; 695.615
1.1154; 691.888
1.118; 688.103
1.1206; 684.328
1.1232; 680.635
1.1258; 677.088
1.1284; 673.752
1.131; 670.681
1.1336; 667.915
1.1362; 665.481
1.1388; 663.698
1.1414; 662.423
1.144; 661.411
1.1466; 660.738
1.1492; 660.442
1.1518; 660.489
1.1544; 660.878
1.157; 661.593
1.1596; 662.619
1.1622; 663.941
1.1648; 665.542
1.1674; 667.402
1.17; 669.499
1.1726; 671.809
1.1752; 674.31
1.1778; 677.332
1.1804; 680.978
1.183; 684.894
1.1856; 689.014
1.1882; 693.274
1.1908; 697.608
1.1934; 701.95
1.196; 706.242
1.1986; 710.43
1.2012; 714.467
1.2038; 718.315
1.2064; 721.941
1.209; 725.322
1.2116; 728.442
1.2142; 731.292
1.2168; 733.868
1.2194; 736.174
1.222; 738.216
1.2246; 740.006
1.2272; 741.556
1.2298; 742.881
1.2324; 743.998
1.235; 744.921
1.2376; 745.665
1.2402; 746.243
1.2428; 746.667
1.2454; 746.944
1.248; 747.081
