0.00026; 0
0.00052; 0
0.00078; 0
0.00104; 0
0.0013; 0
0.00156; 0
0.00182; 0
0.00208; 0
0.00234; 0
0.0026; 0
0.00286; 0
0.00312; 0
0.00338; 0
0.00364; 0
0.0039; 0
0.00416; 0
0.00442; 0
0.00468; 0
0.00494; 0
0.0052; 0
0.00546; 0
0.00572; 0
0.00598; 0
0.00624; 0
0.0065; 0
0.00676; 0
0.00702; 0
0.00728; 0
0.00754; 0
0.0078; 0
0.00806; 0
0.00832; 0
0.00858; 0
0.00884; 0
0.0091; 0
0.00936; 0
0.00962; 0
0.00988; 0
0.01014; 0
0.0104; 0
0.01066; 0
0.01092; 0
0.01118; 0
0.01144; 0
0.0117; 0
0.01196; 0
0.01222; 0
0.01248; 0
0.01274; 0
0.013; 0
0.01326; 0
0.01352; 0
0.01378; 0
0.01404; 0
0.0143; 0
0.01456; 0
0.01482; 0
0.01508; 0
0.01534; 0
0.0156; 0
0.01586; 0
0.01612; 0
0.01638; 0
0.01664; 0
0.0169; 0
0.01716; 0
0.01742; 0
0.01768; 0
0.01794; 0
0.0182; 0
0.01846; 0
0.01872; 0
0.01898; 0
0.01924; 0
0.0195; 0
0.01976; 0
0.02002; 0
0.02028; 0
0.02054; 0
0.0208; 0
0.02106; 0
0.02132; 0
0.02158; 0
0.02184; 0
0.0221; 0
0.02236; 0
0.02262; 0
0.02288; 0
0.02314; 0
0.0234; 0
0.02366; 0
0.02392; 0
0.02418; 0
0.02444; 0
0.0247; 0
0.02496; 0
0.02522; 0
0.02548; 0
0.02574; 0
0.026; 0
0.02626; 0
0.02652; 0
0.02678; 0
0.02704; 0
0.0273; 0
0.02756; 0
0.02782; 0
0.02808; 0
0.02834; 0
0.0286; 0
0.02886; 0
0.02912; 0
0.02938; 0
0.02964; 0
0.0299; 0
0.03016; 0
0.03042; 0
0.03068; 0
0.03094; 0
0.0312; 0
0.03146; 0
0.03172; 0
0.03198; 0
0.03224; 0
0.0325; 0
0.03276; 899.367
0.03302; 899.358
0.03328; 899.339
0.03354; 899.309
0.0338; 899.269
0.03406; 899.217
0.03432; 899.155
0.03458; 899.082
0.03484; 898.998
0.0351; 898.902
0.03536; 898.796
0.03562; 898.678
0.03588; 898.55
0.03614; 898.41
0.0364; 898.26
0.03666; 898.098
0.03692; 897.926
0.03718; 897.741
0.03744; 897.546
0.0377; 897.339
0.03796; 897.122
0.03822; 896.892
0.03848; 896.652
0.03874; 896.399
0.039; 896.135
0.03926; 895.859
0.03952; 895.572
0.03978; 895.272
0.04004; 894.962
0.0403; 894.639
0.04056; 894.305
0.04082; 893.958
0.04108; 893.599
0.04134; 893.228
0.0416; 892.846
0.04186; 892.45
0.04212; 892.043
0.04238; 891.623
0.04264; 891.191
0.0429; 890.747
0.04316; 890.29
0.04342; 889.82
0.04368; 889.338
0.04394; 888.842
0.0442; 888.334
0.04446; 887.813
0.04472; 887.279
0.04498; 886.732
0.04524; 886.172
0.0455; 885.597
0.04576; 885.011
0.04602; 884.41
0.04628; 883.796
0.04654; 883.167
0.0468; 882.526
0.04706; 881.87
0.04732; 881.2
0.04758; 880.516
0.04784; 879.818
0.0481; 879.105
0.04836; 878.378
0.04862; 877.636
0.04888; 876.881
0.04914; 876.109
0.0494; 875.323
0.04966; 874.521
0.04992; 873.705
0.05018; 872.873
0.05044; 872.025
0.0507; 871.162
0.05096; 870.283
0.05122; 869.388
0.05148; 868.477
0.05174; 867.549
0.052; 866.605
0.05226; 865.644
0.05252; 864.666
0.05278; 863.671
0.05304; 862.659
0.0533; 861.629
0.05356; 860.582
0.05382; 859.516
0.05408; 858.432
0.05434; 857.33
0.0546; 856.209
0.05486; 855.07
0.05512; 853.911
0.05538; 852.732
0.05564; 851.535
0.0559; 850.316
0.05616; 849.078
0.05642; 847.82
0.05668; 846.54
0.05694; 845.24
0.0572; 843.918
0.05746; 842.574
0.05772; 841.208
0.05798; 839.819
0.05824; 838.408
0.0585; 836.973
0.05876; 835.516
0.05902; 834.033
0.05928; 832.527
0.05954; 830.996
0.0598; 829.441
0.06006; 827.859
0.06032; 826.252
0.06058; 824.618
0.06084; 822.958
0.0611; 821.271
0.06136; 819.557
0.06162; 817.814
0.06188; 816.044
0.06214; 814.244
0.0624; 812.416
0.06266; 810.558
0.06292; 808.671
0.06318; 806.754
0.06344; 804.806
0.0637; 802.828
0.06396; 800.819
0.06422; 798.779
0.06448; 796.708
0.06474; 794.605
0.065; 792.471
0.06526; 790.306
0.06552; 788.11
0.06578; 785.882
0.06604; 783.624
0.0663; 781.335
0.06656; 779.017
0.06682; 776.669
0.06708; 774.292
0.06734; 771.887
0.0676; 769.455
0.06786; 766.998
0.06812; 764.516
0.06838; 762.01
0.06864; 759.483
0.0689; 756.936
0.06916; 754.37
0.06942; 751.788
0.06968; 749.192
0.06994; 746.583
0.0702; 743.964
0.07046; 741.337
0.07072; 738.704
0.07098; 736.068
0.07124; 733.43
0.0715; 730.793
0.07176; 728.158
0.07202; 725.528
0.07228; 722.905
0.07254; 720.291
0.0728; 717.686
0.07306; 715.093
0.07332; 712.513
0.07358; 709.948
0.07384; 707.398
0.0741; 704.865
0.07436; 702.349
0.07462; 699.853
0.07488; 697.375
0.07514; 694.917
0.0754; 692.479
0.07566; 690.062
0.07592; 687.666
0.07618; 685.292
0.07644; 682.939
0.0767; 680.609
0.07696; 678.3
0.07722; 676.014
0.07748; 673.75
0.07774; 671.508
0.078; 669.289
0.07826; 667.092
0.07852; 664.917
0.07878; 662.764
0.07904; 660.633
0.0793; 658.525
0.07956; 656.438
0.07982; 654.374
0.08008; 652.331
0.08034; 650.31
0.0806; 648.311
0.08086; 646.333
0.08112; 644.376
0.08138; 642.441
0.08164; 640.526
0.0819; 638.633
0.08216; 636.76
0.08242; 634.909
0.08268; 633.078
0.08294; 631.268
0.0832; 629.478
0.08346; 627.709
0.08372; 625.96
0.08398; 624.232
0.08424; 622.524
0.0845; 620.836
0.08476; 619.167
0.08502; 617.52
0.08528; 615.892
0.08554; 614.285
0.0858; 612.698
0.08606; 611.13
0.08632; 609.582
0.08658; 608.054
0.08684; 606.546
0.0871; 605.058
0.08736; 603.588
0.08762; 602.14
0.08788; 600.71
0.08814; 599.301
0.0884; 597.91
0.08866; 596.54
0.08892; 595.188
0.08918; 593.858
0.08944; 592.546
0.0897; 591.255
0.08996; 589.982
0.09022; 588.73
0.09048; 587.496
0.09074; 586.284
0.091; 585.09
0.09126; 583.917
0.09152; 582.762
0.09178; 581.628
0.09204; 580.513
0.0923; 579.418
0.09256; 578.342
0.09282; 577.287
0.09308; 576.251
0.09334; 575.235
0.0936; 574.239
0.09386; 573.263
0.09412; 572.306
0.09438; 571.37
0.09464; 570.452
0.0949; 569.556
0.09516; 568.678
0.09542; 567.822
0.09568; 566.984
0.09594; 566.168
0.0962; 565.37
0.09646; 564.593
0.09672; 563.835
0.09698; 563.098
0.09724; 562.38
0.0975; 561.684
0.09776; 561.005
0.09802; 560.349
0.09828; 559.711
0.09854; 559.094
0.0988; 558.497
0.09906; 557.921
0.09932; 557.364
0.09958; 556.828
0.09984; 556.311
0.1001; 555.816
0.10036; 555.338
0.10062; 554.883
0.10088; 554.446
0.10114; 554.03
0.1014; 553.633
0.10166; 553.258
0.10192; 552.901
0.10218; 552.565
0.10244; 552.248
0.1027; 551.952
0.10296; 551.675
0.10322; 551.419
0.10348; 551.181
0.10374; 550.964
0.104; 550.765
0.10426; 550.588
0.10452; 550.428
0.10478; 550.289
0.10504; 550.168
0.1053; 550.068
0.10556; 549.984
0.10582; 549.918
0.10608; 549.865
0.10634; 549.827
0.1066; 0
0.10686; 0
0.10712; 0
0.10738; 0
0.10764; 0
0.1079; 0
0.10816; 0
0.10842; 0
0.10868; 0
0.10894; 0
0.1092; 0
0.10946; 0
0.10972; 0
0.10998; 0
0.11024; 0
0.1105; 0
0.11076; 0
0.11102; 0
0.11128; 0
0.11154; 0
0.1118; 0
0.11206; 0
0.11232; 0
0.11258; 0
0.11284; 0
0.1131; 0
0.11336; 0
0.11362; 0
0.11388; 0
0.11414; 0
0.1144; 0
0.11466; 0
0.11492; 0
0.11518; 0
0.11544; 0
0.1157; 0
0.11596; 0
0.11622; 0
0.11648; 0
0.11674; 0
0.117; 0
0.11726; 0
0.11752; 0
0.11778; 0
0.11804; 0
0.1183; 0
0.11856; 0
0.11882; 0
0.11908; 0
0.11934; 0
0.1196; 0
0.11986; 0
0.12012; 0
0.12038; 0
0.12064; 0
0.1209; 0
0.12116; 0
0.12142; 0
0.12168; 0
0.12194; 0
0.1222; 0
0.12246; 0
0.12272; 0
0.12298; 0
0.12324; 0
0.1235; 0
0.12376; 0
0.12402; 0
0.12428; 0
0.12454; 0
0.1248; 0
