0.00026; 0
0.00052; 0
0.00078; 0
0.00104; 0
0.0013; 0
0.00156; 0
0.00182; 0
0.00208; 0
0.00234; 0
0.0026; 0
0.00286; 0
0.00312; 0
0.00338; 710.345
0.00364; 710.323
0.0039; 710.28
0.00416; 710.215
0.00442; 710.132
0.00468; 710.03
0.00494; 709.91
0.0052; 709.773
0.00546; 709.62
0.00572; 709.451
0.00598; 709.265
0.00624; 709.064
0.0065; 708.847
0.00676; 708.615
0.00702; 708.367
0.00728; 708.103
0.00754; 707.824
0.0078; 707.53
0.00806; 707.22
0.00832; 706.896
0.00858; 706.555
0.00884; 706.2
0.0091; 705.828
0.00936; 705.442
0.00962; 705.039
0.00988; 704.622
0.01014; 704.188
0.0104; 703.738
0.01066; 703.272
0.01092; 702.791
0.01118; 702.293
0.01144; 701.778
0.0117; 701.247
0.01196; 700.699
0.01222; 700.134
0.01248; 699.552
0.01274; 698.952
0.013; 698.335
0.01326; 697.701
0.01352; 697.048
0.01378; 696.377
0.01404; 695.687
0.0143; 694.979
0.01456; 694.251
0.01482; 693.504
0.01508; 692.738
0.01534; 691.951
0.0156; 691.143
0.01586; 690.315
0.01612; 689.465
0.01638; 688.593
0.01664; 687.699
0.0169; 686.782
0.01716; 685.841
0.01742; 684.875
0.01768; 683.884
0.01794; 682.866
0.0182; 681.822
0.01846; 680.749
0.01872; 679.647
0.01898; 678.514
0.01924; 677.348
0.0195; 676.148
0.01976; 674.912
0.02002; 673.639
0.02028; 672.324
0.02054; 670.966
0.0208; 669.562
0.02106; 668.108
0.02132; 666.599
0.02158; 665.032
0.02184; 663.399
0.0221; 661.695
0.02236; 659.911
0.02262; 658.037
0.02288; 656.057
0.02314; 653.954
0.0234; 651.701
0.02366; 649.256
0.02392; 646.552
0.02418; 643.475
0.02444; 639.821
0.0247; 635.245
0.02496; 629.419
0.02522; 624.01
0.02548; 619.245
0.02574; 615.053
0.026; 611.16
0.02626; 606.418
0.02652; 602.786
0.02678; 600.392
0.02704; 0
0.0273; 0
0.02756; 0
0.02782; 0
0.02808; 0
0.02834; 0
0.0286; 0
0.02886; 0
0.02912; 0
0.02938; 0
0.02964; 0
0.0299; 548.557
0.03016; 547.336
0.03042; 545.575
0.03068; 543.43
0.03094; 541.778
0.0312; 540.159
0.03146; 538.524
0.03172; 537.029
0.03198; 535.605
0.03224; 534.211
0.0325; 532.836
0.03276; 531.48
0.03302; 530.146
0.03328; 528.838
0.03354; 527.562
0.0338; 526.321
0.03406; 525.118
0.03432; 523.956
0.03458; 522.838
0.03484; 521.768
0.0351; 520.748
0.03536; 519.779
0.03562; 518.862
0.03588; 517.988
0.03614; 517.136
0.0364; 516.264
0.03666; 515.459
0.03692; 514.698
0.03718; 513.776
0.03744; 513.068
0.0377; 512.607
0.03796; 0
0.03822; 0
0.03848; 0
0.03874; 0
0.039; 0
0.03926; 0
0.03952; 0
0.03978; 0
0.04004; 0
0.0403; 0
0.04056; 0
0.04082; 0
0.04108; 504.334
0.04134; 504.416
0.0416; 504.52
0.04186; 504.656
0.04212; 504.832
0.04238; 505.046
0.04264; 505.298
0.0429; 505.588
0.04316; 505.916
0.04342; 506.282
0.04368; 506.688
0.04394; 507.134
0.0442; 507.621
0.04446; 508.152
0.04472; 508.727
0.04498; 509.348
0.04524; 510.015
0.0455; 510.733
0.04576; 511.502
0.04602; 512.326
0.04628; 513.207
0.04654; 514.148
0.0468; 515.152
0.04706; 516.222
0.04732; 517.36
0.04758; 518.571
0.04784; 519.857
0.0481; 521.223
0.04836; 522.671
0.04862; 524.208
0.04888; 525.836
0.04914; 527.561
0.0494; 529.386
0.04966; 531.313
0.04992; 533.339
0.05018; 535.453
0.05044; 537.635
0.0507; 539.848
0.05096; 542.041
0.05122; 544.151
0.05148; 546.113
0.05174; 547.884
0.052; 549.437
0.05226; 550.77
0.05252; 551.89
0.05278; 552.813
0.05304; 553.559
0.0533; 554.145
0.05356; 554.59
0.05382; 554.91
0.05408; 555.118
0.05434; 555.227
0.0546; 555.247
0.05486; 555.186
0.05512; 555.054
0.05538; 554.855
0.05564; 554.596
0.0559; 554.283
0.05616; 553.918
0.05642; 553.505
0.05668; 553.049
0.05694; 552.552
0.0572; 552.016
0.05746; 551.444
0.05772; 550.837
0.05798; 550.198
0.05824; 549.528
0.0585; 548.828
0.05876; 548.1
0.05902; 547.345
0.05928; 546.564
0.05954; 545.759
0.0598; 544.929
0.06006; 544.076
0.06032; 543.201
0.06058; 542.304
0.06084; 541.385
0.0611; 540.447
0.06136; 539.489
0.06162; 538.511
0.06188; 537.515
0.06214; 536.501
0.0624; 535.47
0.06266; 534.421
0.06292; 533.356
0.06318; 532.275
0.06344; 531.178
0.0637; 530.066
0.06396; 528.939
0.06422; 527.799
0.06448; 526.645
0.06474; 525.478
0.065; 524.298
0.06526; 523.106
0.06552; 521.903
0.06578; 520.69
0.06604; 519.465
0.0663; 518.232
0.06656; 516.989
0.06682; 515.738
0.06708; 514.479
0.06734; 513.214
0.0676; 511.942
0.06786; 510.664
0.06812; 509.381
0.06838; 508.095
0.06864; 506.805
0.0689; 505.512
0.06916; 504.218
0.06942; 502.922
0.06968; 501.626
0.06994; 500.331
0.0702; 499.037
0.07046; 497.745
0.07072; 496.456
0.07098; 495.171
0.07124; 493.889
0.0715; 492.613
0.07176; 491.343
0.07202; 490.079
0.07228; 488.822
0.07254; 487.573
0.0728; 486.332
0.07306; 485.101
0.07332; 483.879
0.07358; 482.667
0.07384; 481.465
0.0741; 480.275
0.07436; 479.095
0.07462; 477.929
0.07488; 476.774
0.07514; 475.632
0.0754; 474.503
0.07566; 473.387
0.07592; 472.285
0.07618; 471.197
0.07644; 470.123
0.0767; 469.064
0.07696; 468.019
0.07722; 466.99
0.07748; 465.975
0.07774; 464.976
0.078; 463.992
0.07826; 463.024
0.07852; 462.072
0.07878; 461.136
0.07904; 460.216
0.0793; 459.314
0.07956; 458.427
0.07982; 457.558
0.08008; 456.705
0.08034; 455.87
0.0806; 455.052
0.08086; 454.252
0.08112; 453.469
0.08138; 452.704
0.08164; 451.957
0.0819; 451.228
0.08216; 450.516
0.08242; 449.823
0.08268; 449.148
0.08294; 448.491
0.0832; 447.851
0.08346; 447.23
0.08372; 446.627
0.08398; 446.042
0.08424; 445.474
0.0845; 444.924
0.08476; 444.392
0.08502; 443.877
0.08528; 443.379
0.08554; 442.898
0.0858; 442.434
0.08606; 441.986
0.08632; 441.554
0.08658; 441.137
0.08684; 440.735
0.0871; 440.348
0.08736; 439.973
0.08762; 439.61
0.08788; 439.256
0.08814; 438.91
0.0884; 438.567
0.08866; 438.22
0.08892; 437.858
0.08918; 437.471
0.08944; 437.056
0.0897; 436.68
0.08996; 436.35
0.09022; 436.065
0.09048; 435.81
0.09074; 435.515
0.091; 435.294
0.09126; 435.153
0.09152; 0
0.09178; 0
0.09204; 0
0.0923; 0
0.09256; 0
0.09282; 0
0.09308; 0
0.09334; 0
0.0936; 0
0.09386; 0
0.09412; 0
0.09438; 0
0.09464; 0
0.0949; 0
0.09516; 0
0.09542; 0
0.09568; 0
0.09594; 0
0.0962; 0
0.09646; 0
0.09672; 0
0.09698; 0
0.09724; 0
0.0975; 0
0.09776; 0
0.09802; 0
0.09828; 0
0.09854; 0
0.0988; 0
0.09906; 0
0.09932; 0
0.09958; 0
0.09984; 0
0.1001; 0
0.10036; 0
0.10062; 0
0.10088; 0
0.10114; 0
0.1014; 0
0.10166; 0
0.10192; 0
0.10218; 0
0.10244; 0
0.1027; 0
0.10296; 0
0.10322; 0
0.10348; 0
0.10374; 0
0.104; 0
0.10426; 0
0.10452; 0
0.10478; 0
0.10504; 0
0.1053; 0
0.10556; 0
0.10582; 0
0.10608; 0
0.10634; 0
0.1066; 0
0.10686; 0
0.10712; 0
0.10738; 0
0.10764; 0
0.1079; 0
0.10816; 0
0.10842; 0
0.10868; 0
0.10894; 0
0.1092; 0
0.10946; 0
0.10972; 0
0.10998; 0
0.11024; 0
0.1105; 0
0.11076; 0
0.11102; 0
0.11128; 0
0.11154; 0
0.1118; 0
0.11206; 0
0.11232; 0
0.11258; 0
0.11284; 0
0.1131; 0
0.11336; 0
0.11362; 0
0.11388; 0
0.11414; 0
0.1144; 0
0.11466; 0
0.11492; 0
0.11518; 0
0.11544; 0
0.1157; 0
0.11596; 0
0.11622; 0
0.11648; 0
0.11674; 0
0.117; 0
0.11726; 0
0.11752; 0
0.11778; 0
0.11804; 0
0.1183; 0
0.11856; 0
0.11882; 0
0.11908; 0
0.11934; 0
0.1196; 0
0.11986; 0
0.12012; 0
0.12038; 0
0.12064; 0
0.1209; 0
0.12116; 0
0.12142; 0
0.12168; 0
0.12194; 0
0.1222; 0
0.12246; 0
0.12272; 0
0.12298; 0
0.12324; 0
0.1235; 0
0.12376; 0
0.12402; 0
0.12428; 0
0.12454; 0
0.1248; 0
