0.00026; 0
0.00052; 0
0.00078; 0
0.00104; 0
0.0013; 0
0.00156; 0
0.00182; 0
0.00208; 0
0.00234; 0
0.0026; 0
0.00286; 0
0.00312; 0
0.00338; 0
0.00364; 0
0.0039; 0
0.00416; 0
0.00442; 0
0.00468; 0
0.00494; 0
0.0052; 0
0.00546; 0
0.00572; 0
0.00598; 0
0.00624; 0
0.0065; 0
0.00676; 0
0.00702; 0
0.00728; 0
0.00754; 0
0.0078; 0
0.00806; 0
0.00832; 0
0.00858; 0
0.00884; 0
0.0091; 0
0.00936; 0
0.00962; 0
0.00988; 0
0.01014; 0
0.0104; 0
0.01066; 0
0.01092; 0
0.01118; 0
0.01144; 0
0.0117; 0
0.01196; 0
0.01222; 0
0.01248; 0
0.01274; 0
0.013; 0
0.01326; 0
0.01352; 0
0.01378; 0
0.01404; 0
0.0143; 0
0.01456; 0
0.01482; 0
0.01508; 0
0.01534; 0
0.0156; 0
0.01586; 0
0.01612; 0
0.01638; 0
0.01664; 0
0.0169; 0
0.01716; 0
0.01742; 0
0.01768; 0
0.01794; 0
0.0182; 0
0.01846; 0
0.01872; 0
0.01898; 0
0.01924; 0
0.0195; 0
0.01976; 0
0.02002; 0
0.02028; 0
0.02054; 0
0.0208; 0
0.02106; 0
0.02132; 0
0.02158; 0
0.02184; 0
0.0221; 0
0.02236; 0
0.02262; 0
0.02288; 0
0.02314; 0
0.0234; 0
0.02366; 0
0.02392; 0
0.02418; 0
0.02444; 0
0.0247; 0
0.02496; 0
0.02522; 0
0.02548; 0
0.02574; 0
0.026; 0
0.02626; 0
0.02652; 0
0.02678; 0
0.02704; 0
0.0273; 0
0.02756; 0
0.02782; 0
0.02808; 0
0.02834; 0
0.0286; 0
0.02886; 0
0.02912; 0
0.02938; 0
0.02964; 0
0.0299; 0
0.03016; 0
0.03042; 0
0.03068; 0
0.03094; 0
0.0312; 0
0.03146; 0
0.03172; 0
0.03198; 0
0.03224; 0
0.0325; 0
0.03276; 878.35
0.03302; 878.347
0.03328; 878.328
0.03354; 878.305
0.0338; 878.267
0.03406; 878.225
0.03432; 878.167
0.03458; 878.105
0.03484; 878.028
0.0351; 877.948
0.03536; 877.851
0.03562; 877.751
0.03588; 877.635
0.03614; 877.516
0.0364; 877.38
0.03666; 877.242
0.03692; 877.086
0.03718; 876.928
0.03744; 876.753
0.0377; 876.575
0.03796; 876.38
0.03822; 876.182
0.03848; 875.967
0.03874; 875.749
0.039; 875.514
0.03926; 875.275
0.03952; 875.02
0.03978; 874.761
0.04004; 874.486
0.0403; 874.206
0.04056; 873.909
0.04082; 873.609
0.04108; 873.292
0.04134; 872.97
0.0416; 872.632
0.04186; 872.289
0.04212; 871.929
0.04238; 871.565
0.04264; 871.183
0.0429; 870.797
0.04316; 870.394
0.04342; 869.986
0.04368; 869.561
0.04394; 869.131
0.0442; 868.683
0.04446; 868.231
0.04472; 867.761
0.04498; 867.285
0.04524; 866.792
0.0455; 866.294
0.04576; 865.778
0.04602; 865.256
0.04628; 864.716
0.04654; 864.171
0.0468; 863.607
0.04706; 863.038
0.04732; 862.45
0.04758; 861.856
0.04784; 861.244
0.0481; 860.625
0.04836; 859.989
0.04862; 859.345
0.04888; 858.683
0.04914; 858.013
0.0494; 857.326
0.04966; 856.63
0.04992; 855.916
0.05018; 855.194
0.05044; 854.454
0.0507; 853.705
0.05096; 852.937
0.05122; 852.161
0.05148; 851.365
0.05174; 850.561
0.052; 849.737
0.05226; 848.903
0.05252; 848.051
0.05278; 847.188
0.05304; 846.306
0.0533; 845.414
0.05356; 844.501
0.05382; 843.578
0.05408; 842.635
0.05434; 841.68
0.0546; 840.705
0.05486; 839.719
0.05512; 838.711
0.05538; 837.692
0.05564; 836.651
0.0559; 835.598
0.05616; 834.523
0.05642; 833.434
0.05668; 832.324
0.05694; 831.2
0.0572; 830.053
0.05746; 828.892
0.05772; 827.709
0.05798; 826.509
0.05824; 825.287
0.0585; 824.049
0.05876; 822.787
0.05902; 821.509
0.05928; 820.206
0.05954; 818.886
0.0598; 817.541
0.06006; 816.179
0.06032; 814.791
0.06058; 813.384
0.06084; 811.951
0.0611; 810.499
0.06136; 809.021
0.06162; 807.522
0.06188; 805.996
0.06214; 804.45
0.0624; 802.876
0.06266; 801.28
0.06292; 799.657
0.06318; 798.011
0.06344; 796.337
0.0637; 794.64
0.06396; 792.915
0.06422; 791.167
0.06448; 789.39
0.06474; 787.59
0.065; 785.761
0.06526; 783.908
0.06552; 782.028
0.06578; 780.124
0.06604; 778.193
0.0663; 776.238
0.06656; 774.257
0.06682; 772.254
0.06708; 770.225
0.06734; 768.175
0.0676; 766.103
0.06786; 764.01
0.06812; 761.897
0.06838; 759.766
0.06864; 757.617
0.0689; 755.453
0.06916; 753.274
0.06942; 751.083
0.06968; 748.881
0.06994; 746.67
0.0702; 744.451
0.07046; 742.227
0.07072; 740
0.07098; 737.771
0.07124; 735.543
0.0715; 733.316
0.07176; 731.093
0.07202; 728.875
0.07228; 726.666
0.07254; 724.464
0.0728; 722.273
0.07306; 720.092
0.07332; 717.925
0.07358; 715.77
0.07384; 713.632
0.0741; 711.507
0.07436; 709.4
0.07462; 707.308
0.07488; 705.236
0.07514; 703.18
0.0754; 701.144
0.07566; 699.125
0.07592; 697.127
0.07618; 695.146
0.07644; 693.187
0.0767; 691.245
0.07696; 689.326
0.07722; 687.424
0.07748; 685.544
0.07774; 683.681
0.078; 681.842
0.07826; 680.018
0.07852; 678.218
0.07878; 676.434
0.07904; 674.673
0.0793; 672.928
0.07956; 671.206
0.07982; 669.5
0.08008; 667.817
0.08034; 666.148
0.0806; 664.503
0.08086; 662.872
0.08112; 661.264
0.08138; 659.67
0.08164; 658.1
0.0819; 656.543
0.08216; 655.009
0.08242; 653.488
0.08268; 651.99
0.08294; 650.505
0.0832; 649.043
0.08346; 647.593
0.08372; 646.166
0.08398; 644.752
0.08424; 643.36
0.0845; 641.98
0.08476; 640.623
0.08502; 639.277
0.08528; 637.955
0.08554; 636.643
0.0858; 635.354
0.08606; 634.077
0.08632; 632.822
0.08658; 631.578
0.08684; 630.357
0.0871; 629.146
0.08736; 627.959
0.08762; 626.781
0.08788; 625.627
0.08814; 624.482
0.0884; 623.361
0.08866; 622.249
0.08892; 621.162
0.08918; 620.083
0.08944; 619.028
0.0897; 617.982
0.08996; 616.96
0.09022; 615.946
0.09048; 614.957
0.09074; 613.976
0.091; 613.019
0.09126; 612.071
0.09152; 611.147
0.09178; 610.231
0.09204; 609.339
0.0923; 608.456
0.09256; 607.597
0.09282; 606.746
0.09308; 605.919
0.09334; 605.1
0.0936; 604.306
0.09386; 603.52
0.09412; 602.758
0.09438; 602.004
0.09464; 601.275
0.0949; 600.553
0.09516; 599.857
0.09542; 599.167
0.09568; 598.504
0.09594; 597.846
0.0962; 597.215
0.09646; 596.59
0.09672; 595.991
0.09698; 595.399
0.09724; 594.832
0.0975; 594.271
0.09776; 593.737
0.09802; 593.208
0.09828; 592.706
0.09854; 592.21
0.0988; 591.74
0.09906; 591.276
0.09932; 590.839
0.09958; 590.407
0.09984; 590.001
0.1001; 589.602
0.10036; 589.228
0.10062; 588.861
0.10088; 588.519
0.10114; 588.183
0.1014; 587.873
0.10166; 587.569
0.10192; 587.291
0.10218; 587.019
0.10244; 586.773
0.1027; 586.532
0.10296; 586.318
0.10322; 586.108
0.10348; 585.925
0.10374; 585.747
0.104; 585.595
0.10426; 585.448
0.10452; 585.327
0.10478; 585.211
0.10504; 585.121
0.1053; 585.035
0.10556; 584.975
0.10582; 584.917
0.10608; 584.882
0.10634; 584.849
0.1066; 0
0.10686; 0
0.10712; 0
0.10738; 0
0.10764; 0
0.1079; 0
0.10816; 0
0.10842; 0
0.10868; 0
0.10894; 0
0.1092; 0
0.10946; 0
0.10972; 0
0.10998; 0
0.11024; 0
0.1105; 0
0.11076; 0
0.11102; 0
0.11128; 0
0.11154; 0
0.1118; 0
0.11206; 0
0.11232; 0
0.11258; 0
0.11284; 0
0.1131; 0
0.11336; 0
0.11362; 0
0.11388; 0
0.11414; 0
0.1144; 0
0.11466; 0
0.11492; 0
0.11518; 0
0.11544; 0
0.1157; 0
0.11596; 0
0.11622; 0
0.11648; 0
0.11674; 0
0.117; 0
0.11726; 0
0.11752; 0
0.11778; 0
0.11804; 0
0.1183; 0
0.11856; 0
0.11882; 0
0.11908; 0
0.11934; 0
0.1196; 0
0.11986; 0
0.12012; 0
0.12038; 0
0.12064; 0
0.1209; 0
0.12116; 0
0.12142; 0
0.12168; 0
0.12194; 0
0.1222; 0
0.12246; 0
0.12272; 0
0.12298; 0
0.12324; 0
0.1235; 0
0.12376; 0
0.12402; 0
0.12428; 0
0.12454; 0
0.1248; 0
