0.00026; 0
0.00052; 0
0.00078; 0
0.00104; 0
0.0013; 0
0.00156; 0
0.00182; 0
0.00208; 0
0.00234; 0
0.0026; 0
0.00286; 0
0.00312; 0
0.00338; 0
0.00364; 0
0.0039; 0
0.00416; 0
0.00442; 0
0.00468; 0
0.00494; 0
0.0052; 0
0.00546; 0
0.00572; 0
0.00598; 0
0.00624; 0
0.0065; 0
0.00676; 0
0.00702; 0
0.00728; 0
0.00754; 0
0.0078; 0
0.00806; 0
0.00832; 0
0.00858; 0
0.00884; 0
0.0091; 0
0.00936; 0
0.00962; 0
0.00988; 0
0.01014; 0
0.0104; 0
0.01066; 0
0.01092; 0
0.01118; 0
0.01144; 0
0.0117; 0
0.01196; 0
0.01222; 0
0.01248; 0
0.01274; 0
0.013; 0
0.01326; 0
0.01352; 0
0.01378; 0
0.01404; 0
0.0143; 0
0.01456; 0
0.01482; 0
0.01508; 0
0.01534; 0
0.0156; 0
0.01586; 0
0.01612; 0
0.01638; 0
0.01664; 0
0.0169; 0
0.01716; 0
0.01742; 0
0.01768; 0
0.01794; 0
0.0182; 0
0.01846; 0
0.01872; 0
0.01898; 0
0.01924; 0
0.0195; 0
0.01976; 0
0.02002; 0
0.02028; 0
0.02054; 0
0.0208; 0
0.02106; 0
0.02132; 0
0.02158; 0
0.02184; 0
0.0221; 0
0.02236; 0
0.02262; 0
0.02288; 0
0.02314; 0
0.0234; 0
0.02366; 0
0.02392; 0
0.02418; 0
0.02444; 0
0.0247; 0
0.02496; 0
0.02522; 0
0.02548; 0
0.02574; 0
0.026; 0
0.02626; 0
0.02652; 0
0.02678; 0
0.02704; 0
0.0273; 0
0.02756; 0
0.02782; 0
0.02808; 0
0.02834; 0
0.0286; 0
0.02886; 0
0.02912; 0
0.02938; 0
0.02964; 0
0.0299; 0
0.03016; 0
0.03042; 0
0.03068; 0
0.03094; 0
0.0312; 0
0.03146; 0
0.03172; 0
0.03198; 0
0.03224; 0
0.0325; 0
0.03276; 874.191
0.03302; 874.182
0.03328; 874.168
0.03354; 874.14
0.0338; 874.109
0.03406; 874.062
0.03432; 874.011
0.03458; 873.946
0.03484; 873.877
0.0351; 873.793
0.03536; 873.705
0.03562; 873.602
0.03588; 873.496
0.03614; 873.374
0.0364; 873.248
0.03666; 873.108
0.03692; 872.963
0.03718; 872.803
0.03744; 872.639
0.0377; 872.461
0.03796; 872.277
0.03822; 872.079
0.03848; 871.876
0.03874; 871.659
0.039; 871.436
0.03926; 871.199
0.03952; 870.956
0.03978; 870.699
0.04004; 870.437
0.0403; 870.16
0.04056; 869.877
0.04082; 869.58
0.04108; 869.277
0.04134; 868.959
0.0416; 868.636
0.04186; 868.297
0.04212; 867.953
0.04238; 867.594
0.04264; 867.229
0.0429; 866.849
0.04316; 866.462
0.04342; 866.061
0.04368; 865.653
0.04394; 865.231
0.0442; 864.801
0.04446; 864.357
0.04472; 863.905
0.04498; 863.438
0.04524; 862.965
0.0455; 862.476
0.04576; 861.98
0.04602; 861.468
0.04628; 860.95
0.04654; 860.415
0.0468; 859.873
0.04706; 859.315
0.04732; 858.75
0.04758; 858.169
0.04784; 857.58
0.0481; 856.975
0.04836; 856.362
0.04862; 855.733
0.04888; 855.095
0.04914; 854.441
0.0494; 853.779
0.04966; 853.099
0.04992; 852.411
0.05018; 851.706
0.05044; 850.992
0.0507; 850.261
0.05096; 849.521
0.05122; 848.763
0.05148; 847.996
0.05174; 847.212
0.052; 846.417
0.05226; 845.604
0.05252; 844.782
0.05278; 843.941
0.05304; 843.09
0.0533; 842.22
0.05356; 841.34
0.05382; 840.441
0.05408; 839.531
0.05434; 838.601
0.0546; 837.66
0.05486; 836.699
0.05512; 835.727
0.05538; 834.735
0.05564; 833.73
0.0559; 832.705
0.05616; 831.667
0.05642; 830.608
0.05668; 829.536
0.05694; 828.443
0.0572; 827.335
0.05746; 826.207
0.05772; 825.063
0.05798; 823.898
0.05824; 822.717
0.0585; 821.514
0.05876; 820.295
0.05902; 819.053
0.05928; 817.794
0.05954; 816.513
0.0598; 815.214
0.06006; 813.891
0.06032; 812.55
0.06058; 811.185
0.06084; 809.8
0.0611; 808.392
0.06136; 806.963
0.06162; 805.509
0.06188; 804.035
0.06214; 802.536
0.0624; 801.015
0.06266; 799.468
0.06292; 797.9
0.06318; 796.305
0.06344; 794.688
0.0637; 793.044
0.06396; 791.377
0.06422; 789.684
0.06448; 787.967
0.06474; 786.224
0.065; 784.457
0.06526; 782.664
0.06552; 780.848
0.06578; 779.005
0.06604; 777.14
0.0663; 775.249
0.06656; 773.335
0.06682; 771.398
0.06708; 769.439
0.06734; 767.458
0.0676; 765.456
0.06786; 763.434
0.06812; 761.393
0.06838; 759.334
0.06864; 757.26
0.0689; 755.17
0.06916; 753.067
0.06942; 750.951
0.06968; 748.826
0.06994; 746.692
0.0702; 744.551
0.07046; 742.405
0.07072; 740.256
0.07098; 738.107
0.07124; 735.957
0.0715; 733.81
0.07176; 731.666
0.07202; 729.529
0.07228; 727.398
0.07254; 725.277
0.0728; 723.164
0.07306; 721.064
0.07332; 718.975
0.07358; 716.901
0.07384; 714.839
0.0741; 712.795
0.07436; 710.764
0.07462; 708.752
0.07488; 706.755
0.07514; 704.778
0.0754; 702.817
0.07566; 700.876
0.07592; 698.952
0.07618; 697.048
0.07644; 695.162
0.0767; 693.297
0.07696; 691.448
0.07722; 689.622
0.07748; 687.812
0.07774; 686.025
0.078; 684.253
0.07826; 682.504
0.07852; 680.772
0.07878; 679.061
0.07904; 677.366
0.0793; 675.693
0.07956; 674.036
0.07982; 672.401
0.08008; 670.781
0.08034; 669.183
0.0806; 667.599
0.08086; 666.038
0.08112; 664.491
0.08138; 662.965
0.08164; 661.454
0.0819; 659.964
0.08216; 658.488
0.08242; 657.034
0.08268; 655.593
0.08294; 654.173
0.0832; 652.767
0.08346; 651.382
0.08372; 650.009
0.08398; 648.658
0.08424; 647.319
0.0845; 646.002
0.08476; 644.697
0.08502; 643.413
0.08528; 642.14
0.08554; 640.889
0.0858; 639.65
0.08606; 638.432
0.08632; 637.226
0.08658; 636.04
0.08684; 634.866
0.0871; 633.713
0.08736; 632.571
0.08762; 631.45
0.08788; 630.339
0.08814; 629.251
0.0884; 628.173
0.08866; 627.116
0.08892; 626.069
0.08918; 625.044
0.08944; 624.028
0.0897; 623.034
0.08996; 622.05
0.09022; 621.088
0.09048; 620.136
0.09074; 619.205
0.091; 618.284
0.09126; 617.385
0.09152; 616.495
0.09178; 615.627
0.09204; 614.768
0.0923; 613.931
0.09256; 613.103
0.09282; 612.297
0.09308; 611.501
0.09334; 610.726
0.0936; 609.961
0.09386; 609.217
0.09412; 608.483
0.09438; 607.771
0.09464; 607.068
0.0949; 606.387
0.09516; 605.714
0.09542; 605.064
0.09568; 604.422
0.09594; 603.802
0.0962; 603.192
0.09646; 602.603
0.09672; 602.023
0.09698; 601.466
0.09724; 600.917
0.0975; 600.39
0.09776; 599.872
0.09802; 599.376
0.09828; 598.889
0.09854; 598.424
0.0988; 597.967
0.09906; 597.533
0.09932; 597.107
0.09958; 596.703
0.09984; 596.307
0.1001; 595.935
0.10036; 595.57
0.10062; 595.228
0.10088; 594.893
0.10114; 594.581
0.1014; 594.277
0.10166; 593.996
0.10192; 593.722
0.10218; 593.472
0.10244; 593.228
0.1027; 593.007
0.10296; 592.794
0.10322; 592.603
0.10348; 592.42
0.10374; 592.26
0.104; 592.106
0.10426; 591.975
0.10452; 591.851
0.10478; 591.749
0.10504; 591.654
0.1053; 591.581
0.10556; 591.514
0.10582; 591.468
0.10608; 591.426
0.10634; 591.401
0.1066; 0
0.10686; 0
0.10712; 0
0.10738; 0
0.10764; 0
0.1079; 0
0.10816; 0
0.10842; 0
0.10868; 0
0.10894; 0
0.1092; 0
0.10946; 0
0.10972; 0
0.10998; 0
0.11024; 0
0.1105; 0
0.11076; 0
0.11102; 0
0.11128; 0
0.11154; 0
0.1118; 0
0.11206; 0
0.11232; 0
0.11258; 0
0.11284; 0
0.1131; 0
0.11336; 0
0.11362; 0
0.11388; 0
0.11414; 0
0.1144; 0
0.11466; 0
0.11492; 0
0.11518; 0
0.11544; 0
0.1157; 0
0.11596; 0
0.11622; 0
0.11648; 0
0.11674; 0
0.117; 0
0.11726; 0
0.11752; 0
0.11778; 0
0.11804; 0
0.1183; 0
0.11856; 0
0.11882; 0
0.11908; 0
0.11934; 0
0.1196; 0
0.11986; 0
0.12012; 0
0.12038; 0
0.12064; 0
0.1209; 0
0.12116; 0
0.12142; 0
0.12168; 0
0.12194; 0
0.1222; 0
0.12246; 0
0.12272; 0
0.12298; 0
0.12324; 0
0.1235; 0
0.12376; 0
0.12402; 0
0.12428; 0
0.12454; 0
0.1248; 0
