0.00026; 575.37
0.00052; 575.369
0.00078; 575.379
0.00104; 575.386
0.0013; 575.409
0.00156; 575.43
0.00182; 575.466
0.00208; 575.5
0.00234; 575.549
0.0026; 575.596
0.00286; 575.659
0.00312; 575.719
0.00338; 575.795
0.00364; 575.868
0.0039; 575.957
0.00416; 576.044
0.00442; 576.146
0.00468; 576.246
0.00494; 576.361
0.0052; 576.474
0.00546; 576.602
0.00572; 576.728
0.00598; 576.87
0.00624; 577.009
0.0065; 577.163
0.00676; 577.315
0.00702; 577.483
0.00728; 577.648
0.00754; 577.829
0.0078; 578.007
0.00806; 578.201
0.00832; 578.392
0.00858; 578.599
0.00884; 578.804
0.0091; 579.024
0.00936; 579.241
0.00962; 579.474
0.00988; 579.704
0.01014; 579.95
0.0104; 580.192
0.01066; 580.451
0.01092; 580.707
0.01118; 580.979
0.01144; 581.247
0.0117; 581.532
0.01196; 581.814
0.01222; 582.111
0.01248; 582.406
0.01274; 582.716
0.013; 583.024
0.01326; 583.347
0.01352; 583.668
0.01378; 584.004
0.01404; 584.337
0.0143; 584.686
0.01456; 585.032
0.01482; 585.394
0.01508; 585.753
0.01534; 586.127
0.0156; 586.499
0.01586; 586.886
0.01612; 587.27
0.01638; 587.67
0.01664; 588.067
0.0169; 588.479
0.01716; 588.889
0.01742; 589.314
0.01768; 589.736
0.01794; 590.173
0.0182; 590.608
0.01846; 591.058
0.01872; 591.506
0.01898; 591.968
0.01924; 592.428
0.0195; 592.904
0.01976; 593.376
0.02002; 593.864
0.02028; 594.349
0.02054; 594.849
0.0208; 595.347
0.02106; 595.859
0.02132; 596.369
0.02158; 596.894
0.02184; 597.416
0.0221; 597.953
0.02236; 598.488
0.02262; 599.037
0.02288; 599.584
0.02314; 600.146
0.0234; 600.705
0.02366; 601.279
0.02392; 601.851
0.02418; 602.437
0.02444; 603.021
0.0247; 603.619
0.02496; 604.215
0.02522; 604.826
0.02548; 605.434
0.02574; 606.057
0.026; 606.677
0.02626; 607.312
0.02652; 607.944
0.02678; 608.591
0.02704; 609.236
0.0273; 609.895
0.02756; 610.551
0.02782; 611.222
0.02808; 611.891
0.02834; 612.574
0.0286; 613.254
0.02886; 613.949
0.02912; 614.641
0.02938; 615.348
0.02964; 616.052
0.0299; 616.77
0.03016; 617.486
0.03042; 618.216
0.03068; 618.944
0.03094; 619.686
0.0312; 620.425
0.03146; 621.179
0.03172; 621.93
0.03198; 622.695
0.03224; 623.457
0.0325; 624.234
0.03276; 625.008
0.03302; 625.796
0.03328; 626.582
0.03354; 627.381
0.0338; 628.179
0.03406; 628.99
0.03432; 629.799
0.03458; 630.621
0.03484; 631.441
0.0351; 632.275
0.03536; 633.106
0.03562; 633.951
0.03588; 634.794
0.03614; 635.65
0.0364; 636.504
0.03666; 637.371
0.03692; 638.236
0.03718; 639.115
0.03744; 639.991
0.0377; 640.881
0.03796; 641.768
0.03822; 642.669
0.03848; 643.567
0.03874; 644.479
0.039; 645.388
0.03926; 646.311
0.03952; 647.231
0.03978; 648.164
0.04004; 649.095
0.0403; 650.04
0.04056; 650.982
0.04082; 651.937
0.04108; 652.89
0.04134; 653.855
0.0416; 654.819
0.04186; 655.795
0.04212; 656.769
0.04238; 657.757
0.04264; 658.741
0.0429; 659.739
0.04316; 660.734
0.04342; 661.742
0.04368; 662.748
0.04394; 663.767
0.0442; 664.783
0.04446; 665.812
0.04472; 666.838
0.04498; 667.878
0.04524; 668.915
0.0455; 669.964
0.04576; 671.011
0.04602; 672.071
0.04628; 673.128
0.04654; 674.198
0.0468; 675.266
0.04706; 676.345
0.04732; 677.423
0.04758; 678.513
0.04784; 679.6
0.0481; 680.7
0.04836; 681.798
0.04862; 682.908
0.04888; 684.015
0.04914; 685.134
0.0494; 686.252
0.04966; 687.381
0.04992; 688.508
0.05018; 689.646
0.05044; 690.783
0.0507; 691.931
0.05096; 693.077
0.05122; 694.235
0.05148; 695.391
0.05174; 696.558
0.052; 697.724
0.05226; 698.9
0.05252; 700.075
0.05278; 701.261
0.05304; 702.445
0.0533; 703.641
0.05356; 704.834
0.05382; 706.038
0.05408; 707.241
0.05434; 708.454
0.0546; 709.665
0.05486; 710.888
0.05512; 712.108
0.05538; 713.34
0.05564; 714.57
0.0559; 715.81
0.05616; 717.048
0.05642; 718.298
0.05668; 719.545
0.05694; 720.803
0.0572; 722.059
0.05746; 723.325
0.05772; 724.59
0.05798; 725.865
0.05824; 727.138
0.0585; 728.422
0.05876; 729.704
0.05902; 730.996
0.05928; 732.286
0.05954; 733.586
0.0598; 734.885
0.06006; 736.193
0.06032; 737.5
0.06058; 738.817
0.06084; 740.132
0.0611; 741.457
0.06136; 742.78
0.06162; 744.113
0.06188; 745.445
0.06214; 746.786
0.0624; 748.125
0.06266; 749.473
0.06292; 750.82
0.06318; 752.177
0.06344; 753.532
0.0637; 754.896
0.06396; 756.258
0.06422; 757.63
0.06448; 759
0.06474; 760.38
0.065; 761.757
0.06526; 763.144
0.06552; 764.529
0.06578; 765.924
0.06604; 767.316
0.0663; 768.718
0.06656; 770.118
0.06682; 771.526
0.06708; 772.933
0.06734; 774.349
0.0676; 775.764
0.06786; 777.186
0.06812; 778.608
0.06838; 780.038
0.06864; 781.466
0.0689; 782.903
0.06916; 784.338
0.06942; 785.781
0.06968; 787.223
0.06994; 788.673
0.0702; 790.122
0.07046; 791.579
0.07072; 793.034
0.07098; 794.497
0.07124; 795.959
0.0715; 797.429
0.07176; 798.897
0.07202; 800.373
0.07228; 801.848
0.07254; 803.33
0.0728; 804.811
0.07306; 806.3
0.07332; 807.787
0.07358; 809.281
0.07384; 810.775
0.0741; 812.275
0.07436; 813.774
0.07462; 815.281
0.07488; 816.786
0.07514; 818.298
0.0754; 819.809
0.07566; 821.327
0.07592; 822.844
0.07618; 824.367
0.07644; 825.889
0.0767; 827.418
0.07696; 828.946
0.07722; 830.48
0.07748; 832.014
0.07774; 833.553
0.078; 835.092
0.07826; 836.637
0.07852; 838.181
0.07878; 839.731
0.07904; 841.28
0.0793; 842.835
0.07956; 844.389
0.07982; 845.949
0.08008; 847.508
0.08034; 849.073
0.0806; 850.637
0.08086; 852.206
0.08112; 853.775
0.08138; 855.349
0.08164; 856.923
0.0819; 858.502
0.08216; 860.08
0.08242; 861.663
0.08268; 863.245
0.08294; 864.833
0.0832; 866.42
0.08346; 868.012
0.08372; 869.603
0.08398; 871.199
0.08424; 872.794
0.0845; 874.395
0.08476; 875.994
0.08502; 877.598
0.08528; 879.202
0.08554; 880.81
0.0858; 882.417
0.08606; 884.029
0.08632; 885.64
0.08658; 887.256
0.08684; 888.871
0.0871; 890.49
0.08736; 892.108
0.08762; 893.731
0.08788; 895.353
0.08814; 896.979
0.0884; 898.604
0.08866; 900.234
0.08892; 901.862
0.08918; 903.495
0.08944; 905.127
0.0897; 906.762
0.08996; 908.397
0.09022; 910.036
0.09048; 911.674
0.09074; 913.316
0.091; 914.957
0.09126; 916.601
0.09152; 918.245
0.09178; 919.892
0.09204; 921.538
0.0923; 923.188
0.09256; 924.837
0.09282; 926.489
0.09308; 928.141
0.09334; 929.795
0.0936; 931.449
0.09386; 933.106
0.09412; 934.762
0.09438; 936.421
0.09464; 938.08
0.0949; 939.741
0.09516; 941.401
0.09542; 943.064
0.09568; 944.727
0.09594; 946.392
0.0962; 948.057
0.09646; 949.723
0.09672; 951.39
0.09698; 953.058
0.09724; 954.726
0.0975; 956.396
0.09776; 958.066
0.09802; 959.737
0.09828; 961.408
0.09854; 963.081
0.0988; 964.754
0.09906; 966.428
0.09932; 968.102
0.09958; 969.777
0.09984; 971.452
0.1001; 973.128
0.10036; 974.804
0.10062; 976.481
0.10088; 978.159
0.10114; 979.837
0.1014; 981.515
0.10166; 983.194
0.10192; 984.873
0.10218; 986.552
0.10244; 988.232
0.1027; 989.912
0.10296; 991.593
0.10322; 993.274
0.10348; 994.955
0.10374; 996.636
0.104; 998.318
0.10426; 1000
0.10452; 1000
0.10478; 1000
0.10504; 1000
0.1053; 1000
0.10556; 1000
0.10582; 1000
0.10608; 1000
0.10634; 1000
0.1066; 1000
0.10686; 1000
0.10712; 1000
0.10738; 1000
0.10764; 1000
0.1079; 1000
0.10816; 1000
0.10842; 1000
0.10868; 1000
0.10894; 1000
0.1092; 1000
0.10946; 1000
0.10972; 1000
0.10998; 1000
0.11024; 1000
0.1105; 1000
0.11076; 1000
0.11102; 1000
0.11128; 1000
0.11154; 1000
0.1118; 1000
0.11206; 1000
0.11232; 1000
0.11258; 1000
0.11284; 1000
0.1131; 1000
0.11336; 1000
0.11362; 1000
0.11388; 1000
0.11414; 1000
0.1144; 1000
0.11466; 1000
0.11492; 1000
0.11518; 1000
0.11544; 1000
0.1157; 1000
0.11596; 1000
0.11622; 1000
0.11648; 1000
0.11674; 1000
0.117; 1000
0.11726; 1000
0.11752; 1000
0.11778; 1000
0.11804; 1000
0.1183; 1000
0.11856; 1000
0.11882; 1000
0.11908; 1000
0.11934; 1000
0.1196; 1000
0.11986; 1000
0.12012; 1000
0.12038; 1000
0.12064; 1000
0.1209; 1000
0.12116; 1000
0.12142; 1000
0.12168; 1000
0.12194; 1000
0.1222; 1000
0.12246; 1000
0.12272; 1000
0.12298; 1000
0.12324; 1000
0.1235; 1000
0.12376; 1000
0.12402; 1000
0.12428; 1000
0.12454; 1000
0.1248; 1000
