0.00026; 0
0.00052; 0
0.00078; 0
0.00104; 0
0.0013; 0
0.00156; 0
0.00182; 0
0.00208; 0
0.00234; 0
0.0026; 0
0.00286; 0
0.00312; 0
0.00338; 0
0.00364; 0
0.0039; 0
0.00416; 0
0.00442; 0
0.00468; 0
0.00494; 0
0.0052; 0
0.00546; 0
0.00572; 0
0.00598; 0
0.00624; 0
0.0065; 0
0.00676; 0
0.00702; 0
0.00728; 0
0.00754; 0
0.0078; 0
0.00806; 0
0.00832; 0
0.00858; 0
0.00884; 0
0.0091; 0
0.00936; 0
0.00962; 0
0.00988; 0
0.01014; 0
0.0104; 0
0.01066; 0
0.01092; 0
0.01118; 0
0.01144; 0
0.0117; 0
0.01196; 0
0.01222; 0
0.01248; 0
0.01274; 0
0.013; 0
0.01326; 0
0.01352; 0
0.01378; 0
0.01404; 0
0.0143; 0
0.01456; 0
0.01482; 0
0.01508; 0
0.01534; 0
0.0156; 0
0.01586; 0
0.01612; 0
0.01638; 0
0.01664; 0
0.0169; 0
0.01716; 0
0.01742; 0
0.01768; 0
0.01794; 0
0.0182; 0
0.01846; 0
0.01872; 0
0.01898; 0
0.01924; 0
0.0195; 0
0.01976; 0
0.02002; 0
0.02028; 0
0.02054; 0
0.0208; 0
0.02106; 0
0.02132; 0
0.02158; 0
0.02184; 0
0.0221; 0
0.02236; 0
0.02262; 0
0.02288; 0
0.02314; 0
0.0234; 0
0.02366; 0
0.02392; 0
0.02418; 0
0.02444; 0
0.0247; 0
0.02496; 0
0.02522; 0
0.02548; 0
0.02574; 326.962
0.026; 327.015
0.02626; 327.107
0.02652; 327.23
0.02678; 327.374
0.02704; 327.525
0.0273; 327.72
0.02756; 327.937
0.02782; 328.169
0.02808; 328.414
0.02834; 328.688
0.0286; 328.981
0.02886; 329.29
0.02912; 329.621
0.02938; 329.975
0.02964; 330.345
0.0299; 330.72
0.03016; 331.138
0.03042; 331.577
0.03068; 332.031
0.03094; 332.496
0.0312; 332.99
0.03146; 333.503
0.03172; 334.033
0.03198; 334.584
0.03224; 335.16
0.0325; 335.751
0.03276; 336.348
0.03302; 336.989
0.03328; 337.652
0.03354; 338.332
0.0338; 339.024
0.03406; 339.746
0.03432; 340.489
0.03458; 341.25
0.03484; 342.034
0.0351; 342.845
0.03536; 343.673
0.03562; 344.508
0.03588; 345.391
0.03614; 346.298
0.0364; 347.224
0.03666; 348.164
0.03692; 349.137
0.03718; 350.134
0.03744; 351.151
0.0377; 352.194
0.03796; 353.266
0.03822; 354.358
0.03848; 355.46
0.03874; 356.614
0.039; 357.794
0.03926; 358.996
0.03952; 360.214
0.03978; 361.469
0.04004; 362.75
0.0403; 364.054
0.04056; 365.388
0.04082; 366.753
0.04108; 368.142
0.04134; 369.542
0.0416; 370.998
0.04186; 372.484
0.04212; 373.994
0.04238; 375.523
0.04264; 377.092
0.0429; 378.69
0.04316; 380.314
0.04342; 381.97
0.04368; 383.661
0.04394; 385.377
0.0442; 387.108
0.04446; 388.898
0.04472; 390.72
0.04498; 392.567
0.04524; 394.437
0.0455; 396.349
0.04576; 398.291
0.04602; 400.261
0.04628; 402.266
0.04654; 404.305
0.0468; 406.372
0.04706; 408.454
0.04732; 410.596
0.04758; 412.769
0.04784; 414.968
0.0481; 417.189
0.04836; 419.452
0.04862; 421.744
0.04888; 424.062
0.04914; 426.412
0.0494; 428.796
0.04966; 431.204
0.04992; 433.627
0.05018; 436.103
0.05044; 438.607
0.0507; 441.132
0.05096; 443.677
0.05122; 446.256
0.05148; 448.86
0.05174; 451.485
0.052; 454.135
0.05226; 456.812
0.05252; 459.507
0.05278; 462.212
0.05304; 464.958
0.0533; 467.723
0.05356; 470.504
0.05382; 473.296
0.05408; 476.112
0.05434; 478.944
0.0546; 481.788
0.05486; 484.648
0.05512; 487.523
0.05538; 490.407
0.05564; 493.294
0.0559; 496.207
0.05616; 499.127
0.05642; 502.053
0.05668; 504.981
0.05694; 507.919
0.0572; 510.861
0.05746; 513.805
0.05772; 516.751
0.05798; 519.7
0.05824; 522.647
0.0585; 525.587
0.05876; 528.534
0.05902; 531.476
0.05928; 534.411
0.05954; 537.338
0.0598; 540.26
0.06006; 543.174
0.06032; 546.078
0.06058; 548.971
0.06084; 551.854
0.0611; 554.723
0.06136; 557.579
0.06162; 560.422
0.06188; 563.25
0.06214; 566.062
0.0624; 568.858
0.06266; 571.636
0.06292; 574.396
0.06318; 577.139
0.06344; 579.863
0.0637; 582.566
0.06396; 585.251
0.06422; 587.919
0.06448; 590.561
0.06474; 593.181
0.065; 595.781
0.06526; 598.362
0.06552; 600.919
0.06578; 603.453
0.06604; 605.968
0.0663; 608.458
0.06656; 610.924
0.06682; 613.371
0.06708; 615.802
0.06734; 618.197
0.0676; 620.568
0.06786; 622.919
0.06812; 625.251
0.06838; 627.555
0.06864; 629.835
0.0689; 632.095
0.06916; 634.328
0.06942; 636.536
0.06968; 638.724
0.06994; 640.9
0.0702; 643.031
0.07046; 645.138
0.07072; 647.225
0.07098; 649.295
0.07124; 651.332
0.0715; 653.346
0.07176; 655.34
0.07202; 657.305
0.07228; 659.243
0.07254; 661.162
0.0728; 663.072
0.07306; 664.928
0.07332; 666.76
0.07358; 668.573
0.07384; 670.369
0.0741; 672.13
0.07436; 673.866
0.07462; 675.583
0.07488; 677.269
0.07514; 678.927
0.0754; 680.565
0.07566; 682.198
0.07592; 683.77
0.07618; 685.316
0.07644; 686.844
0.0767; 688.357
0.07696; 689.831
0.07722; 691.28
0.07748; 692.71
0.07774; 694.109
0.078; 695.477
0.07826; 696.826
0.07852; 698.172
0.07878; 699.452
0.07904; 700.707
0.0793; 701.945
0.07956; 703.17
0.07982; 704.352
0.08008; 705.511
0.08034; 706.652
0.0806; 707.763
0.08086; 708.844
0.08112; 709.907
0.08138; 710.971
0.08164; 711.968
0.0819; 712.942
0.08216; 713.901
0.08242; 714.852
0.08268; 715.761
0.08294; 716.65
0.0832; 717.527
0.08346; 718.378
0.08372; 719.203
0.08398; 720.017
0.08424; 720.84
0.0845; 721.6
0.08476; 722.345
0.08502; 723.085
0.08528; 723.827
0.08554; 724.536
0.0858; 725.234
0.08606; 725.922
0.08632; 726.561
0.08658; 727.054
0.08684; 0
0.0871; 0
0.08736; 0
0.08762; 0
0.08788; 0
0.08814; 0
0.0884; 0
0.08866; 0
0.08892; 0
0.08918; 0
0.08944; 0
0.0897; 0
0.08996; 0
0.09022; 0
0.09048; 0
0.09074; 0
0.091; 0
0.09126; 0
0.09152; 0
0.09178; 0
0.09204; 0
0.0923; 0
0.09256; 0
0.09282; 0
0.09308; 0
0.09334; 0
0.0936; 0
0.09386; 0
0.09412; 0
0.09438; 0
0.09464; 0
0.0949; 0
0.09516; 0
0.09542; 0
0.09568; 0
0.09594; 0
0.0962; 0
0.09646; 0
0.09672; 0
0.09698; 0
0.09724; 0
0.0975; 0
0.09776; 0
0.09802; 0
0.09828; 0
0.09854; 0
0.0988; 0
0.09906; 0
0.09932; 0
0.09958; 0
0.09984; 0
0.1001; 0
0.10036; 0
0.10062; 0
0.10088; 0
0.10114; 0
0.1014; 0
0.10166; 0
0.10192; 0
0.10218; 0
0.10244; 0
0.1027; 0
0.10296; 0
0.10322; 0
0.10348; 0
0.10374; 0
0.104; 0
0.10426; 0
0.10452; 0
0.10478; 0
0.10504; 0
0.1053; 0
0.10556; 0
0.10582; 0
0.10608; 0
0.10634; 0
0.1066; 0
0.10686; 0
0.10712; 0
0.10738; 0
0.10764; 0
0.1079; 0
0.10816; 0
0.10842; 0
0.10868; 0
0.10894; 0
0.1092; 0
0.10946; 0
0.10972; 0
0.10998; 0
0.11024; 0
0.1105; 0
0.11076; 0
0.11102; 0
0.11128; 0
0.11154; 0
0.1118; 0
0.11206; 0
0.11232; 0
0.11258; 0
0.11284; 0
0.1131; 0
0.11336; 0
0.11362; 0
0.11388; 0
0.11414; 0
0.1144; 0
0.11466; 0
0.11492; 0
0.11518; 0
0.11544; 0
0.1157; 0
0.11596; 0
0.11622; 0
0.11648; 0
0.11674; 0
0.117; 0
0.11726; 0
0.11752; 0
0.11778; 0
0.11804; 0
0.1183; 0
0.11856; 0
0.11882; 0
0.11908; 0
0.11934; 0
0.1196; 0
0.11986; 0
0.12012; 0
0.12038; 0
0.12064; 0
0.1209; 0
0.12116; 0
0.12142; 0
0.12168; 0
0.12194; 0
0.1222; 0
0.12246; 0
0.12272; 0
0.12298; 0
0.12324; 0
0.1235; 0
0.12376; 0
0.12402; 0
0.12428; 0
0.12454; 0
0.1248; 0
