0.00026; 0
0.00052; 0
0.00078; 0
0.00104; 0
0.0013; 0
0.00156; 0
0.00182; 0
0.00208; 0
0.00234; 0
0.0026; 0
0.00286; 0
0.00312; 0
0.00338; 0
0.00364; 0
0.0039; 0
0.00416; 0
0.00442; 0
0.00468; 0
0.00494; 0
0.0052; 0
0.00546; 0
0.00572; 0
0.00598; 0
0.00624; 0
0.0065; 0
0.00676; 0
0.00702; 0
0.00728; 0
0.00754; 0
0.0078; 0
0.00806; 0
0.00832; 0
0.00858; 0
0.00884; 0
0.0091; 0
0.00936; 0
0.00962; 0
0.00988; 0
0.01014; 0
0.0104; 0
0.01066; 0
0.01092; 0
0.01118; 0
0.01144; 0
0.0117; 0
0.01196; 0
0.01222; 0
0.01248; 0
0.01274; 0
0.013; 0
0.01326; 0
0.01352; 0
0.01378; 0
0.01404; 0
0.0143; 0
0.01456; 0
0.01482; 0
0.01508; 0
0.01534; 0
0.0156; 0
0.01586; 0
0.01612; 0
0.01638; 0
0.01664; 0
0.0169; 0
0.01716; 0
0.01742; 0
0.01768; 0
0.01794; 0
0.0182; 0
0.01846; 0
0.01872; 0
0.01898; 0
0.01924; 0
0.0195; 0
0.01976; 0
0.02002; 0
0.02028; 0
0.02054; 0
0.0208; 0
0.02106; 0
0.02132; 0
0.02158; 0
0.02184; 0
0.0221; 0
0.02236; 0
0.02262; 0
0.02288; 0
0.02314; 0
0.0234; 0
0.02366; 0
0.02392; 0
0.02418; 0
0.02444; 0
0.0247; 0
0.02496; 0
0.02522; 0
0.02548; 0
0.02574; 0
0.026; 0
0.02626; 0
0.02652; 0
0.02678; 0
0.02704; 0
0.0273; 0
0.02756; 0
0.02782; 0
0.02808; 0
0.02834; 0
0.0286; 0
0.02886; 0
0.02912; 0
0.02938; 0
0.02964; 0
0.0299; 0
0.03016; 0
0.03042; 0
0.03068; 0
0.03094; 0
0.0312; 0
0.03146; 0
0.03172; 0
0.03198; 0
0.03224; 0
0.0325; 0
0.03276; 882.895
0.03302; 882.89
0.03328; 882.871
0.03354; 882.847
0.0338; 882.808
0.03406; 882.764
0.03432; 882.705
0.03458; 882.642
0.03484; 882.563
0.0351; 882.479
0.03536; 882.381
0.03562; 882.277
0.03588; 882.159
0.03614; 882.035
0.0364; 881.897
0.03666; 881.753
0.03692; 881.594
0.03718; 881.43
0.03744; 881.251
0.0377; 881.067
0.03796; 880.867
0.03822; 880.662
0.03848; 880.442
0.03874; 880.217
0.039; 879.976
0.03926; 879.729
0.03952; 879.467
0.03978; 879.199
0.04004; 878.916
0.0403; 878.628
0.04056; 878.323
0.04082; 878.012
0.04108; 877.686
0.04134; 877.354
0.0416; 877.006
0.04186; 876.652
0.04212; 876.281
0.04238; 875.905
0.04264; 875.513
0.0429; 875.114
0.04316; 874.699
0.04342; 874.277
0.04368; 873.84
0.04394; 873.395
0.0442; 872.934
0.04446; 872.467
0.04472; 871.983
0.04498; 871.492
0.04524; 870.984
0.0455; 870.469
0.04576; 869.938
0.04602; 869.399
0.04628; 868.843
0.04654; 868.28
0.0468; 867.699
0.04706; 867.111
0.04732; 866.506
0.04758; 865.892
0.04784; 865.261
0.0481; 864.622
0.04836; 863.966
0.04862; 863.301
0.04888; 862.619
0.04914; 861.927
0.0494; 861.218
0.04966; 860.5
0.04992; 859.764
0.05018; 859.018
0.05044; 858.254
0.0507; 857.481
0.05096; 856.689
0.05122; 855.887
0.05148; 855.066
0.05174; 854.235
0.052; 853.385
0.05226; 852.524
0.05252; 851.645
0.05278; 850.754
0.05304; 849.843
0.0533; 848.921
0.05356; 847.979
0.05382; 847.026
0.05408; 846.052
0.05434; 845.065
0.0546; 844.058
0.05486; 843.039
0.05512; 841.998
0.05538; 840.944
0.05564; 839.869
0.0559; 838.78
0.05616; 837.67
0.05642; 836.545
0.05668; 835.397
0.05694; 834.235
0.0572; 833.05
0.05746; 831.849
0.05772; 830.626
0.05798; 829.385
0.05824; 828.122
0.0585; 826.841
0.05876; 825.537
0.05902; 824.214
0.05928; 822.867
0.05954; 821.501
0.0598; 820.11
0.06006; 818.7
0.06032; 817.264
0.06058; 815.808
0.06084; 814.326
0.0611; 812.823
0.06136; 811.293
0.06162; 809.742
0.06188; 808.163
0.06214; 806.562
0.0624; 804.932
0.06266; 803.28
0.06292; 801.599
0.06318; 799.895
0.06344; 798.162
0.0637; 796.404
0.06396; 794.617
0.06422; 792.806
0.06448; 790.965
0.06474; 789.099
0.065; 787.205
0.06526; 785.284
0.06552; 783.336
0.06578; 781.362
0.06604; 779.36
0.0663; 777.333
0.06656; 775.279
0.06682; 773.201
0.06708; 771.097
0.06734; 768.971
0.0676; 766.82
0.06786; 764.649
0.06812; 762.456
0.06838; 760.245
0.06864; 758.014
0.0689; 755.768
0.06916; 753.506
0.06942; 751.23
0.06968; 748.944
0.06994; 746.647
0.0702; 744.342
0.07046; 742.032
0.07072; 739.718
0.07098; 737.401
0.07124; 735.085
0.0715; 732.77
0.07176; 730.46
0.07202; 728.154
0.07228; 725.856
0.07254; 723.566
0.0728; 721.286
0.07306; 719.018
0.07332; 716.763
0.07358; 714.52
0.07384; 712.294
0.0741; 710.082
0.07436; 707.889
0.07462; 705.711
0.07488; 703.553
0.07514; 701.411
0.0754; 699.29
0.07566; 697.186
0.07592; 695.104
0.07618; 693.04
0.07644; 690.998
0.0767; 688.974
0.07696; 686.973
0.07722; 684.989
0.07748; 683.028
0.07774; 681.085
0.078; 679.166
0.07826; 677.263
0.07852; 675.384
0.07878; 673.523
0.07904; 671.684
0.0793; 669.863
0.07956; 668.065
0.07982; 666.283
0.08008; 664.524
0.08034; 662.782
0.0806; 661.062
0.08086; 659.359
0.08112; 657.678
0.08138; 656.013
0.08164; 654.37
0.0819; 652.743
0.08216; 651.138
0.08242; 649.548
0.08268; 647.981
0.08294; 646.428
0.0832; 644.898
0.08346; 643.382
0.08372; 641.888
0.08398; 640.408
0.08424; 638.951
0.0845; 637.506
0.08476; 636.085
0.08502; 634.676
0.08528; 633.291
0.08554; 631.918
0.0858; 630.567
0.08606; 629.229
0.08632; 627.914
0.08658; 626.611
0.08684; 625.33
0.0871; 624.062
0.08736; 622.816
0.08762; 621.582
0.08788; 620.371
0.08814; 619.172
0.0884; 617.995
0.08866; 616.83
0.08892; 615.687
0.08918; 614.557
0.08944; 613.449
0.0897; 612.352
0.08996; 611.278
0.09022; 610.216
0.09048; 609.176
0.09074; 608.148
0.091; 607.142
0.09126; 606.148
0.09152; 605.176
0.09178; 604.216
0.09204; 603.278
0.0923; 602.351
0.09256; 601.447
0.09282; 600.555
0.09308; 599.685
0.09334; 598.826
0.0936; 597.99
0.09386; 597.165
0.09412; 596.363
0.09438; 595.573
0.09464; 594.804
0.0949; 594.048
0.09516; 593.313
0.09542; 592.59
0.09568; 591.89
0.09594; 591.201
0.0962; 590.535
0.09646; 589.88
0.09672; 589.248
0.09698; 588.627
0.09724; 588.029
0.0975; 587.441
0.09776; 586.877
0.09802; 586.324
0.09828; 585.794
0.09854; 585.274
0.0988; 584.778
0.09906; 584.292
0.09932; 583.829
0.09958; 583.377
0.09984; 582.948
0.1001; 582.53
0.10036; 582.135
0.10062; 581.75
0.10088; 581.389
0.10114; 581.037
0.1014; 580.71
0.10166; 580.392
0.10192; 580.098
0.10218; 579.813
0.10244; 579.552
0.1027; 579.301
0.10296; 579.073
0.10322; 578.855
0.10348; 578.66
0.10374; 578.475
0.104; 578.312
0.10426; 578.16
0.10452; 578.031
0.10478; 577.911
0.10504; 577.814
0.1053; 577.725
0.10556; 577.659
0.10582; 577.6
0.10608; 577.56
0.10634; 577.525
0.1066; 0
0.10686; 0
0.10712; 0
0.10738; 0
0.10764; 0
0.1079; 0
0.10816; 0
0.10842; 0
0.10868; 0
0.10894; 0
0.1092; 0
0.10946; 0
0.10972; 0
0.10998; 0
0.11024; 0
0.1105; 0
0.11076; 0
0.11102; 0
0.11128; 0
0.11154; 0
0.1118; 0
0.11206; 0
0.11232; 0
0.11258; 0
0.11284; 0
0.1131; 0
0.11336; 0
0.11362; 0
0.11388; 0
0.11414; 0
0.1144; 0
0.11466; 0
0.11492; 0
0.11518; 0
0.11544; 0
0.1157; 0
0.11596; 0
0.11622; 0
0.11648; 0
0.11674; 0
0.117; 0
0.11726; 0
0.11752; 0
0.11778; 0
0.11804; 0
0.1183; 0
0.11856; 0
0.11882; 0
0.11908; 0
0.11934; 0
0.1196; 0
0.11986; 0
0.12012; 0
0.12038; 0
0.12064; 0
0.1209; 0
0.12116; 0
0.12142; 0
0.12168; 0
0.12194; 0
0.1222; 0
0.12246; 0
0.12272; 0
0.12298; 0
0.12324; 0
0.1235; 0
0.12376; 0
0.12402; 0
0.12428; 0
0.12454; 0
0.1248; 0
