0.00026; 0
0.00052; 0
0.00078; 0
0.00104; 0
0.0013; 0
0.00156; 0
0.00182; 0
0.00208; 0
0.00234; 0
0.0026; 0
0.00286; 0
0.00312; 0
0.00338; 0
0.00364; 0
0.0039; 0
0.00416; 0
0.00442; 0
0.00468; 0
0.00494; 0
0.0052; 0
0.00546; 0
0.00572; 0
0.00598; 0
0.00624; 0
0.0065; 0
0.00676; 0
0.00702; 0
0.00728; 0
0.00754; 0
0.0078; 0
0.00806; 0
0.00832; 0
0.00858; 0
0.00884; 0
0.0091; 0
0.00936; 0
0.00962; 0
0.00988; 0
0.01014; 0
0.0104; 0
0.01066; 0
0.01092; 0
0.01118; 0
0.01144; 0
0.0117; 0
0.01196; 0
0.01222; 0
0.01248; 0
0.01274; 0
0.013; 0
0.01326; 0
0.01352; 0
0.01378; 0
0.01404; 0
0.0143; 0
0.01456; 0
0.01482; 0
0.01508; 0
0.01534; 0
0.0156; 0
0.01586; 0
0.01612; 0
0.01638; 0
0.01664; 0
0.0169; 0
0.01716; 0
0.01742; 0
0.01768; 0
0.01794; 0
0.0182; 0
0.01846; 0
0.01872; 0
0.01898; 0
0.01924; 0
0.0195; 0
0.01976; 0
0.02002; 0
0.02028; 0
0.02054; 0
0.0208; 0
0.02106; 0
0.02132; 0
0.02158; 0
0.02184; 0
0.0221; 0
0.02236; 0
0.02262; 0
0.02288; 0
0.02314; 0
0.0234; 0
0.02366; 0
0.02392; 0
0.02418; 0
0.02444; 0
0.0247; 0
0.02496; 0
0.02522; 0
0.02548; 0
0.02574; 0
0.026; 0
0.02626; 0
0.02652; 0
0.02678; 0
0.02704; 0
0.0273; 0
0.02756; 0
0.02782; 0
0.02808; 0
0.02834; 0
0.0286; 0
0.02886; 0
0.02912; 0
0.02938; 0
0.02964; 0
0.0299; 0
0.03016; 0
0.03042; 0
0.03068; 0
0.03094; 0
0.0312; 0
0.03146; 0
0.03172; 0
0.03198; 0
0.03224; 0
0.0325; 0
0.03276; 899.07
0.03302; 899.058
0.03328; 899.043
0.03354; 899.01
0.0338; 898.972
0.03406; 898.918
0.03432; 898.859
0.03458; 898.782
0.03484; 898.701
0.0351; 898.603
0.03536; 898.5
0.03562; 898.38
0.03588; 898.255
0.03614; 898.113
0.0364; 897.966
0.03666; 897.801
0.03692; 897.632
0.03718; 897.445
0.03744; 897.253
0.0377; 897.044
0.03796; 896.83
0.03822; 896.598
0.03848; 896.361
0.03874; 896.106
0.039; 895.845
0.03926; 895.567
0.03952; 895.283
0.03978; 894.982
0.04004; 894.675
0.0403; 894.349
0.04056; 894.018
0.04082; 893.669
0.04108; 893.314
0.04134; 892.941
0.0416; 892.562
0.04186; 892.164
0.04212; 891.761
0.04238; 891.338
0.04264; 890.91
0.0429; 890.463
0.04316; 890.01
0.04342; 889.538
0.04368; 889.059
0.04394; 888.562
0.0442; 888.057
0.04446; 887.534
0.04472; 887.004
0.04498; 886.455
0.04524; 885.898
0.0455; 885.322
0.04576; 884.739
0.04602; 884.136
0.04628; 883.526
0.04654; 882.896
0.0468; 882.258
0.04706; 881.601
0.04732; 880.935
0.04758; 880.249
0.04784; 879.555
0.0481; 878.84
0.04836; 878.117
0.04862; 877.374
0.04888; 876.622
0.04914; 875.849
0.0494; 875.067
0.04966; 874.264
0.04992; 873.452
0.05018; 872.619
0.05044; 871.776
0.0507; 870.911
0.05096; 870.037
0.05122; 869.141
0.05148; 868.234
0.05174; 867.305
0.052; 866.365
0.05226; 865.404
0.05252; 864.43
0.05278; 863.435
0.05304; 862.427
0.0533; 861.396
0.05356; 860.353
0.05382; 859.287
0.05408; 858.208
0.05434; 857.105
0.0546; 855.989
0.05486; 854.849
0.05512; 853.695
0.05538; 852.516
0.05564; 851.323
0.0559; 850.105
0.05616; 848.872
0.05642; 847.613
0.05668; 846.338
0.05694; 845.038
0.0572; 843.72
0.05746; 842.377
0.05772; 841.015
0.05798; 839.627
0.05824; 838.221
0.0585; 836.787
0.05876; 835.334
0.05902; 833.853
0.05928; 832.351
0.05954; 830.822
0.0598; 829.271
0.06006; 827.69
0.06032; 826.088
0.06058; 824.456
0.06084; 822.801
0.0611; 821.116
0.06136; 819.406
0.06162; 817.666
0.06188; 815.901
0.06214; 814.103
0.0624; 812.28
0.06266; 810.425
0.06292; 808.543
0.06318; 806.628
0.06344; 804.685
0.0637; 802.71
0.06396; 800.706
0.06422; 798.669
0.06448; 796.603
0.06474; 794.504
0.065; 792.375
0.06526; 790.213
0.06552; 788.023
0.06578; 785.799
0.06604; 783.546
0.0663; 781.261
0.06656; 778.948
0.06682; 776.604
0.06708; 774.233
0.06734; 771.833
0.0676; 769.407
0.06786; 766.954
0.06812; 764.478
0.06838; 761.977
0.06864; 759.456
0.0689; 756.914
0.06916; 754.354
0.06942; 751.778
0.06968; 749.187
0.06994; 746.584
0.0702; 743.971
0.07046; 741.35
0.07072; 738.723
0.07098; 736.092
0.07124; 733.46
0.0715; 730.829
0.07176; 728.2
0.07202; 725.577
0.07228; 722.959
0.07254; 720.351
0.0728; 717.751
0.07306; 715.165
0.07332; 712.591
0.07358; 710.032
0.07384; 707.488
0.0741; 704.962
0.07436; 702.451
0.07462; 699.961
0.07488; 697.488
0.07514; 695.037
0.0754; 692.604
0.07566; 690.194
0.07592; 687.802
0.07618; 685.435
0.07644; 683.087
0.0767; 680.763
0.07696; 678.459
0.07722; 676.18
0.07748; 673.919
0.07774; 671.685
0.078; 669.469
0.07826; 667.279
0.07852; 665.107
0.07878; 662.962
0.07904; 660.835
0.0793; 658.734
0.07956; 656.651
0.07982; 654.594
0.08008; 652.554
0.08034; 650.54
0.0806; 648.544
0.08086; 646.573
0.08112; 644.619
0.08138; 642.691
0.08164; 640.779
0.0819; 638.894
0.08216; 637.024
0.08242; 635.18
0.08268; 633.351
0.08294; 631.549
0.0832; 629.762
0.08346; 628.001
0.08372; 626.254
0.08398; 624.533
0.08424; 622.827
0.0845; 621.147
0.08476; 619.48
0.08502; 617.841
0.08528; 616.214
0.08554; 614.615
0.0858; 613.028
0.08606; 611.468
0.08632; 609.921
0.08658; 608.401
0.08684; 606.893
0.0871; 605.413
0.08736; 603.945
0.08762; 602.504
0.08788; 601.074
0.08814; 599.673
0.0884; 598.283
0.08866; 596.921
0.08892; 595.569
0.08918; 594.246
0.08944; 592.934
0.0897; 591.651
0.08996; 590.378
0.09022; 589.134
0.09048; 587.9
0.09074; 586.695
0.091; 585.5
0.09126; 584.335
0.09152; 583.179
0.09178; 582.053
0.09204; 580.937
0.0923; 579.85
0.09256; 578.773
0.09282; 577.726
0.09308; 576.688
0.09334; 575.68
0.0936; 574.682
0.09386; 573.714
0.09412; 572.755
0.09438; 571.827
0.09464; 570.908
0.0949; 570.019
0.09516; 569.139
0.09542; 568.29
0.09568; 567.45
0.09594; 566.641
0.0962; 565.841
0.09646; 565.072
0.09672; 564.311
0.09698; 563.582
0.09724; 562.862
0.0975; 562.172
0.09776; 561.491
0.09802; 560.842
0.09828; 560.201
0.09854; 559.592
0.0988; 558.991
0.09906; 558.422
0.09932; 557.861
0.09958; 557.331
0.09984; 556.811
0.1001; 556.321
0.10036; 555.84
0.10062; 555.391
0.10088; 554.95
0.10114; 554.54
0.1014; 554.139
0.10166; 553.77
0.10192; 553.409
0.10218; 553.079
0.10244; 552.758
0.1027; 552.468
0.10296; 552.186
0.10322; 551.936
0.10348; 551.694
0.10374; 551.483
0.104; 551.28
0.10426; 551.108
0.10452; 550.944
0.10478; 550.81
0.10504; 550.684
0.1053; 550.589
0.10556; 550.5
0.10582; 550.439
0.10608; 550.382
0.10634; 550.351
0.1066; 0
0.10686; 0
0.10712; 0
0.10738; 0
0.10764; 0
0.1079; 0
0.10816; 0
0.10842; 0
0.10868; 0
0.10894; 0
0.1092; 0
0.10946; 0
0.10972; 0
0.10998; 0
0.11024; 0
0.1105; 0
0.11076; 0
0.11102; 0
0.11128; 0
0.11154; 0
0.1118; 0
0.11206; 0
0.11232; 0
0.11258; 0
0.11284; 0
0.1131; 0
0.11336; 0
0.11362; 0
0.11388; 0
0.11414; 0
0.1144; 0
0.11466; 0
0.11492; 0
0.11518; 0
0.11544; 0
0.1157; 0
0.11596; 0
0.11622; 0
0.11648; 0
0.11674; 0
0.117; 0
0.11726; 0
0.11752; 0
0.11778; 0
0.11804; 0
0.1183; 0
0.11856; 0
0.11882; 0
0.11908; 0
0.11934; 0
0.1196; 0
0.11986; 0
0.12012; 0
0.12038; 0
0.12064; 0
0.1209; 0
0.12116; 0
0.12142; 0
0.12168; 0
0.12194; 0
0.1222; 0
0.12246; 0
0.12272; 0
0.12298; 0
0.12324; 0
0.1235; 0
0.12376; 0
0.12402; 0
0.12428; 0
0.12454; 0
0.1248; 0
