0.00026; 0
0.00052; 0
0.00078; 0
0.00104; 0
0.0013; 0
0.00156; 0
0.00182; 0
0.00208; 0
0.00234; 0
0.0026; 0
0.00286; 0
0.00312; 0
0.00338; 0
0.00364; 0
0.0039; 0
0.00416; 0
0.00442; 0
0.00468; 0
0.00494; 0
0.0052; 0
0.00546; 0
0.00572; 0
0.00598; 0
0.00624; 0
0.0065; 0
0.00676; 0
0.00702; 0
0.00728; 0
0.00754; 0
0.0078; 0
0.00806; 0
0.00832; 0
0.00858; 0
0.00884; 0
0.0091; 0
0.00936; 0
0.00962; 0
0.00988; 0
0.01014; 0
0.0104; 0
0.01066; 0
0.01092; 0
0.01118; 0
0.01144; 0
0.0117; 0
0.01196; 0
0.01222; 0
0.01248; 0
0.01274; 0
0.013; 0
0.01326; 0
0.01352; 0
0.01378; 0
0.01404; 0
0.0143; 0
0.01456; 0
0.01482; 0
0.01508; 0
0.01534; 0
0.0156; 0
0.01586; 0
0.01612; 0
0.01638; 0
0.01664; 0
0.0169; 0
0.01716; 0
0.01742; 0
0.01768; 0
0.01794; 0
0.0182; 0
0.01846; 0
0.01872; 0
0.01898; 0
0.01924; 0
0.0195; 0
0.01976; 0
0.02002; 0
0.02028; 0
0.02054; 0
0.0208; 0
0.02106; 0
0.02132; 0
0.02158; 0
0.02184; 0
0.0221; 0
0.02236; 0
0.02262; 0
0.02288; 0
0.02314; 0
0.0234; 0
0.02366; 0
0.02392; 0
0.02418; 0
0.02444; 0
0.0247; 0
0.02496; 0
0.02522; 0
0.02548; 0
0.02574; 0
0.026; 0
0.02626; 0
0.02652; 0
0.02678; 0
0.02704; 0
0.0273; 0
0.02756; 0
0.02782; 0
0.02808; 0
0.02834; 0
0.0286; 0
0.02886; 0
0.02912; 306.776
0.02938; 306.771
0.02964; 306.77
0.0299; 306.764
0.03016; 306.762
0.03042; 306.757
0.03068; 306.755
0.03094; 306.75
0.0312; 306.749
0.03146; 306.743
0.03172; 306.743
0.03198; 306.737
0.03224; 306.736
0.0325; 306.731
0.03276; 306.73
0.03302; 306.725
0.03328; 306.724
0.03354; 306.719
0.0338; 306.719
0.03406; 306.714
0.03432; 306.714
0.03458; 306.709
0.03484; 306.709
0.0351; 306.705
0.03536; 306.705
0.03562; 306.701
0.03588; 306.701
0.03614; 306.697
0.0364; 306.698
0.03666; 306.694
0.03692; 306.695
0.03718; 306.692
0.03744; 306.693
0.0377; 306.69
0.03796; 306.691
0.03822; 306.688
0.03848; 306.689
0.03874; 306.686
0.039; 306.688
0.03926; 306.685
0.03952; 306.687
0.03978; 306.685
0.04004; 306.687
0.0403; 306.685
0.04056; 306.688
0.04082; 306.686
0.04108; 306.689
0.04134; 306.687
0.0416; 306.69
0.04186; 306.689
0.04212; 306.692
0.04238; 306.691
0.04264; 306.694
0.0429; 306.693
0.04316; 306.697
0.04342; 306.697
0.04368; 306.7
0.04394; 306.7
0.0442; 306.704
0.04446; 306.704
0.04472; 306.709
0.04498; 306.709
0.04524; 306.714
0.0455; 306.714
0.04576; 306.719
0.04602; 306.72
0.04628; 306.725
0.04654; 306.726
0.0468; 306.731
0.04706; 306.732
0.04732; 306.738
0.04758; 306.74
0.04784; 306.745
0.0481; 306.747
0.04836; 306.753
0.04862; 306.755
0.04888; 306.762
0.04914; 306.764
0.0494; 306.77
0.04966; 306.773
0.04992; 306.779
0.05018; 306.782
0.05044; 306.789
0.0507; 306.792
0.05096; 306.799
0.05122; 306.801
0.05148; 306.809
0.05174; 306.812
0.052; 306.819
0.05226; 306.822
0.05252; 306.83
0.05278; 306.833
0.05304; 306.841
0.0533; 306.845
0.05356; 306.853
0.05382; 306.856
0.05408; 306.864
0.05434; 306.868
0.0546; 306.876
0.05486; 306.88
0.05512; 306.888
0.05538; 306.892
0.05564; 306.9
0.0559; 306.905
0.05616; 306.913
0.05642; 306.917
0.05668; 306.925
0.05694; 306.93
0.0572; 306.938
0.05746; 306.942
0.05772; 306.95
0.05798; 306.955
0.05824; 306.963
0.0585; 306.967
0.05876; 306.975
0.05902; 306.979
0.05928; 306.988
0.05954; 306.992
0.0598; 307
0.06006; 307.004
0.06032; 307.012
0.06058; 307.015
0.06084; 307.023
0.0611; 307.027
0.06136; 307.035
0.06162; 307.038
0.06188; 307.046
0.06214; 307.049
0.0624; 307.056
0.06266; 307.059
0.06292; 307.067
0.06318; 307.069
0.06344; 307.076
0.0637; 307.079
0.06396; 307.085
0.06422; 307.087
0.06448; 307.093
0.06474; 307.094
0.065; 0
0.06526; 0
0.06552; 0
0.06578; 0
0.06604; 0
0.0663; 0
0.06656; 0
0.06682; 0
0.06708; 0
0.06734; 0
0.0676; 0
0.06786; 0
0.06812; 0
0.06838; 0
0.06864; 0
0.0689; 0
0.06916; 0
0.06942; 0
0.06968; 0
0.06994; 0
0.0702; 0
0.07046; 0
0.07072; 0
0.07098; 0
0.07124; 0
0.0715; 849.738
0.07176; 849.738
0.07202; 849.739
0.07228; 849.739
0.07254; 849.74
0.0728; 849.741
0.07306; 849.742
0.07332; 849.743
0.07358; 849.744
0.07384; 849.745
0.0741; 849.747
0.07436; 849.748
0.07462; 849.75
0.07488; 849.751
0.07514; 849.753
0.0754; 849.755
0.07566; 849.757
0.07592; 849.759
0.07618; 849.761
0.07644; 849.763
0.0767; 849.765
0.07696; 849.768
0.07722; 849.77
0.07748; 849.772
0.07774; 849.775
0.078; 849.777
0.07826; 849.78
0.07852; 849.782
0.07878; 849.785
0.07904; 849.787
0.0793; 849.79
0.07956; 849.793
0.07982; 849.795
0.08008; 849.798
0.08034; 849.801
0.0806; 849.803
0.08086; 849.806
0.08112; 849.809
0.08138; 849.811
0.08164; 849.814
0.0819; 849.817
0.08216; 849.819
0.08242; 849.822
0.08268; 849.825
0.08294; 849.828
0.0832; 849.83
0.08346; 849.833
0.08372; 849.836
0.08398; 849.838
0.08424; 849.841
0.0845; 849.844
0.08476; 849.846
0.08502; 849.849
0.08528; 849.851
0.08554; 849.854
0.0858; 849.857
0.08606; 849.859
0.08632; 849.862
0.08658; 849.864
0.08684; 849.866
0.0871; 849.869
0.08736; 849.871
0.08762; 849.874
0.08788; 849.876
0.08814; 849.878
0.0884; 849.881
0.08866; 849.883
0.08892; 849.885
0.08918; 849.887
0.08944; 849.89
0.0897; 849.892
0.08996; 849.894
0.09022; 849.896
0.09048; 849.898
0.09074; 849.9
0.091; 849.902
0.09126; 849.904
0.09152; 849.906
0.09178; 849.908
0.09204; 849.91
0.0923; 849.912
0.09256; 849.914
0.09282; 849.916
0.09308; 849.918
0.09334; 849.919
0.0936; 849.921
0.09386; 849.923
0.09412; 849.924
0.09438; 849.926
0.09464; 849.928
0.0949; 849.929
0.09516; 849.931
0.09542; 849.933
0.09568; 849.934
0.09594; 849.936
0.0962; 849.937
0.09646; 849.939
0.09672; 849.94
0.09698; 849.941
0.09724; 849.943
0.0975; 849.944
0.09776; 849.946
0.09802; 849.947
0.09828; 849.948
0.09854; 849.95
0.0988; 849.951
0.09906; 849.952
0.09932; 849.953
0.09958; 849.954
0.09984; 849.956
0.1001; 849.957
0.10036; 849.958
0.10062; 849.959
0.10088; 849.96
0.10114; 849.961
0.1014; 849.963
0.10166; 849.964
0.10192; 849.965
0.10218; 849.966
0.10244; 849.967
0.1027; 849.968
0.10296; 849.969
0.10322; 849.97
0.10348; 849.971
0.10374; 849.972
0.104; 849.973
0.10426; 849.974
0.10452; 849.975
0.10478; 849.976
0.10504; 849.977
0.1053; 849.977
0.10556; 849.978
0.10582; 849.979
0.10608; 849.98
0.10634; 849.98
0.1066; 849.981
0.10686; 849.982
0.10712; 849.982
0.10738; 849.983
0.10764; 849.984
0.1079; 849.984
0.10816; 849.985
0.10842; 849.985
0.10868; 849.986
0.10894; 849.986
0.1092; 849.987
0.10946; 849.987
0.10972; 849.988
0.10998; 849.988
0.11024; 849.989
0.1105; 849.989
0.11076; 849.989
0.11102; 849.99
0.11128; 849.99
0.11154; 849.991
0.1118; 849.991
0.11206; 849.991
0.11232; 849.992
0.11258; 849.992
0.11284; 849.992
0.1131; 849.992
0.11336; 849.993
0.11362; 849.993
0.11388; 849.993
0.11414; 849.993
0.1144; 849.994
0.11466; 849.994
0.11492; 849.994
0.11518; 849.994
0.11544; 849.995
0.1157; 849.995
0.11596; 849.995
0.11622; 849.995
0.11648; 849.995
0.11674; 849.995
0.117; 849.996
0.11726; 849.996
0.11752; 849.996
0.11778; 849.996
0.11804; 849.996
0.1183; 849.996
0.11856; 849.996
0.11882; 849.996
0.11908; 849.997
0.11934; 849.997
0.1196; 849.997
0.11986; 849.997
0.12012; 849.997
0.12038; 849.997
0.12064; 849.997
0.1209; 849.997
0.12116; 849.997
0.12142; 849.997
0.12168; 849.997
0.12194; 849.997
0.1222; 849.997
0.12246; 849.997
0.12272; 849.998
0.12298; 849.998
0.12324; 849.998
0.1235; 849.998
0.12376; 849.998
0.12402; 849.998
0.12428; 849.998
0.12454; 849.998
0.1248; 849.998
