0.00026; 0
0.00052; 0
0.00078; 0
0.00104; 0
0.0013; 0
0.00156; 0
0.00182; 0
0.00208; 0
0.00234; 0
0.0026; 0
0.00286; 0
0.00312; 0
0.00338; 0
0.00364; 0
0.0039; 0
0.00416; 0
0.00442; 0
0.00468; 0
0.00494; 0
0.0052; 0
0.00546; 0
0.00572; 0
0.00598; 0
0.00624; 0
0.0065; 0
0.00676; 0
0.00702; 0
0.00728; 0
0.00754; 0
0.0078; 0
0.00806; 0
0.00832; 0
0.00858; 0
0.00884; 0
0.0091; 0
0.00936; 0
0.00962; 0
0.00988; 0
0.01014; 0
0.0104; 0
0.01066; 0
0.01092; 0
0.01118; 0
0.01144; 0
0.0117; 0
0.01196; 0
0.01222; 0
0.01248; 0
0.01274; 0
0.013; 0
0.01326; 0
0.01352; 0
0.01378; 0
0.01404; 0
0.0143; 0
0.01456; 0
0.01482; 0
0.01508; 0
0.01534; 0
0.0156; 0
0.01586; 0
0.01612; 0
0.01638; 0
0.01664; 0
0.0169; 0
0.01716; 0
0.01742; 0
0.01768; 0
0.01794; 0
0.0182; 0
0.01846; 0
0.01872; 0
0.01898; 0
0.01924; 0
0.0195; 0
0.01976; 0
0.02002; 0
0.02028; 0
0.02054; 0
0.0208; 0
0.02106; 0
0.02132; 0
0.02158; 0
0.02184; 0
0.0221; 0
0.02236; 0
0.02262; 0
0.02288; 0
0.02314; 0
0.0234; 0
0.02366; 0
0.02392; 0
0.02418; 0
0.02444; 0
0.0247; 0
0.02496; 0
0.02522; 0
0.02548; 0
0.02574; 0
0.026; 0
0.02626; 0
0.02652; 0
0.02678; 0
0.02704; 0
0.0273; 0
0.02756; 0
0.02782; 0
0.02808; 0
0.02834; 0
0.0286; 0
0.02886; 0
0.02912; 0
0.02938; 0
0.02964; 0
0.0299; 0
0.03016; 0
0.03042; 0
0.03068; 0
0.03094; 0
0.0312; 0
0.03146; 0
0.03172; 0
0.03198; 0
0.03224; 0
0.0325; 0
0.03276; 891.736
0.03302; 891.738
0.03328; 891.713
0.03354; 891.692
0.0338; 891.646
0.03406; 891.604
0.03432; 891.538
0.03458; 891.474
0.03484; 891.388
0.0351; 891.303
0.03536; 891.195
0.03562; 891.09
0.03588; 890.96
0.03614; 890.833
0.0364; 890.683
0.03666; 890.535
0.03692; 890.363
0.03718; 890.193
0.03744; 890
0.0377; 889.809
0.03796; 889.593
0.03822; 889.38
0.03848; 889.143
0.03874; 888.908
0.039; 888.649
0.03926; 888.393
0.03952; 888.111
0.03978; 887.832
0.04004; 887.529
0.0403; 887.227
0.04056; 886.9
0.04082; 886.576
0.04108; 886.227
0.04134; 885.88
0.0416; 885.507
0.04186; 885.137
0.04212; 884.741
0.04238; 884.347
0.04264; 883.927
0.0429; 883.509
0.04316; 883.066
0.04342; 882.624
0.04368; 882.157
0.04394; 881.69
0.0442; 881.199
0.04446; 880.707
0.04472; 880.191
0.04498; 879.676
0.04524; 879.134
0.0455; 878.593
0.04576; 878.026
0.04602; 877.459
0.04628; 876.866
0.04654; 876.274
0.0468; 875.655
0.04706; 875.035
0.04732; 874.39
0.04758; 873.743
0.04784; 873.071
0.0481; 872.398
0.04836; 871.698
0.04862; 870.996
0.04888; 870.269
0.04914; 869.539
0.0494; 868.784
0.04966; 868.026
0.04992; 867.241
0.05018; 866.454
0.05044; 865.64
0.0507; 864.823
0.05096; 863.979
0.05122; 863.132
0.05148; 862.258
0.05174; 861.379
0.052; 860.474
0.05226; 859.564
0.05252; 858.627
0.05278; 857.684
0.05304; 856.715
0.0533; 855.739
0.05356; 854.736
0.05382; 853.726
0.05408; 852.688
0.05434; 851.644
0.0546; 850.571
0.05486; 849.491
0.05512; 848.382
0.05538; 847.265
0.05564; 846.12
0.0559; 844.965
0.05616; 843.782
0.05642; 842.589
0.05668; 841.366
0.05694; 840.133
0.0572; 838.871
0.05746; 837.597
0.05772; 836.293
0.05798; 834.977
0.05824; 833.63
0.0585; 832.27
0.05876; 830.879
0.05902; 829.474
0.05928; 828.038
0.05954; 826.586
0.0598; 825.104
0.06006; 823.604
0.06032; 822.073
0.06058; 820.525
0.06084; 818.944
0.0611; 817.345
0.06136; 815.713
0.06162; 814.062
0.06188; 812.377
0.06214; 810.672
0.0624; 808.933
0.06266; 807.173
0.06292; 805.379
0.06318; 803.563
0.06344; 801.712
0.0637; 799.838
0.06396; 797.93
0.06422; 795.998
0.06448; 794.032
0.06474; 792.041
0.065; 790.016
0.06526; 787.967
0.06552; 785.884
0.06578; 783.775
0.06604; 781.635
0.0663; 779.469
0.06656; 777.272
0.06682; 775.051
0.06708; 772.8
0.06734; 770.526
0.0676; 768.224
0.06786; 765.901
0.06812; 763.552
0.06838; 761.184
0.06864; 758.795
0.0689; 756.388
0.06916; 753.964
0.06942; 751.525
0.06968; 749.073
0.06994; 746.609
0.0702; 744.137
0.07046; 741.658
0.07072; 739.174
0.07098; 736.686
0.07124; 734.199
0.0715; 731.712
0.07176; 729.229
0.07202; 726.75
0.07228; 724.28
0.07254; 721.816
0.0728; 719.364
0.07306; 716.922
0.07332; 714.495
0.07358; 712.08
0.07384; 709.683
0.0741; 707.298
0.07436; 704.935
0.07462; 702.586
0.07488; 700.26
0.07514; 697.948
0.0754; 695.661
0.07566; 693.389
0.07592; 691.142
0.07618; 688.911
0.07644; 686.706
0.0767; 684.517
0.07696; 682.355
0.07722; 680.208
0.07748; 678.089
0.07774; 675.985
0.078; 673.909
0.07826; 671.848
0.07852; 669.815
0.07878; 667.796
0.07904; 665.806
0.0793; 663.828
0.07956; 661.882
0.07982; 659.946
0.08008; 658.042
0.08034; 656.148
0.0806; 654.285
0.08086; 652.43
0.08112; 650.61
0.08138; 648.796
0.08164; 647.016
0.0819; 645.243
0.08216; 643.504
0.08242; 641.77
0.08268; 640.07
0.08294; 638.376
0.0832; 636.715
0.08346; 635.06
0.08372; 633.439
0.08398; 631.821
0.08424; 630.239
0.0845; 628.66
0.08476; 627.116
0.08502; 625.575
0.08528; 624.069
0.08554; 622.566
0.0858; 621.098
0.08606; 619.632
0.08632; 618.202
0.08658; 616.773
0.08684; 615.381
0.0871; 613.989
0.08736; 612.634
0.08762; 611.28
0.08788; 609.962
0.08814; 608.644
0.0884; 607.363
0.08866; 606.081
0.08892; 604.839
0.08918; 603.595
0.08944; 602.389
0.0897; 601.181
0.08996; 600.012
0.09022; 598.841
0.09048; 597.71
0.09074; 596.576
0.091; 595.481
0.09126; 594.384
0.09152; 593.326
0.09178; 592.265
0.09204; 591.245
0.0923; 590.221
0.09256; 589.237
0.09282; 588.25
0.09308; 587.303
0.09334; 586.353
0.0936; 585.443
0.09386; 584.529
0.09412; 583.657
0.09438; 582.78
0.09464; 581.944
0.0949; 581.104
0.09516; 580.306
0.09542; 579.503
0.09568; 578.741
0.09594; 577.974
0.0962; 577.251
0.09646; 576.522
0.09672; 575.835
0.09698; 575.143
0.09724; 574.494
0.0975; 573.838
0.09776; 573.226
0.09802; 572.608
0.09828; 572.034
0.09854; 571.453
0.0988; 570.916
0.09906; 570.372
0.09932; 569.872
0.09958; 569.365
0.09984; 568.901
0.1001; 568.43
0.10036; 568.005
0.10062; 567.572
0.10088; 567.184
0.10114; 566.787
0.1014; 566.436
0.10166; 566.077
0.10192; 565.762
0.10218; 565.439
0.10244; 565.161
0.1027; 564.875
0.10296; 564.633
0.10322; 564.383
0.10348; 564.179
0.10374; 563.966
0.104; 563.797
0.10426; 563.619
0.10452; 563.487
0.10478; 563.345
0.10504; 563.248
0.1053; 563.14
0.10556; 563.078
0.10582; 563.003
0.10608; 562.971
0.10634; 562.925
0.1066; 0
0.10686; 0
0.10712; 0
0.10738; 0
0.10764; 0
0.1079; 0
0.10816; 0
0.10842; 0
0.10868; 0
0.10894; 0
0.1092; 0
0.10946; 0
0.10972; 0
0.10998; 0
0.11024; 0
0.1105; 0
0.11076; 0
0.11102; 0
0.11128; 0
0.11154; 0
0.1118; 0
0.11206; 0
0.11232; 0
0.11258; 0
0.11284; 0
0.1131; 0
0.11336; 0
0.11362; 0
0.11388; 0
0.11414; 0
0.1144; 0
0.11466; 0
0.11492; 0
0.11518; 0
0.11544; 0
0.1157; 0
0.11596; 0
0.11622; 0
0.11648; 0
0.11674; 0
0.117; 0
0.11726; 0
0.11752; 0
0.11778; 0
0.11804; 0
0.1183; 0
0.11856; 0
0.11882; 0
0.11908; 0
0.11934; 0
0.1196; 0
0.11986; 0
0.12012; 0
0.12038; 0
0.12064; 0
0.1209; 0
0.12116; 0
0.12142; 0
0.12168; 0
0.12194; 0
0.1222; 0
0.12246; 0
0.12272; 0
0.12298; 0
0.12324; 0
0.1235; 0
0.12376; 0
0.12402; 0
0.12428; 0
0.12454; 0
0.1248; 0
