0.00026; 0
0.00052; 0
0.00078; 0
0.00104; 0
0.0013; 0
0.00156; 0
0.00182; 0
0.00208; 0
0.00234; 0
0.0026; 0
0.00286; 0
0.00312; 0
0.00338; 0
0.00364; 0
0.0039; 0
0.00416; 0
0.00442; 0
0.00468; 0
0.00494; 0
0.0052; 0
0.00546; 0
0.00572; 0
0.00598; 0
0.00624; 0
0.0065; 0
0.00676; 0
0.00702; 0
0.00728; 0
0.00754; 0
0.0078; 0
0.00806; 0
0.00832; 0
0.00858; 0
0.00884; 0
0.0091; 0
0.00936; 0
0.00962; 0
0.00988; 0
0.01014; 0
0.0104; 0
0.01066; 0
0.01092; 0
0.01118; 0
0.01144; 0
0.0117; 0
0.01196; 0
0.01222; 0
0.01248; 0
0.01274; 0
0.013; 0
0.01326; 0
0.01352; 0
0.01378; 0
0.01404; 0
0.0143; 0
0.01456; 0
0.01482; 0
0.01508; 0
0.01534; 0
0.0156; 0
0.01586; 0
0.01612; 0
0.01638; 0
0.01664; 0
0.0169; 0
0.01716; 0
0.01742; 0
0.01768; 0
0.01794; 0
0.0182; 0
0.01846; 0
0.01872; 0
0.01898; 0
0.01924; 0
0.0195; 0
0.01976; 0
0.02002; 0
0.02028; 0
0.02054; 0
0.0208; 0
0.02106; 0
0.02132; 0
0.02158; 0
0.02184; 0
0.0221; 0
0.02236; 0
0.02262; 0
0.02288; 0
0.02314; 0
0.0234; 0
0.02366; 0
0.02392; 0
0.02418; 0
0.02444; 0
0.0247; 0
0.02496; 0
0.02522; 0
0.02548; 0
0.02574; 0
0.026; 0
0.02626; 0
0.02652; 0
0.02678; 0
0.02704; 0
0.0273; 0
0.02756; 0
0.02782; 0
0.02808; 0
0.02834; 0
0.0286; 0
0.02886; 0
0.02912; 0
0.02938; 0
0.02964; 0
0.0299; 0
0.03016; 0
0.03042; 0
0.03068; 0
0.03094; 0
0.0312; 0
0.03146; 0
0.03172; 0
0.03198; 0
0.03224; 0
0.0325; 0
0.03276; 891.334
0.03302; 891.332
0.03328; 891.31
0.03354; 891.286
0.0338; 891.243
0.03406; 891.199
0.03432; 891.134
0.03458; 891.069
0.03484; 890.984
0.0351; 890.898
0.03536; 890.792
0.03562; 890.687
0.03588; 890.559
0.03614; 890.431
0.0364; 890.282
0.03666; 890.133
0.03692; 889.962
0.03718; 889.792
0.03744; 889.6
0.0377; 889.408
0.03796; 889.194
0.03822; 888.981
0.03848; 888.745
0.03874; 888.51
0.039; 888.253
0.03926; 887.995
0.03952; 887.715
0.03978; 887.436
0.04004; 887.134
0.0403; 886.832
0.04056; 886.507
0.04082; 886.182
0.04108; 885.835
0.04134; 885.487
0.0416; 885.117
0.04186; 884.746
0.04212; 884.352
0.04238; 883.958
0.04264; 883.541
0.0429; 883.123
0.04316; 882.682
0.04342; 882.24
0.04368; 881.775
0.04394; 881.309
0.0442; 880.82
0.04446; 880.329
0.04472; 879.815
0.04498; 879.299
0.04524; 878.76
0.0455; 878.219
0.04576; 877.655
0.04602; 877.089
0.04628; 876.499
0.04654; 875.906
0.0468; 875.29
0.04706; 874.671
0.04732; 874.028
0.04758; 873.382
0.04784; 872.713
0.0481; 872.04
0.04836; 871.343
0.04862; 870.642
0.04888; 869.918
0.04914; 869.191
0.0494; 868.438
0.04966; 867.681
0.04992; 866.899
0.05018; 866.113
0.05044; 865.302
0.0507; 864.487
0.05096; 863.646
0.05122; 862.8
0.05148; 861.928
0.05174; 861.052
0.052; 860.149
0.05226; 859.241
0.05252; 858.307
0.05278; 857.366
0.05304; 856.399
0.0533; 855.424
0.05356; 854.425
0.05382; 853.417
0.05408; 852.383
0.05434; 851.341
0.0546; 850.272
0.05486; 849.194
0.05512; 848.089
0.05538; 846.975
0.05564; 845.833
0.0559; 844.681
0.05616; 843.502
0.05642; 842.311
0.05668; 841.093
0.05694; 839.862
0.0572; 838.604
0.05746; 837.334
0.05772; 836.034
0.05798; 834.72
0.05824; 833.378
0.0585; 832.021
0.05876; 830.634
0.05902; 829.233
0.05928; 827.802
0.05954; 826.355
0.0598; 824.876
0.06006; 823.381
0.06032; 821.854
0.06058; 820.31
0.06084; 818.734
0.0611; 817.139
0.06136; 815.512
0.06162; 813.865
0.06188; 812.185
0.06214; 810.485
0.0624; 808.751
0.06266; 806.996
0.06292; 805.207
0.06318; 803.396
0.06344; 801.55
0.0637; 799.682
0.06396; 797.78
0.06422; 795.853
0.06448; 793.892
0.06474; 791.907
0.065; 789.889
0.06526; 787.845
0.06552; 785.768
0.06578; 783.666
0.06604; 781.531
0.0663; 779.372
0.06656; 777.181
0.06682; 774.967
0.06708; 772.722
0.06734; 770.455
0.0676; 768.16
0.06786; 765.843
0.06812; 763.502
0.06838; 761.141
0.06864; 758.759
0.0689; 756.36
0.06916; 753.943
0.06942; 751.511
0.06968; 749.067
0.06994; 746.611
0.0702; 744.147
0.07046; 741.675
0.07072; 739.199
0.07098; 736.719
0.07124; 734.239
0.0715; 731.76
0.07176; 729.285
0.07202; 726.814
0.07228; 724.351
0.07254; 721.895
0.0728; 719.452
0.07306; 717.017
0.07332; 714.599
0.07358; 712.191
0.07384; 709.802
0.0741; 707.425
0.07436; 705.07
0.07462; 702.728
0.07488; 700.41
0.07514; 698.106
0.0754; 695.826
0.07566; 693.561
0.07592; 691.323
0.07618; 689.099
0.07644; 686.902
0.0767; 684.72
0.07696; 682.566
0.07722; 680.426
0.07748; 678.315
0.07774; 676.218
0.078; 674.15
0.07826; 672.096
0.07852; 670.071
0.07878; 668.058
0.07904; 666.076
0.0793; 664.106
0.07956; 662.166
0.07982; 660.238
0.08008; 658.34
0.08034; 656.453
0.0806; 654.597
0.08086; 652.751
0.08112; 650.935
0.08138; 649.13
0.08164; 647.355
0.0819; 645.59
0.08216; 643.855
0.08242; 642.129
0.08268; 640.435
0.08294; 638.748
0.0832; 637.093
0.08346; 635.445
0.08372; 633.829
0.08398; 632.219
0.08424; 630.641
0.0845; 629.069
0.08476; 627.53
0.08502; 625.996
0.08528; 624.495
0.08554; 622.999
0.0858; 621.536
0.08606; 620.077
0.08632; 618.651
0.08658; 617.229
0.08684; 615.841
0.0871; 614.456
0.08736; 613.106
0.08762; 611.758
0.08788; 610.444
0.08814; 609.133
0.0884; 607.856
0.08866; 606.582
0.08892; 605.342
0.08918; 604.105
0.08944; 602.902
0.0897; 601.701
0.08996; 600.536
0.09022; 599.371
0.09048; 598.243
0.09074; 597.115
0.091; 596.023
0.09126; 594.932
0.09152; 593.877
0.09178; 592.822
0.09204; 591.804
0.0923; 590.786
0.09256; 589.805
0.09282; 588.823
0.09308; 587.879
0.09334; 586.934
0.0936; 586.027
0.09386; 585.119
0.09412; 584.248
0.09438; 583.376
0.09464; 582.543
0.0949; 581.708
0.09516; 580.912
0.09542; 580.113
0.09568; 579.354
0.09594; 578.593
0.0962; 577.87
0.09646; 577.145
0.09672; 576.46
0.09698; 575.773
0.09724; 575.125
0.0975; 574.474
0.09776; 573.863
0.09802; 573.249
0.09828; 572.675
0.09854; 572.098
0.0988; 571.562
0.09906; 571.022
0.09932; 570.522
0.09958; 570.02
0.09984; 569.557
0.1001; 569.091
0.10036; 568.666
0.10062; 568.236
0.10088; 567.848
0.10114; 567.455
0.1014; 567.103
0.10166; 566.747
0.10192; 566.432
0.10218; 566.112
0.10244; 565.834
0.1027; 565.551
0.10296; 565.308
0.10322; 565.062
0.10348; 564.856
0.10374; 564.645
0.104; 564.475
0.10426; 564.3
0.10452; 564.166
0.10478; 564.027
0.10504; 563.928
0.1053; 563.824
0.10556; 563.759
0.10582; 563.687
0.10608; 563.651
0.10634; 563.606
0.1066; 0
0.10686; 0
0.10712; 0
0.10738; 0
0.10764; 0
0.1079; 0
0.10816; 0
0.10842; 0
0.10868; 0
0.10894; 0
0.1092; 0
0.10946; 0
0.10972; 0
0.10998; 0
0.11024; 0
0.1105; 0
0.11076; 0
0.11102; 0
0.11128; 0
0.11154; 0
0.1118; 0
0.11206; 0
0.11232; 0
0.11258; 0
0.11284; 0
0.1131; 0
0.11336; 0
0.11362; 0
0.11388; 0
0.11414; 0
0.1144; 0
0.11466; 0
0.11492; 0
0.11518; 0
0.11544; 0
0.1157; 0
0.11596; 0
0.11622; 0
0.11648; 0
0.11674; 0
0.117; 0
0.11726; 0
0.11752; 0
0.11778; 0
0.11804; 0
0.1183; 0
0.11856; 0
0.11882; 0
0.11908; 0
0.11934; 0
0.1196; 0
0.11986; 0
0.12012; 0
0.12038; 0
0.12064; 0
0.1209; 0
0.12116; 0
0.12142; 0
0.12168; 0
0.12194; 0
0.1222; 0
0.12246; 0
0.12272; 0
0.12298; 0
0.12324; 0
0.1235; 0
0.12376; 0
0.12402; 0
0.12428; 0
0.12454; 0
0.1248; 0
