0.00026; 508.714
0.00052; 508.723
0.00078; 508.727
0.00104; 508.742
0.0013; 508.762
0.00156; 508.791
0.00182; 508.826
0.00208; 508.87
0.00234; 508.92
0.0026; 508.979
0.00286; 509.043
0.00312; 509.118
0.00338; 509.197
0.00364; 509.286
0.0039; 509.381
0.00416; 509.485
0.00442; 509.594
0.00468; 509.714
0.00494; 509.837
0.0052; 509.972
0.00546; 510.111
0.00572; 510.26
0.00598; 510.413
0.00624; 510.578
0.0065; 510.746
0.00676; 510.925
0.00702; 511.109
0.00728; 511.303
0.00754; 511.501
0.0078; 511.71
0.00806; 511.923
0.00832; 512.146
0.00858; 512.375
0.00884; 512.613
0.0091; 512.856
0.00936; 513.109
0.00962; 513.367
0.00988; 513.635
0.01014; 513.908
0.0104; 514.19
0.01066; 514.478
0.01092; 514.775
0.01118; 515.077
0.01144; 515.39
0.0117; 515.706
0.01196; 516.033
0.01222; 516.365
0.01248; 516.706
0.01274; 517.052
0.013; 517.409
0.01326; 517.77
0.01352; 518.141
0.01378; 518.516
0.01404; 518.902
0.0143; 519.292
0.01456; 519.693
0.01482; 520.097
0.01508; 520.512
0.01534; 520.932
0.0156; 521.361
0.01586; 521.795
0.01612; 522.239
0.01638; 522.688
0.01664; 523.146
0.0169; 523.61
0.01716; 524.083
0.01742; 524.56
0.01768; 525.048
0.01794; 525.54
0.0182; 526.042
0.01846; 526.548
0.01872; 527.065
0.01898; 527.586
0.01924; 528.116
0.0195; 528.651
0.01976; 529.196
0.02002; 529.746
0.02028; 530.305
0.02054; 530.869
0.0208; 531.443
0.02106; 532.021
0.02132; 532.609
0.02158; 533.201
0.02184; 533.803
0.0221; 534.41
0.02236; 535.026
0.02262; 535.647
0.02288; 536.277
0.02314; 536.912
0.0234; 537.557
0.02366; 538.206
0.02392; 538.864
0.02418; 539.527
0.02444; 540.2
0.0247; 540.877
0.02496; 541.564
0.02522; 542.255
0.02548; 542.956
0.02574; 543.661
0.026; 544.376
0.02626; 545.095
0.02652; 545.823
0.02678; 546.556
0.02704; 547.299
0.0273; 548.046
0.02756; 548.802
0.02782; 549.563
0.02808; 550.333
0.02834; 551.108
0.0286; 551.892
0.02886; 552.68
0.02912; 553.478
0.02938; 554.28
0.02964; 555.091
0.0299; 555.906
0.03016; 556.731
0.03042; 557.561
0.03068; 558.399
0.03094; 559.242
0.0312; 560.094
0.03146; 560.95
0.03172; 561.816
0.03198; 562.685
0.03224; 563.564
0.0325; 564.448
0.03276; 565.34
0.03302; 566.237
0.03328; 567.142
0.03354; 568.052
0.0338; 568.971
0.03406; 569.895
0.03432; 570.827
0.03458; 571.763
0.03484; 572.709
0.0351; 573.658
0.03536; 574.617
0.03562; 575.579
0.03588; 576.551
0.03614; 577.527
0.0364; 578.512
0.03666; 579.5
0.03692; 580.498
0.03718; 581.5
0.03744; 582.511
0.0377; 583.525
0.03796; 584.549
0.03822; 585.577
0.03848; 586.613
0.03874; 587.653
0.039; 588.702
0.03926; 589.755
0.03952; 590.817
0.03978; 591.883
0.04004; 592.958
0.0403; 594.036
0.04056; 595.124
0.04082; 596.215
0.04108; 597.315
0.04134; 598.418
0.0416; 599.53
0.04186; 600.647
0.04212; 601.771
0.04238; 602.9
0.04264; 604.037
0.0429; 605.178
0.04316; 606.327
0.04342; 607.48
0.04368; 608.642
0.04394; 609.807
0.0442; 610.981
0.04446; 612.158
0.04472; 613.344
0.04498; 614.534
0.04524; 615.732
0.0455; 616.934
0.04576; 618.143
0.04602; 619.357
0.04628; 620.579
0.04654; 621.804
0.0468; 623.038
0.04706; 624.275
0.04732; 625.521
0.04758; 626.77
0.04784; 628.027
0.0481; 629.287
0.04836; 630.556
0.04862; 631.828
0.04888; 633.109
0.04914; 634.392
0.0494; 635.684
0.04966; 636.98
0.04992; 638.283
0.05018; 639.59
0.05044; 640.904
0.0507; 642.222
0.05096; 643.548
0.05122; 644.878
0.05148; 646.215
0.05174; 647.555
0.052; 648.903
0.05226; 650.255
0.05252; 651.614
0.05278; 652.977
0.05304; 654.347
0.0533; 655.72
0.05356; 657.101
0.05382; 658.486
0.05408; 659.878
0.05434; 661.273
0.0546; 662.676
0.05486; 664.082
0.05512; 665.495
0.05538; 666.911
0.05564; 668.335
0.0559; 669.762
0.05616; 671.197
0.05642; 672.635
0.05668; 674.079
0.05694; 675.528
0.0572; 676.982
0.05746; 678.441
0.05772; 679.906
0.05798; 681.374
0.05824; 682.85
0.0585; 684.328
0.05876; 685.814
0.05902; 687.302
0.05928; 688.798
0.05954; 690.297
0.0598; 691.802
0.06006; 693.31
0.06032; 694.825
0.06058; 696.344
0.06084; 697.869
0.0611; 699.396
0.06136; 700.931
0.06162; 702.468
0.06188; 704.012
0.06214; 705.559
0.0624; 707.113
0.06266; 708.669
0.06292; 710.232
0.06318; 711.797
0.06344; 713.369
0.0637; 714.944
0.06396; 716.525
0.06422; 718.109
0.06448; 719.7
0.06474; 721.293
0.065; 722.892
0.06526; 724.494
0.06552; 726.102
0.06578; 727.713
0.06604; 729.33
0.0663; 730.95
0.06656; 732.575
0.06682; 734.204
0.06708; 735.838
0.06734; 737.475
0.0676; 739.117
0.06786; 740.763
0.06812; 742.414
0.06838; 744.067
0.06864; 745.727
0.0689; 747.389
0.06916; 749.056
0.06942; 750.726
0.06968; 752.402
0.06994; 754.08
0.0702; 755.764
0.07046; 757.45
0.07072; 759.141
0.07098; 760.835
0.07124; 762.535
0.0715; 764.236
0.07176; 765.943
0.07202; 767.653
0.07228; 769.367
0.07254; 771.084
0.0728; 772.806
0.07306; 774.53
0.07332; 776.26
0.07358; 777.991
0.07384; 779.728
0.0741; 781.467
0.07436; 783.21
0.07462; 784.956
0.07488; 786.707
0.07514; 788.46
0.0754; 790.218
0.07566; 791.978
0.07592; 793.742
0.07618; 795.509
0.07644; 797.28
0.0767; 799.053
0.07696; 800.831
0.07722; 802.611
0.07748; 804.395
0.07774; 806.182
0.078; 807.972
0.07826; 809.765
0.07852; 811.562
0.07878; 813.361
0.07904; 815.164
0.0793; 816.969
0.07956; 818.779
0.07982; 820.59
0.08008; 822.405
0.08034; 824.222
0.0806; 826.043
0.08086; 827.865
0.08112; 829.692
0.08138; 831.521
0.08164; 833.353
0.0819; 835.187
0.08216; 837.024
0.08242; 838.864
0.08268; 840.707
0.08294; 842.552
0.0832; 844.4
0.08346; 846.25
0.08372; 848.103
0.08398; 849.958
0.08424; 851.817
0.0845; 853.677
0.08476; 855.54
0.08502; 857.405
0.08528; 859.273
0.08554; 861.143
0.0858; 863.015
0.08606; 864.89
0.08632; 866.767
0.08658; 868.646
0.08684; 870.527
0.0871; 872.411
0.08736; 874.297
0.08762; 876.184
0.08788; 878.074
0.08814; 879.966
0.0884; 881.86
0.08866; 883.756
0.08892; 885.654
0.08918; 887.553
0.08944; 889.455
0.0897; 891.358
0.08996; 893.264
0.09022; 895.171
0.09048; 897.08
0.09074; 898.991
0.091; 900.904
0.09126; 902.817
0.09152; 904.733
0.09178; 906.651
0.09204; 908.57
0.0923; 910.49
0.09256; 912.413
0.09282; 914.336
0.09308; 916.261
0.09334; 918.188
0.0936; 920.116
0.09386; 922.045
0.09412; 923.976
0.09438; 925.908
0.09464; 927.841
0.0949; 929.776
0.09516; 931.712
0.09542; 933.648
0.09568; 935.587
0.09594; 937.526
0.0962; 939.467
0.09646; 941.408
0.09672; 943.351
0.09698; 945.294
0.09724; 947.239
0.0975; 949.184
0.09776; 951.131
0.09802; 953.078
0.09828; 955.026
0.09854; 956.975
0.0988; 958.925
0.09906; 960.875
0.09932; 962.826
0.09958; 964.778
0.09984; 966.731
0.1001; 968.684
0.10036; 970.638
0.10062; 972.592
0.10088; 974.547
0.10114; 976.503
0.1014; 978.459
0.10166; 980.415
0.10192; 982.372
0.10218; 984.329
0.10244; 986.287
0.1027; 988.245
0.10296; 990.203
0.10322; 992.162
0.10348; 994.121
0.10374; 996.081
0.104; 998.04
0.10426; 1000
0.10452; 1000
0.10478; 1000
0.10504; 1000
0.1053; 1000
0.10556; 1000
0.10582; 1000
0.10608; 1000
0.10634; 1000
0.1066; 1000
0.10686; 1000
0.10712; 1000
0.10738; 1000
0.10764; 1000
0.1079; 1000
0.10816; 1000
0.10842; 1000
0.10868; 1000
0.10894; 1000
0.1092; 1000
0.10946; 1000
0.10972; 1000
0.10998; 1000
0.11024; 1000
0.1105; 1000
0.11076; 1000
0.11102; 1000
0.11128; 1000
0.11154; 1000
0.1118; 1000
0.11206; 1000
0.11232; 1000
0.11258; 1000
0.11284; 1000
0.1131; 1000
0.11336; 1000
0.11362; 1000
0.11388; 1000
0.11414; 1000
0.1144; 1000
0.11466; 1000
0.11492; 1000
0.11518; 1000
0.11544; 1000
0.1157; 1000
0.11596; 1000
0.11622; 1000
0.11648; 1000
0.11674; 1000
0.117; 1000
0.11726; 1000
0.11752; 1000
0.11778; 1000
0.11804; 1000
0.1183; 1000
0.11856; 1000
0.11882; 1000
0.11908; 1000
0.11934; 1000
0.1196; 1000
0.11986; 1000
0.12012; 1000
0.12038; 1000
0.12064; 1000
0.1209; 1000
0.12116; 1000
0.12142; 1000
0.12168; 1000
0.12194; 1000
0.1222; 1000
0.12246; 1000
0.12272; 1000
0.12298; 1000
0.12324; 1000
0.1235; 1000
0.12376; 1000
0.12402; 1000
0.12428; 1000
0.12454; 1000
0.1248; 1000
