0.0026; 400
0.0052; 400
0.0078; 400
0.0104; 400
0.013; 400
0.0156; 400
0.0182; 400
0.0208; 400
0.0234; 400
0.026; 400
0.0286; 400
0.0312; 400
0.0338; 400
0.0364; 400
0.039; 400
0.0416; 400
0.0442; 400
0.0468; 400
0.0494; 400
0.052; 400
0.0546; 400
0.0572; 400
0.0598; 400
0.0624; 400
0.065; 400
0.0676; 400
0.0702; 400
0.0728; 400
0.0754; 400
0.078; 400
0.0806; 400
0.0832; 400
0.0858; 400
0.0884; 400
0.091; 400
0.0936; 400
0.0962; 400
0.0988; 400
0.1014; 400
0.104; 400
0.1066; 400
0.1092; 400
0.1118; 400
0.1144; 400
0.117; 400
0.1196; 400
0.1222; 400
0.1248; 400
0.1274; 400
0.13; 400
0.1326; 400
0.1352; 400
0.1378; 400
0.1404; 400
0.143; 400
0.1456; 400
0.1482; 400
0.1508; 400
0.1534; 400
0.156; 400
0.1586; 400
0.1612; 400
0.1638; 400
0.1664; 400
0.169; 400
0.1716; 400
0.1742; 400
0.1768; 400
0.1794; 400
0.182; 400
0.1846; 400
0.1872; 400
0.1898; 400
0.1924; 400
0.195; 400
0.1976; 400
0.2002; 400
0.2028; 400
0.2054; 400
0.208; 400
0.2106; 400
0.2132; 400
0.2158; 400
0.2184; 400
0.221; 400
0.2236; 400
0.2262; 400
0.2288; 400
0.2314; 400
0.234; 400
0.2366; 400
0.2392; 400
0.2418; 400
0.2444; 400
0.247; 400.001
0.2496; 400.001
0.2522; 400.001
0.2548; 400.001
0.2574; 400.001
0.26; 400.001
0.2626; 400.001
0.2652; 400.001
0.2678; 400.002
0.2704; 400.002
0.273; 400.002
0.2756; 400.002
0.2782; 400.002
0.2808; 400.002
0.2834; 400.003
0.286; 400.003
0.2886; 400.003
0.2912; 400.003
0.2938; 400.003
0.2964; 400.004
0.299; 400.004
0.3016; 400.004
0.3042; 400.005
0.3068; 400.005
0.3094; 400.005
0.312; 400.006
0.3146; 400.006
0.3172; 400.007
0.3198; 400.008
0.3224; 400.008
0.325; 400.009
0.3276; 400.01
0.3302; 400.011
0.3328; 400.012
0.3354; 400.013
0.338; 400.014
0.3406; 400.015
0.3432; 400.016
0.3458; 400.018
0.3484; 400.019
0.351; 400.021
0.3536; 400.023
0.3562; 400.025
0.3588; 400.027
0.3614; 400.03
0.364; 400.033
0.3666; 400.036
0.3692; 400.039
0.3718; 400.042
0.3744; 400.046
0.377; 400.05
0.3796; 400.055
0.3822; 400.06
0.3848; 400.065
0.3874; 400.071
0.39; 400.077
0.3926; 400.084
0.3952; 400.092
0.3978; 400.1
0.4004; 400.108
0.403; 400.118
0.4056; 400.128
0.4082; 400.139
0.4108; 400.151
0.4134; 400.164
0.416; 400.178
0.4186; 400.194
0.4212; 400.21
0.4238; 400.228
0.4264; 400.247
0.429; 400.267
0.4316; 400.289
0.4342; 400.313
0.4368; 400.339
0.4394; 400.366
0.442; 400.395
0.4446; 400.427
0.4472; 400.461
0.4498; 400.497
0.4524; 400.536
0.455; 400.578
0.4576; 400.623
0.4602; 400.671
0.4628; 400.722
0.4654; 400.777
0.468; 400.835
0.4706; 400.897
0.4732; 400.964
0.4758; 401.034
0.4784; 401.11
0.481; 401.19
0.4836; 401.275
0.4862; 401.366
0.4888; 401.462
0.4914; 401.565
0.494; 401.673
0.4966; 401.789
0.4992; 401.911
0.5018; 402.04
0.5044; 402.177
0.507; 402.322
0.5096; 402.475
0.5122; 402.638
0.5148; 402.809
0.5174; 402.989
0.52; 403.18
0.5226; 403.381
0.5252; 403.593
0.5278; 403.816
0.5304; 404.051
0.533; 404.298
0.5356; 404.557
0.5382; 404.83
0.5408; 405.116
0.5434; 405.417
0.546; 405.732
0.5486; 406.062
0.5512; 406.408
0.5538; 406.771
0.5564; 407.15
0.559; 407.546
0.5616; 407.96
0.5642; 408.393
0.5668; 408.845
0.5694; 409.316
0.572; 409.807
0.5746; 410.319
0.5772; 410.852
0.5798; 411.407
0.5824; 411.985
0.585; 412.585
0.5876; 413.208
0.5902; 413.856
0.5928; 414.528
0.5954; 415.226
0.598; 415.949
0.6006; 416.698
0.6032; 417.473
0.6058; 418.276
0.6084; 419.106
0.611; 419.965
0.6136; 420.852
0.6162; 421.768
0.6188; 422.713
0.6214; 423.688
0.624; 424.694
0.6266; 425.729
0.6292; 426.796
0.6318; 427.894
0.6344; 429.024
0.637; 430.185
0.6396; 431.378
0.6422; 432.604
0.6448; 433.862
0.6474; 435.152
0.65; 436.476
0.6526; 437.832
0.6552; 439.221
0.6578; 440.644
0.6604; 442.099
0.663; 443.587
0.6656; 445.109
0.6682; 446.663
0.6708; 448.25
0.6734; 449.87
0.676; 451.522
0.6786; 453.206
0.6812; 454.922
0.6838; 456.671
0.6864; 458.45
0.689; 460.261
0.6916; 462.102
0.6942; 463.973
0.6968; 465.874
0.6994; 467.805
0.702; 469.764
0.7046; 471.752
0.7072; 473.767
0.7098; 475.808
0.7124; 477.877
0.715; 479.97
0.7176; 482.089
0.7202; 484.232
0.7228; 486.398
0.7254; 488.587
0.728; 490.798
0.7306; 493.029
0.7332; 495.281
0.7358; 497.553
0.7384; 499.843
0.741; 502.151
0.7436; 504.477
0.7462; 506.82
0.7488; 509.18
0.7514; 511.557
0.754; 513.952
0.7566; 516.365
0.7592; 518.798
0.7618; 521.253
0.7644; 523.733
0.767; 526.24
0.7696; 528.776
0.7722; 531.343
0.7748; 533.936
0.7774; 536.552
0.78; 539.185
0.7826; 541.831
0.7852; 544.483
0.7878; 547.134
0.7904; 549.776
0.793; 552.405
0.7956; 555.017
0.7982; 557.612
0.8008; 560.189
0.8034; 562.748
0.806; 565.289
0.8086; 567.812
0.8112; 570.318
0.8138; 572.809
0.8164; 575.303
0.819; 578.027
0.8216; 580.941
0.8242; 583.827
0.8268; 586.68
0.8294; 589.504
0.832; 592.3
0.8346; 595.072
0.8372; 597.819
0.8398; 600.544
0.8424; 603.253
0.845; 605.965
0.8476; 608.548
0.8502; 610.931
0.8528; 613.195
0.8554; 615.412
0.858; 617.6
0.8606; 619.766
0.8632; 621.911
0.8658; 624.036
0.8684; 626.141
0.871; 628.228
0.8736; 630.298
0.8762; 632.351
0.8788; 634.391
0.8814; 636.42
0.884; 638.434
0.8866; 640.463
0.8892; 642.524
0.8918; 644.507
0.8944; 646.424
0.897; 648.282
0.8996; 650.084
0.9022; 651.83
0.9048; 653.52
0.9074; 655.154
0.91; 656.731
0.9126; 658.251
0.9152; 659.714
0.9178; 661.119
0.9204; 662.467
0.923; 663.758
0.9256; 664.992
0.9282; 666.171
0.9308; 667.296
0.9334; 668.367
0.936; 669.388
0.9386; 670.358
0.9412; 671.281
0.9438; 672.157
0.9464; 672.99
0.949; 673.78
0.9516; 674.531
0.9542; 675.245
0.9568; 675.923
0.9594; 676.568
0.962; 677.183
0.9646; 677.769
0.9672; 678.329
0.9698; 678.865
0.9724; 679.38
0.975; 679.874
0.9776; 680.351
0.9802; 680.811
0.9828; 681.256
0.9854; 681.686
0.988; 682.103
0.9906; 682.508
0.9932; 682.9
0.9958; 683.279
0.9984; 683.645
1.001; 683.995
1.0036; 684.339
1.0062; 684.731
1.0088; 685.114
1.0114; 685.503
1.014; 685.898
1.0166; 686.294
1.0192; 686.689
1.0218; 687.081
1.0244; 687.47
1.027; 687.854
1.0296; 688.234
1.0322; 688.606
1.0348; 688.973
1.0374; 689.331
1.04; 689.681
1.0426; 690.021
1.0452; 690.35
1.0478; 690.695
1.0504; 691.045
1.053; 691.375
1.0556; 691.69
1.0582; 691.991
1.0608; 692.282
1.0634; 692.564
1.066; 692.837
1.0686; 693.104
1.0712; 693.365
1.0738; 693.62
1.0764; 693.871
1.079; 694.118
1.0816; 694.362
1.0842; 694.603
1.0868; 694.843
1.0894; 695.082
1.092; 695.321
1.0946; 695.56
1.0972; 695.8
1.0998; 696.041
1.1024; 696.285
1.105; 696.532
1.1076; 696.782
1.1102; 697.036
1.1128; 697.294
1.1154; 697.557
1.118; 697.825
1.1206; 698.098
1.1232; 698.378
1.1258; 698.666
1.1284; 698.962
1.131; 699.267
1.1336; 699.577
1.1362; 699.878
1.1388; 700.228
1.1414; 700.622
1.144; 701.02
1.1466; 701.437
1.1492; 701.875
1.1518; 702.321
1.1544; 702.776
1.157; 703.236
1.1596; 703.699
1.1622; 704.163
1.1648; 704.628
1.1674; 705.091
1.17; 705.55
1.1726; 706.004
1.1752; 706.448
1.1778; 706.973
1.1804; 707.579
1.183; 708.175
1.1856; 708.764
1.1882; 709.345
1.1908; 709.916
1.1934; 710.477
1.196; 711.026
1.1986; 711.563
1.2012; 712.086
1.2038; 712.594
1.2064; 713.085
1.209; 713.559
1.2116; 714.012
1.2142; 714.444
1.2168; 714.853
1.2194; 715.238
1.222; 715.596
1.2246; 715.927
1.2272; 716.229
1.2298; 716.501
1.2324; 716.742
1.235; 716.95
1.2376; 717.125
1.2402; 717.266
1.2428; 717.372
1.2454; 717.443
1.248; 717.479
