0.0026; 400
0.0052; 400
0.0078; 400
0.0104; 400
0.013; 400
0.0156; 400
0.0182; 400
0.0208; 400
0.0234; 400
0.026; 400
0.0286; 400
0.0312; 400
0.0338; 400
0.0364; 400
0.039; 400
0.0416; 400
0.0442; 400
0.0468; 400
0.0494; 400
0.052; 400
0.0546; 400
0.0572; 400
0.0598; 400
0.0624; 400
0.065; 400
0.0676; 400
0.0702; 400
0.0728; 400
0.0754; 400
0.078; 400
0.0806; 400
0.0832; 400
0.0858; 400
0.0884; 400
0.091; 400
0.0936; 400
0.0962; 400
0.0988; 400
0.1014; 400
0.104; 400
0.1066; 400
0.1092; 400
0.1118; 400
0.1144; 400
0.117; 400
0.1196; 400
0.1222; 400
0.1248; 400
0.1274; 400
0.13; 400
0.1326; 400
0.1352; 400
0.1378; 400
0.1404; 400
0.143; 400
0.1456; 400
0.1482; 400
0.1508; 400
0.1534; 400
0.156; 400
0.1586; 400
0.1612; 400
0.1638; 400
0.1664; 400
0.169; 400
0.1716; 400
0.1742; 400
0.1768; 400
0.1794; 400
0.182; 400
0.1846; 400
0.1872; 400
0.1898; 400
0.1924; 400
0.195; 400
0.1976; 400
0.2002; 400
0.2028; 400
0.2054; 400
0.208; 400
0.2106; 400
0.2132; 400
0.2158; 400
0.2184; 400
0.221; 400
0.2236; 400
0.2262; 400
0.2288; 400
0.2314; 400
0.234; 400
0.2366; 400
0.2392; 400
0.2418; 400
0.2444; 400
0.247; 400
0.2496; 400
0.2522; 400
0.2548; 400
0.2574; 400
0.26; 400
0.2626; 400
0.2652; 400
0.2678; 400
0.2704; 400
0.273; 400
0.2756; 400
0.2782; 400
0.2808; 400
0.2834; 400
0.286; 400
0.2886; 400
0.2912; 400
0.2938; 400
0.2964; 400
0.299; 400
0.3016; 400
0.3042; 400
0.3068; 400
0.3094; 400
0.312; 400
0.3146; 400
0.3172; 400
0.3198; 400
0.3224; 400
0.325; 400
0.3276; 400
0.3302; 400
0.3328; 400
0.3354; 400
0.338; 400
0.3406; 400
0.3432; 400
0.3458; 400
0.3484; 400
0.351; 400
0.3536; 400
0.3562; 400
0.3588; 400
0.3614; 400
0.364; 400
0.3666; 400
0.3692; 400
0.3718; 400
0.3744; 400
0.377; 400
0.3796; 400
0.3822; 400
0.3848; 400
0.3874; 400
0.39; 400
0.3926; 400
0.3952; 400
0.3978; 400
0.4004; 400
0.403; 400
0.4056; 400
0.4082; 400
0.4108; 400
0.4134; 400
0.416; 400
0.4186; 400
0.4212; 400
0.4238; 400
0.4264; 400
0.429; 400
0.4316; 400
0.4342; 400
0.4368; 400
0.4394; 400
0.442; 400
0.4446; 400
0.4472; 400
0.4498; 400
0.4524; 400
0.455; 400
0.4576; 400
0.4602; 400
0.4628; 400
0.4654; 400
0.468; 400
0.4706; 400
0.4732; 400
0.4758; 400
0.4784; 400
0.481; 400
0.4836; 400
0.4862; 400
0.4888; 400
0.4914; 400
0.494; 400
0.4966; 400
0.4992; 400
0.5018; 400
0.5044; 400
0.507; 400
0.5096; 400
0.5122; 400
0.5148; 400
0.5174; 400
0.52; 400
0.5226; 400
0.5252; 400
0.5278; 400
0.5304; 400
0.533; 400
0.5356; 400
0.5382; 400
0.5408; 400
0.5434; 400
0.546; 400
0.5486; 400
0.5512; 400
0.5538; 400
0.5564; 400
0.559; 400
0.5616; 400
0.5642; 400
0.5668; 400
0.5694; 400
0.572; 400
0.5746; 400
0.5772; 400
0.5798; 400
0.5824; 400
0.585; 400
0.5876; 400
0.5902; 400
0.5928; 400
0.5954; 400
0.598; 400
0.6006; 400
0.6032; 400
0.6058; 400.001
0.6084; 400.001
0.611; 400.001
0.6136; 400.002
0.6162; 400.002
0.6188; 400.003
0.6214; 400.003
0.624; 400.004
0.6266; 400.005
0.6292; 400.007
0.6318; 400.009
0.6344; 400.011
0.637; 400.014
0.6396; 400.017
0.6422; 400.022
0.6448; 400.027
0.6474; 400.034
0.65; 400.043
0.6526; 400.054
0.6552; 400.068
0.6578; 400.085
0.6604; 400.106
0.663; 400.133
0.6656; 400.167
0.6682; 400.208
0.6708; 400.261
0.6734; 400.326
0.676; 400.406
0.6786; 400.506
0.6812; 400.629
0.6838; 400.781
0.6864; 400.967
0.689; 401.195
0.6916; 401.473
0.6942; 401.809
0.6968; 402.215
0.6994; 402.702
0.702; 403.284
0.7046; 403.974
0.7072; 404.789
0.7098; 405.745
0.7124; 406.86
0.715; 408.151
0.7176; 409.636
0.7202; 411.331
0.7228; 413.255
0.7254; 415.42
0.728; 417.84
0.7306; 420.523
0.7332; 423.476
0.7358; 426.699
0.7384; 430.189
0.741; 433.937
0.7436; 437.929
0.7462; 442.146
0.7488; 446.562
0.7514; 451.15
0.754; 455.874
0.7566; 460.701
0.7592; 465.594
0.7618; 470.517
0.7644; 475.438
0.767; 480.331
0.7696; 485.177
0.7722; 489.968
0.7748; 494.696
0.7774; 499.368
0.78; 504.005
0.7826; 508.642
0.7852; 513.325
0.7878; 518.099
0.7904; 523.005
0.793; 528.088
0.7956; 533.392
0.7982; 538.953
0.8008; 544.795
0.8034; 550.928
0.806; 557.345
0.8086; 564.023
0.8112; 570.919
0.8138; 577.977
0.8164; 585.149
0.819; 593.042
0.8216; 601.102
0.8242; 608.32
0.8268; 614.445
0.8294; 619.291
0.832; 622.725
0.8346; 624.687
0.8372; 625.202
0.8398; 624.379
0.8424; 622.408
0.845; 619.538
0.8476; 616.254
0.8502; 613.148
0.8528; 610.272
0.8554; 607.756
0.858; 605.707
0.8606; 604.219
0.8632; 603.373
0.8658; 603.234
0.8684; 603.847
0.871; 605.236
0.8736; 607.408
0.8762; 610.349
0.8788; 614.029
0.8814; 618.414
0.884; 623.476
0.8866; 629.574
0.8892; 636.905
0.8918; 644.863
0.8944; 653.258
0.897; 661.889
0.8996; 670.558
0.9022; 679.082
0.9048; 687.299
0.9074; 695.073
0.91; 702.294
0.9126; 708.879
0.9152; 714.768
0.9178; 719.93
0.9204; 724.353
0.923; 728.043
0.9256; 731.021
0.9282; 733.319
0.9308; 734.974
0.9334; 736.031
0.936; 736.53
0.9386; 736.515
0.9412; 736.024
0.9438; 735.091
0.9464; 733.747
0.949; 732.015
0.9516; 729.915
0.9542; 727.462
0.9568; 724.665
0.9594; 721.531
0.962; 718.062
0.9646; 714.259
0.9672; 710.12
0.9698; 705.646
0.9724; 700.836
0.975; 695.693
0.9776; 690.227
0.9802; 684.456
0.9828; 678.409
0.9854; 672.134
0.988; 665.691
0.9906; 659.164
0.9932; 652.654
0.9958; 646.282
0.9984; 640.183
1.001; 634.517
1.0036; 629.489
1.0062; 625.759
1.0088; 622.643
1.0114; 620.022
1.014; 618.008
1.0166; 616.656
1.0192; 616.002
1.0218; 616.07
1.0244; 616.872
1.027; 618.402
1.0296; 620.644
1.0322; 623.567
1.0348; 627.127
1.0374; 631.265
1.04; 635.909
1.0426; 640.973
1.0452; 646.359
1.0478; 652.443
1.0504; 659.811
1.053; 667.726
1.0556; 675.931
1.0582; 684.181
1.0608; 692.254
1.0634; 699.954
1.066; 707.122
1.0686; 713.635
1.0712; 719.407
1.0738; 724.383
1.0764; 728.537
1.079; 731.864
1.0816; 734.374
1.0842; 736.084
1.0868; 737.017
1.0894; 737.192
1.092; 736.626
1.0946; 735.33
1.0972; 733.313
1.0998; 730.581
1.1024; 727.141
1.105; 723.006
1.1076; 718.196
1.1102; 712.745
1.1128; 706.705
1.1154; 700.145
1.118; 693.156
1.1206; 685.851
1.1232; 678.361
1.1258; 670.831
1.1284; 663.417
1.131; 656.273
1.1336; 649.544
1.1362; 643.366
1.1388; 638.481
1.1414; 634.671
1.144; 631.443
1.1466; 628.976
1.1492; 627.385
1.1518; 626.631
1.1544; 626.729
1.157; 627.655
1.1596; 629.379
1.1622; 631.864
1.1648; 635.058
1.1674; 638.899
1.17; 643.312
1.1726; 648.219
1.1752; 653.544
1.1778; 659.844
1.1804; 667.267
1.183; 675.089
1.1856; 683.074
1.1882; 691.01
1.1908; 698.701
1.1934; 705.985
1.196; 712.737
1.1986; 718.87
1.2012; 724.334
1.2038; 729.113
1.2064; 733.221
1.209; 736.69
1.2116; 739.574
1.2142; 741.931
1.2168; 743.83
1.2194; 745.335
1.222; 746.512
1.2246; 747.418
1.2272; 748.105
1.2298; 748.62
1.2324; 749
1.235; 749.275
1.2376; 749.472
1.2402; 749.608
1.2428; 749.698
1.2454; 749.753
1.248; 749.779
