0.00026; 0
0.00052; 0
0.00078; 0
0.00104; 0
0.0013; 0
0.00156; 0
0.00182; 0
0.00208; 0
0.00234; 0
0.0026; 0
0.00286; 0
0.00312; 0
0.00338; 0
0.00364; 0
0.0039; 0
0.00416; 0
0.00442; 0
0.00468; 0
0.00494; 0
0.0052; 0
0.00546; 0
0.00572; 0
0.00598; 0
0.00624; 0
0.0065; 0
0.00676; 0
0.00702; 0
0.00728; 0
0.00754; 0
0.0078; 0
0.00806; 0
0.00832; 0
0.00858; 0
0.00884; 0
0.0091; 0
0.00936; 0
0.00962; 0
0.00988; 0
0.01014; 0
0.0104; 0
0.01066; 0
0.01092; 0
0.01118; 0
0.01144; 0
0.0117; 0
0.01196; 0
0.01222; 0
0.01248; 0
0.01274; 0
0.013; 0
0.01326; 0
0.01352; 0
0.01378; 0
0.01404; 0
0.0143; 0
0.01456; 0
0.01482; 0
0.01508; 0
0.01534; 0
0.0156; 0
0.01586; 0
0.01612; 0
0.01638; 0
0.01664; 0
0.0169; 0
0.01716; 0
0.01742; 0
0.01768; 0
0.01794; 0
0.0182; 0
0.01846; 0
0.01872; 0
0.01898; 0
0.01924; 0
0.0195; 0
0.01976; 0
0.02002; 0
0.02028; 0
0.02054; 0
0.0208; 0
0.02106; 0
0.02132; 0
0.02158; 0
0.02184; 0
0.0221; 0
0.02236; 0
0.02262; 0
0.02288; 0
0.02314; 0
0.0234; 0
0.02366; 0
0.02392; 0
0.02418; 0
0.02444; 0
0.0247; 0
0.02496; 0
0.02522; 0
0.02548; 0
0.02574; 0
0.026; 0
0.02626; 0
0.02652; 0
0.02678; 0
0.02704; 0
0.0273; 0
0.02756; 0
0.02782; 0
0.02808; 0
0.02834; 0
0.0286; 0
0.02886; 0
0.02912; 0
0.02938; 0
0.02964; 0
0.0299; 0
0.03016; 0
0.03042; 0
0.03068; 0
0.03094; 0
0.0312; 0
0.03146; 0
0.03172; 0
0.03198; 0
0.03224; 0
0.0325; 0
0.03276; 873.737
0.03302; 873.733
0.03328; 873.714
0.03354; 873.692
0.0338; 873.655
0.03406; 873.614
0.03432; 873.558
0.03458; 873.499
0.03484; 873.425
0.0351; 873.347
0.03536; 873.254
0.03562; 873.157
0.03588; 873.044
0.03614; 872.929
0.0364; 872.798
0.03666; 872.663
0.03692; 872.513
0.03718; 872.36
0.03744; 872.191
0.0377; 872.018
0.03796; 871.83
0.03822; 871.638
0.03848; 871.43
0.03874; 871.219
0.039; 870.992
0.03926; 870.761
0.03952; 870.514
0.03978; 870.263
0.04004; 869.996
0.0403; 869.725
0.04056; 869.439
0.04082; 869.148
0.04108; 868.841
0.04134; 868.529
0.0416; 868.202
0.04186; 867.87
0.04212; 867.522
0.04238; 867.169
0.04264; 866.8
0.0429; 866.427
0.04316; 866.037
0.04342; 865.642
0.04368; 865.23
0.04394; 864.813
0.0442; 864.38
0.04446; 863.942
0.04472; 863.487
0.04498; 863.027
0.04524; 862.551
0.0455; 862.068
0.04576; 861.569
0.04602; 861.064
0.04628; 860.542
0.04654; 860.014
0.0468; 859.469
0.04706; 858.918
0.04732; 858.35
0.04758; 857.775
0.04784; 857.183
0.0481; 856.584
0.04836; 855.968
0.04862; 855.345
0.04888; 854.705
0.04914; 854.058
0.0494; 853.393
0.04966; 852.72
0.04992; 852.03
0.05018; 851.332
0.05044; 850.616
0.0507; 849.892
0.05096; 849.15
0.05122; 848.399
0.05148; 847.63
0.05174; 846.853
0.052; 846.057
0.05226; 845.251
0.05252; 844.427
0.05278; 843.594
0.05304; 842.741
0.0533; 841.879
0.05356; 840.997
0.05382; 840.105
0.05408; 839.194
0.05434; 838.271
0.0546; 837.329
0.05486; 836.375
0.05512; 835.402
0.05538; 834.417
0.05564; 833.412
0.0559; 832.394
0.05616; 831.356
0.05642; 830.304
0.05668; 829.232
0.05694; 828.146
0.0572; 827.039
0.05746; 825.918
0.05772; 824.775
0.05798; 823.617
0.05824; 822.437
0.0585; 821.241
0.05876; 820.023
0.05902; 818.789
0.05928; 817.532
0.05954; 816.258
0.0598; 814.96
0.06006; 813.645
0.06032; 812.306
0.06058; 810.948
0.06084; 809.566
0.0611; 808.165
0.06136; 806.739
0.06162; 805.293
0.06188; 803.822
0.06214; 802.33
0.0624; 800.812
0.06266; 799.273
0.06292; 797.708
0.06318; 796.121
0.06344; 794.508
0.0637; 792.872
0.06396; 791.209
0.06422; 789.524
0.06448; 787.812
0.06474; 786.077
0.065; 784.315
0.06526; 782.53
0.06552; 780.719
0.06578; 778.885
0.06604; 777.025
0.0663; 775.142
0.06656; 773.235
0.06682; 771.306
0.06708; 769.353
0.06734; 767.38
0.0676; 765.386
0.06786; 763.372
0.06812; 761.338
0.06838; 759.288
0.06864; 757.221
0.0689; 755.139
0.06916; 753.044
0.06942; 750.937
0.06968; 748.82
0.06994; 746.694
0.0702; 744.562
0.07046; 742.425
0.07072; 740.284
0.07098; 738.143
0.07124; 736.002
0.0715; 733.863
0.07176; 731.729
0.07202; 729.599
0.07228; 727.478
0.07254; 725.364
0.0728; 723.261
0.07306; 721.168
0.07332; 719.089
0.07358; 717.021
0.07384; 714.97
0.0741; 712.932
0.07436; 710.912
0.07462; 708.907
0.07488; 706.92
0.07514; 704.949
0.0754; 702.998
0.07566; 701.063
0.07592; 699.149
0.07618; 697.252
0.07644; 695.376
0.0767; 693.516
0.07696; 691.679
0.07722; 689.858
0.07748; 688.058
0.07774; 686.275
0.078; 684.515
0.07826; 682.77
0.07852; 681.048
0.07878; 679.342
0.07904; 677.658
0.0793; 675.989
0.07956; 674.343
0.07982; 672.711
0.08008; 671.102
0.08034; 669.507
0.0806; 667.935
0.08086; 666.377
0.08112; 664.841
0.08138; 663.318
0.08164; 661.818
0.0819; 660.331
0.08216; 658.866
0.08242; 657.414
0.08268; 655.984
0.08294; 654.566
0.0832; 653.171
0.08346; 651.788
0.08372; 650.427
0.08398; 649.077
0.08424; 647.75
0.0845; 646.434
0.08476; 645.14
0.08502; 643.856
0.08528; 642.596
0.08554; 641.345
0.0858; 640.117
0.08606; 638.9
0.08632; 637.704
0.08658; 636.518
0.08684; 635.355
0.0871; 634.202
0.08736; 633.07
0.08762; 631.949
0.08788; 630.85
0.08814; 629.76
0.0884; 628.693
0.08866; 627.634
0.08892; 626.599
0.08918; 625.572
0.08944; 624.569
0.0897; 623.573
0.08996; 622.601
0.09022; 621.637
0.09048; 620.696
0.09074; 619.764
0.091; 618.854
0.09126; 617.952
0.09152; 617.074
0.09178; 616.204
0.09204; 615.356
0.0923; 614.517
0.09256; 613.7
0.09282; 612.892
0.09308; 612.106
0.09334; 611.329
0.0936; 610.574
0.09386; 609.827
0.09412; 609.103
0.09438; 608.387
0.09464; 607.695
0.0949; 607.01
0.09516; 606.348
0.09542; 605.693
0.09568; 605.063
0.09594; 604.439
0.0962; 603.839
0.09646; 603.246
0.09672; 602.676
0.09698; 602.114
0.09724; 601.575
0.0975; 601.043
0.09776; 600.535
0.09802; 600.034
0.09828; 599.557
0.09854; 599.086
0.0988; 598.639
0.09906; 598.199
0.09932; 597.783
0.09958; 597.374
0.09984; 596.988
0.1001; 596.609
0.10036; 596.254
0.10062; 595.905
0.10088; 595.581
0.10114; 595.262
0.1014; 594.968
0.10166; 594.68
0.10192; 594.416
0.10218; 594.158
0.10244; 593.924
0.1027; 593.696
0.10296; 593.492
0.10322; 593.295
0.10348; 593.121
0.10374; 592.952
0.104; 592.808
0.10426; 592.669
0.10452; 592.554
0.10478; 592.445
0.10504; 592.359
0.1053; 592.278
0.10556; 592.221
0.10582; 592.167
0.10608; 592.133
0.10634; 592.1
0.1066; 0
0.10686; 0
0.10712; 0
0.10738; 0
0.10764; 0
0.1079; 0
0.10816; 0
0.10842; 0
0.10868; 0
0.10894; 0
0.1092; 0
0.10946; 0
0.10972; 0
0.10998; 0
0.11024; 0
0.1105; 0
0.11076; 0
0.11102; 0
0.11128; 0
0.11154; 0
0.1118; 0
0.11206; 0
0.11232; 0
0.11258; 0
0.11284; 0
0.1131; 0
0.11336; 0
0.11362; 0
0.11388; 0
0.11414; 0
0.1144; 0
0.11466; 0
0.11492; 0
0.11518; 0
0.11544; 0
0.1157; 0
0.11596; 0
0.11622; 0
0.11648; 0
0.11674; 0
0.117; 0
0.11726; 0
0.11752; 0
0.11778; 0
0.11804; 0
0.1183; 0
0.11856; 0
0.11882; 0
0.11908; 0
0.11934; 0
0.1196; 0
0.11986; 0
0.12012; 0
0.12038; 0
0.12064; 0
0.1209; 0
0.12116; 0
0.12142; 0
0.12168; 0
0.12194; 0
0.1222; 0
0.12246; 0
0.12272; 0
0.12298; 0
0.12324; 0
0.1235; 0
0.12376; 0
0.12402; 0
0.12428; 0
0.12454; 0
0.1248; 0
