0.00026; 0
0.00052; 0
0.00078; 0
0.00104; 0
0.0013; 0
0.00156; 0
0.00182; 0
0.00208; 0
0.00234; 0
0.0026; 0
0.00286; 0
0.00312; 0
0.00338; 0
0.00364; 0
0.0039; 0
0.00416; 0
0.00442; 0
0.00468; 0
0.00494; 0
0.0052; 0
0.00546; 0
0.00572; 0
0.00598; 0
0.00624; 0
0.0065; 0
0.00676; 0
0.00702; 0
0.00728; 0
0.00754; 0
0.0078; 0
0.00806; 0
0.00832; 0
0.00858; 0
0.00884; 0
0.0091; 0
0.00936; 0
0.00962; 0
0.00988; 0
0.01014; 0
0.0104; 0
0.01066; 0
0.01092; 0
0.01118; 0
0.01144; 0
0.0117; 0
0.01196; 0
0.01222; 0
0.01248; 0
0.01274; 0
0.013; 0
0.01326; 0
0.01352; 0
0.01378; 0
0.01404; 0
0.0143; 0
0.01456; 0
0.01482; 0
0.01508; 0
0.01534; 0
0.0156; 0
0.01586; 0
0.01612; 0
0.01638; 0
0.01664; 0
0.0169; 0
0.01716; 0
0.01742; 0
0.01768; 0
0.01794; 0
0.0182; 0
0.01846; 0
0.01872; 0
0.01898; 0
0.01924; 0
0.0195; 0
0.01976; 0
0.02002; 0
0.02028; 0
0.02054; 0
0.0208; 0
0.02106; 0
0.02132; 0
0.02158; 0
0.02184; 0
0.0221; 0
0.02236; 0
0.02262; 0
0.02288; 0
0.02314; 0
0.0234; 0
0.02366; 0
0.02392; 0
0.02418; 0
0.02444; 0
0.0247; 0
0.02496; 0
0.02522; 0
0.02548; 0
0.02574; 0
0.026; 0
0.02626; 0
0.02652; 0
0.02678; 0
0.02704; 0
0.0273; 0
0.02756; 0
0.02782; 0
0.02808; 0
0.02834; 0
0.0286; 0
0.02886; 0
0.02912; 0
0.02938; 0
0.02964; 0
0.0299; 0
0.03016; 0
0.03042; 0
0.03068; 0
0.03094; 0
0.0312; 0
0.03146; 0
0.03172; 0
0.03198; 0
0.03224; 0
0.0325; 0
0.03276; 882.406
0.03302; 882.401
0.03328; 882.382
0.03354; 882.357
0.0338; 882.318
0.03406; 882.274
0.03432; 882.216
0.03458; 882.152
0.03484; 882.074
0.0351; 881.989
0.03536; 881.891
0.03562; 881.787
0.03588; 881.67
0.03614; 881.546
0.0364; 881.408
0.03666; 881.265
0.03692; 881.107
0.03718; 880.943
0.03744; 880.765
0.0377; 880.58
0.03796; 880.382
0.03822; 880.177
0.03848; 879.958
0.03874; 879.732
0.039; 879.493
0.03926; 879.247
0.03952; 878.986
0.03978; 878.718
0.04004; 878.436
0.0403; 878.147
0.04056; 877.844
0.04082; 877.534
0.04108; 877.21
0.04134; 876.878
0.0416; 876.531
0.04186; 876.178
0.04212; 875.809
0.04238; 875.434
0.04264; 875.044
0.0429; 874.646
0.04316; 874.232
0.04342; 873.812
0.04368; 873.376
0.04394; 872.933
0.0442; 872.474
0.04446; 872.008
0.04472; 871.526
0.04498; 871.036
0.04524; 870.531
0.0455; 870.017
0.04576; 869.488
0.04602; 868.95
0.04628; 868.397
0.04654; 867.835
0.0468; 867.256
0.04706; 866.67
0.04732; 866.067
0.04758; 865.455
0.04784; 864.827
0.0481; 864.19
0.04836; 863.536
0.04862; 862.873
0.04888; 862.193
0.04914; 861.504
0.0494; 860.798
0.04966; 860.081
0.04992; 859.348
0.05018; 858.605
0.05044; 857.844
0.0507; 857.072
0.05096; 856.283
0.05122; 855.484
0.05148; 854.666
0.05174; 853.838
0.052; 852.991
0.05226; 852.133
0.05252; 851.257
0.05278; 850.368
0.05304; 849.461
0.0533; 848.542
0.05356; 847.604
0.05382; 846.653
0.05408; 845.683
0.05434; 844.7
0.0546; 843.698
0.05486; 842.681
0.05512; 841.644
0.05538; 840.594
0.05564; 839.523
0.0559; 838.437
0.05616; 837.331
0.05642; 836.209
0.05668; 835.066
0.05694; 833.907
0.0572; 832.727
0.05746; 831.53
0.05772; 830.311
0.05798; 829.075
0.05824; 827.817
0.0585; 826.54
0.05876; 825.24
0.05902; 823.922
0.05928; 822.58
0.05954; 821.219
0.0598; 819.833
0.06006; 818.428
0.06032; 816.998
0.06058; 815.546
0.06084; 814.07
0.0611; 812.572
0.06136; 811.048
0.06162; 809.502
0.06188; 807.929
0.06214; 806.334
0.0624; 804.711
0.06266; 803.065
0.06292; 801.39
0.06318; 799.692
0.06344; 797.965
0.0637; 796.214
0.06396; 794.434
0.06422; 792.629
0.06448; 790.796
0.06474; 788.937
0.065; 787.049
0.06526; 785.136
0.06552; 783.195
0.06578; 781.228
0.06604; 779.234
0.0663; 777.215
0.06656; 775.169
0.06682; 773.099
0.06708; 771.003
0.06734; 768.885
0.0676; 766.743
0.06786; 764.58
0.06812; 762.396
0.06838; 760.193
0.06864; 757.972
0.0689; 755.734
0.06916; 753.481
0.06942; 751.215
0.06968; 748.937
0.06994; 746.649
0.0702; 744.354
0.07046; 742.053
0.07072; 739.748
0.07098; 737.441
0.07124; 735.134
0.0715; 732.829
0.07176; 730.528
0.07202; 728.232
0.07228; 725.943
0.07254; 723.662
0.0728; 721.393
0.07306; 719.133
0.07332; 716.888
0.07358; 714.655
0.07384; 712.438
0.0741; 710.236
0.07436; 708.052
0.07462; 705.883
0.07488; 703.734
0.07514; 701.601
0.0754; 699.489
0.07566; 697.395
0.07592; 695.322
0.07618; 693.266
0.07644; 691.234
0.0767; 689.218
0.07696; 687.226
0.07722; 685.251
0.07748; 683.299
0.07774; 681.365
0.078; 679.454
0.07826; 677.56
0.07852; 675.69
0.07878; 673.837
0.07904; 672.007
0.0793; 670.194
0.07956; 668.404
0.07982; 666.63
0.08008; 664.88
0.08034; 663.145
0.0806; 661.434
0.08086; 659.739
0.08112; 658.066
0.08138; 656.409
0.08164; 654.775
0.0819; 653.155
0.08216; 651.558
0.08242; 649.975
0.08268; 648.416
0.08294; 646.871
0.0832; 645.348
0.08346; 643.839
0.08372; 642.353
0.08398; 640.879
0.08424; 639.429
0.0845; 637.992
0.08476; 636.578
0.08502; 635.176
0.08528; 633.797
0.08554; 632.431
0.0858; 631.087
0.08606; 629.755
0.08632; 628.447
0.08658; 627.15
0.08684; 625.876
0.0871; 624.614
0.08736; 623.375
0.08762; 622.147
0.08788; 620.942
0.08814; 619.748
0.0884; 618.577
0.08866; 617.418
0.08892; 616.282
0.08918; 615.157
0.08944; 614.054
0.0897; 612.963
0.08996; 611.896
0.09022; 610.838
0.09048; 609.804
0.09074; 608.78
0.091; 607.78
0.09126; 606.791
0.09152; 605.825
0.09178; 604.869
0.09204; 603.937
0.0923; 603.015
0.09256; 602.117
0.09282; 601.229
0.09308; 600.365
0.09334; 599.509
0.0936; 598.679
0.09386; 597.857
0.09412; 597.061
0.09438; 596.273
0.09464; 595.51
0.0949; 594.756
0.09516; 594.028
0.09542; 593.307
0.09568; 592.612
0.09594; 591.925
0.0962; 591.263
0.09646; 590.611
0.09672; 589.983
0.09698; 589.364
0.09724; 588.77
0.0975; 588.185
0.09776; 587.625
0.09802; 587.074
0.09828; 586.547
0.09854; 586.03
0.0988; 585.537
0.09906; 585.053
0.09932; 584.594
0.09958; 584.142
0.09984; 583.717
0.1001; 583.299
0.10036; 582.907
0.10062; 582.523
0.10088; 582.165
0.10114; 581.814
0.1014; 581.489
0.10166; 581.172
0.10192; 580.88
0.10218; 580.596
0.10244; 580.338
0.1027; 580.087
0.10296; 579.862
0.10322; 579.643
0.10348; 579.451
0.10374; 579.265
0.104; 579.106
0.10426; 578.952
0.10452; 578.825
0.10478; 578.704
0.10504; 578.608
0.1053; 578.519
0.10556; 578.454
0.10582; 578.393
0.10608; 578.356
0.10634; 578.319
0.1066; 0
0.10686; 0
0.10712; 0
0.10738; 0
0.10764; 0
0.1079; 0
0.10816; 0
0.10842; 0
0.10868; 0
0.10894; 0
0.1092; 0
0.10946; 0
0.10972; 0
0.10998; 0
0.11024; 0
0.1105; 0
0.11076; 0
0.11102; 0
0.11128; 0
0.11154; 0
0.1118; 0
0.11206; 0
0.11232; 0
0.11258; 0
0.11284; 0
0.1131; 0
0.11336; 0
0.11362; 0
0.11388; 0
0.11414; 0
0.1144; 0
0.11466; 0
0.11492; 0
0.11518; 0
0.11544; 0
0.1157; 0
0.11596; 0
0.11622; 0
0.11648; 0
0.11674; 0
0.117; 0
0.11726; 0
0.11752; 0
0.11778; 0
0.11804; 0
0.1183; 0
0.11856; 0
0.11882; 0
0.11908; 0
0.11934; 0
0.1196; 0
0.11986; 0
0.12012; 0
0.12038; 0
0.12064; 0
0.1209; 0
0.12116; 0
0.12142; 0
0.12168; 0
0.12194; 0
0.1222; 0
0.12246; 0
0.12272; 0
0.12298; 0
0.12324; 0
0.1235; 0
0.12376; 0
0.12402; 0
0.12428; 0
0.12454; 0
0.1248; 0
