0.0026; 400
0.0052; 400
0.0078; 400
0.0104; 400
0.013; 400
0.0156; 400
0.0182; 400
0.0208; 400
0.0234; 400
0.026; 400
0.0286; 400
0.0312; 400
0.0338; 400
0.0364; 400
0.039; 400
0.0416; 400
0.0442; 400
0.0468; 400
0.0494; 400
0.052; 400
0.0546; 400
0.0572; 400
0.0598; 400
0.0624; 400
0.065; 400
0.0676; 400
0.0702; 400
0.0728; 400
0.0754; 400
0.078; 400
0.0806; 400
0.0832; 400
0.0858; 400
0.0884; 400
0.091; 400
0.0936; 400
0.0962; 400
0.0988; 400
0.1014; 400
0.104; 400
0.1066; 400
0.1092; 400
0.1118; 400
0.1144; 400
0.117; 400
0.1196; 400
0.1222; 400
0.1248; 400
0.1274; 400
0.13; 400
0.1326; 400
0.1352; 400
0.1378; 400
0.1404; 400
0.143; 400
0.1456; 400
0.1482; 400
0.1508; 400
0.1534; 400
0.156; 400
0.1586; 400
0.1612; 400
0.1638; 400
0.1664; 400
0.169; 400
0.1716; 400
0.1742; 400
0.1768; 400
0.1794; 400
0.182; 400
0.1846; 400
0.1872; 400
0.1898; 400
0.1924; 400
0.195; 400
0.1976; 400
0.2002; 400
0.2028; 400
0.2054; 400
0.208; 400
0.2106; 400
0.2132; 400
0.2158; 400
0.2184; 400
0.221; 400
0.2236; 400
0.2262; 400
0.2288; 400
0.2314; 400
0.234; 400
0.2366; 400
0.2392; 400
0.2418; 400
0.2444; 400
0.247; 400
0.2496; 400
0.2522; 400
0.2548; 400
0.2574; 400
0.26; 400
0.2626; 400
0.2652; 400
0.2678; 400
0.2704; 400
0.273; 400
0.2756; 400
0.2782; 400
0.2808; 400
0.2834; 400
0.286; 400
0.2886; 400
0.2912; 400
0.2938; 400
0.2964; 400
0.299; 400
0.3016; 400
0.3042; 400
0.3068; 400
0.3094; 400
0.312; 400
0.3146; 400
0.3172; 400
0.3198; 400
0.3224; 400
0.325; 400
0.3276; 400
0.3302; 400
0.3328; 400
0.3354; 400
0.338; 400
0.3406; 400
0.3432; 400
0.3458; 400
0.3484; 400
0.351; 400
0.3536; 400
0.3562; 400
0.3588; 400
0.3614; 400
0.364; 400
0.3666; 400
0.3692; 400
0.3718; 400
0.3744; 400
0.377; 400
0.3796; 400
0.3822; 400
0.3848; 400
0.3874; 400
0.39; 400
0.3926; 400
0.3952; 400
0.3978; 400
0.4004; 400
0.403; 400
0.4056; 400
0.4082; 400
0.4108; 400
0.4134; 400
0.416; 400
0.4186; 400
0.4212; 400
0.4238; 400
0.4264; 400
0.429; 400
0.4316; 400
0.4342; 400
0.4368; 400
0.4394; 400
0.442; 400
0.4446; 400
0.4472; 400
0.4498; 400
0.4524; 400
0.455; 400
0.4576; 400
0.4602; 400
0.4628; 400
0.4654; 400
0.468; 400
0.4706; 400
0.4732; 400
0.4758; 400
0.4784; 400
0.481; 400
0.4836; 400
0.4862; 400
0.4888; 400
0.4914; 400
0.494; 400
0.4966; 400
0.4992; 400
0.5018; 400
0.5044; 400
0.507; 400
0.5096; 400
0.5122; 400
0.5148; 400
0.5174; 400
0.52; 400
0.5226; 400
0.5252; 400
0.5278; 400
0.5304; 400
0.533; 400
0.5356; 400
0.5382; 400
0.5408; 400
0.5434; 400
0.546; 400
0.5486; 400
0.5512; 400
0.5538; 400
0.5564; 400
0.559; 400
0.5616; 400
0.5642; 400
0.5668; 400
0.5694; 400
0.572; 400.001
0.5746; 400.001
0.5772; 400.001
0.5798; 400.001
0.5824; 400.001
0.585; 400.002
0.5876; 400.002
0.5902; 400.003
0.5928; 400.004
0.5954; 400.005
0.598; 400.006
0.6006; 400.007
0.6032; 400.009
0.6058; 400.011
0.6084; 400.013
0.611; 400.016
0.6136; 400.02
0.6162; 400.025
0.6188; 400.03
0.6214; 400.037
0.624; 400.045
0.6266; 400.055
0.6292; 400.066
0.6318; 400.08
0.6344; 400.097
0.637; 400.117
0.6396; 400.141
0.6422; 400.17
0.6448; 400.204
0.6474; 400.245
0.65; 400.293
0.6526; 400.351
0.6552; 400.419
0.6578; 400.499
0.6604; 400.594
0.663; 400.707
0.6656; 400.839
0.6682; 400.994
0.6708; 401.175
0.6734; 401.388
0.676; 401.637
0.6786; 401.926
0.6812; 402.262
0.6838; 402.652
0.6864; 403.101
0.689; 403.619
0.6916; 404.213
0.6942; 404.893
0.6968; 405.668
0.6994; 406.547
0.702; 407.541
0.7046; 408.66
0.7072; 409.916
0.7098; 411.317
0.7124; 412.875
0.715; 414.598
0.7176; 416.495
0.7202; 418.574
0.7228; 420.842
0.7254; 423.302
0.728; 425.958
0.7306; 428.811
0.7332; 431.861
0.7358; 435.102
0.7384; 438.531
0.741; 442.139
0.7436; 445.917
0.7462; 449.852
0.7488; 453.931
0.7514; 458.139
0.754; 462.462
0.7566; 466.883
0.7592; 471.387
0.7618; 475.963
0.7644; 480.597
0.767; 485.281
0.7696; 490.01
0.7722; 494.776
0.7748; 499.57
0.7774; 504.382
0.78; 509.208
0.7826; 514.047
0.7852; 518.899
0.7878; 523.766
0.7904; 528.644
0.793; 533.536
0.7956; 538.448
0.7982; 543.389
0.8008; 548.36
0.8034; 553.363
0.806; 558.391
0.8086; 563.433
0.8112; 568.469
0.8138; 573.475
0.8164; 578.425
0.819; 583.837
0.8216; 589.368
0.8242; 594.37
0.8268; 598.784
0.8294; 602.569
0.832; 605.702
0.8346; 608.186
0.8372; 610.055
0.8398; 611.373
0.8424; 612.24
0.845; 612.782
0.8476; 613.127
0.8502; 613.457
0.8528; 613.826
0.8554; 614.335
0.858; 615.041
0.8606; 615.984
0.8632; 617.199
0.8658; 618.714
0.8684; 620.55
0.871; 622.721
0.8736; 625.234
0.8762; 628.089
0.8788; 631.285
0.8814; 634.818
0.884; 638.689
0.8866; 643.132
0.8892; 648.322
0.8918; 653.895
0.8944; 659.772
0.897; 665.861
0.8996; 672.057
0.9022; 678.254
0.9048; 684.349
0.9074; 690.245
0.91; 695.853
0.9126; 701.093
0.9152; 705.899
0.9178; 710.219
0.9204; 714.013
0.923; 717.254
0.9256; 719.93
0.9282; 722.035
0.9308; 723.577
0.9334; 724.569
0.936; 725.031
0.9386; 724.988
0.9412; 724.468
0.9438; 723.498
0.9464; 722.109
0.949; 720.329
0.9516; 718.188
0.9542; 715.711
0.9568; 712.924
0.9594; 709.85
0.962; 706.513
0.9646; 702.935
0.9672; 699.137
0.9698; 695.144
0.9724; 690.979
0.975; 686.67
0.9776; 682.248
0.9802; 677.75
0.9828; 673.217
0.9854; 668.697
0.988; 664.247
0.9906; 659.93
0.9932; 655.813
0.9958; 651.972
0.9984; 648.481
1.001; 645.422
1.0036; 642.898
1.0062; 641.273
1.0088; 640.032
1.0114; 639.133
1.014; 638.631
1.0166; 638.542
1.0192; 638.873
1.0218; 639.625
1.0244; 640.793
1.027; 642.365
1.0296; 644.322
1.0322; 646.643
1.0348; 649.299
1.0374; 652.257
1.04; 655.475
1.0426; 658.908
1.0452; 662.503
1.0478; 666.52
1.0504; 671.357
1.053; 676.57
1.0556; 682.03
1.0582; 687.608
1.0608; 693.174
1.0634; 698.607
1.066; 703.795
1.0686; 708.636
1.0712; 713.043
1.0738; 716.941
1.0764; 720.272
1.079; 722.988
1.0816; 725.055
1.0842; 726.452
1.0868; 727.166
1.0894; 727.194
1.092; 726.54
1.0946; 725.216
1.0972; 723.243
1.0998; 720.648
1.1024; 717.467
1.105; 713.743
1.1076; 709.53
1.1102; 704.89
1.1128; 699.896
1.1154; 694.63
1.118; 689.181
1.1206; 683.649
1.1232; 678.136
1.1258; 672.746
1.1284; 667.582
1.131; 662.74
1.1336; 658.299
1.1362; 654.323
1.1388; 651.298
1.1414; 649.033
1.144; 647.174
1.1466; 645.836
1.1492; 645.084
1.1518; 644.876
1.1544; 645.216
1.157; 646.079
1.1596; 647.444
1.1622; 649.285
1.1648; 651.573
1.1674; 654.271
1.17; 657.338
1.1726; 660.73
1.1752; 664.407
1.1778; 668.803
1.1804; 674.043
1.183; 679.623
1.1856; 685.418
1.1882; 691.307
1.1908; 697.174
1.1934; 702.914
1.196; 708.435
1.1986; 713.661
1.2012; 718.535
1.2038; 723.015
1.2064; 727.076
1.209; 730.708
1.2116; 733.915
1.2142; 736.712
1.2168; 739.12
1.2194; 741.168
1.222; 742.89
1.2246; 744.319
1.2272; 745.492
1.2298; 746.442
1.2324; 747.2
1.235; 747.795
1.2376; 748.253
1.2402; 748.593
1.2428; 748.834
1.2454; 748.987
1.248; 749.062
