0.00026; 300.074
0.00052; 300.074
0.00078; 300.074
0.00104; 300.074
0.0013; 300.075
0.00156; 300.075
0.00182; 300.076
0.00208; 300.078
0.00234; 300.079
0.0026; 300.08
0.00286; 300.082
0.00312; 300.084
0.00338; 300.086
0.00364; 300.088
0.0039; 300.091
0.00416; 300.093
0.00442; 300.096
0.00468; 300.099
0.00494; 300.103
0.0052; 300.106
0.00546; 300.11
0.00572; 300.114
0.00598; 300.118
0.00624; 300.123
0.0065; 300.127
0.00676; 300.132
0.00702; 300.137
0.00728; 300.143
0.00754; 300.148
0.0078; 300.154
0.00806; 300.161
0.00832; 300.167
0.00858; 300.174
0.00884; 300.181
0.0091; 300.189
0.00936; 300.196
0.00962; 300.204
0.00988; 300.213
0.01014; 300.221
0.0104; 300.231
0.01066; 300.24
0.01092; 300.25
0.01118; 300.26
0.01144; 300.271
0.0117; 300.282
0.01196; 300.293
0.01222; 300.305
0.01248; 300.317
0.01274; 300.33
0.013; 300.343
0.01326; 300.357
0.01352; 300.371
0.01378; 300.386
0.01404; 300.401
0.0143; 300.417
0.01456; 300.433
0.01482; 300.45
0.01508; 300.467
0.01534; 300.485
0.0156; 300.504
0.01586; 300.523
0.01612; 300.544
0.01638; 300.564
0.01664; 300.586
0.0169; 300.608
0.01716; 300.631
0.01742; 300.654
0.01768; 300.679
0.01794; 300.704
0.0182; 300.73
0.01846; 300.757
0.01872; 300.784
0.01898; 300.813
0.01924; 300.843
0.0195; 300.873
0.01976; 300.905
0.02002; 300.937
0.02028; 300.971
0.02054; 301.005
0.0208; 301.041
0.02106; 301.078
0.02132; 301.116
0.02158; 301.155
0.02184; 301.195
0.0221; 301.237
0.02236; 301.28
0.02262; 301.324
0.02288; 301.37
0.02314; 301.417
0.0234; 301.465
0.02366; 301.515
0.02392; 301.567
0.02418; 301.62
0.02444; 301.674
0.0247; 301.73
0.02496; 301.788
0.02522; 301.848
0.02548; 301.909
0.02574; 301.973
0.026; 302.038
0.02626; 302.105
0.02652; 302.174
0.02678; 302.245
0.02704; 302.318
0.0273; 302.393
0.02756; 302.471
0.02782; 302.551
0.02808; 302.633
0.02834; 302.717
0.0286; 302.803
0.02886; 302.893
0.02912; 302.984
0.02938; 303.079
0.02964; 303.176
0.0299; 303.275
0.03016; 303.378
0.03042; 303.483
0.03068; 303.591
0.03094; 303.703
0.0312; 303.817
0.03146; 303.934
0.03172; 304.055
0.03198; 304.179
0.03224; 304.306
0.0325; 304.437
0.03276; 304.572
0.03302; 304.71
0.03328; 304.851
0.03354; 304.997
0.0338; 305.146
0.03406; 305.3
0.03432; 305.457
0.03458; 305.618
0.03484; 305.784
0.0351; 305.954
0.03536; 306.129
0.03562; 306.308
0.03588; 306.492
0.03614; 306.68
0.0364; 306.874
0.03666; 307.072
0.03692; 307.275
0.03718; 307.484
0.03744; 307.698
0.0377; 307.917
0.03796; 308.141
0.03822; 308.372
0.03848; 308.608
0.03874; 308.85
0.039; 309.098
0.03926; 309.352
0.03952; 309.612
0.03978; 309.879
0.04004; 310.152
0.0403; 310.432
0.04056; 310.719
0.04082; 311.012
0.04108; 311.313
0.04134; 311.62
0.0416; 311.935
0.04186; 312.258
0.04212; 312.588
0.04238; 312.926
0.04264; 313.272
0.0429; 313.625
0.04316; 313.988
0.04342; 314.358
0.04368; 314.737
0.04394; 315.125
0.0442; 315.521
0.04446; 315.927
0.04472; 316.342
0.04498; 316.766
0.04524; 317.199
0.0455; 317.643
0.04576; 318.096
0.04602; 318.559
0.04628; 319.033
0.04654; 319.517
0.0468; 320.011
0.04706; 320.517
0.04732; 321.033
0.04758; 321.56
0.04784; 322.099
0.0481; 322.649
0.04836; 323.211
0.04862; 323.785
0.04888; 324.372
0.04914; 324.97
0.0494; 325.581
0.04966; 326.205
0.04992; 326.841
0.05018; 327.491
0.05044; 328.154
0.0507; 328.831
0.05096; 329.521
0.05122; 330.226
0.05148; 330.945
0.05174; 331.678
0.052; 332.425
0.05226; 333.188
0.05252; 333.966
0.05278; 334.759
0.05304; 335.567
0.0533; 336.392
0.05356; 337.232
0.05382; 338.088
0.05408; 338.961
0.05434; 339.851
0.0546; 340.758
0.05486; 341.681
0.05512; 342.622
0.05538; 343.581
0.05564; 344.557
0.0559; 345.552
0.05616; 346.565
0.05642; 347.596
0.05668; 348.647
0.05694; 349.716
0.0572; 350.805
0.05746; 351.913
0.05772; 353.041
0.05798; 354.189
0.05824; 355.357
0.0585; 356.546
0.05876; 357.755
0.05902; 358.986
0.05928; 360.238
0.05954; 361.511
0.0598; 362.806
0.06006; 364.123
0.06032; 365.462
0.06058; 366.823
0.06084; 368.208
0.0611; 369.615
0.06136; 371.045
0.06162; 372.499
0.06188; 373.977
0.06214; 375.478
0.0624; 377.004
0.06266; 378.554
0.06292; 380.128
0.06318; 381.728
0.06344; 383.353
0.0637; 385.003
0.06396; 386.678
0.06422; 388.38
0.06448; 390.107
0.06474; 391.861
0.065; 393.641
0.06526; 395.448
0.06552; 397.282
0.06578; 399.142
0.06604; 401.031
0.0663; 402.947
0.06656; 404.891
0.06682; 406.862
0.06708; 408.862
0.06734; 410.891
0.0676; 412.948
0.06786; 415.034
0.06812; 417.149
0.06838; 419.293
0.06864; 421.467
0.0689; 423.671
0.06916; 425.904
0.06942; 428.168
0.06968; 430.462
0.06994; 432.786
0.0702; 435.14
0.07046; 437.525
0.07072; 439.942
0.07098; 442.389
0.07124; 444.867
0.0715; 447.377
0.07176; 449.918
0.07202; 452.491
0.07228; 455.096
0.07254; 457.733
0.0728; 460.402
0.07306; 463.103
0.07332; 465.836
0.07358; 468.602
0.07384; 471.4
0.0741; 474.231
0.07436; 477.094
0.07462; 479.991
0.07488; 482.92
0.07514; 485.882
0.0754; 488.878
0.07566; 491.907
0.07592; 494.968
0.07618; 498.064
0.07644; 501.192
0.0767; 504.354
0.07696; 507.549
0.07722; 510.778
0.07748; 514.041
0.07774; 517.336
0.078; 520.666
0.07826; 524.029
0.07852; 527.425
0.07878; 530.855
0.07904; 534.319
0.0793; 537.816
0.07956; 541.347
0.07982; 544.911
0.08008; 548.508
0.08034; 552.139
0.0806; 555.804
0.08086; 559.501
0.08112; 563.232
0.08138; 566.996
0.08164; 570.793
0.0819; 574.623
0.08216; 578.486
0.08242; 582.382
0.08268; 586.31
0.08294; 590.271
0.0832; 594.265
0.08346; 598.29
0.08372; 602.348
0.08398; 606.438
0.08424; 610.56
0.0845; 614.713
0.08476; 618.898
0.08502; 623.114
0.08528; 627.362
0.08554; 631.64
0.0858; 635.95
0.08606; 640.289
0.08632; 644.659
0.08658; 649.06
0.08684; 653.49
0.0871; 657.95
0.08736; 662.439
0.08762; 666.957
0.08788; 671.504
0.08814; 676.08
0.0884; 680.684
0.08866; 685.317
0.08892; 689.977
0.08918; 694.664
0.08944; 699.379
0.0897; 704.12
0.08996; 708.888
0.09022; 713.682
0.09048; 718.503
0.09074; 723.348
0.091; 728.219
0.09126; 733.115
0.09152; 738.035
0.09178; 742.979
0.09204; 747.947
0.0923; 752.938
0.09256; 757.952
0.09282; 762.989
0.09308; 768.048
0.09334; 773.129
0.0936; 778.23
0.09386; 783.353
0.09412; 788.497
0.09438; 793.66
0.09464; 798.843
0.0949; 804.045
0.09516; 809.266
0.09542; 814.505
0.09568; 819.762
0.09594; 825.036
0.0962; 830.328
0.09646; 835.635
0.09672; 840.959
0.09698; 846.298
0.09724; 851.652
0.0975; 857.021
0.09776; 862.404
0.09802; 867.8
0.09828; 873.209
0.09854; 878.631
0.0988; 884.064
0.09906; 889.51
0.09932; 894.966
0.09958; 900.432
0.09984; 905.909
0.1001; 911.394
0.10036; 916.889
0.10062; 922.392
0.10088; 927.903
0.10114; 933.42
0.1014; 938.945
0.10166; 944.475
0.10192; 950.012
0.10218; 955.553
0.10244; 961.099
0.1027; 966.649
0.10296; 972.202
0.10322; 977.758
0.10348; 983.316
0.10374; 988.877
0.104; 994.438
0.10426; 1000
0.10452; 1000
0.10478; 1000
0.10504; 1000
0.1053; 1000
0.10556; 1000
0.10582; 1000
0.10608; 1000
0.10634; 1000
0.1066; 1000
0.10686; 1000
0.10712; 1000
0.10738; 1000
0.10764; 1000
0.1079; 1000
0.10816; 1000
0.10842; 1000
0.10868; 1000
0.10894; 1000
0.1092; 1000
0.10946; 1000
0.10972; 1000
0.10998; 1000
0.11024; 1000
0.1105; 1000
0.11076; 1000
0.11102; 1000
0.11128; 1000
0.11154; 1000
0.1118; 1000
0.11206; 1000
0.11232; 1000
0.11258; 1000
0.11284; 1000
0.1131; 1000
0.11336; 1000
0.11362; 1000
0.11388; 1000
0.11414; 1000
0.1144; 1000
0.11466; 1000
0.11492; 1000
0.11518; 1000
0.11544; 1000
0.1157; 1000
0.11596; 1000
0.11622; 1000
0.11648; 1000
0.11674; 1000
0.117; 1000
0.11726; 1000
0.11752; 1000
0.11778; 1000
0.11804; 1000
0.1183; 1000
0.11856; 1000
0.11882; 1000
0.11908; 1000
0.11934; 1000
0.1196; 1000
0.11986; 1000
0.12012; 1000
0.12038; 1000
0.12064; 1000
0.1209; 1000
0.12116; 1000
0.12142; 1000
0.12168; 1000
0.12194; 1000
0.1222; 1000
0.12246; 1000
0.12272; 1000
0.12298; 1000
0.12324; 1000
0.1235; 1000
0.12376; 1000
0.12402; 1000
0.12428; 1000
0.12454; 1000
0.1248; 1000
