0.0026; 400
0.0052; 400
0.0078; 400
0.0104; 400
0.013; 400
0.0156; 400
0.0182; 400
0.0208; 400
0.0234; 400
0.026; 400
0.0286; 400
0.0312; 400
0.0338; 400
0.0364; 400
0.039; 400
0.0416; 400
0.0442; 400
0.0468; 400
0.0494; 400
0.052; 400
0.0546; 400
0.0572; 400
0.0598; 400
0.0624; 400
0.065; 400
0.0676; 400
0.0702; 400
0.0728; 400
0.0754; 400
0.078; 400
0.0806; 400
0.0832; 400
0.0858; 400
0.0884; 400
0.091; 400
0.0936; 400
0.0962; 400
0.0988; 400
0.1014; 400
0.104; 400
0.1066; 400
0.1092; 400
0.1118; 400
0.1144; 400
0.117; 400
0.1196; 400
0.1222; 400
0.1248; 400
0.1274; 400
0.13; 400
0.1326; 400
0.1352; 400
0.1378; 400
0.1404; 400
0.143; 400
0.1456; 400
0.1482; 400
0.1508; 400
0.1534; 400
0.156; 400
0.1586; 400
0.1612; 400
0.1638; 400
0.1664; 400
0.169; 400
0.1716; 400
0.1742; 400
0.1768; 400
0.1794; 400
0.182; 400
0.1846; 400
0.1872; 400
0.1898; 400
0.1924; 400
0.195; 400
0.1976; 400
0.2002; 400
0.2028; 400
0.2054; 400
0.208; 400
0.2106; 400
0.2132; 400
0.2158; 400
0.2184; 400
0.221; 400
0.2236; 400
0.2262; 400
0.2288; 400
0.2314; 400
0.234; 400
0.2366; 400
0.2392; 400
0.2418; 400
0.2444; 400
0.247; 400
0.2496; 400
0.2522; 400
0.2548; 400
0.2574; 400
0.26; 400
0.2626; 400
0.2652; 400
0.2678; 400
0.2704; 400
0.273; 400
0.2756; 400
0.2782; 400
0.2808; 400
0.2834; 400
0.286; 400
0.2886; 400
0.2912; 400
0.2938; 400
0.2964; 400
0.299; 400
0.3016; 400
0.3042; 400
0.3068; 400
0.3094; 400
0.312; 400
0.3146; 400
0.3172; 400
0.3198; 400
0.3224; 400
0.325; 400
0.3276; 400
0.3302; 400
0.3328; 400
0.3354; 400
0.338; 400
0.3406; 400
0.3432; 400
0.3458; 400
0.3484; 400
0.351; 400
0.3536; 400
0.3562; 400
0.3588; 400
0.3614; 400
0.364; 400
0.3666; 400
0.3692; 400
0.3718; 400
0.3744; 400.001
0.377; 400.001
0.3796; 400.001
0.3822; 400.001
0.3848; 400.001
0.3874; 400.001
0.39; 400.001
0.3926; 400.001
0.3952; 400.001
0.3978; 400.002
0.4004; 400.002
0.403; 400.002
0.4056; 400.002
0.4082; 400.003
0.4108; 400.003
0.4134; 400.003
0.416; 400.004
0.4186; 400.004
0.4212; 400.005
0.4238; 400.005
0.4264; 400.006
0.429; 400.007
0.4316; 400.008
0.4342; 400.009
0.4368; 400.01
0.4394; 400.011
0.442; 400.012
0.4446; 400.014
0.4472; 400.015
0.4498; 400.017
0.4524; 400.02
0.455; 400.022
0.4576; 400.025
0.4602; 400.028
0.4628; 400.031
0.4654; 400.035
0.468; 400.04
0.4706; 400.045
0.4732; 400.05
0.4758; 400.056
0.4784; 400.063
0.481; 400.071
0.4836; 400.079
0.4862; 400.089
0.4888; 400.1
0.4914; 400.111
0.494; 400.124
0.4966; 400.139
0.4992; 400.155
0.5018; 400.173
0.5044; 400.192
0.507; 400.214
0.5096; 400.238
0.5122; 400.265
0.5148; 400.294
0.5174; 400.326
0.52; 400.361
0.5226; 400.399
0.5252; 400.442
0.5278; 400.488
0.5304; 400.539
0.533; 400.594
0.5356; 400.655
0.5382; 400.721
0.5408; 400.793
0.5434; 400.871
0.546; 400.956
0.5486; 401.048
0.5512; 401.149
0.5538; 401.258
0.5564; 401.375
0.559; 401.503
0.5616; 401.64
0.5642; 401.789
0.5668; 401.949
0.5694; 402.122
0.572; 402.307
0.5746; 402.507
0.5772; 402.721
0.5798; 402.951
0.5824; 403.198
0.585; 403.462
0.5876; 403.744
0.5902; 404.045
0.5928; 404.367
0.5954; 404.71
0.598; 405.075
0.6006; 405.464
0.6032; 405.877
0.6058; 406.316
0.6084; 406.781
0.611; 407.274
0.6136; 407.797
0.6162; 408.349
0.6188; 408.932
0.6214; 409.548
0.624; 410.198
0.6266; 410.882
0.6292; 411.602
0.6318; 412.358
0.6344; 413.153
0.637; 413.987
0.6396; 414.862
0.6422; 415.777
0.6448; 416.735
0.6474; 417.736
0.65; 418.782
0.6526; 419.872
0.6552; 421.009
0.6578; 422.192
0.6604; 423.423
0.663; 424.702
0.6656; 426.03
0.6682; 427.407
0.6708; 428.835
0.6734; 430.312
0.676; 431.841
0.6786; 433.42
0.6812; 435.051
0.6838; 436.733
0.6864; 438.466
0.689; 440.251
0.6916; 442.086
0.6942; 443.973
0.6968; 445.91
0.6994; 447.898
0.702; 449.935
0.7046; 452.021
0.7072; 454.156
0.7098; 456.338
0.7124; 458.568
0.715; 460.843
0.7176; 463.163
0.7202; 465.527
0.7228; 467.933
0.7254; 470.381
0.728; 472.869
0.7306; 475.397
0.7332; 477.961
0.7358; 480.562
0.7384; 483.198
0.741; 485.867
0.7436; 488.568
0.7462; 491.301
0.7488; 494.065
0.7514; 496.858
0.754; 499.682
0.7566; 502.537
0.7592; 505.425
0.7618; 508.348
0.7644; 511.309
0.767; 514.313
0.7696; 517.361
0.7722; 520.455
0.7748; 523.591
0.7774; 526.764
0.78; 529.967
0.7826; 533.194
0.7852; 536.435
0.7878; 539.68
0.7904; 542.919
0.793; 546.145
0.7956; 549.352
0.7982; 552.539
0.8008; 555.704
0.8034; 558.846
0.806; 561.963
0.8086; 565.056
0.8112; 568.124
0.8138; 571.171
0.8164; 574.217
0.819; 577.54
0.8216; 581.103
0.8242; 584.649
0.8268; 588.167
0.8294; 591.66
0.832; 595.13
0.8346; 598.578
0.8372; 602.004
0.8398; 605.409
0.8424; 608.799
0.845; 612.198
0.8476; 615.44
0.8502; 618.426
0.8528; 621.261
0.8554; 624.022
0.858; 626.733
0.8606; 629.4
0.8632; 632.027
0.8658; 634.612
0.8684; 637.156
0.871; 639.659
0.8736; 642.121
0.8762; 644.544
0.8788; 646.929
0.8814; 649.28
0.884; 651.593
0.8866; 653.929
0.8892; 656.278
0.8918; 658.511
0.8944; 660.64
0.897; 662.672
0.8996; 664.607
0.9022; 666.444
0.9048; 668.182
0.9074; 669.82
0.91; 671.358
0.9126; 672.794
0.9152; 674.128
0.9178; 675.361
0.9204; 676.494
0.923; 677.527
0.9256; 678.464
0.9282; 679.308
0.9308; 680.061
0.9334; 680.727
0.936; 681.312
0.9386; 681.819
0.9412; 682.254
0.9438; 682.622
0.9464; 682.93
0.949; 683.182
0.9516; 683.386
0.9542; 683.547
0.9568; 683.672
0.9594; 683.766
0.962; 683.838
0.9646; 683.892
0.9672; 683.934
0.9698; 683.972
0.9724; 684.009
0.975; 684.053
0.9776; 684.106
0.9802; 684.175
0.9828; 684.262
0.9854; 684.371
0.988; 684.506
0.9906; 684.667
0.9932; 684.858
0.9958; 685.079
0.9984; 685.33
1.001; 685.61
1.0036; 685.923
1.0062; 686.315
1.0088; 686.71
1.0114; 687.128
1.014; 687.567
1.0166; 688.023
1.0192; 688.493
1.0218; 688.972
1.0244; 689.46
1.027; 689.952
1.0296; 690.446
1.0322; 690.939
1.0348; 691.429
1.0374; 691.912
1.04; 692.386
1.0426; 692.846
1.0452; 693.29
1.0478; 693.751
1.0504; 694.223
1.053; 694.666
1.0556; 695.08
1.0582; 695.463
1.0608; 695.812
1.0634; 696.126
1.066; 696.401
1.0686; 696.637
1.0712; 696.83
1.0738; 696.98
1.0764; 697.087
1.079; 697.149
1.0816; 697.169
1.0842; 697.146
1.0868; 697.084
1.0894; 696.983
1.092; 696.848
1.0946; 696.683
1.0972; 696.49
1.0998; 696.276
1.1024; 696.045
1.105; 695.802
1.1076; 695.553
1.1102; 695.305
1.1128; 695.062
1.1154; 694.832
1.118; 694.619
1.1206; 694.43
1.1232; 694.271
1.1258; 694.148
1.1284; 694.066
1.131; 694.028
1.1336; 694.034
1.1362; 694.073
1.1388; 694.223
1.1414; 694.466
1.144; 694.74
1.1466; 695.066
1.1492; 695.451
1.1518; 695.88
1.1544; 696.352
1.157; 696.864
1.1596; 697.412
1.1622; 697.994
1.1648; 698.609
1.1674; 699.254
1.17; 699.927
1.1726; 700.623
1.1752; 701.34
1.1778; 702.198
1.1804; 703.22
1.183; 704.289
1.1856; 705.401
1.1882; 706.552
1.1908; 707.736
1.1934; 708.946
1.196; 710.176
1.1986; 711.419
1.2012; 712.665
1.2038; 713.909
1.2064; 715.141
1.209; 716.354
1.2116; 717.538
1.2142; 718.686
1.2168; 719.79
1.2194; 720.842
1.222; 721.835
1.2246; 722.762
1.2272; 723.616
1.2298; 724.391
1.2324; 725.081
1.235; 725.682
1.2376; 726.19
1.2402; 726.6
1.2428; 726.911
1.2454; 727.119
1.248; 727.223
