0.00026; 0
0.00052; 0
0.00078; 0
0.00104; 0
0.0013; 0
0.00156; 0
0.00182; 0
0.00208; 0
0.00234; 0
0.0026; 0
0.00286; 0
0.00312; 0
0.00338; 0
0.00364; 0
0.0039; 0
0.00416; 0
0.00442; 0
0.00468; 0
0.00494; 0
0.0052; 0
0.00546; 0
0.00572; 0
0.00598; 0
0.00624; 0
0.0065; 0
0.00676; 0
0.00702; 0
0.00728; 0
0.00754; 0
0.0078; 0
0.00806; 0
0.00832; 0
0.00858; 0
0.00884; 0
0.0091; 0
0.00936; 0
0.00962; 0
0.00988; 0
0.01014; 0
0.0104; 0
0.01066; 0
0.01092; 0
0.01118; 0
0.01144; 0
0.0117; 0
0.01196; 0
0.01222; 0
0.01248; 0
0.01274; 0
0.013; 0
0.01326; 0
0.01352; 0
0.01378; 0
0.01404; 0
0.0143; 0
0.01456; 0
0.01482; 0
0.01508; 0
0.01534; 0
0.0156; 0
0.01586; 0
0.01612; 0
0.01638; 0
0.01664; 0
0.0169; 0
0.01716; 0
0.01742; 0
0.01768; 0
0.01794; 0
0.0182; 0
0.01846; 0
0.01872; 0
0.01898; 0
0.01924; 0
0.0195; 0
0.01976; 0
0.02002; 0
0.02028; 0
0.02054; 0
0.0208; 0
0.02106; 0
0.02132; 0
0.02158; 0
0.02184; 0
0.0221; 0
0.02236; 0
0.02262; 0
0.02288; 0
0.02314; 0
0.0234; 0
0.02366; 0
0.02392; 0
0.02418; 0
0.02444; 0
0.0247; 0
0.02496; 0
0.02522; 0
0.02548; 0
0.02574; 0
0.026; 0
0.02626; 0
0.02652; 0
0.02678; 0
0.02704; 0
0.0273; 0
0.02756; 0
0.02782; 0
0.02808; 0
0.02834; 0
0.0286; 0
0.02886; 0
0.02912; 0
0.02938; 0
0.02964; 0
0.0299; 0
0.03016; 0
0.03042; 0
0.03068; 0
0.03094; 0
0.0312; 0
0.03146; 0
0.03172; 0
0.03198; 0
0.03224; 0
0.0325; 0
0.03276; 872.234
0.03302; 872.239
0.03328; 872.215
0.03354; 872.198
0.0338; 872.156
0.03406; 872.121
0.03432; 872.06
0.03458; 872.007
0.03484; 871.928
0.0351; 871.856
0.03536; 871.758
0.03562; 871.668
0.03588; 871.551
0.03614; 871.442
0.0364; 871.307
0.03666; 871.179
0.03692; 871.026
0.03718; 870.879
0.03744; 870.706
0.0377; 870.541
0.03796; 870.349
0.03822; 870.164
0.03848; 869.953
0.03874; 869.75
0.039; 869.519
0.03926; 869.296
0.03952; 869.046
0.03978; 868.803
0.04004; 868.534
0.0403; 868.271
0.04056; 867.982
0.04082; 867.699
0.04108; 867.39
0.04134; 867.088
0.0416; 866.758
0.04186; 866.435
0.04212; 866.086
0.04238; 865.742
0.04264; 865.372
0.0429; 865.008
0.04316; 864.617
0.04342; 864.231
0.04368; 863.819
0.04394; 863.413
0.0442; 862.979
0.04446; 862.551
0.04472; 862.096
0.04498; 861.646
0.04524; 861.17
0.0455; 860.698
0.04576; 860.199
0.04602; 859.705
0.04628; 859.184
0.04654; 858.666
0.0468; 858.123
0.04706; 857.583
0.04732; 857.016
0.04758; 856.453
0.04784; 855.862
0.0481; 855.275
0.04836; 854.661
0.04862; 854.05
0.04888; 853.412
0.04914; 852.777
0.0494; 852.114
0.04966; 851.454
0.04992; 850.767
0.05018; 850.081
0.05044; 849.369
0.0507; 848.657
0.05096; 847.918
0.05122; 847.181
0.05148; 846.416
0.05174; 845.651
0.052; 844.86
0.05226; 844.068
0.05252; 843.249
0.05278; 842.429
0.05304; 841.581
0.0533; 840.733
0.05356; 839.857
0.05382; 838.979
0.05408; 838.074
0.05434; 837.167
0.0546; 836.231
0.05486; 835.293
0.05512; 834.327
0.05538; 833.357
0.05564; 832.359
0.0559; 831.357
0.05616; 830.326
0.05642; 829.291
0.05668; 828.228
0.05694; 827.158
0.0572; 826.06
0.05746; 824.955
0.05772; 823.821
0.05798; 822.681
0.05824; 821.511
0.0585; 820.333
0.05876; 819.125
0.05902; 817.909
0.05928; 816.663
0.05954; 815.407
0.0598; 814.121
0.06006; 812.825
0.06032; 811.498
0.06058; 810.159
0.06084; 808.791
0.0611; 807.409
0.06136; 805.997
0.06162; 804.571
0.06188; 803.115
0.06214; 801.644
0.0624; 800.142
0.06266; 798.624
0.06292; 797.075
0.06318; 795.51
0.06344; 793.914
0.0637; 792.3
0.06396; 790.655
0.06422; 788.993
0.06448; 787.3
0.06474; 785.588
0.065; 783.846
0.06526; 782.085
0.06552; 780.294
0.06578; 778.484
0.06604; 776.646
0.0663; 774.789
0.06656; 772.904
0.06682; 771
0.06708; 769.071
0.06734; 767.124
0.0676; 765.153
0.06786; 763.166
0.06812; 761.158
0.06838; 759.135
0.06864; 757.093
0.0689; 755.039
0.06916; 752.97
0.06942; 750.891
0.06968; 748.801
0.06994; 746.703
0.0702; 744.599
0.07046; 742.489
0.07072; 740.377
0.07098; 738.263
0.07124; 736.152
0.0715; 734.04
0.07176; 731.935
0.07202; 729.833
0.07228; 727.741
0.07254; 725.655
0.0728; 723.582
0.07306; 721.516
0.07332; 719.466
0.07358; 717.426
0.07384; 715.404
0.0741; 713.393
0.07436; 711.402
0.07462; 709.422
0.07488; 707.466
0.07514; 705.52
0.0754; 703.599
0.07566; 701.688
0.07592; 699.804
0.07618; 697.931
0.07644; 696.084
0.0767; 694.248
0.07696; 692.439
0.07722; 690.641
0.07748; 688.871
0.07774; 687.111
0.078; 685.379
0.07826; 683.656
0.07852; 681.963
0.07878; 680.277
0.07904; 678.622
0.0793; 676.973
0.07956; 675.355
0.07982; 673.744
0.08008; 672.163
0.08034; 670.588
0.0806; 669.043
0.08086; 667.504
0.08112; 665.995
0.08138; 664.491
0.08164; 663.018
0.0819; 661.549
0.08216; 660.111
0.08242; 658.676
0.08268; 657.273
0.08294; 655.872
0.0832; 654.503
0.08346; 653.136
0.08372; 651.8
0.08398; 650.466
0.08424; 649.164
0.0845; 647.862
0.08476; 646.594
0.08502; 645.325
0.08528; 644.09
0.08554; 642.853
0.0858; 641.65
0.08606; 640.445
0.08632; 639.274
0.08658; 638.101
0.08684; 636.963
0.0871; 635.821
0.08736; 634.715
0.08762; 633.604
0.08788; 632.53
0.08814; 631.451
0.0884; 630.408
0.08866; 629.359
0.08892; 628.348
0.08918; 627.331
0.08944; 626.351
0.0897; 625.364
0.08996; 624.415
0.09022; 623.459
0.09048; 622.541
0.09074; 621.616
0.091; 620.729
0.09126; 619.834
0.09152; 618.978
0.09178; 618.114
0.09204; 617.288
0.0923; 616.454
0.09256; 615.659
0.09282; 614.856
0.09308; 614.091
0.09334; 613.318
0.0936; 612.584
0.09386; 611.842
0.09412; 611.138
0.09438; 610.426
0.09464; 609.753
0.0949; 609.071
0.09516; 608.429
0.09542; 607.778
0.09568; 607.166
0.09594; 606.545
0.0962; 605.963
0.09646; 605.372
0.09672; 604.82
0.09698; 604.259
0.09724; 603.738
0.0975; 603.207
0.09776; 602.716
0.09802; 602.215
0.09828; 601.754
0.09854; 601.283
0.0988; 600.853
0.09906; 600.411
0.09932; 600.011
0.09958; 599.6
0.09984; 599.23
0.1001; 598.849
0.10036; 598.509
0.10062; 598.157
0.10088; 597.847
0.10114; 597.525
0.1014; 597.245
0.10166; 596.953
0.10192; 596.703
0.10218; 596.441
0.10244; 596.22
0.1027; 595.987
0.10296; 595.796
0.10322; 595.592
0.10348; 595.43
0.10374; 595.256
0.104; 595.123
0.10426; 594.978
0.10452; 594.874
0.10478; 594.757
0.10504; 594.682
0.1053; 594.593
0.10556; 594.546
0.10582; 594.483
0.10608; 594.459
0.10634; 594.419
0.1066; 0
0.10686; 0
0.10712; 0
0.10738; 0
0.10764; 0
0.1079; 0
0.10816; 0
0.10842; 0
0.10868; 0
0.10894; 0
0.1092; 0
0.10946; 0
0.10972; 0
0.10998; 0
0.11024; 0
0.1105; 0
0.11076; 0
0.11102; 0
0.11128; 0
0.11154; 0
0.1118; 0
0.11206; 0
0.11232; 0
0.11258; 0
0.11284; 0
0.1131; 0
0.11336; 0
0.11362; 0
0.11388; 0
0.11414; 0
0.1144; 0
0.11466; 0
0.11492; 0
0.11518; 0
0.11544; 0
0.1157; 0
0.11596; 0
0.11622; 0
0.11648; 0
0.11674; 0
0.117; 0
0.11726; 0
0.11752; 0
0.11778; 0
0.11804; 0
0.1183; 0
0.11856; 0
0.11882; 0
0.11908; 0
0.11934; 0
0.1196; 0
0.11986; 0
0.12012; 0
0.12038; 0
0.12064; 0
0.1209; 0
0.12116; 0
0.12142; 0
0.12168; 0
0.12194; 0
0.1222; 0
0.12246; 0
0.12272; 0
0.12298; 0
0.12324; 0
0.1235; 0
0.12376; 0
0.12402; 0
0.12428; 0
0.12454; 0
0.1248; 0
