0.0026; 400
0.0052; 400
0.0078; 400
0.0104; 400
0.013; 400
0.0156; 400
0.0182; 400
0.0208; 400
0.0234; 400
0.026; 400
0.0286; 400
0.0312; 400
0.0338; 400
0.0364; 400
0.039; 400
0.0416; 400
0.0442; 400
0.0468; 400
0.0494; 400
0.052; 400
0.0546; 400
0.0572; 400
0.0598; 400
0.0624; 400
0.065; 400
0.0676; 400
0.0702; 400
0.0728; 400
0.0754; 400
0.078; 400
0.0806; 400
0.0832; 400
0.0858; 400
0.0884; 400
0.091; 400
0.0936; 400
0.0962; 400
0.0988; 400
0.1014; 400
0.104; 400
0.1066; 400
0.1092; 400
0.1118; 400
0.1144; 400
0.117; 400
0.1196; 400
0.1222; 400
0.1248; 400
0.1274; 400
0.13; 400
0.1326; 400
0.1352; 400
0.1378; 400
0.1404; 400
0.143; 400
0.1456; 400
0.1482; 400
0.1508; 400
0.1534; 400
0.156; 400
0.1586; 400
0.1612; 400
0.1638; 400
0.1664; 400
0.169; 400
0.1716; 400
0.1742; 400
0.1768; 400
0.1794; 400
0.182; 400
0.1846; 400
0.1872; 400
0.1898; 400
0.1924; 400
0.195; 400
0.1976; 400
0.2002; 400
0.2028; 400
0.2054; 400
0.208; 400
0.2106; 400
0.2132; 400
0.2158; 400
0.2184; 400
0.221; 400
0.2236; 400
0.2262; 400
0.2288; 400
0.2314; 400
0.234; 400
0.2366; 400
0.2392; 400
0.2418; 400
0.2444; 400
0.247; 400
0.2496; 400
0.2522; 400
0.2548; 400
0.2574; 400
0.26; 400
0.2626; 400
0.2652; 400
0.2678; 400
0.2704; 400
0.273; 400
0.2756; 400
0.2782; 400
0.2808; 400
0.2834; 400
0.286; 400
0.2886; 400
0.2912; 400
0.2938; 400
0.2964; 400
0.299; 400
0.3016; 400
0.3042; 400
0.3068; 400
0.3094; 400
0.312; 400
0.3146; 400
0.3172; 400
0.3198; 400
0.3224; 400
0.325; 400
0.3276; 400
0.3302; 400
0.3328; 400
0.3354; 400
0.338; 400
0.3406; 400
0.3432; 400
0.3458; 400
0.3484; 400
0.351; 400
0.3536; 400
0.3562; 400
0.3588; 400
0.3614; 400
0.364; 400
0.3666; 400
0.3692; 400
0.3718; 400
0.3744; 400
0.377; 400
0.3796; 400
0.3822; 400
0.3848; 400
0.3874; 400
0.39; 400
0.3926; 400
0.3952; 400
0.3978; 400
0.4004; 400
0.403; 400
0.4056; 400
0.4082; 400
0.4108; 400
0.4134; 400
0.416; 400
0.4186; 400
0.4212; 400
0.4238; 400
0.4264; 400
0.429; 400
0.4316; 400
0.4342; 400
0.4368; 400
0.4394; 400
0.442; 400
0.4446; 400
0.4472; 400
0.4498; 400
0.4524; 400
0.455; 400
0.4576; 400
0.4602; 400
0.4628; 400
0.4654; 400
0.468; 400
0.4706; 400
0.4732; 400
0.4758; 400
0.4784; 400
0.481; 400.001
0.4836; 400.001
0.4862; 400.001
0.4888; 400.001
0.4914; 400.001
0.494; 400.001
0.4966; 400.002
0.4992; 400.002
0.5018; 400.002
0.5044; 400.003
0.507; 400.003
0.5096; 400.004
0.5122; 400.004
0.5148; 400.005
0.5174; 400.006
0.52; 400.007
0.5226; 400.008
0.5252; 400.01
0.5278; 400.012
0.5304; 400.014
0.533; 400.016
0.5356; 400.019
0.5382; 400.022
0.5408; 400.026
0.5434; 400.031
0.546; 400.036
0.5486; 400.042
0.5512; 400.049
0.5538; 400.057
0.5564; 400.066
0.559; 400.076
0.5616; 400.089
0.5642; 400.102
0.5668; 400.118
0.5694; 400.137
0.572; 400.157
0.5746; 400.181
0.5772; 400.208
0.5798; 400.239
0.5824; 400.273
0.585; 400.312
0.5876; 400.356
0.5902; 400.406
0.5928; 400.462
0.5954; 400.525
0.598; 400.595
0.6006; 400.674
0.6032; 400.762
0.6058; 400.861
0.6084; 400.97
0.611; 401.092
0.6136; 401.227
0.6162; 401.376
0.6188; 401.542
0.6214; 401.725
0.624; 401.927
0.6266; 402.149
0.6292; 402.393
0.6318; 402.662
0.6344; 402.955
0.637; 403.277
0.6396; 403.628
0.6422; 404.011
0.6448; 404.428
0.6474; 404.882
0.65; 405.374
0.6526; 405.907
0.6552; 406.485
0.6578; 407.108
0.6604; 407.781
0.663; 408.505
0.6656; 409.284
0.6682; 410.12
0.6708; 411.016
0.6734; 411.975
0.676; 412.999
0.6786; 414.091
0.6812; 415.254
0.6838; 416.491
0.6864; 417.803
0.689; 419.193
0.6916; 420.664
0.6942; 422.216
0.6968; 423.853
0.6994; 425.576
0.702; 427.386
0.7046; 429.284
0.7072; 431.271
0.7098; 433.348
0.7124; 435.516
0.715; 437.774
0.7176; 440.122
0.7202; 442.559
0.7228; 445.085
0.7254; 447.697
0.728; 450.396
0.7306; 453.178
0.7332; 456.041
0.7358; 458.984
0.7384; 462.002
0.741; 465.093
0.7436; 468.255
0.7462; 471.483
0.7488; 474.774
0.7514; 478.127
0.754; 481.537
0.7566; 485.003
0.7592; 488.525
0.7618; 492.101
0.7644; 495.733
0.767; 499.422
0.7696; 503.169
0.7722; 506.971
0.7748; 510.822
0.7774; 514.709
0.78; 518.623
0.7826; 522.551
0.7852; 526.48
0.7878; 530.396
0.7904; 534.284
0.793; 538.133
0.7956; 541.938
0.7982; 545.694
0.8008; 549.401
0.8034; 553.055
0.806; 556.657
0.8086; 560.204
0.8112; 563.694
0.8138; 567.128
0.8164; 570.517
0.819; 574.219
0.8216; 578.169
0.8242; 582.042
0.8268; 585.843
0.8294; 589.583
0.832; 593.27
0.8346; 596.916
0.8372; 600.528
0.8398; 604.121
0.8424; 607.712
0.845; 611.341
0.8476; 614.848
0.8502; 618.109
0.8528; 621.223
0.8554; 624.275
0.858; 627.293
0.8606; 630.284
0.8632; 633.252
0.8658; 636.199
0.8684; 639.126
0.871; 642.032
0.8736; 644.92
0.8762; 647.791
0.8788; 650.647
0.8814; 653.495
0.884; 656.335
0.8866; 659.275
0.8892; 662.32
0.8918; 665.294
0.8944; 668.202
0.897; 671.04
0.8996; 673.793
0.9022; 676.448
0.9048; 678.989
0.9074; 681.397
0.91; 683.658
0.9126; 685.754
0.9152; 687.672
0.9178; 689.398
0.9204; 690.921
0.923; 692.233
0.9256; 693.326
0.9282; 694.197
0.9308; 694.846
0.9334; 695.272
0.936; 695.481
0.9386; 695.478
0.9412; 695.273
0.9438; 694.875
0.9464; 694.298
0.949; 693.557
0.9516; 692.666
0.9542; 691.644
0.9568; 690.509
0.9594; 689.279
0.962; 687.975
0.9646; 686.618
0.9672; 685.227
0.9698; 683.822
0.9724; 682.426
0.975; 681.056
0.9776; 679.734
0.9802; 678.478
0.9828; 677.308
0.9854; 676.24
0.988; 675.291
0.9906; 674.479
0.9932; 673.817
0.9958; 673.319
0.9984; 672.995
1.001; 672.853
1.0036; 672.907
1.0062; 673.227
1.0088; 673.626
1.0114; 674.13
1.014; 674.744
1.0166; 675.462
1.0192; 676.279
1.0218; 677.187
1.0244; 678.181
1.027; 679.252
1.0296; 680.391
1.0322; 681.589
1.0348; 682.837
1.0374; 684.124
1.04; 685.437
1.0426; 686.765
1.0452; 688.092
1.0478; 689.516
1.0504; 691.11
1.053; 692.734
1.0556; 694.365
1.0582; 695.975
1.0608; 697.537
1.0634; 699.025
1.066; 700.41
1.0686; 701.668
1.0712; 702.775
1.0738; 703.71
1.0764; 704.453
1.079; 704.991
1.0816; 705.31
1.0842; 705.404
1.0868; 705.267
1.0894; 704.902
1.092; 704.313
1.0946; 703.508
1.0972; 702.501
1.0998; 701.308
1.1024; 699.95
1.105; 698.451
1.1076; 696.836
1.1102; 695.134
1.1128; 693.375
1.1154; 691.591
1.118; 689.813
1.1206; 688.072
1.1232; 686.399
1.1258; 684.822
1.1284; 683.369
1.131; 682.06
1.1336; 680.909
1.1362; 679.917
1.1388; 679.26
1.1414; 678.863
1.144; 678.587
1.1466; 678.476
1.1492; 678.55
1.1518; 678.786
1.1544; 679.183
1.157; 679.732
1.1596; 680.427
1.1622; 681.262
1.1648; 682.229
1.1674; 683.321
1.17; 684.53
1.1726; 685.845
1.1752; 687.258
1.1778; 688.984
1.1804; 691.091
1.183; 693.367
1.1856; 695.789
1.1882; 698.334
1.1908; 700.975
1.1934; 703.684
1.196; 706.433
1.1986; 709.196
1.2012; 711.946
1.2038; 714.66
1.2064; 717.314
1.209; 719.888
1.2116; 722.362
1.2142; 724.719
1.2168; 726.946
1.2194; 729.03
1.222; 730.961
1.2246; 732.731
1.2272; 734.334
1.2298; 735.765
1.2324; 737.021
1.235; 738.099
1.2376; 738.999
1.2402; 739.719
1.2428; 740.259
1.2454; 740.619
1.248; 740.799
