0.00026; 0
0.00052; 0
0.00078; 0
0.00104; 0
0.0013; 0
0.00156; 0
0.00182; 0
0.00208; 0
0.00234; 0
0.0026; 0
0.00286; 0
0.00312; 0
0.00338; 0
0.00364; 0
0.0039; 0
0.00416; 0
0.00442; 0
0.00468; 0
0.00494; 0
0.0052; 0
0.00546; 0
0.00572; 0
0.00598; 0
0.00624; 0
0.0065; 0
0.00676; 0
0.00702; 0
0.00728; 0
0.00754; 0
0.0078; 0
0.00806; 0
0.00832; 0
0.00858; 0
0.00884; 0
0.0091; 0
0.00936; 0
0.00962; 0
0.00988; 0
0.01014; 0
0.0104; 0
0.01066; 0
0.01092; 0
0.01118; 0
0.01144; 0
0.0117; 0
0.01196; 0
0.01222; 0
0.01248; 0
0.01274; 0
0.013; 0
0.01326; 0
0.01352; 0
0.01378; 0
0.01404; 0
0.0143; 0
0.01456; 0
0.01482; 0
0.01508; 0
0.01534; 0
0.0156; 0
0.01586; 0
0.01612; 0
0.01638; 0
0.01664; 0
0.0169; 0
0.01716; 0
0.01742; 0
0.01768; 0
0.01794; 0
0.0182; 0
0.01846; 0
0.01872; 0
0.01898; 0
0.01924; 0
0.0195; 0
0.01976; 0
0.02002; 0
0.02028; 0
0.02054; 0
0.0208; 0
0.02106; 0
0.02132; 0
0.02158; 0
0.02184; 0
0.0221; 0
0.02236; 0
0.02262; 0
0.02288; 0
0.02314; 0
0.0234; 0
0.02366; 0
0.02392; 0
0.02418; 0
0.02444; 0
0.0247; 0
0.02496; 0
0.02522; 0
0.02548; 0
0.02574; 0
0.026; 0
0.02626; 0
0.02652; 0
0.02678; 0
0.02704; 0
0.0273; 0
0.02756; 0
0.02782; 0
0.02808; 0
0.02834; 0
0.0286; 0
0.02886; 0
0.02912; 0
0.02938; 0
0.02964; 0
0.0299; 0
0.03016; 0
0.03042; 0
0.03068; 0
0.03094; 0
0.0312; 0
0.03146; 0
0.03172; 0
0.03198; 0
0.03224; 0
0.0325; 0
0.03276; 871.745
0.03302; 871.744
0.03328; 871.724
0.03354; 871.704
0.0338; 871.665
0.03406; 871.627
0.03432; 871.57
0.03458; 871.513
0.03484; 871.438
0.0351; 871.362
0.03536; 871.268
0.03562; 871.175
0.03588; 871.062
0.03614; 870.95
0.0364; 870.819
0.03666; 870.688
0.03692; 870.538
0.03718; 870.389
0.03744; 870.22
0.0377; 870.051
0.03796; 869.864
0.03822; 869.676
0.03848; 869.47
0.03874; 869.263
0.039; 869.037
0.03926; 868.811
0.03952; 868.565
0.03978; 868.32
0.04004; 868.055
0.0403; 867.789
0.04056; 867.505
0.04082; 867.22
0.04108; 866.915
0.04134; 866.61
0.0416; 866.286
0.04186; 865.961
0.04212; 865.616
0.04238; 865.27
0.04264; 864.905
0.0429; 864.538
0.04316; 864.152
0.04342; 863.765
0.04368; 863.358
0.04394; 862.949
0.0442; 862.521
0.04446; 862.091
0.04472; 861.641
0.04498; 861.189
0.04524; 860.717
0.0455; 860.244
0.04576; 859.75
0.04602; 859.254
0.04628; 858.739
0.04654; 858.22
0.0468; 857.682
0.04706; 857.14
0.04732; 856.579
0.04758; 856.014
0.04784; 855.429
0.0481; 854.841
0.04836; 854.232
0.04862; 853.62
0.04888; 852.988
0.04914; 852.351
0.0494; 851.694
0.04966; 851.033
0.04992; 850.351
0.05018; 849.665
0.05044; 848.958
0.0507; 848.247
0.05096; 847.514
0.05122; 846.776
0.05148; 846.017
0.05174; 845.252
0.052; 844.466
0.05226; 843.674
0.05252; 842.861
0.05278; 842.041
0.05304; 841.2
0.0533; 840.352
0.05356; 839.482
0.05382; 838.605
0.05408; 837.706
0.05434; 836.799
0.0546; 835.869
0.05486; 834.932
0.05512; 833.972
0.05538; 833.004
0.05564; 832.012
0.0559; 831.011
0.05616; 829.987
0.05642; 828.953
0.05668; 827.896
0.05694; 826.828
0.0572; 825.737
0.05746; 824.634
0.05772; 823.507
0.05798; 822.368
0.05824; 821.205
0.0585; 820.03
0.05876; 818.829
0.05902; 817.615
0.05928; 816.376
0.05954; 815.124
0.0598; 813.845
0.06006; 812.552
0.06032; 811.232
0.06058; 809.897
0.06084; 808.536
0.0611; 807.158
0.06136; 805.753
0.06162; 804.332
0.06188; 802.882
0.06214; 801.415
0.0624; 799.921
0.06266; 798.408
0.06292; 796.867
0.06318; 795.306
0.06344; 793.718
0.0637; 792.11
0.06396; 790.473
0.06422; 788.816
0.06448; 787.131
0.06474; 785.425
0.065; 783.691
0.06526; 781.936
0.06552; 780.154
0.06578; 778.351
0.06604; 776.521
0.0663; 774.671
0.06656; 772.795
0.06682; 770.898
0.06708; 768.978
0.06734; 767.038
0.0676; 765.077
0.06786; 763.097
0.06812; 761.098
0.06838; 759.083
0.06864; 757.051
0.0689; 755.005
0.06916; 752.946
0.06942; 750.875
0.06968; 748.794
0.06994; 746.706
0.0702; 744.61
0.07046; 742.51
0.07072; 740.408
0.07098; 738.304
0.07124; 736.201
0.0715; 734.099
0.07176; 732.003
0.07202; 729.911
0.07228; 727.828
0.07254; 725.752
0.0728; 723.687
0.07306; 721.632
0.07332; 719.591
0.07358; 717.561
0.07384; 715.547
0.0741; 713.546
0.07436; 711.564
0.07462; 709.595
0.07488; 707.646
0.07514; 705.71
0.0754; 703.797
0.07566; 701.897
0.07592; 700.02
0.07618; 698.157
0.07644; 696.317
0.0767; 694.492
0.07696; 692.69
0.07722; 690.903
0.07748; 689.139
0.07774; 687.389
0.078; 685.664
0.07826; 683.952
0.07852; 682.265
0.07878; 680.59
0.07904; 678.94
0.0793; 677.302
0.07956; 675.69
0.07982; 674.089
0.08008; 672.514
0.08034; 670.949
0.0806; 669.409
0.08086; 667.88
0.08112; 666.377
0.08138; 664.883
0.08164; 663.415
0.0819; 661.956
0.08216; 660.523
0.08242; 659.098
0.08268; 657.699
0.08294; 656.309
0.0832; 654.944
0.08346; 653.587
0.08372; 652.256
0.08398; 650.932
0.08424; 649.634
0.0845; 648.343
0.08476; 647.078
0.08502; 645.819
0.08528; 644.587
0.08554; 643.36
0.0858; 642.16
0.08606; 640.966
0.08632; 639.798
0.08658; 638.635
0.08684; 637.499
0.0871; 636.368
0.08736; 635.263
0.08762; 634.163
0.08788; 633.09
0.08814; 632.021
0.0884; 630.979
0.08866; 629.941
0.08892; 628.93
0.08918; 627.923
0.08944; 626.944
0.0897; 625.967
0.08996; 625.018
0.09022; 624.072
0.09048; 623.155
0.09074; 622.239
0.091; 621.352
0.09126; 620.467
0.09152; 619.611
0.09178; 618.756
0.09204; 617.93
0.0923; 617.105
0.09256; 616.31
0.09282; 615.515
0.09308; 614.751
0.09334; 613.987
0.0936; 613.252
0.09386; 612.518
0.09412; 611.814
0.09438; 611.111
0.09464; 610.437
0.0949; 609.763
0.09516; 609.12
0.09542; 608.477
0.09568; 607.863
0.09594; 607.25
0.0962; 606.667
0.09646; 606.084
0.09672; 605.531
0.09698; 604.978
0.09724; 604.455
0.0975; 603.932
0.09776; 603.439
0.09802; 602.945
0.09828; 602.483
0.09854; 602.019
0.0988; 601.587
0.09906; 601.153
0.09932; 600.75
0.09958; 600.346
0.09984; 599.973
0.1001; 599.599
0.10036; 599.256
0.10062; 598.912
0.10088; 598.598
0.10114; 598.283
0.1014; 598
0.10166; 597.714
0.10192; 597.46
0.10218; 597.204
0.10244; 596.979
0.1027; 596.752
0.10296; 596.557
0.10322; 596.36
0.10348; 596.193
0.10374; 596.025
0.104; 595.888
0.10426; 595.749
0.10452; 595.64
0.10478; 595.529
0.10504; 595.449
0.1053; 595.365
0.10556; 595.312
0.10582; 595.255
0.10608; 595.225
0.10634; 595.19
0.1066; 0
0.10686; 0
0.10712; 0
0.10738; 0
0.10764; 0
0.1079; 0
0.10816; 0
0.10842; 0
0.10868; 0
0.10894; 0
0.1092; 0
0.10946; 0
0.10972; 0
0.10998; 0
0.11024; 0
0.1105; 0
0.11076; 0
0.11102; 0
0.11128; 0
0.11154; 0
0.1118; 0
0.11206; 0
0.11232; 0
0.11258; 0
0.11284; 0
0.1131; 0
0.11336; 0
0.11362; 0
0.11388; 0
0.11414; 0
0.1144; 0
0.11466; 0
0.11492; 0
0.11518; 0
0.11544; 0
0.1157; 0
0.11596; 0
0.11622; 0
0.11648; 0
0.11674; 0
0.117; 0
0.11726; 0
0.11752; 0
0.11778; 0
0.11804; 0
0.1183; 0
0.11856; 0
0.11882; 0
0.11908; 0
0.11934; 0
0.1196; 0
0.11986; 0
0.12012; 0
0.12038; 0
0.12064; 0
0.1209; 0
0.12116; 0
0.12142; 0
0.12168; 0
0.12194; 0
0.1222; 0
0.12246; 0
0.12272; 0
0.12298; 0
0.12324; 0
0.1235; 0
0.12376; 0
0.12402; 0
0.12428; 0
0.12454; 0
0.1248; 0
