0.0026; 400
0.0052; 400
0.0078; 400
0.0104; 400
0.013; 400
0.0156; 400
0.0182; 400
0.0208; 400
0.0234; 400
0.026; 400
0.0286; 400
0.0312; 400
0.0338; 400
0.0364; 400
0.039; 400
0.0416; 400
0.0442; 400
0.0468; 400
0.0494; 400
0.052; 400
0.0546; 400
0.0572; 400
0.0598; 400
0.0624; 400
0.065; 400
0.0676; 400
0.0702; 400
0.0728; 400
0.0754; 400
0.078; 400
0.0806; 400
0.0832; 400
0.0858; 400
0.0884; 400
0.091; 400
0.0936; 400
0.0962; 400
0.0988; 400
0.1014; 400
0.104; 400
0.1066; 400
0.1092; 400
0.1118; 400
0.1144; 400
0.117; 400
0.1196; 400
0.1222; 400
0.1248; 400
0.1274; 400
0.13; 400
0.1326; 400
0.1352; 400
0.1378; 400
0.1404; 400
0.143; 400
0.1456; 400
0.1482; 400
0.1508; 400
0.1534; 400
0.156; 400
0.1586; 400
0.1612; 400
0.1638; 400
0.1664; 400
0.169; 400
0.1716; 400
0.1742; 400
0.1768; 400
0.1794; 400
0.182; 400
0.1846; 400
0.1872; 400
0.1898; 400
0.1924; 400
0.195; 400
0.1976; 400
0.2002; 400
0.2028; 400
0.2054; 400
0.208; 400
0.2106; 400
0.2132; 400
0.2158; 400
0.2184; 400
0.221; 400
0.2236; 400
0.2262; 400
0.2288; 400
0.2314; 400
0.234; 400
0.2366; 400
0.2392; 400
0.2418; 400
0.2444; 400
0.247; 400
0.2496; 400
0.2522; 400
0.2548; 400
0.2574; 400
0.26; 400.001
0.2626; 400.001
0.2652; 400.001
0.2678; 400.001
0.2704; 400.001
0.273; 400.001
0.2756; 400.001
0.2782; 400.001
0.2808; 400.002
0.2834; 400.002
0.286; 400.002
0.2886; 400.002
0.2912; 400.002
0.2938; 400.002
0.2964; 400.002
0.299; 400.003
0.3016; 400.003
0.3042; 400.003
0.3068; 400.003
0.3094; 400.004
0.312; 400.004
0.3146; 400.004
0.3172; 400.005
0.3198; 400.005
0.3224; 400.006
0.325; 400.006
0.3276; 400.007
0.3302; 400.007
0.3328; 400.008
0.3354; 400.009
0.338; 400.01
0.3406; 400.01
0.3432; 400.011
0.3458; 400.012
0.3484; 400.013
0.351; 400.015
0.3536; 400.016
0.3562; 400.017
0.3588; 400.019
0.3614; 400.021
0.364; 400.023
0.3666; 400.025
0.3692; 400.027
0.3718; 400.03
0.3744; 400.033
0.377; 400.036
0.3796; 400.039
0.3822; 400.043
0.3848; 400.047
0.3874; 400.051
0.39; 400.056
0.3926; 400.061
0.3952; 400.066
0.3978; 400.073
0.4004; 400.079
0.403; 400.086
0.4056; 400.094
0.4082; 400.103
0.4108; 400.112
0.4134; 400.122
0.416; 400.133
0.4186; 400.145
0.4212; 400.158
0.4238; 400.172
0.4264; 400.187
0.429; 400.203
0.4316; 400.221
0.4342; 400.24
0.4368; 400.26
0.4394; 400.282
0.442; 400.306
0.4446; 400.332
0.4472; 400.36
0.4498; 400.39
0.4524; 400.422
0.455; 400.456
0.4576; 400.493
0.4602; 400.533
0.4628; 400.576
0.4654; 400.621
0.468; 400.67
0.4706; 400.723
0.4732; 400.779
0.4758; 400.839
0.4784; 400.903
0.481; 400.972
0.4836; 401.045
0.4862; 401.123
0.4888; 401.206
0.4914; 401.295
0.494; 401.389
0.4966; 401.489
0.4992; 401.596
0.5018; 401.71
0.5044; 401.83
0.507; 401.958
0.5096; 402.094
0.5122; 402.237
0.5148; 402.39
0.5174; 402.551
0.52; 402.722
0.5226; 402.902
0.5252; 403.093
0.5278; 403.294
0.5304; 403.507
0.533; 403.731
0.5356; 403.967
0.5382; 404.216
0.5408; 404.477
0.5434; 404.753
0.546; 405.043
0.5486; 405.347
0.5512; 405.667
0.5538; 406.002
0.5564; 406.354
0.559; 406.723
0.5616; 407.109
0.5642; 407.514
0.5668; 407.937
0.5694; 408.38
0.572; 408.842
0.5746; 409.325
0.5772; 409.829
0.5798; 410.354
0.5824; 410.902
0.585; 411.473
0.5876; 412.067
0.5902; 412.685
0.5928; 413.328
0.5954; 413.997
0.598; 414.691
0.6006; 415.411
0.6032; 416.159
0.6058; 416.934
0.6084; 417.737
0.611; 418.568
0.6136; 419.429
0.6162; 420.319
0.6188; 421.239
0.6214; 422.19
0.624; 423.171
0.6266; 424.184
0.6292; 425.229
0.6318; 426.306
0.6344; 427.415
0.637; 428.557
0.6396; 429.732
0.6422; 430.941
0.6448; 432.183
0.6474; 433.459
0.65; 434.769
0.6526; 436.113
0.6552; 437.492
0.6578; 438.904
0.6604; 440.351
0.663; 441.833
0.6656; 443.349
0.6682; 444.899
0.6708; 446.484
0.6734; 448.103
0.676; 449.756
0.6786; 451.442
0.6812; 453.162
0.6838; 454.916
0.6864; 456.702
0.689; 458.521
0.6916; 460.372
0.6942; 462.255
0.6968; 464.169
0.6994; 466.114
0.702; 468.09
0.7046; 470.095
0.7072; 472.129
0.7098; 474.191
0.7124; 476.281
0.715; 478.399
0.7176; 480.542
0.7202; 482.711
0.7228; 484.905
0.7254; 487.123
0.728; 489.364
0.7306; 491.627
0.7332; 493.912
0.7358; 496.217
0.7384; 498.542
0.741; 500.886
0.7436; 503.249
0.7462; 505.63
0.7488; 508.029
0.7514; 510.446
0.754; 512.882
0.7566; 515.337
0.7592; 517.812
0.7618; 520.311
0.7644; 522.836
0.767; 525.39
0.7696; 527.974
0.7722; 530.589
0.7748; 533.233
0.7774; 535.9
0.78; 538.586
0.7826; 541.285
0.7852; 543.992
0.7878; 546.697
0.7904; 549.395
0.793; 552.079
0.7956; 554.746
0.7982; 557.396
0.8008; 560.028
0.8034; 562.641
0.806; 565.236
0.8086; 567.813
0.8112; 570.372
0.8138; 572.916
0.8164; 575.463
0.819; 578.244
0.8216; 581.22
0.8242; 584.167
0.8268; 587.082
0.8294; 589.967
0.832; 592.825
0.8346; 595.658
0.8372; 598.465
0.8398; 601.25
0.8424; 604.018
0.845; 606.789
0.8476; 609.428
0.8502; 611.86
0.8528; 614.173
0.8554; 616.434
0.858; 618.665
0.8606; 620.873
0.8632; 623.057
0.8658; 625.22
0.8684; 627.362
0.871; 629.483
0.8736; 631.585
0.8762; 633.669
0.8788; 635.737
0.8814; 637.794
0.884; 639.833
0.8866; 641.887
0.8892; 643.971
0.8918; 645.974
0.8944; 647.908
0.897; 649.78
0.8996; 651.592
0.9022; 653.345
0.9048; 655.038
0.9074; 656.672
0.91; 658.246
0.9126; 659.76
0.9152; 661.214
0.9178; 662.607
0.9204; 663.94
0.923; 665.213
0.9256; 666.427
0.9282; 667.583
0.9308; 668.683
0.9334; 669.728
0.936; 670.719
0.9386; 671.66
0.9412; 672.551
0.9438; 673.395
0.9464; 674.194
0.949; 674.951
0.9516; 675.668
0.9542; 676.347
0.9568; 676.991
0.9594; 677.602
0.962; 678.182
0.9646; 678.735
0.9672; 679.262
0.9698; 679.766
0.9724; 680.25
0.975; 680.714
0.9776; 681.162
0.9802; 681.595
0.9828; 682.013
0.9854; 682.419
0.988; 682.813
0.9906; 683.195
0.9932; 683.566
0.9958; 683.927
0.9984; 684.275
1.001; 684.609
1.0036; 684.938
1.0062; 685.316
1.0088; 685.686
1.0114; 686.063
1.014; 686.445
1.0166; 686.829
1.0192; 687.212
1.0218; 687.593
1.0244; 687.97
1.027; 688.344
1.0296; 688.712
1.0322; 689.075
1.0348; 689.43
1.0374; 689.778
1.04; 690.117
1.0426; 690.446
1.0452; 690.764
1.0478; 691.097
1.0504; 691.433
1.053; 691.75
1.0556; 692.05
1.0582; 692.336
1.0608; 692.611
1.0634; 692.876
1.066; 693.131
1.0686; 693.379
1.0712; 693.62
1.0738; 693.854
1.0764; 694.083
1.079; 694.307
1.0816; 694.527
1.0842; 694.744
1.0868; 694.959
1.0894; 695.172
1.092; 695.384
1.0946; 695.596
1.0972; 695.81
1.0998; 696.025
1.1024; 696.242
1.105; 696.463
1.1076; 696.688
1.1102; 696.918
1.1128; 697.153
1.1154; 697.394
1.118; 697.641
1.1206; 697.895
1.1232; 698.158
1.1258; 698.431
1.1284; 698.714
1.131; 699.008
1.1336; 699.309
1.1362; 699.604
1.1388; 699.95
1.1414; 700.343
1.144; 700.741
1.1466; 701.16
1.1492; 701.602
1.1518; 702.054
1.1544; 702.516
1.157; 702.984
1.1596; 703.457
1.1622; 703.934
1.1648; 704.412
1.1674; 704.89
1.17; 705.366
1.1726; 705.837
1.1752; 706.3
1.1778; 706.847
1.1804; 707.479
1.183; 708.105
1.1856; 708.725
1.1882; 709.339
1.1908; 709.946
1.1934; 710.543
1.196; 711.131
1.1986; 711.707
1.2012; 712.27
1.2038; 712.819
1.2064; 713.351
1.209; 713.865
1.2116; 714.358
1.2142; 714.829
1.2168; 715.276
1.2194; 715.697
1.222; 716.09
1.2246; 716.454
1.2272; 716.786
1.2298; 717.085
1.2324; 717.35
1.235; 717.58
1.2376; 717.773
1.2402; 717.929
1.2428; 718.046
1.2454; 718.125
1.248; 718.164
