0.00026; 301.205
0.00052; 301.206
0.00078; 301.207
0.00104; 301.209
0.0013; 301.212
0.00156; 301.216
0.00182; 301.221
0.00208; 301.228
0.00234; 301.235
0.0026; 301.243
0.00286; 301.253
0.00312; 301.263
0.00338; 301.275
0.00364; 301.287
0.0039; 301.301
0.00416; 301.316
0.00442; 301.332
0.00468; 301.349
0.00494; 301.367
0.0052; 301.386
0.00546; 301.406
0.00572; 301.428
0.00598; 301.45
0.00624; 301.474
0.0065; 301.499
0.00676; 301.525
0.00702; 301.553
0.00728; 301.581
0.00754; 301.611
0.0078; 301.642
0.00806; 301.675
0.00832; 301.709
0.00858; 301.743
0.00884; 301.78
0.0091; 301.817
0.00936; 301.856
0.00962; 301.897
0.00988; 301.939
0.01014; 301.982
0.0104; 302.026
0.01066; 302.073
0.01092; 302.12
0.01118; 302.169
0.01144; 302.22
0.0117; 302.272
0.01196; 302.326
0.01222; 302.381
0.01248; 302.438
0.01274; 302.497
0.013; 302.557
0.01326; 302.62
0.01352; 302.683
0.01378; 302.749
0.01404; 302.816
0.0143; 302.886
0.01456; 302.957
0.01482; 303.03
0.01508; 303.105
0.01534; 303.182
0.0156; 303.261
0.01586; 303.342
0.01612; 303.426
0.01638; 303.511
0.01664; 303.599
0.0169; 303.688
0.01716; 303.78
0.01742; 303.875
0.01768; 303.971
0.01794; 304.07
0.0182; 304.172
0.01846; 304.276
0.01872; 304.382
0.01898; 304.491
0.01924; 304.602
0.0195; 304.717
0.01976; 304.834
0.02002; 304.953
0.02028; 305.076
0.02054; 305.201
0.0208; 305.329
0.02106; 305.46
0.02132; 305.595
0.02158; 305.732
0.02184; 305.872
0.0221; 306.016
0.02236; 306.162
0.02262; 306.312
0.02288; 306.466
0.02314; 306.623
0.0234; 306.783
0.02366; 306.947
0.02392; 307.114
0.02418; 307.285
0.02444; 307.46
0.0247; 307.639
0.02496; 307.821
0.02522; 308.007
0.02548; 308.198
0.02574; 308.392
0.026; 308.59
0.02626; 308.793
0.02652; 309
0.02678; 309.211
0.02704; 309.427
0.0273; 309.647
0.02756; 309.872
0.02782; 310.102
0.02808; 310.336
0.02834; 310.575
0.0286; 310.819
0.02886; 311.067
0.02912; 311.321
0.02938; 311.58
0.02964; 311.845
0.0299; 312.114
0.03016; 312.389
0.03042; 312.669
0.03068; 312.955
0.03094; 313.247
0.0312; 313.544
0.03146; 313.848
0.03172; 314.157
0.03198; 314.472
0.03224; 314.793
0.0325; 315.121
0.03276; 315.455
0.03302; 315.795
0.03328; 316.142
0.03354; 316.495
0.0338; 316.855
0.03406; 317.222
0.03432; 317.596
0.03458; 317.976
0.03484; 318.364
0.0351; 318.759
0.03536; 319.162
0.03562; 319.571
0.03588; 319.989
0.03614; 320.414
0.0364; 320.847
0.03666; 321.287
0.03692; 321.736
0.03718; 322.193
0.03744; 322.658
0.0377; 323.131
0.03796; 323.613
0.03822; 324.104
0.03848; 324.603
0.03874; 325.111
0.039; 325.627
0.03926; 326.153
0.03952; 326.688
0.03978; 327.233
0.04004; 327.786
0.0403; 328.35
0.04056; 328.923
0.04082; 329.505
0.04108; 330.098
0.04134; 330.701
0.0416; 331.314
0.04186; 331.937
0.04212; 332.57
0.04238; 333.214
0.04264; 333.869
0.0429; 334.535
0.04316; 335.212
0.04342; 335.899
0.04368; 336.598
0.04394; 337.309
0.0442; 338.03
0.04446; 338.764
0.04472; 339.509
0.04498; 340.266
0.04524; 341.035
0.0455; 341.817
0.04576; 342.61
0.04602; 343.416
0.04628; 344.235
0.04654; 345.067
0.0468; 345.911
0.04706; 346.768
0.04732; 347.639
0.04758; 348.523
0.04784; 349.42
0.0481; 350.331
0.04836; 351.256
0.04862; 352.194
0.04888; 353.147
0.04914; 354.114
0.0494; 355.095
0.04966; 356.09
0.04992; 357.101
0.05018; 358.125
0.05044; 359.165
0.0507; 360.22
0.05096; 361.29
0.05122; 362.375
0.05148; 363.476
0.05174; 364.592
0.052; 365.724
0.05226; 366.873
0.05252; 368.037
0.05278; 369.217
0.05304; 370.414
0.0533; 371.627
0.05356; 372.856
0.05382; 374.103
0.05408; 375.366
0.05434; 376.647
0.0546; 377.944
0.05486; 379.259
0.05512; 380.592
0.05538; 381.942
0.05564; 383.31
0.0559; 384.695
0.05616; 386.099
0.05642; 387.521
0.05668; 388.961
0.05694; 390.419
0.0572; 391.897
0.05746; 393.392
0.05772; 394.907
0.05798; 396.441
0.05824; 397.993
0.0585; 399.565
0.05876; 401.156
0.05902; 402.767
0.05928; 404.398
0.05954; 406.048
0.0598; 407.718
0.06006; 409.407
0.06032; 411.118
0.06058; 412.848
0.06084; 414.599
0.0611; 416.37
0.06136; 418.161
0.06162; 419.974
0.06188; 421.807
0.06214; 423.661
0.0624; 425.537
0.06266; 427.433
0.06292; 429.351
0.06318; 431.289
0.06344; 433.25
0.0637; 435.232
0.06396; 437.235
0.06422; 439.261
0.06448; 441.308
0.06474; 443.377
0.065; 445.469
0.06526; 447.582
0.06552; 449.718
0.06578; 451.876
0.06604; 454.056
0.0663; 456.259
0.06656; 458.484
0.06682; 460.732
0.06708; 463.003
0.06734; 465.296
0.0676; 467.612
0.06786; 469.951
0.06812; 472.313
0.06838; 474.698
0.06864; 477.106
0.0689; 479.538
0.06916; 481.992
0.06942; 484.47
0.06968; 486.971
0.06994; 489.495
0.0702; 492.043
0.07046; 494.614
0.07072; 497.208
0.07098; 499.826
0.07124; 502.467
0.0715; 505.132
0.07176; 507.821
0.07202; 510.533
0.07228; 513.269
0.07254; 516.028
0.0728; 518.811
0.07306; 521.617
0.07332; 524.447
0.07358; 527.301
0.07384; 530.178
0.0741; 533.079
0.07436; 536.004
0.07462; 538.952
0.07488; 541.924
0.07514; 544.919
0.0754; 547.938
0.07566; 550.981
0.07592; 554.046
0.07618; 557.136
0.07644; 560.248
0.0767; 563.384
0.07696; 566.544
0.07722; 569.726
0.07748; 572.932
0.07774; 576.161
0.078; 579.413
0.07826; 582.688
0.07852; 585.987
0.07878; 589.308
0.07904; 592.651
0.0793; 596.018
0.07956; 599.407
0.07982; 602.819
0.08008; 606.254
0.08034; 609.71
0.0806; 613.19
0.08086; 616.691
0.08112; 620.214
0.08138; 623.76
0.08164; 627.327
0.0819; 630.917
0.08216; 634.527
0.08242; 638.16
0.08268; 641.814
0.08294; 645.489
0.0832; 649.185
0.08346; 652.902
0.08372; 656.641
0.08398; 660.399
0.08424; 664.179
0.0845; 667.979
0.08476; 671.799
0.08502; 675.639
0.08528; 679.499
0.08554; 683.379
0.0858; 687.279
0.08606; 691.198
0.08632; 695.136
0.08658; 699.093
0.08684; 703.069
0.0871; 707.064
0.08736; 711.078
0.08762; 715.109
0.08788; 719.159
0.08814; 723.227
0.0884; 727.312
0.08866; 731.415
0.08892; 735.535
0.08918; 739.673
0.08944; 743.827
0.0897; 747.997
0.08996; 752.185
0.09022; 756.388
0.09048; 760.607
0.09074; 764.842
0.091; 769.092
0.09126; 773.358
0.09152; 777.639
0.09178; 781.934
0.09204; 786.244
0.0923; 790.568
0.09256; 794.906
0.09282; 799.258
0.09308; 803.623
0.09334; 808.001
0.0936; 812.393
0.09386; 816.797
0.09412; 821.213
0.09438; 825.641
0.09464; 830.081
0.0949; 834.533
0.09516; 838.997
0.09542; 843.471
0.09568; 847.956
0.09594; 852.451
0.0962; 856.957
0.09646; 861.472
0.09672; 865.997
0.09698; 870.531
0.09724; 875.075
0.0975; 879.627
0.09776; 884.187
0.09802; 888.755
0.09828; 893.331
0.09854; 897.915
0.0988; 902.506
0.09906; 907.103
0.09932; 911.707
0.09958; 916.318
0.09984; 920.934
0.1001; 925.556
0.10036; 930.183
0.10062; 934.815
0.10088; 939.451
0.10114; 944.092
0.1014; 948.737
0.10166; 953.385
0.10192; 958.037
0.10218; 962.692
0.10244; 967.349
0.1027; 972.009
0.10296; 976.671
0.10322; 981.335
0.10348; 986
0.10374; 990.666
0.104; 995.333
0.10426; 1000
0.10452; 1000
0.10478; 1000
0.10504; 1000
0.1053; 1000
0.10556; 1000
0.10582; 1000
0.10608; 1000
0.10634; 1000
0.1066; 1000
0.10686; 1000
0.10712; 1000
0.10738; 1000
0.10764; 1000
0.1079; 1000
0.10816; 1000
0.10842; 1000
0.10868; 1000
0.10894; 1000
0.1092; 1000
0.10946; 1000
0.10972; 1000
0.10998; 1000
0.11024; 1000
0.1105; 1000
0.11076; 1000
0.11102; 1000
0.11128; 1000
0.11154; 1000
0.1118; 1000
0.11206; 1000
0.11232; 1000
0.11258; 1000
0.11284; 1000
0.1131; 1000
0.11336; 1000
0.11362; 1000
0.11388; 1000
0.11414; 1000
0.1144; 1000
0.11466; 1000
0.11492; 1000
0.11518; 1000
0.11544; 1000
0.1157; 1000
0.11596; 1000
0.11622; 1000
0.11648; 1000
0.11674; 1000
0.117; 1000
0.11726; 1000
0.11752; 1000
0.11778; 1000
0.11804; 1000
0.1183; 1000
0.11856; 1000
0.11882; 1000
0.11908; 1000
0.11934; 1000
0.1196; 1000
0.11986; 1000
0.12012; 1000
0.12038; 1000
0.12064; 1000
0.1209; 1000
0.12116; 1000
0.12142; 1000
0.12168; 1000
0.12194; 1000
0.1222; 1000
0.12246; 1000
0.12272; 1000
0.12298; 1000
0.12324; 1000
0.1235; 1000
0.12376; 1000
0.12402; 1000
0.12428; 1000
0.12454; 1000
0.1248; 1000
