0.00026; 0
0.00052; 0
0.00078; 0
0.00104; 0
0.0013; 0
0.00156; 0
0.00182; 0
0.00208; 0
0.00234; 0
0.0026; 0
0.00286; 0
0.00312; 0
0.00338; 0
0.00364; 0
0.0039; 0
0.00416; 0
0.00442; 0
0.00468; 0
0.00494; 0
0.0052; 0
0.00546; 0
0.00572; 0
0.00598; 0
0.00624; 0
0.0065; 0
0.00676; 0
0.00702; 0
0.00728; 0
0.00754; 0
0.0078; 0
0.00806; 0
0.00832; 0
0.00858; 0
0.00884; 0
0.0091; 0
0.00936; 0
0.00962; 0
0.00988; 0
0.01014; 0
0.0104; 0
0.01066; 0
0.01092; 0
0.01118; 0
0.01144; 0
0.0117; 0
0.01196; 0
0.01222; 0
0.01248; 0
0.01274; 0
0.013; 0
0.01326; 0
0.01352; 0
0.01378; 0
0.01404; 0
0.0143; 0
0.01456; 0
0.01482; 0
0.01508; 0
0.01534; 0
0.0156; 0
0.01586; 0
0.01612; 0
0.01638; 0
0.01664; 0
0.0169; 0
0.01716; 0
0.01742; 0
0.01768; 0
0.01794; 0
0.0182; 0
0.01846; 0
0.01872; 0
0.01898; 0
0.01924; 0
0.0195; 0
0.01976; 0
0.02002; 0
0.02028; 0
0.02054; 0
0.0208; 0
0.02106; 0
0.02132; 0
0.02158; 0
0.02184; 0
0.0221; 0
0.02236; 0
0.02262; 0
0.02288; 0
0.02314; 0
0.0234; 0
0.02366; 0
0.02392; 0
0.02418; 0
0.02444; 0
0.0247; 0
0.02496; 0
0.02522; 0
0.02548; 0
0.02574; 0
0.026; 0
0.02626; 0
0.02652; 0
0.02678; 0
0.02704; 0
0.0273; 0
0.02756; 0
0.02782; 0
0.02808; 0
0.02834; 0
0.0286; 0
0.02886; 0
0.02912; 0
0.02938; 0
0.02964; 0
0.0299; 0
0.03016; 0
0.03042; 0
0.03068; 0
0.03094; 0
0.0312; 0
0.03146; 0
0.03172; 0
0.03198; 0
0.03224; 0
0.0325; 0
0.03276; 871.947
0.03302; 871.941
0.03328; 871.925
0.03354; 871.901
0.0338; 871.867
0.03406; 871.824
0.03432; 871.771
0.03458; 871.71
0.03484; 871.639
0.0351; 871.559
0.03536; 871.469
0.03562; 871.371
0.03588; 871.263
0.03614; 871.146
0.0364; 871.019
0.03666; 870.884
0.03692; 870.738
0.03718; 870.584
0.03744; 870.419
0.0377; 870.246
0.03796; 870.063
0.03822; 869.871
0.03848; 869.668
0.03874; 869.457
0.039; 869.235
0.03926; 869.004
0.03952; 868.763
0.03978; 868.513
0.04004; 868.252
0.0403; 867.982
0.04056; 867.701
0.04082; 867.412
0.04108; 867.111
0.04134; 866.801
0.0416; 866.48
0.04186; 866.15
0.04212; 865.809
0.04238; 865.459
0.04264; 865.097
0.0429; 864.726
0.04316; 864.343
0.04342; 863.951
0.04368; 863.547
0.04394; 863.134
0.0442; 862.709
0.04446; 862.275
0.04472; 861.829
0.04498; 861.372
0.04524; 860.904
0.0455; 860.426
0.04576; 859.936
0.04602; 859.435
0.04628; 858.922
0.04654; 858.399
0.0468; 857.864
0.04706; 857.318
0.04732; 856.76
0.04758; 856.19
0.04784; 855.608
0.0481; 855.016
0.04836; 854.41
0.04862; 853.793
0.04888; 853.164
0.04914; 852.522
0.0494; 851.868
0.04966; 851.202
0.04992; 850.523
0.05018; 849.832
0.05044; 849.128
0.0507; 848.411
0.05096; 847.681
0.05122; 846.938
0.05148; 846.181
0.05174; 845.412
0.052; 844.628
0.05226; 843.832
0.05252; 843.021
0.05278; 842.196
0.05304; 841.357
0.0533; 840.504
0.05356; 839.637
0.05382; 838.755
0.05408; 837.858
0.05434; 836.946
0.0546; 836.019
0.05486; 835.077
0.05512; 834.119
0.05538; 833.145
0.05564; 832.155
0.0559; 831.15
0.05616; 830.127
0.05642; 829.089
0.05668; 828.033
0.05694; 826.96
0.0572; 825.87
0.05746; 824.763
0.05772; 823.637
0.05798; 822.494
0.05824; 821.331
0.0585; 820.151
0.05876; 818.952
0.05902; 817.733
0.05928; 816.495
0.05954; 815.237
0.0598; 813.959
0.06006; 812.661
0.06032; 811.342
0.06058; 810.003
0.06084; 808.641
0.0611; 807.259
0.06136; 805.854
0.06162; 804.428
0.06188; 802.978
0.06214; 801.507
0.0624; 800.012
0.06266; 798.494
0.06292; 796.953
0.06318; 795.388
0.06344; 793.799
0.0637; 792.186
0.06396; 790.548
0.06422; 788.887
0.06448; 787.201
0.06474; 785.49
0.065; 783.755
0.06526; 781.996
0.06552; 780.212
0.06578; 778.404
0.06604; 776.573
0.0663; 774.718
0.06656; 772.839
0.06682; 770.939
0.06708; 769.016
0.06734; 767.072
0.0676; 765.108
0.06786; 763.125
0.06812; 761.123
0.06838; 759.104
0.06864; 757.068
0.0689; 755.019
0.06916; 752.956
0.06942; 750.881
0.06968; 748.797
0.06994; 746.704
0.0702; 744.606
0.07046; 742.502
0.07072; 740.395
0.07098; 738.288
0.07124; 736.18
0.0715; 734.076
0.07176; 731.975
0.07202; 729.88
0.07228; 727.792
0.07254; 725.713
0.0728; 723.644
0.07306; 721.585
0.07332; 719.54
0.07358; 717.507
0.07384; 715.488
0.0741; 713.485
0.07436; 711.497
0.07462; 709.526
0.07488; 707.571
0.07514; 705.634
0.0754; 703.715
0.07566; 701.814
0.07592; 699.931
0.07618; 698.066
0.07644; 696.221
0.0767; 694.394
0.07696; 692.587
0.07722; 690.798
0.07748; 689.029
0.07774; 687.278
0.078; 685.547
0.07826; 683.834
0.07852; 682.14
0.07878; 680.465
0.07904; 678.809
0.0793; 677.171
0.07956; 675.552
0.07982; 673.951
0.08008; 672.369
0.08034; 670.804
0.0806; 669.258
0.08086; 667.73
0.08112; 666.219
0.08138; 664.726
0.08164; 663.251
0.0819; 661.793
0.08216; 660.353
0.08242; 658.929
0.08268; 657.523
0.08294; 656.134
0.0832; 654.762
0.08346; 653.406
0.08372; 652.068
0.08398; 650.746
0.08424; 649.441
0.0845; 648.151
0.08476; 646.879
0.08502; 645.622
0.08528; 644.382
0.08554; 643.158
0.0858; 641.95
0.08606; 640.758
0.08632; 639.583
0.08658; 638.422
0.08684; 637.279
0.0871; 636.15
0.08736; 635.038
0.08762; 633.941
0.08788; 632.86
0.08814; 631.794
0.0884; 630.745
0.08866; 629.71
0.08892; 628.692
0.08918; 627.688
0.08944; 626.7
0.0897; 625.727
0.08996; 624.771
0.09022; 623.829
0.09048; 622.903
0.09074; 621.991
0.091; 621.096
0.09126; 620.215
0.09152; 619.351
0.09178; 618.5
0.09204; 617.666
0.0923; 616.846
0.09256; 616.042
0.09282; 615.253
0.09308; 614.48
0.09334; 613.72
0.0936; 612.978
0.09386; 612.249
0.09412; 611.537
0.09438; 610.838
0.09464; 610.156
0.0949; 609.488
0.09516; 608.836
0.09542; 608.198
0.09568; 607.577
0.09594; 606.969
0.0962; 606.378
0.09646; 605.8
0.09672; 605.239
0.09698; 604.692
0.09724; 604.161
0.0975; 603.644
0.09776; 603.143
0.09802; 602.655
0.09828; 602.184
0.09854; 601.727
0.0988; 601.286
0.09906; 600.858
0.09932; 600.447
0.09958; 600.049
0.09984; 599.668
0.1001; 599.3
0.10036; 598.949
0.10062; 598.611
0.10088; 598.289
0.10114; 597.981
0.1014; 597.689
0.10166; 597.41
0.10192; 597.148
0.10218; 596.899
0.10244; 596.667
0.1027; 596.447
0.10296; 596.244
0.10322; 596.054
0.10348; 595.88
0.10374; 595.718
0.104; 595.573
0.10426; 595.441
0.10452; 595.324
0.10478; 595.221
0.10504; 595.133
0.1053; 595.057
0.10556; 594.997
0.10582; 594.947
0.10608; 594.909
0.10634; 594.88
0.1066; 0
0.10686; 0
0.10712; 0
0.10738; 0
0.10764; 0
0.1079; 0
0.10816; 0
0.10842; 0
0.10868; 0
0.10894; 0
0.1092; 0
0.10946; 0
0.10972; 0
0.10998; 0
0.11024; 0
0.1105; 0
0.11076; 0
0.11102; 0
0.11128; 0
0.11154; 0
0.1118; 0
0.11206; 0
0.11232; 0
0.11258; 0
0.11284; 0
0.1131; 0
0.11336; 0
0.11362; 0
0.11388; 0
0.11414; 0
0.1144; 0
0.11466; 0
0.11492; 0
0.11518; 0
0.11544; 0
0.1157; 0
0.11596; 0
0.11622; 0
0.11648; 0
0.11674; 0
0.117; 0
0.11726; 0
0.11752; 0
0.11778; 0
0.11804; 0
0.1183; 0
0.11856; 0
0.11882; 0
0.11908; 0
0.11934; 0
0.1196; 0
0.11986; 0
0.12012; 0
0.12038; 0
0.12064; 0
0.1209; 0
0.12116; 0
0.12142; 0
0.12168; 0
0.12194; 0
0.1222; 0
0.12246; 0
0.12272; 0
0.12298; 0
0.12324; 0
0.1235; 0
0.12376; 0
0.12402; 0
0.12428; 0
0.12454; 0
0.1248; 0
