0.00026; 0
0.00052; 0
0.00078; 0
0.00104; 0
0.0013; 0
0.00156; 0
0.00182; 0
0.00208; 0
0.00234; 0
0.0026; 0
0.00286; 0
0.00312; 0
0.00338; 0
0.00364; 0
0.0039; 0
0.00416; 0
0.00442; 0
0.00468; 0
0.00494; 0
0.0052; 0
0.00546; 0
0.00572; 0
0.00598; 0
0.00624; 0
0.0065; 0
0.00676; 0
0.00702; 0
0.00728; 0
0.00754; 0
0.0078; 0
0.00806; 0
0.00832; 0
0.00858; 0
0.00884; 0
0.0091; 0
0.00936; 0
0.00962; 0
0.00988; 0
0.01014; 0
0.0104; 0
0.01066; 0
0.01092; 0
0.01118; 0
0.01144; 0
0.0117; 0
0.01196; 0
0.01222; 0
0.01248; 0
0.01274; 0
0.013; 0
0.01326; 0
0.01352; 0
0.01378; 0
0.01404; 0
0.0143; 0
0.01456; 0
0.01482; 0
0.01508; 0
0.01534; 0
0.0156; 0
0.01586; 0
0.01612; 0
0.01638; 0
0.01664; 0
0.0169; 0
0.01716; 0
0.01742; 0
0.01768; 0
0.01794; 0
0.0182; 0
0.01846; 0
0.01872; 0
0.01898; 0
0.01924; 0
0.0195; 0
0.01976; 0
0.02002; 0
0.02028; 0
0.02054; 0
0.0208; 0
0.02106; 0
0.02132; 0
0.02158; 0
0.02184; 0
0.0221; 0
0.02236; 0
0.02262; 0
0.02288; 0
0.02314; 0
0.0234; 0
0.02366; 0
0.02392; 0
0.02418; 0
0.02444; 0
0.0247; 0
0.02496; 0
0.02522; 0
0.02548; 0
0.02574; 0
0.026; 0
0.02626; 0
0.02652; 0
0.02678; 0
0.02704; 0
0.0273; 0
0.02756; 0
0.02782; 0
0.02808; 0
0.02834; 0
0.0286; 0
0.02886; 0
0.02912; 0
0.02938; 0
0.02964; 0
0.0299; 0
0.03016; 0
0.03042; 0
0.03068; 0
0.03094; 0
0.0312; 0
0.03146; 0
0.03172; 0
0.03198; 0
0.03224; 0
0.0325; 0
0.03276; 884.053
0.03302; 884.052
0.03328; 884.03
0.03354; 884.008
0.0338; 883.966
0.03406; 883.925
0.03432; 883.863
0.03458; 883.801
0.03484; 883.72
0.0351; 883.637
0.03536; 883.536
0.03562; 883.434
0.03588; 883.312
0.03614; 883.19
0.0364; 883.048
0.03666; 882.906
0.03692; 882.743
0.03718; 882.58
0.03744; 882.398
0.0377; 882.214
0.03796; 882.01
0.03822; 881.806
0.03848; 881.582
0.03874; 881.357
0.039; 881.112
0.03926; 880.865
0.03952; 880.6
0.03978; 880.331
0.04004; 880.044
0.0403; 879.755
0.04056; 879.446
0.04082; 879.135
0.04108; 878.805
0.04134; 878.472
0.0416; 878.119
0.04186; 877.764
0.04212; 877.389
0.04238; 877.012
0.04264; 876.615
0.0429; 876.214
0.04316; 875.794
0.04342; 875.371
0.04368; 874.929
0.04394; 874.482
0.0442; 874.017
0.04446; 873.547
0.04472; 873.057
0.04498; 872.564
0.04524; 872.051
0.0455; 871.533
0.04576; 870.996
0.04602; 870.454
0.04628; 869.893
0.04654; 869.326
0.0468; 868.74
0.04706; 868.148
0.04732; 867.537
0.04758; 866.92
0.04784; 866.283
0.0481; 865.641
0.04836; 864.978
0.04862; 864.309
0.04888; 863.619
0.04914; 862.924
0.0494; 862.208
0.04966; 861.485
0.04992; 860.742
0.05018; 859.991
0.05044; 859.22
0.0507; 858.441
0.05096; 857.642
0.05122; 856.835
0.05148; 856.006
0.05174; 855.17
0.052; 854.312
0.05226; 853.446
0.05252; 852.558
0.05278; 851.661
0.05304; 850.742
0.0533; 849.813
0.05356; 848.863
0.05382; 847.902
0.05408; 846.919
0.05434; 845.926
0.0546; 844.91
0.05486; 843.883
0.05512; 842.833
0.05538; 841.771
0.05564; 840.686
0.0559; 839.589
0.05616; 838.468
0.05642; 837.334
0.05668; 836.177
0.05694; 835.005
0.0572; 833.81
0.05746; 832.6
0.05772; 831.365
0.05798; 830.115
0.05824; 828.841
0.0585; 827.549
0.05876; 826.233
0.05902; 824.9
0.05928; 823.541
0.05954; 822.164
0.0598; 820.761
0.06006; 819.339
0.06032; 817.891
0.06058; 816.423
0.06084; 814.928
0.0611; 813.412
0.06136; 811.869
0.06162; 810.304
0.06188; 808.712
0.06214; 807.097
0.0624; 805.453
0.06266; 803.786
0.06292; 802.091
0.06318; 800.372
0.06344; 798.623
0.0637; 796.85
0.06396; 795.048
0.06422; 793.221
0.06448; 791.364
0.06474; 789.482
0.065; 787.57
0.06526; 785.633
0.06552; 783.667
0.06578; 781.675
0.06604; 779.655
0.0663; 777.61
0.06656; 775.537
0.06682; 773.441
0.06708; 771.318
0.06734; 769.172
0.0676; 767.002
0.06786; 764.811
0.06812; 762.598
0.06838; 760.366
0.06864; 758.115
0.0689; 755.848
0.06916; 753.565
0.06942; 751.268
0.06968; 748.96
0.06994; 746.641
0.0702; 744.315
0.07046; 741.983
0.07072; 739.646
0.07098; 737.308
0.07124; 734.969
0.0715; 732.632
0.07176; 730.299
0.07202; 727.971
0.07228; 725.65
0.07254; 723.337
0.0728; 721.036
0.07306; 718.744
0.07332; 716.467
0.07358; 714.203
0.07384; 711.954
0.0741; 709.72
0.07436; 707.505
0.07462; 705.304
0.07488; 703.124
0.07514; 700.96
0.0754; 698.818
0.07566; 696.692
0.07592; 694.589
0.07618; 692.503
0.07644; 690.44
0.0767; 688.395
0.07696; 686.373
0.07722; 684.368
0.07748; 682.387
0.07774; 680.423
0.078; 678.483
0.07826; 676.56
0.07852; 674.661
0.07878; 672.779
0.07904; 670.921
0.0793; 669.079
0.07956; 667.262
0.07982; 665.46
0.08008; 663.683
0.08034; 661.921
0.0806; 660.183
0.08086; 658.46
0.08112; 656.761
0.08138; 655.077
0.08164; 653.417
0.0819; 651.771
0.08216; 650.148
0.08242; 648.54
0.08268; 646.956
0.08294; 645.384
0.0832; 643.837
0.08346; 642.303
0.08372; 640.793
0.08398; 639.296
0.08424; 637.822
0.0845; 636.361
0.08476; 634.924
0.08502; 633.498
0.08528; 632.097
0.08554; 630.707
0.0858; 629.342
0.08606; 627.987
0.08632; 626.657
0.08658; 625.338
0.08684; 624.043
0.0871; 622.759
0.08736; 621.499
0.08762; 620.25
0.08788; 619.025
0.08814; 617.81
0.0884; 616.62
0.08866; 615.44
0.08892; 614.285
0.08918; 613.139
0.08944; 612.019
0.0897; 610.908
0.08996; 609.822
0.09022; 608.745
0.09048; 607.694
0.09074; 606.651
0.091; 605.634
0.09126; 604.625
0.09152; 603.643
0.09178; 602.669
0.09204; 601.721
0.0923; 600.782
0.09256; 599.868
0.09282; 598.963
0.09308; 598.084
0.09334; 597.213
0.0936; 596.368
0.09386; 595.532
0.09412; 594.721
0.09438; 593.919
0.09464; 593.143
0.0949; 592.375
0.09516; 591.633
0.09542; 590.9
0.09568; 590.193
0.09594; 589.493
0.0962; 588.821
0.09646; 588.155
0.09672; 587.517
0.09698; 586.886
0.09724; 586.282
0.0975; 585.686
0.09776; 585.116
0.09802; 584.554
0.09828; 584.018
0.09854; 583.49
0.0988; 582.989
0.09906; 582.495
0.09932; 582.028
0.09958; 581.569
0.09984; 581.136
0.1001; 580.711
0.10036; 580.312
0.10062; 579.92
0.10088; 579.556
0.10114; 579.197
0.1014; 578.867
0.10166; 578.543
0.10192; 578.248
0.10218; 577.958
0.10244; 577.696
0.1027; 577.44
0.10296; 577.211
0.10322; 576.987
0.10348; 576.793
0.10374; 576.603
0.104; 576.441
0.10426; 576.284
0.10452; 576.156
0.10478; 576.032
0.10504; 575.936
0.1053; 575.845
0.10556; 575.781
0.10582; 575.72
0.10608; 575.683
0.10634; 575.648
0.1066; 0
0.10686; 0
0.10712; 0
0.10738; 0
0.10764; 0
0.1079; 0
0.10816; 0
0.10842; 0
0.10868; 0
0.10894; 0
0.1092; 0
0.10946; 0
0.10972; 0
0.10998; 0
0.11024; 0
0.1105; 0
0.11076; 0
0.11102; 0
0.11128; 0
0.11154; 0
0.1118; 0
0.11206; 0
0.11232; 0
0.11258; 0
0.11284; 0
0.1131; 0
0.11336; 0
0.11362; 0
0.11388; 0
0.11414; 0
0.1144; 0
0.11466; 0
0.11492; 0
0.11518; 0
0.11544; 0
0.1157; 0
0.11596; 0
0.11622; 0
0.11648; 0
0.11674; 0
0.117; 0
0.11726; 0
0.11752; 0
0.11778; 0
0.11804; 0
0.1183; 0
0.11856; 0
0.11882; 0
0.11908; 0
0.11934; 0
0.1196; 0
0.11986; 0
0.12012; 0
0.12038; 0
0.12064; 0
0.1209; 0
0.12116; 0
0.12142; 0
0.12168; 0
0.12194; 0
0.1222; 0
0.12246; 0
0.12272; 0
0.12298; 0
0.12324; 0
0.1235; 0
0.12376; 0
0.12402; 0
0.12428; 0
0.12454; 0
0.1248; 0
