0.00026; 300.032
0.00052; 300.032
0.00078; 300.032
0.00104; 300.033
0.0013; 300.033
0.00156; 300.033
0.00182; 300.034
0.00208; 300.034
0.00234; 300.035
0.0026; 300.036
0.00286; 300.037
0.00312; 300.038
0.00338; 300.039
0.00364; 300.04
0.0039; 300.041
0.00416; 300.043
0.00442; 300.045
0.00468; 300.046
0.00494; 300.048
0.0052; 300.05
0.00546; 300.052
0.00572; 300.055
0.00598; 300.057
0.00624; 300.06
0.0065; 300.062
0.00676; 300.065
0.00702; 300.069
0.00728; 300.072
0.00754; 300.075
0.0078; 300.079
0.00806; 300.083
0.00832; 300.087
0.00858; 300.091
0.00884; 300.096
0.0091; 300.101
0.00936; 300.106
0.00962; 300.111
0.00988; 300.117
0.01014; 300.123
0.0104; 300.129
0.01066; 300.135
0.01092; 300.142
0.01118; 300.149
0.01144; 300.157
0.0117; 300.164
0.01196; 300.172
0.01222; 300.181
0.01248; 300.19
0.01274; 300.199
0.013; 300.208
0.01326; 300.218
0.01352; 300.228
0.01378; 300.239
0.01404; 300.25
0.0143; 300.262
0.01456; 300.274
0.01482; 300.286
0.01508; 300.299
0.01534; 300.312
0.0156; 300.326
0.01586; 300.34
0.01612; 300.355
0.01638; 300.37
0.01664; 300.386
0.0169; 300.402
0.01716; 300.419
0.01742; 300.436
0.01768; 300.455
0.01794; 300.473
0.0182; 300.492
0.01846; 300.512
0.01872; 300.533
0.01898; 300.554
0.01924; 300.576
0.0195; 300.599
0.01976; 300.623
0.02002; 300.647
0.02028; 300.672
0.02054; 300.699
0.0208; 300.726
0.02106; 300.754
0.02132; 300.783
0.02158; 300.814
0.02184; 300.845
0.0221; 300.877
0.02236; 300.912
0.02262; 300.947
0.02288; 300.983
0.02314; 301.021
0.0234; 301.061
0.02366; 301.101
0.02392; 301.143
0.02418; 301.187
0.02444; 301.233
0.0247; 301.28
0.02496; 301.328
0.02522; 301.38
0.02548; 301.434
0.02574; 301.488
0.026; 301.545
0.02626; 301.604
0.02652; 301.665
0.02678; 301.729
0.02704; 301.795
0.0273; 301.864
0.02756; 301.934
0.02782; 302.006
0.02808; 302.084
0.02834; 302.164
0.0286; 302.245
0.02886; 302.33
0.02912; 302.419
0.02938; 302.51
0.02964; 302.604
0.0299; 302.702
0.03016; 302.804
0.03042; 302.909
0.03068; 303.016
0.03094; 303.131
0.0312; 303.249
0.03146; 303.37
0.03172; 303.495
0.03198; 303.626
0.03224; 303.761
0.0325; 303.9
0.03276; 304.044
0.03302; 304.195
0.03328; 304.35
0.03354; 304.507
0.0338; 304.676
0.03406; 304.849
0.03432; 305.027
0.03458; 305.211
0.03484; 305.403
0.0351; 305.6
0.03536; 305.805
0.03562; 306.017
0.03588; 306.238
0.03614; 306.464
0.0364; 306.696
0.03666; 306.943
0.03692; 307.197
0.03718; 307.458
0.03744; 307.727
0.0377; 308.008
0.03796; 308.298
0.03822; 308.598
0.03848; 308.908
0.03874; 309.232
0.039; 309.565
0.03926; 309.904
0.03952; 310.267
0.03978; 310.639
0.04004; 311.021
0.0403; 311.416
0.04056; 311.829
0.04082; 312.253
0.04108; 312.692
0.04134; 313.147
0.0416; 313.621
0.04186; 314.108
0.04212; 314.605
0.04238; 315.134
0.04264; 315.676
0.0429; 316.233
0.04316; 316.808
0.04342; 317.406
0.04368; 318.02
0.04394; 318.655
0.0442; 319.31
0.04446; 319.991
0.04472; 320.687
0.04498; 321.395
0.04524; 322.145
0.0455; 322.91
0.04576; 323.692
0.04602; 324.494
0.04628; 325.324
0.04654; 326.171
0.0468; 327.04
0.04706; 327.929
0.04732; 328.847
0.04758; 329.778
0.04784; 330.719
0.0481; 331.706
0.04836; 332.704
0.04862; 333.716
0.04888; 334.745
0.04914; 335.8
0.0494; 336.868
0.04966; 337.954
0.04992; 339.058
0.05018; 340.186
0.05044; 341.322
0.0507; 342.461
0.05096; 343.647
0.05122; 344.837
0.05148; 346.036
0.05174; 347.247
0.052; 348.482
0.05226; 349.725
0.05252; 350.982
0.05278; 352.254
0.05304; 353.551
0.0533; 354.852
0.05356; 356.151
0.05382; 357.503
0.05408; 358.86
0.05434; 360.223
0.0546; 361.6
0.05486; 363.005
0.05512; 364.419
0.05538; 365.852
0.05564; 367.303
0.0559; 368.786
0.05616; 370.275
0.05642; 371.765
0.05668; 373.32
0.05694; 374.882
0.0572; 376.456
0.05746; 378.048
0.05772; 379.677
0.05798; 381.319
0.05824; 382.986
0.0585; 384.677
0.05876; 386.405
0.05902; 388.144
0.05928; 389.886
0.05954; 391.706
0.0598; 393.534
0.06006; 395.378
0.06032; 397.243
0.06058; 399.151
0.06084; 401.075
0.0611; 403.026
0.06136; 405.005
0.06162; 407.026
0.06188; 409.058
0.06214; 411.094
0.0624; 413.214
0.06266; 415.344
0.06292; 417.489
0.06318; 419.658
0.06344; 421.871
0.0637; 424.102
0.06396; 426.36
0.06422; 428.647
0.06448; 430.978
0.06474; 433.319
0.065; 435.663
0.06526; 438.096
0.06552; 440.537
0.06578; 442.993
0.06604; 445.472
0.0663; 447.997
0.06656; 450.538
0.06682; 453.106
0.06708; 455.704
0.06734; 458.346
0.0676; 460.999
0.06786; 463.652
0.06812; 466.397
0.06838; 469.149
0.06864; 471.916
0.0689; 474.706
0.06916; 477.542
0.06942; 480.395
0.06968; 483.277
0.06994; 486.188
0.0702; 489.144
0.07046; 492.112
0.07072; 495.081
0.07098; 498.144
0.07124; 501.216
0.0715; 504.304
0.07176; 507.418
0.07202; 510.58
0.07228; 513.762
0.07254; 516.974
0.0728; 520.22
0.07306; 523.515
0.07332; 526.825
0.07358; 530.141
0.07384; 533.555
0.0741; 536.983
0.07436; 540.432
0.07462; 543.913
0.07488; 547.448
0.07514; 551.009
0.0754; 554.607
0.07566; 558.246
0.07592; 561.94
0.07618; 565.657
0.07644; 569.389
0.0767; 573.224
0.07696; 577.081
0.07722; 580.969
0.07748; 584.896
0.07774; 588.884
0.078; 592.905
0.07826; 596.971
0.07852; 601.084
0.07878; 605.257
0.07904; 609.459
0.0793; 613.681
0.07956; 618.005
0.07982; 622.355
0.08008; 626.736
0.08034; 631.155
0.0806; 635.63
0.08086; 640.133
0.08112; 644.674
0.08138; 649.251
0.08164; 653.874
0.0819; 658.512
0.08216; 663.155
0.08242; 667.874
0.08268; 672.596
0.08294; 677.326
0.0832; 682.064
0.08346; 686.827
0.08372; 691.588
0.08398; 696.351
0.08424; 701.114
0.0845; 705.885
0.08476; 710.635
0.08502; 715.353
0.08528; 720.102
0.08554; 724.817
0.0858; 729.501
0.08606; 734.157
0.08632; 738.797
0.08658; 743.398
0.08684; 747.967
0.0871; 752.5
0.08736; 757.007
0.08762; 761.463
0.08788; 765.862
0.08814; 770.257
0.0884; 774.597
0.08866; 778.886
0.08892; 783.129
0.08918; 787.338
0.08944; 791.497
0.0897; 795.614
0.08996; 799.688
0.09022; 803.73
0.09048; 807.723
0.09074; 811.662
0.091; 815.594
0.09126; 819.479
0.09152; 823.322
0.09178; 827.128
0.09204; 830.91
0.0923; 834.654
0.09256; 838.368
0.09282; 842.054
0.09308; 845.719
0.09334; 849.351
0.0936; 852.946
0.09386; 856.543
0.09412; 860.109
0.09438; 863.648
0.09464; 867.165
0.0949; 870.668
0.09516; 874.149
0.09542; 877.611
0.09568; 881.057
0.09594; 884.492
0.0962; 887.906
0.09646; 891.296
0.09672; 894.691
0.09698; 898.065
0.09724; 901.423
0.0975; 904.766
0.09776; 908.101
0.09802; 911.421
0.09828; 914.729
0.09854; 918.026
0.0988; 921.315
0.09906; 924.588
0.09932; 927.846
0.09958; 931.105
0.09984; 934.349
0.1001; 937.58
0.10036; 940.8
0.10062; 944.011
0.10088; 947.211
0.10114; 950.401
0.1014; 953.58
0.10166; 956.751
0.10192; 959.909
0.10218; 963.054
0.10244; 966.195
0.1027; 969.323
0.10296; 972.439
0.10322; 975.544
0.10348; 978.64
0.10374; 981.724
0.104; 984.798
0.10426; 987.86
0.10452; 990.912
0.10478; 993.953
0.10504; 996.982
0.1053; 1000
0.10556; 1000
0.10582; 1000
0.10608; 1000
0.10634; 1000
0.1066; 1000
0.10686; 1000
0.10712; 1000
0.10738; 1000
0.10764; 1000
0.1079; 1000
0.10816; 1000
0.10842; 1000
0.10868; 1000
0.10894; 1000
0.1092; 1000
0.10946; 1000
0.10972; 1000
0.10998; 1000
0.11024; 1000
0.1105; 1000
0.11076; 1000
0.11102; 1000
0.11128; 1000
0.11154; 1000
0.1118; 1000
0.11206; 1000
0.11232; 1000
0.11258; 1000
0.11284; 1000
0.1131; 1000
0.11336; 1000
0.11362; 1000
0.11388; 1000
0.11414; 1000
0.1144; 1000
0.11466; 1000
0.11492; 1000
0.11518; 1000
0.11544; 1000
0.1157; 1000
0.11596; 1000
0.11622; 1000
0.11648; 1000
0.11674; 1000
0.117; 1000
0.11726; 1000
0.11752; 1000
0.11778; 1000
0.11804; 1000
0.1183; 1000
0.11856; 1000
0.11882; 1000
0.11908; 1000
0.11934; 1000
0.1196; 1000
0.11986; 1000
0.12012; 1000
0.12038; 1000
0.12064; 1000
0.1209; 1000
0.12116; 1000
0.12142; 1000
0.12168; 1000
0.12194; 1000
0.1222; 1000
0.12246; 1000
0.12272; 1000
0.12298; 1000
0.12324; 1000
0.1235; 1000
0.12376; 1000
0.12402; 1000
0.12428; 1000
0.12454; 1000
0.1248; 1000
