0.0026; 400
0.0052; 400
0.0078; 400
0.0104; 400
0.013; 400
0.0156; 400
0.0182; 400
0.0208; 400
0.0234; 400
0.026; 400
0.0286; 400
0.0312; 400
0.0338; 400
0.0364; 400
0.039; 400
0.0416; 400
0.0442; 400
0.0468; 400
0.0494; 400
0.052; 400
0.0546; 400
0.0572; 400
0.0598; 400
0.0624; 400
0.065; 400
0.0676; 400
0.0702; 400
0.0728; 400
0.0754; 400
0.078; 400
0.0806; 400
0.0832; 400
0.0858; 400
0.0884; 400
0.091; 400
0.0936; 400
0.0962; 400
0.0988; 400
0.1014; 400
0.104; 400
0.1066; 400
0.1092; 400
0.1118; 400
0.1144; 400
0.117; 400
0.1196; 400
0.1222; 400
0.1248; 400
0.1274; 400
0.13; 400
0.1326; 400
0.1352; 400
0.1378; 400
0.1404; 400
0.143; 400
0.1456; 400
0.1482; 400
0.1508; 400
0.1534; 400
0.156; 400
0.1586; 400
0.1612; 400
0.1638; 400
0.1664; 400
0.169; 400
0.1716; 400
0.1742; 400
0.1768; 400
0.1794; 400
0.182; 400
0.1846; 400
0.1872; 400
0.1898; 400
0.1924; 400
0.195; 400
0.1976; 400
0.2002; 400
0.2028; 400
0.2054; 400
0.208; 400
0.2106; 400
0.2132; 400
0.2158; 400
0.2184; 400
0.221; 400
0.2236; 400
0.2262; 400
0.2288; 400
0.2314; 400
0.234; 400
0.2366; 400
0.2392; 400
0.2418; 400
0.2444; 400
0.247; 400
0.2496; 400
0.2522; 400
0.2548; 400
0.2574; 400
0.26; 400
0.2626; 400
0.2652; 400
0.2678; 400
0.2704; 400.001
0.273; 400.001
0.2756; 400.001
0.2782; 400.001
0.2808; 400.001
0.2834; 400.001
0.286; 400.001
0.2886; 400.001
0.2912; 400.002
0.2938; 400.002
0.2964; 400.002
0.299; 400.002
0.3016; 400.002
0.3042; 400.002
0.3068; 400.002
0.3094; 400.003
0.312; 400.003
0.3146; 400.003
0.3172; 400.003
0.3198; 400.004
0.3224; 400.004
0.325; 400.004
0.3276; 400.005
0.3302; 400.005
0.3328; 400.006
0.3354; 400.006
0.338; 400.007
0.3406; 400.007
0.3432; 400.008
0.3458; 400.009
0.3484; 400.01
0.351; 400.01
0.3536; 400.011
0.3562; 400.012
0.3588; 400.014
0.3614; 400.015
0.364; 400.016
0.3666; 400.018
0.3692; 400.02
0.3718; 400.021
0.3744; 400.024
0.377; 400.026
0.3796; 400.028
0.3822; 400.031
0.3848; 400.034
0.3874; 400.037
0.39; 400.041
0.3926; 400.045
0.3952; 400.049
0.3978; 400.054
0.4004; 400.059
0.403; 400.065
0.4056; 400.071
0.4082; 400.077
0.4108; 400.085
0.4134; 400.093
0.416; 400.101
0.4186; 400.111
0.4212; 400.121
0.4238; 400.132
0.4264; 400.144
0.429; 400.157
0.4316; 400.171
0.4342; 400.187
0.4368; 400.203
0.4394; 400.221
0.442; 400.241
0.4446; 400.262
0.4472; 400.285
0.4498; 400.309
0.4524; 400.336
0.455; 400.365
0.4576; 400.396
0.4602; 400.429
0.4628; 400.465
0.4654; 400.503
0.468; 400.545
0.4706; 400.589
0.4732; 400.637
0.4758; 400.688
0.4784; 400.743
0.481; 400.802
0.4836; 400.866
0.4862; 400.933
0.4888; 401.005
0.4914; 401.083
0.494; 401.165
0.4966; 401.253
0.4992; 401.347
0.5018; 401.447
0.5044; 401.553
0.507; 401.667
0.5096; 401.787
0.5122; 401.916
0.5148; 402.052
0.5174; 402.196
0.52; 402.35
0.5226; 402.512
0.5252; 402.684
0.5278; 402.867
0.5304; 403.06
0.533; 403.264
0.5356; 403.48
0.5382; 403.707
0.5408; 403.948
0.5434; 404.201
0.546; 404.468
0.5486; 404.75
0.5512; 405.046
0.5538; 405.357
0.5564; 405.685
0.559; 406.029
0.5616; 406.39
0.5642; 406.769
0.5668; 407.166
0.5694; 407.582
0.572; 408.018
0.5746; 408.474
0.5772; 408.951
0.5798; 409.45
0.5824; 409.971
0.585; 410.514
0.5876; 411.081
0.5902; 411.672
0.5928; 412.288
0.5954; 412.929
0.598; 413.596
0.6006; 414.289
0.6032; 415.01
0.6058; 415.759
0.6084; 416.535
0.611; 417.341
0.6136; 418.176
0.6162; 419.042
0.6188; 419.938
0.6214; 420.865
0.624; 421.823
0.6266; 422.814
0.6292; 423.837
0.6318; 424.892
0.6344; 425.982
0.637; 427.104
0.6396; 428.261
0.6422; 429.453
0.6448; 430.678
0.6474; 431.939
0.65; 433.235
0.6526; 434.566
0.6552; 435.933
0.6578; 437.335
0.6604; 438.772
0.663; 440.246
0.6656; 441.755
0.6682; 443.3
0.6708; 444.881
0.6734; 446.497
0.676; 448.148
0.6786; 449.835
0.6812; 451.556
0.6838; 453.313
0.6864; 455.104
0.689; 456.928
0.6916; 458.787
0.6942; 460.679
0.6968; 462.603
0.6994; 464.56
0.702; 466.548
0.7046; 468.568
0.7072; 470.618
0.7098; 472.698
0.7124; 474.807
0.715; 476.944
0.7176; 479.109
0.7202; 481.301
0.7228; 483.518
0.7254; 485.761
0.728; 488.029
0.7306; 490.319
0.7332; 492.632
0.7358; 494.967
0.7384; 497.323
0.741; 499.699
0.7436; 502.095
0.7462; 504.51
0.7488; 506.944
0.7514; 509.396
0.754; 511.868
0.7566; 514.361
0.7592; 516.875
0.7618; 519.413
0.7644; 521.978
0.767; 524.573
0.7696; 527.2
0.7722; 529.86
0.7748; 532.549
0.7774; 535.262
0.78; 537.996
0.7826; 540.743
0.7852; 543.499
0.7878; 546.254
0.7904; 549.002
0.793; 551.735
0.7956; 554.453
0.7982; 557.153
0.8008; 559.835
0.8034; 562.497
0.806; 565.141
0.8086; 567.767
0.8112; 570.374
0.8138; 572.967
0.8164; 575.561
0.819; 578.394
0.8216; 581.425
0.8242; 584.43
0.8268; 587.401
0.8294; 590.342
0.832; 593.256
0.8346; 596.145
0.8372; 599.008
0.8398; 601.848
0.8424; 604.67
0.845; 607.496
0.8476; 610.186
0.8502; 612.665
0.8528; 615.021
0.8554; 617.324
0.858; 619.596
0.8606; 621.841
0.8632; 624.063
0.8658; 626.261
0.8684; 628.436
0.871; 630.589
0.8736; 632.72
0.8762; 634.832
0.8788; 636.927
0.8814; 639.007
0.884; 641.068
0.8866; 643.145
0.8892; 645.251
0.8918; 647.272
0.8944; 649.221
0.897; 651.105
0.8996; 652.926
0.9022; 654.684
0.9048; 656.379
0.9074; 658.013
0.91; 659.583
0.9126; 661.09
0.9152; 662.534
0.9178; 663.914
0.9204; 665.232
0.923; 666.487
0.9256; 667.68
0.9282; 668.814
0.9308; 669.889
0.9334; 670.908
0.936; 671.872
0.9386; 672.783
0.9412; 673.643
0.9438; 674.456
0.9464; 675.223
0.949; 675.947
0.9516; 676.63
0.9542; 677.276
0.9568; 677.887
0.9594; 678.465
0.962; 679.013
0.9646; 679.534
0.9672; 680.03
0.9698; 680.504
0.9724; 680.959
0.975; 681.396
0.9776; 681.817
0.9802; 682.225
0.9828; 682.62
0.9854; 683.003
0.988; 683.376
0.9906; 683.74
0.9932; 684.094
0.9958; 684.439
0.9984; 684.773
1.001; 685.095
1.0036; 685.413
1.0062; 685.781
1.0088; 686.142
1.0114; 686.509
1.014; 686.883
1.0166; 687.259
1.0192; 687.634
1.0218; 688.008
1.0244; 688.379
1.027; 688.746
1.0296; 689.107
1.0322; 689.463
1.0348; 689.812
1.0374; 690.153
1.04; 690.486
1.0426; 690.808
1.0452; 691.119
1.0478; 691.444
1.0504; 691.771
1.053; 692.078
1.0556; 692.368
1.0582; 692.643
1.0608; 692.906
1.0634; 693.157
1.066; 693.399
1.0686; 693.631
1.0712; 693.855
1.0738; 694.071
1.0764; 694.281
1.079; 694.485
1.0816; 694.683
1.0842; 694.877
1.0868; 695.068
1.0894; 695.257
1.092; 695.444
1.0946; 695.631
1.0972; 695.818
1.0998; 696.007
1.1024; 696.198
1.105; 696.393
1.1076; 696.593
1.1102; 696.797
1.1128; 697.008
1.1154; 697.226
1.118; 697.452
1.1206; 697.686
1.1232; 697.93
1.1258; 698.186
1.1284; 698.455
1.131; 698.736
1.1336; 699.027
1.1362; 699.314
1.1388; 699.655
1.1414; 700.046
1.144; 700.442
1.1466; 700.861
1.1492; 701.305
1.1518; 701.761
1.1544; 702.229
1.157; 702.705
1.1596; 703.187
1.1622; 703.674
1.1648; 704.165
1.1674; 704.656
1.17; 705.148
1.1726; 705.636
1.1752; 706.117
1.1778; 706.686
1.1804; 707.343
1.183; 707.997
1.1856; 708.647
1.1882; 709.294
1.1908; 709.936
1.1934; 710.57
1.196; 711.196
1.1986; 711.811
1.2012; 712.415
1.2038; 713.004
1.2064; 713.577
1.209; 714.131
1.2116; 714.665
1.2142; 715.175
1.2168; 715.661
1.2194; 716.118
1.222; 716.546
1.2246; 716.942
1.2272; 717.305
1.2298; 717.632
1.2324; 717.922
1.235; 718.173
1.2376; 718.385
1.2402; 718.555
1.2428; 718.684
1.2454; 718.77
1.248; 718.813
