0.0026; 400
0.0052; 400
0.0078; 400
0.0104; 400
0.013; 400
0.0156; 400
0.0182; 400
0.0208; 400
0.0234; 400
0.026; 400
0.0286; 400
0.0312; 400
0.0338; 400
0.0364; 400
0.039; 400
0.0416; 400
0.0442; 400
0.0468; 400
0.0494; 400
0.052; 400
0.0546; 400
0.0572; 400
0.0598; 400
0.0624; 400
0.065; 400
0.0676; 400
0.0702; 400
0.0728; 400
0.0754; 400
0.078; 400
0.0806; 400
0.0832; 400
0.0858; 400
0.0884; 400
0.091; 400
0.0936; 400
0.0962; 400
0.0988; 400
0.1014; 400
0.104; 400
0.1066; 400
0.1092; 400
0.1118; 400
0.1144; 400
0.117; 400
0.1196; 400
0.1222; 400
0.1248; 400
0.1274; 400
0.13; 400
0.1326; 400
0.1352; 400
0.1378; 400
0.1404; 400
0.143; 400
0.1456; 400
0.1482; 400
0.1508; 400
0.1534; 400
0.156; 400
0.1586; 400
0.1612; 400
0.1638; 400
0.1664; 400
0.169; 400
0.1716; 400
0.1742; 400
0.1768; 400
0.1794; 400
0.182; 400
0.1846; 400
0.1872; 400
0.1898; 400
0.1924; 400
0.195; 400
0.1976; 400
0.2002; 400
0.2028; 400
0.2054; 400
0.208; 400
0.2106; 400
0.2132; 400
0.2158; 400
0.2184; 400
0.221; 400
0.2236; 400
0.2262; 400
0.2288; 400
0.2314; 400
0.234; 400
0.2366; 400
0.2392; 400
0.2418; 400
0.2444; 400
0.247; 400
0.2496; 400
0.2522; 400
0.2548; 400
0.2574; 400
0.26; 400
0.2626; 400
0.2652; 400
0.2678; 400
0.2704; 400
0.273; 400
0.2756; 400
0.2782; 400
0.2808; 400
0.2834; 400
0.286; 400
0.2886; 400
0.2912; 400
0.2938; 400
0.2964; 400
0.299; 400
0.3016; 400
0.3042; 400
0.3068; 400
0.3094; 400
0.312; 400
0.3146; 400
0.3172; 400
0.3198; 400
0.3224; 400
0.325; 400
0.3276; 400
0.3302; 400
0.3328; 400
0.3354; 400
0.338; 400
0.3406; 400
0.3432; 400
0.3458; 400
0.3484; 400
0.351; 400
0.3536; 400
0.3562; 400
0.3588; 400
0.3614; 400
0.364; 400
0.3666; 400
0.3692; 400
0.3718; 400
0.3744; 400
0.377; 400
0.3796; 400
0.3822; 400
0.3848; 400
0.3874; 400
0.39; 400
0.3926; 400
0.3952; 400
0.3978; 400
0.4004; 400
0.403; 400
0.4056; 400
0.4082; 400
0.4108; 400
0.4134; 400
0.416; 400
0.4186; 400
0.4212; 400
0.4238; 400
0.4264; 400
0.429; 400
0.4316; 400
0.4342; 400
0.4368; 400
0.4394; 400
0.442; 400
0.4446; 400
0.4472; 400
0.4498; 400
0.4524; 400
0.455; 400
0.4576; 400
0.4602; 400
0.4628; 400
0.4654; 400
0.468; 400
0.4706; 400
0.4732; 400
0.4758; 400
0.4784; 400
0.481; 400
0.4836; 400
0.4862; 400
0.4888; 400
0.4914; 400.001
0.494; 400.001
0.4966; 400.001
0.4992; 400.001
0.5018; 400.001
0.5044; 400.001
0.507; 400.002
0.5096; 400.002
0.5122; 400.002
0.5148; 400.003
0.5174; 400.004
0.52; 400.004
0.5226; 400.005
0.5252; 400.006
0.5278; 400.007
0.5304; 400.008
0.533; 400.01
0.5356; 400.012
0.5382; 400.014
0.5408; 400.017
0.5434; 400.02
0.546; 400.023
0.5486; 400.027
0.5512; 400.032
0.5538; 400.037
0.5564; 400.044
0.559; 400.051
0.5616; 400.06
0.5642; 400.07
0.5668; 400.081
0.5694; 400.094
0.572; 400.109
0.5746; 400.127
0.5772; 400.147
0.5798; 400.169
0.5824; 400.195
0.585; 400.225
0.5876; 400.258
0.5902; 400.296
0.5928; 400.34
0.5954; 400.388
0.598; 400.444
0.6006; 400.506
0.6032; 400.575
0.6058; 400.654
0.6084; 400.742
0.611; 400.84
0.6136; 400.95
0.6162; 401.073
0.6188; 401.209
0.6214; 401.361
0.624; 401.529
0.6266; 401.715
0.6292; 401.922
0.6318; 402.149
0.6344; 402.4
0.637; 402.677
0.6396; 402.98
0.6422; 403.313
0.6448; 403.678
0.6474; 404.076
0.65; 404.511
0.6526; 404.986
0.6552; 405.502
0.6578; 406.062
0.6604; 406.67
0.663; 407.328
0.6656; 408.039
0.6682; 408.807
0.6708; 409.633
0.6734; 410.522
0.676; 411.477
0.6786; 412.5
0.6812; 413.594
0.6838; 414.763
0.6864; 416.009
0.689; 417.335
0.6916; 418.744
0.6942; 420.238
0.6968; 421.819
0.6994; 423.491
0.702; 425.253
0.7046; 427.109
0.7072; 429.059
0.7098; 431.104
0.7124; 433.246
0.715; 435.484
0.7176; 437.818
0.7202; 440.249
0.7228; 442.774
0.7254; 445.394
0.728; 448.106
0.7306; 450.909
0.7332; 453.801
0.7358; 456.778
0.7384; 459.837
0.741; 462.976
0.7436; 466.191
0.7462; 469.479
0.7488; 472.835
0.7514; 476.257
0.754; 479.742
0.7566; 483.286
0.7592; 486.889
0.7618; 490.55
0.7644; 494.269
0.767; 498.047
0.7696; 501.885
0.7722; 505.779
0.7748; 509.72
0.7774; 513.699
0.78; 517.701
0.7826; 521.716
0.7852; 525.73
0.7878; 529.727
0.7904; 533.693
0.793; 537.617
0.7956; 541.492
0.7982; 545.315
0.8008; 549.085
0.8034; 552.799
0.806; 556.456
0.8086; 560.054
0.8112; 563.591
0.8138; 567.066
0.8164; 570.49
0.819; 574.228
0.8216; 578.208
0.8242; 582.093
0.8268; 585.888
0.8294; 589.607
0.832; 593.261
0.8346; 596.859
0.8372; 600.414
0.8398; 603.941
0.8424; 607.463
0.845; 611.021
0.8476; 614.463
0.8502; 617.668
0.8528; 620.733
0.8554; 623.743
0.858; 626.726
0.8606; 629.691
0.8632; 632.641
0.8658; 635.58
0.8684; 638.507
0.871; 641.425
0.8736; 644.335
0.8762; 647.238
0.8788; 650.137
0.8814; 653.038
0.884; 655.944
0.8866; 658.967
0.8892; 662.122
0.8918; 665.224
0.8944; 668.276
0.897; 671.272
0.8996; 674.194
0.9022; 677.025
0.9048; 679.744
0.9074; 682.333
0.91; 684.77
0.9126; 687.036
0.9152; 689.112
0.9178; 690.984
0.9204; 692.637
0.923; 694.059
0.9256; 695.242
0.9282; 696.182
0.9308; 696.876
0.9334; 697.324
0.936; 697.53
0.9386; 697.501
0.9412; 697.245
0.9438; 696.775
0.9464; 696.105
0.949; 695.249
0.9516; 694.226
0.9542; 693.054
0.9568; 691.753
0.9594; 690.344
0.962; 688.849
0.9646; 687.29
0.9672; 685.689
0.9698; 684.069
0.9724; 682.452
0.975; 680.86
0.9776; 679.316
0.9802; 677.84
0.9828; 676.453
0.9854; 675.176
0.988; 674.028
0.9906; 673.028
0.9932; 672.193
0.9958; 671.539
0.9984; 671.077
1.001; 670.82
1.0036; 670.783
1.0062; 671.047
1.0088; 671.405
1.0114; 671.882
1.014; 672.483
1.0166; 673.205
1.0192; 674.04
1.0218; 674.982
1.0244; 676.025
1.027; 677.159
1.0296; 678.375
1.0322; 679.663
1.0348; 681.013
1.0374; 682.411
1.04; 683.847
1.0426; 685.303
1.0452; 686.765
1.0478; 688.342
1.0504; 690.119
1.053; 691.946
1.0556; 693.791
1.0582; 695.623
1.0608; 697.412
1.0634; 699.124
1.066; 700.729
1.0686; 702.196
1.0712; 703.497
1.0738; 704.607
1.0764; 705.503
1.079; 706.168
1.0816; 706.585
1.0842; 706.747
1.0868; 706.646
1.0894; 706.284
1.092; 705.664
1.0946; 704.795
1.0972; 703.692
1.0998; 702.374
1.1024; 700.862
1.105; 699.184
1.1076; 697.369
1.1102; 695.449
1.1128; 693.458
1.1154; 691.433
1.118; 689.408
1.1206; 687.421
1.1232; 685.505
1.1258; 683.695
1.1284; 682.02
1.131; 680.505
1.1336; 679.168
1.1362; 678.01
1.1388; 677.224
1.1414; 676.726
1.144; 676.366
1.1466; 676.19
1.1492; 676.221
1.1518; 676.433
1.1544; 676.827
1.157; 677.392
1.1596; 678.121
1.1622; 679.007
1.1648; 680.042
1.1674; 681.217
1.17; 682.522
1.1726; 683.947
1.1752; 685.48
1.1778; 687.353
1.1804; 689.636
1.183; 692.102
1.1856; 694.726
1.1882; 697.478
1.1908; 700.328
1.1934; 703.244
1.196; 706.196
1.1986; 709.152
1.2012; 712.085
1.2038; 714.968
1.2064; 717.776
1.209; 720.487
1.2116; 723.081
1.2142; 725.543
1.2168; 727.857
1.2194; 730.013
1.222; 732.001
1.2246; 733.815
1.2272; 735.451
1.2298; 736.905
1.2324; 738.177
1.235; 739.265
1.2376; 740.169
1.2402; 740.891
1.2428; 741.432
1.2454; 741.792
1.248; 741.971
