0.0026; 400
0.0052; 400
0.0078; 400
0.0104; 400
0.013; 400
0.0156; 400
0.0182; 400
0.0208; 400
0.0234; 400
0.026; 400
0.0286; 400
0.0312; 400
0.0338; 400
0.0364; 400
0.039; 400
0.0416; 400
0.0442; 400
0.0468; 400
0.0494; 400
0.052; 400
0.0546; 400
0.0572; 400
0.0598; 400
0.0624; 400
0.065; 400
0.0676; 400
0.0702; 400
0.0728; 400
0.0754; 400
0.078; 400
0.0806; 400
0.0832; 400
0.0858; 400
0.0884; 400
0.091; 400
0.0936; 400
0.0962; 400
0.0988; 400
0.1014; 400
0.104; 400
0.1066; 400
0.1092; 400
0.1118; 400
0.1144; 400
0.117; 400
0.1196; 400
0.1222; 400
0.1248; 400
0.1274; 400
0.13; 400
0.1326; 400
0.1352; 400
0.1378; 400
0.1404; 400
0.143; 400
0.1456; 400
0.1482; 400
0.1508; 400
0.1534; 400
0.156; 400
0.1586; 400
0.1612; 400
0.1638; 400
0.1664; 400
0.169; 400
0.1716; 400
0.1742; 400
0.1768; 400
0.1794; 400
0.182; 400
0.1846; 400
0.1872; 400
0.1898; 400
0.1924; 400
0.195; 400
0.1976; 400
0.2002; 400
0.2028; 400
0.2054; 400
0.208; 400
0.2106; 400
0.2132; 400
0.2158; 400
0.2184; 400
0.221; 400
0.2236; 400
0.2262; 400
0.2288; 400
0.2314; 400
0.234; 400
0.2366; 400
0.2392; 400
0.2418; 400
0.2444; 400
0.247; 400
0.2496; 400
0.2522; 400
0.2548; 400
0.2574; 400
0.26; 400
0.2626; 400
0.2652; 400
0.2678; 400
0.2704; 400
0.273; 400
0.2756; 400
0.2782; 400.001
0.2808; 400.001
0.2834; 400.001
0.286; 400.001
0.2886; 400.001
0.2912; 400.001
0.2938; 400.001
0.2964; 400.001
0.299; 400.001
0.3016; 400.002
0.3042; 400.002
0.3068; 400.002
0.3094; 400.002
0.312; 400.002
0.3146; 400.002
0.3172; 400.002
0.3198; 400.003
0.3224; 400.003
0.325; 400.003
0.3276; 400.003
0.3302; 400.004
0.3328; 400.004
0.3354; 400.004
0.338; 400.005
0.3406; 400.005
0.3432; 400.006
0.3458; 400.006
0.3484; 400.007
0.351; 400.008
0.3536; 400.008
0.3562; 400.009
0.3588; 400.01
0.3614; 400.011
0.364; 400.012
0.3666; 400.013
0.3692; 400.014
0.3718; 400.016
0.3744; 400.017
0.377; 400.019
0.3796; 400.021
0.3822; 400.023
0.3848; 400.025
0.3874; 400.028
0.39; 400.03
0.3926; 400.033
0.3952; 400.037
0.3978; 400.04
0.4004; 400.044
0.403; 400.049
0.4056; 400.054
0.4082; 400.059
0.4108; 400.064
0.4134; 400.071
0.416; 400.078
0.4186; 400.085
0.4212; 400.093
0.4238; 400.102
0.4264; 400.112
0.429; 400.122
0.4316; 400.134
0.4342; 400.146
0.4368; 400.16
0.4394; 400.175
0.442; 400.191
0.4446; 400.208
0.4472; 400.227
0.4498; 400.247
0.4524; 400.269
0.455; 400.293
0.4576; 400.319
0.4602; 400.347
0.4628; 400.377
0.4654; 400.41
0.468; 400.445
0.4706; 400.483
0.4732; 400.524
0.4758; 400.568
0.4784; 400.615
0.481; 400.666
0.4836; 400.721
0.4862; 400.779
0.4888; 400.842
0.4914; 400.91
0.494; 400.982
0.4966; 401.059
0.4992; 401.142
0.5018; 401.23
0.5044; 401.324
0.507; 401.425
0.5096; 401.532
0.5122; 401.647
0.5148; 401.769
0.5174; 401.899
0.52; 402.037
0.5226; 402.183
0.5252; 402.339
0.5278; 402.505
0.5304; 402.68
0.533; 402.866
0.5356; 403.064
0.5382; 403.272
0.5408; 403.493
0.5434; 403.726
0.546; 403.973
0.5486; 404.233
0.5512; 404.508
0.5538; 404.797
0.5564; 405.102
0.559; 405.423
0.5616; 405.761
0.5642; 406.116
0.5668; 406.489
0.5694; 406.881
0.572; 407.292
0.5746; 407.723
0.5772; 408.174
0.5798; 408.647
0.5824; 409.142
0.585; 409.66
0.5876; 410.201
0.5902; 410.766
0.5928; 411.355
0.5954; 411.97
0.598; 412.611
0.6006; 413.278
0.6032; 413.973
0.6058; 414.696
0.6084; 415.447
0.611; 416.228
0.6136; 417.038
0.6162; 417.879
0.6188; 418.751
0.6214; 419.654
0.624; 420.59
0.6266; 421.558
0.6292; 422.559
0.6318; 423.594
0.6344; 424.663
0.637; 425.766
0.6396; 426.904
0.6422; 428.078
0.6448; 429.286
0.6474; 430.531
0.65; 431.812
0.6526; 433.129
0.6552; 434.483
0.6578; 435.873
0.6604; 437.301
0.663; 438.765
0.6656; 440.266
0.6682; 441.804
0.6708; 443.379
0.6734; 444.991
0.676; 446.64
0.6786; 448.325
0.6812; 450.046
0.6838; 451.804
0.6864; 453.597
0.689; 455.426
0.6916; 457.29
0.6942; 459.189
0.6968; 461.121
0.6994; 463.088
0.702; 465.087
0.7046; 467.119
0.7072; 469.183
0.7098; 471.278
0.7124; 473.403
0.715; 475.558
0.7176; 477.742
0.7202; 479.954
0.7228; 482.193
0.7254; 484.459
0.728; 486.75
0.7306; 489.065
0.7332; 491.405
0.7358; 493.767
0.7384; 496.151
0.741; 498.556
0.7436; 500.982
0.7462; 503.427
0.7488; 505.893
0.7514; 508.378
0.754; 510.884
0.7566; 513.411
0.7592; 515.961
0.7618; 518.536
0.7644; 521.138
0.767; 523.772
0.7696; 526.438
0.7722; 529.139
0.7748; 531.87
0.7774; 534.626
0.78; 537.404
0.7826; 540.197
0.7852; 542.998
0.7878; 545.8
0.7904; 548.594
0.793; 551.375
0.7956; 554.139
0.7982; 556.886
0.8008; 559.614
0.8034; 562.323
0.806; 565.013
0.8086; 567.684
0.8112; 570.336
0.8138; 572.973
0.8164; 575.612
0.819; 578.494
0.8216; 581.577
0.8242; 584.635
0.8268; 587.659
0.8294; 590.653
0.832; 593.621
0.8346; 596.562
0.8372; 599.477
0.8398; 602.37
0.8424; 605.244
0.845; 608.121
0.8476; 610.86
0.8502; 613.384
0.8528; 615.781
0.8554; 618.124
0.858; 620.434
0.8606; 622.716
0.8632; 624.973
0.8658; 627.204
0.8684; 629.411
0.871; 631.594
0.8736; 633.754
0.8762; 635.892
0.8788; 638.011
0.8814; 640.115
0.884; 642.197
0.8866; 644.296
0.8892; 646.421
0.8918; 648.459
0.8944; 650.421
0.897; 652.316
0.8996; 654.144
0.9022; 655.907
0.9048; 657.604
0.9074; 659.236
0.91; 660.802
0.9126; 662.302
0.9152; 663.735
0.9178; 665.102
0.9204; 666.404
0.923; 667.641
0.9256; 668.814
0.9282; 669.925
0.9308; 670.976
0.9334; 671.968
0.936; 672.903
0.9386; 673.785
0.9412; 674.615
0.9438; 675.396
0.9464; 676.131
0.949; 676.822
0.9516; 677.473
0.9542; 678.086
0.9568; 678.663
0.9594; 679.209
0.962; 679.725
0.9646; 680.215
0.9672; 680.681
0.9698; 681.126
0.9724; 681.552
0.975; 681.963
0.9776; 682.359
0.9802; 682.743
0.9828; 683.116
0.9854; 683.479
0.988; 683.833
0.9906; 684.18
0.9932; 684.519
0.9958; 684.85
0.9984; 685.173
1.001; 685.486
1.0036; 685.796
1.0062; 686.157
1.0088; 686.511
1.0114; 686.873
1.014; 687.242
1.0166; 687.612
1.0192; 687.983
1.0218; 688.353
1.0244; 688.72
1.027; 689.084
1.0296; 689.442
1.0322; 689.795
1.0348; 690.14
1.0374; 690.478
1.04; 690.807
1.0426; 691.126
1.0452; 691.434
1.0478; 691.754
1.0504; 692.076
1.053; 692.376
1.0556; 692.659
1.0582; 692.927
1.0608; 693.181
1.0634; 693.422
1.066; 693.652
1.0686; 693.871
1.0712; 694.081
1.0738; 694.281
1.0764; 694.474
1.079; 694.659
1.0816; 694.837
1.0842; 695.01
1.0868; 695.179
1.0894; 695.343
1.092; 695.506
1.0946; 695.667
1.0972; 695.828
1.0998; 695.991
1.1024; 696.155
1.105; 696.324
1.1076; 696.497
1.1102; 696.675
1.1128; 696.861
1.1154; 697.054
1.118; 697.257
1.1206; 697.47
1.1232; 697.694
1.1258; 697.931
1.1284; 698.184
1.131; 698.451
1.1336; 698.73
1.1362; 699.007
1.1388; 699.342
1.1414; 699.728
1.144; 700.122
1.1466; 700.54
1.1492; 700.985
1.1518; 701.444
1.1544; 701.917
1.157; 702.399
1.1596; 702.889
1.1622; 703.386
1.1648; 703.888
1.1674; 704.393
1.17; 704.899
1.1726; 705.403
1.1752; 705.903
1.1778; 706.492
1.1804; 707.174
1.183; 707.856
1.1856; 708.537
1.1882; 709.217
1.1908; 709.894
1.1934; 710.565
1.196; 711.23
1.1986; 711.886
1.2012; 712.53
1.2038; 713.161
1.2064; 713.776
1.209; 714.372
1.2116; 714.947
1.2142; 715.498
1.2168; 716.022
1.2194; 716.517
1.222; 716.981
1.2246; 717.411
1.2272; 717.805
1.2298; 718.16
1.2324; 718.476
1.235; 718.75
1.2376; 718.98
1.2402; 719.166
1.2428; 719.306
1.2454; 719.4
1.248; 719.448
