0.00026; 608.044
0.00052; 608.054
0.00078; 608.054
0.00104; 608.068
0.0013; 608.082
0.00156; 608.108
0.00182; 608.134
0.00208; 608.172
0.00234; 608.21
0.0026; 608.261
0.00286; 608.311
0.00312; 608.374
0.00338; 608.435
0.00364; 608.511
0.0039; 608.584
0.00416; 608.672
0.00442; 608.758
0.00468; 608.858
0.00494; 608.956
0.0052; 609.068
0.00546; 609.178
0.00572; 609.302
0.00598; 609.424
0.00624; 609.56
0.0065; 609.695
0.00676; 609.843
0.00702; 609.989
0.00728; 610.149
0.00754; 610.308
0.0078; 610.48
0.00806; 610.651
0.00832; 610.835
0.00858; 611.018
0.00884; 611.214
0.0091; 611.409
0.00936; 611.617
0.00962; 611.824
0.00988; 612.044
0.01014; 612.264
0.0104; 612.496
0.01066; 612.727
0.01092; 612.971
0.01118; 613.214
0.01144; 613.47
0.0117; 613.725
0.01196; 613.993
0.01222; 614.26
0.01248; 614.54
0.01274; 614.819
0.013; 615.111
0.01326; 615.402
0.01352; 615.706
0.01378; 616.009
0.01404; 616.324
0.0143; 616.639
0.01456; 616.967
0.01482; 617.293
0.01508; 617.633
0.01534; 617.971
0.0156; 618.322
0.01586; 618.673
0.01612; 619.036
0.01638; 619.398
0.01664; 619.772
0.0169; 620.146
0.01716; 620.532
0.01742; 620.917
0.01768; 621.315
0.01794; 621.712
0.0182; 622.122
0.01846; 622.53
0.01872; 622.952
0.01898; 623.372
0.01924; 623.805
0.0195; 624.237
0.01976; 624.681
0.02002; 625.124
0.02028; 625.58
0.02054; 626.035
0.0208; 626.502
0.02106; 626.969
0.02132; 627.448
0.02158; 627.926
0.02184; 628.417
0.0221; 628.907
0.02236; 629.408
0.02262; 629.909
0.02288; 630.423
0.02314; 630.935
0.0234; 631.459
0.02366; 631.983
0.02392; 632.519
0.02418; 633.054
0.02444; 633.602
0.0247; 634.148
0.02496; 634.707
0.02522; 635.264
0.02548; 635.834
0.02574; 636.403
0.026; 636.984
0.02626; 637.564
0.02652; 638.156
0.02678; 638.748
0.02704; 639.351
0.0273; 639.954
0.02756; 640.568
0.02782; 641.182
0.02808; 641.807
0.02834; 642.432
0.0286; 643.068
0.02886; 643.704
0.02912; 644.351
0.02938; 644.998
0.02964; 645.656
0.0299; 646.314
0.03016; 646.983
0.03042; 647.651
0.03068; 648.331
0.03094; 649.011
0.0312; 649.701
0.03146; 650.392
0.03172; 651.093
0.03198; 651.794
0.03224; 652.506
0.0325; 653.218
0.03276; 653.941
0.03302; 654.663
0.03328; 655.397
0.03354; 656.13
0.0338; 656.874
0.03406; 657.618
0.03432; 658.372
0.03458; 659.126
0.03484; 659.892
0.0351; 660.656
0.03536; 661.432
0.03562; 662.207
0.03588; 662.993
0.03614; 663.779
0.0364; 664.575
0.03666; 665.371
0.03692; 666.178
0.03718; 666.984
0.03744; 667.801
0.0377; 668.618
0.03796; 669.445
0.03822; 670.272
0.03848; 671.109
0.03874; 671.946
0.039; 672.793
0.03926; 673.64
0.03952; 674.498
0.03978; 675.355
0.04004; 676.222
0.0403; 677.089
0.04056; 677.967
0.04082; 678.843
0.04108; 679.731
0.04134; 680.618
0.0416; 681.515
0.04186; 682.411
0.04212; 683.318
0.04238; 684.225
0.04264; 685.141
0.0429; 686.058
0.04316; 686.984
0.04342; 687.91
0.04368; 688.846
0.04394; 689.781
0.0442; 690.726
0.04446; 691.671
0.04472; 692.626
0.04498; 693.581
0.04524; 694.545
0.0455; 695.509
0.04576; 696.483
0.04602; 697.456
0.04628; 698.44
0.04654; 699.422
0.0468; 700.415
0.04706; 701.407
0.04732; 702.409
0.04758; 703.41
0.04784; 704.421
0.0481; 705.432
0.04836; 706.452
0.04862; 707.471
0.04888; 708.5
0.04914; 709.529
0.0494; 710.567
0.04966; 711.604
0.04992; 712.651
0.05018; 713.698
0.05044; 714.754
0.0507; 715.809
0.05096; 716.874
0.05122; 717.938
0.05148; 719.011
0.05174; 720.084
0.052; 721.166
0.05226; 722.247
0.05252; 723.338
0.05278; 724.427
0.05304; 725.527
0.0533; 726.625
0.05356; 727.733
0.05382; 728.84
0.05408; 729.956
0.05434; 731.072
0.0546; 732.196
0.05486; 733.32
0.05512; 734.452
0.05538; 735.585
0.05564; 736.725
0.0559; 737.866
0.05616; 739.015
0.05642; 740.163
0.05668; 741.32
0.05694; 742.477
0.0572; 743.642
0.05746; 744.807
0.05772; 745.98
0.05798; 747.152
0.05824; 748.333
0.0585; 749.513
0.05876; 750.702
0.05902; 751.89
0.05928; 753.086
0.05954; 754.282
0.0598; 755.486
0.06006; 756.69
0.06032; 757.901
0.06058; 759.112
0.06084; 760.331
0.0611; 761.55
0.06136; 762.776
0.06162; 764.002
0.06188; 765.236
0.06214; 766.469
0.0624; 767.71
0.06266; 768.95
0.06292; 770.199
0.06318; 771.446
0.06344; 772.702
0.0637; 773.956
0.06396; 775.219
0.06422; 776.481
0.06448; 777.75
0.06474; 779.019
0.065; 780.295
0.06526; 781.571
0.06552; 782.854
0.06578; 784.136
0.06604; 785.426
0.0663; 786.715
0.06656; 788.012
0.06682; 789.307
0.06708; 790.61
0.06734; 791.913
0.0676; 793.222
0.06786; 794.531
0.06812; 795.847
0.06838; 797.163
0.06864; 798.485
0.0689; 799.807
0.06916; 801.135
0.06942; 802.463
0.06968; 803.798
0.06994; 805.132
0.0702; 806.472
0.07046; 807.813
0.07072; 809.159
0.07098; 810.506
0.07124; 811.858
0.0715; 813.21
0.07176; 814.569
0.07202; 815.927
0.07228; 817.291
0.07254; 818.655
0.0728; 820.025
0.07306; 821.394
0.07332; 822.77
0.07358; 824.145
0.07384; 825.526
0.0741; 826.906
0.07436; 828.293
0.07462; 829.679
0.07488; 831.071
0.07514; 832.462
0.0754; 833.859
0.07566; 835.256
0.07592; 836.658
0.07618; 838.06
0.07644; 839.467
0.0767; 840.874
0.07696; 842.287
0.07722; 843.699
0.07748; 845.116
0.07774; 846.533
0.078; 847.955
0.07826; 849.377
0.07852; 850.803
0.07878; 852.23
0.07904; 853.662
0.0793; 855.093
0.07956; 856.529
0.07982; 857.965
0.08008; 859.405
0.08034; 860.846
0.0806; 862.291
0.08086; 863.735
0.08112; 865.185
0.08138; 866.634
0.08164; 868.087
0.0819; 869.54
0.08216; 870.998
0.08242; 872.456
0.08268; 873.917
0.08294; 875.379
0.0832; 876.844
0.08346; 878.31
0.08372; 879.779
0.08398; 881.249
0.08424; 882.722
0.0845; 884.195
0.08476; 885.672
0.08502; 887.149
0.08528; 888.63
0.08554; 890.11
0.0858; 891.595
0.08606; 893.079
0.08632; 894.566
0.08658; 896.054
0.08684; 897.545
0.0871; 899.036
0.08736; 900.53
0.08762; 902.024
0.08788; 903.522
0.08814; 905.019
0.0884; 906.52
0.08866; 908.02
0.08892; 909.524
0.08918; 911.027
0.08944; 912.533
0.0897; 914.04
0.08996; 915.549
0.09022; 917.058
0.09048; 918.57
0.09074; 920.082
0.091; 921.596
0.09126; 923.111
0.09152; 924.628
0.09178; 926.145
0.09204; 927.664
0.0923; 929.184
0.09256; 930.706
0.09282; 932.227
0.09308; 933.751
0.09334; 935.275
0.0936; 936.802
0.09386; 938.328
0.09412; 939.856
0.09438; 941.384
0.09464; 942.915
0.0949; 944.445
0.09516; 945.977
0.09542; 947.509
0.09568; 949.043
0.09594; 950.577
0.0962; 952.112
0.09646; 953.648
0.09672; 955.185
0.09698; 956.722
0.09724; 958.261
0.0975; 959.8
0.09776; 961.34
0.09802; 962.88
0.09828; 964.421
0.09854; 965.963
0.0988; 967.505
0.09906; 969.048
0.09932; 970.592
0.09958; 972.136
0.09984; 973.68
0.1001; 975.225
0.10036; 976.771
0.10062; 978.317
0.10088; 979.863
0.10114; 981.41
0.1014; 982.958
0.10166; 984.505
0.10192; 986.053
0.10218; 987.602
0.10244; 989.15
0.1027; 990.699
0.10296; 992.249
0.10322; 993.799
0.10348; 995.349
0.10374; 996.899
0.104; 998.449
0.10426; 1000
0.10452; 1000
0.10478; 1000
0.10504; 1000
0.1053; 1000
0.10556; 1000
0.10582; 1000
0.10608; 1000
0.10634; 1000
0.1066; 1000
0.10686; 1000
0.10712; 1000
0.10738; 1000
0.10764; 1000
0.1079; 1000
0.10816; 1000
0.10842; 1000
0.10868; 1000
0.10894; 1000
0.1092; 1000
0.10946; 1000
0.10972; 1000
0.10998; 1000
0.11024; 1000
0.1105; 1000
0.11076; 1000
0.11102; 1000
0.11128; 1000
0.11154; 1000
0.1118; 1000
0.11206; 1000
0.11232; 1000
0.11258; 1000
0.11284; 1000
0.1131; 1000
0.11336; 1000
0.11362; 1000
0.11388; 1000
0.11414; 1000
0.1144; 1000
0.11466; 1000
0.11492; 1000
0.11518; 1000
0.11544; 1000
0.1157; 1000
0.11596; 1000
0.11622; 1000
0.11648; 1000
0.11674; 1000
0.117; 1000
0.11726; 1000
0.11752; 1000
0.11778; 1000
0.11804; 1000
0.1183; 1000
0.11856; 1000
0.11882; 1000
0.11908; 1000
0.11934; 1000
0.1196; 1000
0.11986; 1000
0.12012; 1000
0.12038; 1000
0.12064; 1000
0.1209; 1000
0.12116; 1000
0.12142; 1000
0.12168; 1000
0.12194; 1000
0.1222; 1000
0.12246; 1000
0.12272; 1000
0.12298; 1000
0.12324; 1000
0.1235; 1000
0.12376; 1000
0.12402; 1000
0.12428; 1000
0.12454; 1000
0.1248; 1000
