0.00026; 301.044
0.00052; 301.045
0.00078; 301.045
0.00104; 301.047
0.0013; 301.05
0.00156; 301.053
0.00182; 301.058
0.00208; 301.063
0.00234; 301.069
0.0026; 301.077
0.00286; 301.085
0.00312; 301.093
0.00338; 301.103
0.00364; 301.114
0.0039; 301.126
0.00416; 301.138
0.00442; 301.152
0.00468; 301.166
0.00494; 301.182
0.0052; 301.198
0.00546; 301.216
0.00572; 301.234
0.00598; 301.254
0.00624; 301.274
0.0065; 301.295
0.00676; 301.318
0.00702; 301.341
0.00728; 301.366
0.00754; 301.391
0.0078; 301.418
0.00806; 301.446
0.00832; 301.475
0.00858; 301.505
0.00884; 301.536
0.0091; 301.568
0.00936; 301.602
0.00962; 301.637
0.00988; 301.673
0.01014; 301.71
0.0104; 301.748
0.01066; 301.788
0.01092; 301.829
0.01118; 301.872
0.01144; 301.915
0.0117; 301.96
0.01196; 302.007
0.01222; 302.055
0.01248; 302.104
0.01274; 302.155
0.013; 302.208
0.01326; 302.262
0.01352; 302.317
0.01378; 302.374
0.01404; 302.433
0.0143; 302.493
0.01456; 302.555
0.01482; 302.619
0.01508; 302.684
0.01534; 302.752
0.0156; 302.821
0.01586; 302.892
0.01612; 302.964
0.01638; 303.039
0.01664; 303.116
0.0169; 303.194
0.01716; 303.275
0.01742; 303.358
0.01768; 303.443
0.01794; 303.53
0.0182; 303.619
0.01846; 303.711
0.01872; 303.804
0.01898; 303.9
0.01924; 303.999
0.0195; 304.1
0.01976; 304.203
0.02002; 304.309
0.02028; 304.417
0.02054; 304.528
0.0208; 304.642
0.02106; 304.758
0.02132; 304.877
0.02158; 304.999
0.02184; 305.124
0.0221; 305.252
0.02236; 305.382
0.02262; 305.516
0.02288; 305.653
0.02314; 305.793
0.0234; 305.936
0.02366; 306.082
0.02392; 306.232
0.02418; 306.385
0.02444; 306.542
0.0247; 306.702
0.02496; 306.866
0.02522; 307.033
0.02548; 307.204
0.02574; 307.379
0.026; 307.558
0.02626; 307.74
0.02652; 307.927
0.02678; 308.118
0.02704; 308.312
0.0273; 308.511
0.02756; 308.715
0.02782; 308.922
0.02808; 309.135
0.02834; 309.351
0.0286; 309.572
0.02886; 309.798
0.02912; 310.029
0.02938; 310.264
0.02964; 310.505
0.0299; 310.75
0.03016; 311.001
0.03042; 311.257
0.03068; 311.518
0.03094; 311.784
0.0312; 312.056
0.03146; 312.333
0.03172; 312.616
0.03198; 312.905
0.03224; 313.2
0.0325; 313.5
0.03276; 313.806
0.03302; 314.119
0.03328; 314.438
0.03354; 314.763
0.0338; 315.094
0.03406; 315.432
0.03432; 315.777
0.03458; 316.129
0.03484; 316.487
0.0351; 316.852
0.03536; 317.224
0.03562; 317.603
0.03588; 317.99
0.03614; 318.384
0.0364; 318.785
0.03666; 319.194
0.03692; 319.611
0.03718; 320.036
0.03744; 320.468
0.0377; 320.909
0.03796; 321.358
0.03822; 321.815
0.03848; 322.28
0.03874; 322.754
0.039; 323.237
0.03926; 323.728
0.03952; 324.229
0.03978; 324.738
0.04004; 325.257
0.0403; 325.785
0.04056; 326.322
0.04082; 326.869
0.04108; 327.425
0.04134; 327.992
0.0416; 328.568
0.04186; 329.154
0.04212; 329.751
0.04238; 330.358
0.04264; 330.975
0.0429; 331.603
0.04316; 332.242
0.04342; 332.892
0.04368; 333.553
0.04394; 334.224
0.0442; 334.908
0.04446; 335.602
0.04472; 336.309
0.04498; 337.027
0.04524; 337.756
0.0455; 338.498
0.04576; 339.252
0.04602; 340.019
0.04628; 340.798
0.04654; 341.589
0.0468; 342.394
0.04706; 343.211
0.04732; 344.041
0.04758; 344.884
0.04784; 345.741
0.0481; 346.611
0.04836; 347.495
0.04862; 348.393
0.04888; 349.305
0.04914; 350.231
0.0494; 351.171
0.04966; 352.125
0.04992; 353.095
0.05018; 354.078
0.05044; 355.077
0.0507; 356.091
0.05096; 357.12
0.05122; 358.164
0.05148; 359.224
0.05174; 360.299
0.052; 361.39
0.05226; 362.497
0.05252; 363.62
0.05278; 364.76
0.05304; 365.916
0.0533; 367.088
0.05356; 368.277
0.05382; 369.483
0.05408; 370.706
0.05434; 371.947
0.0546; 373.204
0.05486; 374.479
0.05512; 375.772
0.05538; 377.082
0.05564; 378.41
0.0559; 379.757
0.05616; 381.121
0.05642; 382.504
0.05668; 383.906
0.05694; 385.326
0.0572; 386.765
0.05746; 388.223
0.05772; 389.7
0.05798; 391.196
0.05824; 392.712
0.0585; 394.247
0.05876; 395.802
0.05902; 397.377
0.05928; 398.971
0.05954; 400.586
0.0598; 402.221
0.06006; 403.876
0.06032; 405.552
0.06058; 407.249
0.06084; 408.966
0.0611; 410.704
0.06136; 412.463
0.06162; 414.243
0.06188; 416.045
0.06214; 417.868
0.0624; 419.712
0.06266; 421.578
0.06292; 423.466
0.06318; 425.375
0.06344; 427.307
0.0637; 429.261
0.06396; 431.237
0.06422; 433.235
0.06448; 435.256
0.06474; 437.299
0.065; 439.365
0.06526; 441.453
0.06552; 443.564
0.06578; 445.699
0.06604; 447.856
0.0663; 450.036
0.06656; 452.24
0.06682; 454.467
0.06708; 456.717
0.06734; 458.991
0.0676; 461.288
0.06786; 463.609
0.06812; 465.954
0.06838; 468.322
0.06864; 470.714
0.0689; 473.13
0.06916; 475.57
0.06942; 478.034
0.06968; 480.523
0.06994; 483.035
0.0702; 485.571
0.07046; 488.132
0.07072; 490.717
0.07098; 493.326
0.07124; 495.96
0.0715; 498.617
0.07176; 501.3
0.07202; 504.007
0.07228; 506.738
0.07254; 509.494
0.0728; 512.274
0.07306; 515.079
0.07332; 517.908
0.07358; 520.762
0.07384; 523.641
0.0741; 526.544
0.07436; 529.472
0.07462; 532.424
0.07488; 535.401
0.07514; 538.402
0.0754; 541.428
0.07566; 544.478
0.07592; 547.553
0.07618; 550.652
0.07644; 553.776
0.0767; 556.924
0.07696; 560.096
0.07722; 563.293
0.07748; 566.514
0.07774; 569.759
0.078; 573.028
0.07826; 576.321
0.07852; 579.639
0.07878; 582.98
0.07904; 586.345
0.0793; 589.734
0.07956; 593.147
0.07982; 596.583
0.08008; 600.044
0.08034; 603.527
0.0806; 607.034
0.08086; 610.564
0.08112; 614.117
0.08138; 617.694
0.08164; 621.293
0.0819; 624.915
0.08216; 628.56
0.08242; 632.228
0.08268; 635.918
0.08294; 639.63
0.0832; 643.364
0.08346; 647.121
0.08372; 650.9
0.08398; 654.7
0.08424; 658.522
0.0845; 662.365
0.08476; 666.23
0.08502; 670.116
0.08528; 674.023
0.08554; 677.95
0.0858; 681.899
0.08606; 685.867
0.08632; 689.856
0.08658; 693.865
0.08684; 697.894
0.0871; 701.943
0.08736; 706.011
0.08762; 710.099
0.08788; 714.205
0.08814; 718.331
0.0884; 722.475
0.08866; 726.637
0.08892; 730.818
0.08918; 735.017
0.08944; 739.233
0.0897; 743.467
0.08996; 747.719
0.09022; 751.987
0.09048; 756.272
0.09074; 760.574
0.091; 764.892
0.09126; 769.226
0.09152; 773.576
0.09178; 777.942
0.09204; 782.323
0.0923; 786.718
0.09256; 791.129
0.09282; 795.554
0.09308; 799.993
0.09334; 804.446
0.0936; 808.913
0.09386; 813.393
0.09412; 817.887
0.09438; 822.393
0.09464; 826.911
0.0949; 831.442
0.09516; 835.984
0.09542; 840.538
0.09568; 845.104
0.09594; 849.68
0.0962; 854.268
0.09646; 858.865
0.09672; 863.473
0.09698; 868.09
0.09724; 872.717
0.0975; 877.352
0.09776; 881.997
0.09802; 886.65
0.09828; 891.311
0.09854; 895.98
0.0988; 900.657
0.09906; 905.341
0.09932; 910.031
0.09958; 914.728
0.09984; 919.431
0.1001; 924.14
0.10036; 928.855
0.10062; 933.575
0.10088; 938.299
0.10114; 943.028
0.1014; 947.761
0.10166; 952.498
0.10192; 957.238
0.10218; 961.982
0.10244; 966.728
0.1027; 971.477
0.10296; 976.227
0.10322; 980.98
0.10348; 985.734
0.10374; 990.489
0.104; 995.244
0.10426; 1000
0.10452; 1000
0.10478; 1000
0.10504; 1000
0.1053; 1000
0.10556; 1000
0.10582; 1000
0.10608; 1000
0.10634; 1000
0.1066; 1000
0.10686; 1000
0.10712; 1000
0.10738; 1000
0.10764; 1000
0.1079; 1000
0.10816; 1000
0.10842; 1000
0.10868; 1000
0.10894; 1000
0.1092; 1000
0.10946; 1000
0.10972; 1000
0.10998; 1000
0.11024; 1000
0.1105; 1000
0.11076; 1000
0.11102; 1000
0.11128; 1000
0.11154; 1000
0.1118; 1000
0.11206; 1000
0.11232; 1000
0.11258; 1000
0.11284; 1000
0.1131; 1000
0.11336; 1000
0.11362; 1000
0.11388; 1000
0.11414; 1000
0.1144; 1000
0.11466; 1000
0.11492; 1000
0.11518; 1000
0.11544; 1000
0.1157; 1000
0.11596; 1000
0.11622; 1000
0.11648; 1000
0.11674; 1000
0.117; 1000
0.11726; 1000
0.11752; 1000
0.11778; 1000
0.11804; 1000
0.1183; 1000
0.11856; 1000
0.11882; 1000
0.11908; 1000
0.11934; 1000
0.1196; 1000
0.11986; 1000
0.12012; 1000
0.12038; 1000
0.12064; 1000
0.1209; 1000
0.12116; 1000
0.12142; 1000
0.12168; 1000
0.12194; 1000
0.1222; 1000
0.12246; 1000
0.12272; 1000
0.12298; 1000
0.12324; 1000
0.1235; 1000
0.12376; 1000
0.12402; 1000
0.12428; 1000
0.12454; 1000
0.1248; 1000
