0.00026; 0
0.00052; 0
0.00078; 0
0.00104; 0
0.0013; 0
0.00156; 0
0.00182; 0
0.00208; 0
0.00234; 0
0.0026; 0
0.00286; 0
0.00312; 0
0.00338; 0
0.00364; 0
0.0039; 0
0.00416; 0
0.00442; 0
0.00468; 0
0.00494; 0
0.0052; 0
0.00546; 0
0.00572; 0
0.00598; 0
0.00624; 0
0.0065; 0
0.00676; 0
0.00702; 0
0.00728; 0
0.00754; 0
0.0078; 0
0.00806; 0
0.00832; 0
0.00858; 0
0.00884; 0
0.0091; 0
0.00936; 0
0.00962; 0
0.00988; 0
0.01014; 0
0.0104; 0
0.01066; 0
0.01092; 0
0.01118; 0
0.01144; 0
0.0117; 0
0.01196; 0
0.01222; 0
0.01248; 0
0.01274; 0
0.013; 0
0.01326; 0
0.01352; 0
0.01378; 0
0.01404; 0
0.0143; 0
0.01456; 0
0.01482; 0
0.01508; 0
0.01534; 0
0.0156; 0
0.01586; 0
0.01612; 0
0.01638; 0
0.01664; 0
0.0169; 0
0.01716; 0
0.01742; 0
0.01768; 0
0.01794; 0
0.0182; 0
0.01846; 0
0.01872; 0
0.01898; 0
0.01924; 0
0.0195; 0
0.01976; 0
0.02002; 0
0.02028; 0
0.02054; 0
0.0208; 0
0.02106; 0
0.02132; 0
0.02158; 0
0.02184; 0
0.0221; 0
0.02236; 0
0.02262; 0
0.02288; 0
0.02314; 0
0.0234; 0
0.02366; 0
0.02392; 0
0.02418; 0
0.02444; 0
0.0247; 0
0.02496; 0
0.02522; 0
0.02548; 0
0.02574; 0
0.026; 0
0.02626; 0
0.02652; 0
0.02678; 0
0.02704; 0
0.0273; 0
0.02756; 0
0.02782; 0
0.02808; 0
0.02834; 0
0.0286; 0
0.02886; 0
0.02912; 0
0.02938; 0
0.02964; 0
0.0299; 0
0.03016; 0
0.03042; 0
0.03068; 0
0.03094; 0
0.0312; 0
0.03146; 0
0.03172; 0
0.03198; 0
0.03224; 0
0.0325; 0
0.03276; 888.932
0.03302; 888.921
0.03328; 888.906
0.03354; 888.875
0.0338; 888.84
0.03406; 888.789
0.03432; 888.733
0.03458; 888.661
0.03484; 888.585
0.0351; 888.492
0.03536; 888.395
0.03562; 888.282
0.03588; 888.164
0.03614; 888.03
0.0364; 887.892
0.03666; 887.737
0.03692; 887.577
0.03718; 887.402
0.03744; 887.221
0.0377; 887.024
0.03796; 886.822
0.03822; 886.604
0.03848; 886.38
0.03874; 886.14
0.039; 885.896
0.03926; 885.634
0.03952; 885.367
0.03978; 885.084
0.04004; 884.795
0.0403; 884.489
0.04056; 884.178
0.04082; 883.85
0.04108; 883.516
0.04134; 883.165
0.0416; 882.809
0.04186; 882.435
0.04212; 882.056
0.04238; 881.66
0.04264; 881.257
0.0429; 880.837
0.04316; 880.411
0.04342; 879.967
0.04368; 879.518
0.04394; 879.051
0.0442; 878.577
0.04446; 878.085
0.04472; 877.587
0.04498; 877.071
0.04524; 876.548
0.0455; 876.007
0.04576; 875.459
0.04602; 874.893
0.04628; 874.32
0.04654; 873.729
0.0468; 873.13
0.04706; 872.512
0.04732; 871.887
0.04758; 871.243
0.04784; 870.592
0.0481; 869.921
0.04836; 869.243
0.04862; 868.545
0.04888; 867.84
0.04914; 867.115
0.0494; 866.381
0.04966; 865.628
0.04992; 864.866
0.05018; 864.085
0.05044; 863.294
0.0507; 862.483
0.05096; 861.663
0.05122; 860.823
0.05148; 859.972
0.05174; 859.102
0.052; 858.22
0.05226; 857.319
0.05252; 856.406
0.05278; 855.473
0.05304; 854.529
0.0533; 853.563
0.05356; 852.586
0.05382; 851.588
0.05408; 850.577
0.05434; 849.545
0.0546; 848.5
0.05486; 847.432
0.05512; 846.352
0.05538; 845.248
0.05564; 844.131
0.0559; 842.991
0.05616; 841.837
0.05642; 840.659
0.05668; 839.466
0.05694; 838.25
0.0572; 837.017
0.05746; 835.761
0.05772; 834.488
0.05798; 833.19
0.05824; 831.875
0.0585; 830.535
0.05876; 829.177
0.05902; 827.793
0.05928; 826.39
0.05954; 824.961
0.0598; 823.513
0.06006; 822.037
0.06032; 820.541
0.06058; 819.018
0.06084; 817.473
0.0611; 815.9
0.06136; 814.305
0.06162; 812.681
0.06188; 811.034
0.06214; 809.358
0.0624; 807.658
0.06266; 805.929
0.06292; 804.174
0.06318; 802.39
0.06344; 800.581
0.0637; 798.74
0.06396; 796.874
0.06422; 794.977
0.06448; 793.054
0.06474; 791.1
0.065; 789.12
0.06526; 787.109
0.06552; 785.071
0.06578; 783.003
0.06604; 780.909
0.0663; 778.785
0.06656; 776.636
0.06682; 774.458
0.06708; 772.256
0.06734; 770.027
0.0676; 767.776
0.06786; 765.499
0.06812; 763.202
0.06838; 760.883
0.06864; 758.545
0.0689; 756.189
0.06916; 753.817
0.06942; 751.43
0.06968; 749.03
0.06994; 746.62
0.0702; 744.202
0.07046; 741.776
0.07072; 739.346
0.07098; 736.914
0.07124; 734.481
0.0715; 732.049
0.07176; 729.621
0.07202; 727.198
0.07228; 724.781
0.07254; 722.375
0.0728; 719.977
0.07306; 717.592
0.07332; 715.218
0.07358; 712.86
0.07384; 710.515
0.0741; 708.189
0.07436; 705.877
0.07462; 703.586
0.07488; 701.31
0.07514; 699.056
0.0754; 696.819
0.07566; 694.604
0.07592; 692.407
0.07618; 690.233
0.07644; 688.076
0.0767; 685.944
0.07696; 683.83
0.07722; 681.74
0.07748; 679.667
0.07774; 677.62
0.078; 675.589
0.07826; 673.584
0.07852; 671.596
0.07878; 669.633
0.07904; 667.686
0.0793; 665.765
0.07956; 663.86
0.07982; 661.98
0.08008; 660.117
0.08034; 658.278
0.0806; 656.455
0.08086; 654.657
0.08112; 652.874
0.08138; 651.116
0.08164; 649.372
0.0819; 647.654
0.08216; 645.95
0.08242; 644.27
0.08268; 642.604
0.08294; 640.964
0.0832; 639.337
0.08346; 637.735
0.08372; 636.146
0.08398; 634.583
0.08424; 633.032
0.0845; 631.506
0.08476; 629.992
0.08502; 628.504
0.08528; 627.027
0.08554; 625.576
0.0858; 624.136
0.08606; 622.722
0.08632; 621.319
0.08658; 619.942
0.08684; 618.575
0.0871; 617.234
0.08736; 615.904
0.08762; 614.6
0.08788; 613.307
0.08814; 612.039
0.0884; 610.782
0.08866; 609.549
0.08892; 608.327
0.08918; 607.132
0.08944; 605.946
0.0897; 604.787
0.08996; 603.637
0.09022; 602.514
0.09048; 601.4
0.09074; 600.312
0.091; 599.235
0.09126; 598.183
0.09152; 597.141
0.09178; 596.125
0.09204; 595.119
0.0923; 594.139
0.09256; 593.169
0.09282; 592.225
0.09308; 591.291
0.09334; 590.383
0.0936; 589.484
0.09386; 588.612
0.09412; 587.75
0.09438; 586.915
0.09464; 586.088
0.0949; 585.288
0.09516; 584.497
0.09542; 583.734
0.09568; 582.98
0.09594; 582.252
0.0962; 581.534
0.09646; 580.842
0.09672; 580.16
0.09698; 579.505
0.09724; 578.858
0.0975; 578.239
0.09776; 577.629
0.09802; 577.046
0.09828; 576.472
0.09854; 575.924
0.0988; 575.386
0.09906; 574.875
0.09932; 574.372
0.09958; 573.897
0.09984; 573.43
0.1001; 572.991
0.10036; 572.56
0.10062; 572.156
0.10088; 571.761
0.10114; 571.394
0.1014; 571.036
0.10166; 570.704
0.10192; 570.38
0.10218; 570.085
0.10244; 569.798
0.1027; 569.538
0.10296; 569.286
0.10322; 569.062
0.10348; 568.845
0.10374; 568.656
0.104; 568.474
0.10426; 568.32
0.10452; 568.173
0.10478; 568.053
0.10504; 567.941
0.1053; 567.855
0.10556; 567.776
0.10582; 567.722
0.10608; 567.671
0.10634; 567.643
0.1066; 0
0.10686; 0
0.10712; 0
0.10738; 0
0.10764; 0
0.1079; 0
0.10816; 0
0.10842; 0
0.10868; 0
0.10894; 0
0.1092; 0
0.10946; 0
0.10972; 0
0.10998; 0
0.11024; 0
0.1105; 0
0.11076; 0
0.11102; 0
0.11128; 0
0.11154; 0
0.1118; 0
0.11206; 0
0.11232; 0
0.11258; 0
0.11284; 0
0.1131; 0
0.11336; 0
0.11362; 0
0.11388; 0
0.11414; 0
0.1144; 0
0.11466; 0
0.11492; 0
0.11518; 0
0.11544; 0
0.1157; 0
0.11596; 0
0.11622; 0
0.11648; 0
0.11674; 0
0.117; 0
0.11726; 0
0.11752; 0
0.11778; 0
0.11804; 0
0.1183; 0
0.11856; 0
0.11882; 0
0.11908; 0
0.11934; 0
0.1196; 0
0.11986; 0
0.12012; 0
0.12038; 0
0.12064; 0
0.1209; 0
0.12116; 0
0.12142; 0
0.12168; 0
0.12194; 0
0.1222; 0
0.12246; 0
0.12272; 0
0.12298; 0
0.12324; 0
0.1235; 0
0.12376; 0
0.12402; 0
0.12428; 0
0.12454; 0
0.1248; 0
