0.00026; 0
0.00052; 0
0.00078; 0
0.00104; 0
0.0013; 0
0.00156; 0
0.00182; 0
0.00208; 0
0.00234; 0
0.0026; 0
0.00286; 0
0.00312; 0
0.00338; 0
0.00364; 0
0.0039; 0
0.00416; 0
0.00442; 0
0.00468; 0
0.00494; 0
0.0052; 0
0.00546; 0
0.00572; 0
0.00598; 0
0.00624; 0
0.0065; 0
0.00676; 0
0.00702; 0
0.00728; 0
0.00754; 0
0.0078; 0
0.00806; 0
0.00832; 0
0.00858; 0
0.00884; 0
0.0091; 0
0.00936; 0
0.00962; 0
0.00988; 0
0.01014; 0
0.0104; 0
0.01066; 0
0.01092; 0
0.01118; 0
0.01144; 0
0.0117; 0
0.01196; 0
0.01222; 0
0.01248; 0
0.01274; 0
0.013; 0
0.01326; 0
0.01352; 0
0.01378; 0
0.01404; 0
0.0143; 0
0.01456; 0
0.01482; 0
0.01508; 0
0.01534; 0
0.0156; 0
0.01586; 0
0.01612; 0
0.01638; 0
0.01664; 0
0.0169; 0
0.01716; 0
0.01742; 0
0.01768; 0
0.01794; 0
0.0182; 0
0.01846; 0
0.01872; 0
0.01898; 0
0.01924; 0
0.0195; 0
0.01976; 0
0.02002; 0
0.02028; 0
0.02054; 0
0.0208; 0
0.02106; 0
0.02132; 0
0.02158; 0
0.02184; 0
0.0221; 0
0.02236; 0
0.02262; 0
0.02288; 0
0.02314; 0
0.0234; 0
0.02366; 0
0.02392; 0
0.02418; 0
0.02444; 0
0.0247; 0
0.02496; 0
0.02522; 0
0.02548; 0
0.02574; 0
0.026; 0
0.02626; 0
0.02652; 0
0.02678; 0
0.02704; 0
0.0273; 0
0.02756; 0
0.02782; 0
0.02808; 0
0.02834; 0
0.0286; 0
0.02886; 0
0.02912; 0
0.02938; 0
0.02964; 0
0.0299; 0
0.03016; 0
0.03042; 0
0.03068; 0
0.03094; 0
0.0312; 0
0.03146; 0
0.03172; 0
0.03198; 0
0.03224; 0
0.0325; 0
0.03276; 878.565
0.03302; 878.561
0.03328; 878.542
0.03354; 878.518
0.0338; 878.48
0.03406; 878.437
0.03432; 878.38
0.03458; 878.318
0.03484; 878.241
0.0351; 878.16
0.03536; 878.064
0.03562; 877.963
0.03588; 877.847
0.03614; 877.727
0.0364; 877.592
0.03666; 877.452
0.03692; 877.298
0.03718; 877.138
0.03744; 876.964
0.0377; 876.784
0.03796; 876.591
0.03822; 876.391
0.03848; 876.177
0.03874; 875.957
0.039; 875.723
0.03926; 875.483
0.03952; 875.229
0.03978; 874.968
0.04004; 874.693
0.0403; 874.412
0.04056; 874.116
0.04082; 873.814
0.04108; 873.497
0.04134; 873.174
0.0416; 872.836
0.04186; 872.491
0.04212; 872.132
0.04238; 871.766
0.04264; 871.385
0.0429; 870.998
0.04316; 870.595
0.04342; 870.185
0.04368; 869.76
0.04394; 869.329
0.0442; 868.881
0.04446; 868.427
0.04472; 867.957
0.04498; 867.48
0.04524; 866.987
0.0455; 866.487
0.04576; 865.971
0.04602; 865.447
0.04628; 864.908
0.04654; 864.36
0.0468; 863.797
0.04706; 863.226
0.04732; 862.638
0.04758; 862.042
0.04784; 861.43
0.0481; 860.81
0.04836; 860.173
0.04862; 859.527
0.04888; 858.865
0.04914; 858.194
0.0494; 857.506
0.04966; 856.808
0.04992; 856.094
0.05018; 855.37
0.05044; 854.629
0.0507; 853.878
0.05096; 853.11
0.05122; 852.331
0.05148; 851.535
0.05174; 850.729
0.052; 849.904
0.05226; 849.069
0.05252; 848.216
0.05278; 847.351
0.05304; 846.469
0.0533; 845.574
0.05356; 844.661
0.05382; 843.736
0.05408; 842.792
0.05434; 841.835
0.0546; 840.86
0.05486; 839.871
0.05512; 838.862
0.05538; 837.84
0.05564; 836.798
0.0559; 835.743
0.05616; 834.667
0.05642; 833.576
0.05668; 832.465
0.05694; 831.338
0.0572; 830.19
0.05746; 829.027
0.05772; 827.842
0.05798; 826.64
0.05824; 825.417
0.0585; 824.176
0.05876; 822.913
0.05902; 821.632
0.05928; 820.328
0.05954; 819.005
0.0598; 817.659
0.06006; 816.293
0.06032; 814.904
0.06058; 813.494
0.06084; 812.06
0.0611; 810.605
0.06136; 809.124
0.06162; 807.623
0.06188; 806.095
0.06214; 804.546
0.0624; 802.97
0.06266; 801.371
0.06292; 799.746
0.06318; 798.097
0.06344; 796.421
0.0637; 794.721
0.06396; 792.993
0.06422; 791.242
0.06448; 789.462
0.06474; 787.658
0.065; 785.827
0.06526; 783.971
0.06552; 782.088
0.06578; 780.18
0.06604; 778.246
0.0663; 776.288
0.06656; 774.304
0.06682; 772.296
0.06708; 770.265
0.06734; 768.211
0.0676; 766.135
0.06786; 764.039
0.06812; 761.922
0.06838; 759.787
0.06864; 757.635
0.0689; 755.467
0.06916; 753.285
0.06942; 751.09
0.06968; 748.884
0.06994; 746.668
0.0702; 744.446
0.07046; 742.218
0.07072; 739.987
0.07098; 737.754
0.07124; 735.522
0.0715; 733.291
0.07176; 731.064
0.07202; 728.843
0.07228; 726.629
0.07254; 724.423
0.0728; 722.228
0.07306; 720.043
0.07332; 717.872
0.07358; 715.713
0.07384; 713.571
0.0741; 711.442
0.07436; 709.331
0.07462; 707.236
0.07488; 705.159
0.07514; 703.099
0.0754; 701.059
0.07566; 699.036
0.07592; 697.034
0.07618; 695.05
0.07644; 693.087
0.0767; 691.142
0.07696; 689.219
0.07722; 687.313
0.07748; 685.429
0.07774; 683.563
0.078; 681.719
0.07826; 679.893
0.07852; 678.088
0.07878; 676.301
0.07904; 674.536
0.0793; 672.788
0.07956; 671.063
0.07982; 669.353
0.08008; 667.666
0.08034; 665.995
0.0806; 664.346
0.08086; 662.712
0.08112; 661.101
0.08138; 659.504
0.08164; 657.93
0.0819; 656.37
0.08216; 654.832
0.08242; 653.309
0.08268; 651.807
0.08294; 650.319
0.0832; 648.854
0.08346; 647.402
0.08372; 645.97
0.08398; 644.555
0.08424; 643.158
0.0845; 641.776
0.08476; 640.415
0.08502; 639.067
0.08528; 637.741
0.08554; 636.428
0.0858; 635.136
0.08606; 633.856
0.08632; 632.598
0.08658; 631.352
0.08684; 630.127
0.0871; 628.915
0.08736; 627.724
0.08762; 626.545
0.08788; 625.387
0.08814; 624.243
0.0884; 623.117
0.08866; 622.005
0.08892; 620.913
0.08918; 619.834
0.08944; 618.774
0.0897; 617.728
0.08996; 616.701
0.09022; 615.687
0.09048; 614.693
0.09074; 613.713
0.091; 612.751
0.09126; 611.803
0.09152; 610.874
0.09178; 609.959
0.09204; 609.063
0.0923; 608.18
0.09256; 607.317
0.09282; 606.466
0.09308; 605.634
0.09334; 604.817
0.0936; 604.018
0.09386; 603.233
0.09412; 602.467
0.09438; 601.714
0.09464; 600.98
0.0949; 600.26
0.09516; 599.559
0.09542; 598.871
0.09568; 598.202
0.09594; 597.547
0.0962; 596.911
0.09646; 596.288
0.09672; 595.684
0.09698; 595.093
0.09724; 594.522
0.0975; 593.963
0.09776; 593.424
0.09802; 592.898
0.09828; 592.391
0.09854; 591.897
0.0988; 591.423
0.09906; 590.961
0.09932; 590.519
0.09958; 590.09
0.09984; 589.68
0.1001; 589.283
0.10036; 588.905
0.10062; 588.54
0.10088; 588.194
0.10114; 587.861
0.1014; 587.547
0.10166; 587.246
0.10192; 586.965
0.10218; 586.695
0.10244; 586.445
0.1027; 586.207
0.10296; 585.988
0.10322; 585.782
0.10348; 585.594
0.10374; 585.418
0.104; 585.263
0.10426; 585.118
0.10452; 584.995
0.10478; 584.881
0.10504; 584.788
0.1053; 584.704
0.10556; 584.641
0.10582; 584.585
0.10608; 584.548
0.10634; 584.517
0.1066; 0
0.10686; 0
0.10712; 0
0.10738; 0
0.10764; 0
0.1079; 0
0.10816; 0
0.10842; 0
0.10868; 0
0.10894; 0
0.1092; 0
0.10946; 0
0.10972; 0
0.10998; 0
0.11024; 0
0.1105; 0
0.11076; 0
0.11102; 0
0.11128; 0
0.11154; 0
0.1118; 0
0.11206; 0
0.11232; 0
0.11258; 0
0.11284; 0
0.1131; 0
0.11336; 0
0.11362; 0
0.11388; 0
0.11414; 0
0.1144; 0
0.11466; 0
0.11492; 0
0.11518; 0
0.11544; 0
0.1157; 0
0.11596; 0
0.11622; 0
0.11648; 0
0.11674; 0
0.117; 0
0.11726; 0
0.11752; 0
0.11778; 0
0.11804; 0
0.1183; 0
0.11856; 0
0.11882; 0
0.11908; 0
0.11934; 0
0.1196; 0
0.11986; 0
0.12012; 0
0.12038; 0
0.12064; 0
0.1209; 0
0.12116; 0
0.12142; 0
0.12168; 0
0.12194; 0
0.1222; 0
0.12246; 0
0.12272; 0
0.12298; 0
0.12324; 0
0.1235; 0
0.12376; 0
0.12402; 0
0.12428; 0
0.12454; 0
0.1248; 0
