0.0026; 400
0.0052; 400
0.0078; 400
0.0104; 400
0.013; 400
0.0156; 400
0.0182; 400
0.0208; 400
0.0234; 400
0.026; 400
0.0286; 400
0.0312; 400
0.0338; 400
0.0364; 400
0.039; 400
0.0416; 400
0.0442; 400
0.0468; 400
0.0494; 400
0.052; 400
0.0546; 400
0.0572; 400
0.0598; 400
0.0624; 400
0.065; 400
0.0676; 400
0.0702; 400
0.0728; 400
0.0754; 400
0.078; 400
0.0806; 400
0.0832; 400
0.0858; 400
0.0884; 400
0.091; 400
0.0936; 400
0.0962; 400
0.0988; 400
0.1014; 400
0.104; 400
0.1066; 400
0.1092; 400
0.1118; 400
0.1144; 400
0.117; 400
0.1196; 400
0.1222; 400
0.1248; 400
0.1274; 400
0.13; 400
0.1326; 400
0.1352; 400
0.1378; 400
0.1404; 400
0.143; 400
0.1456; 400
0.1482; 400
0.1508; 400
0.1534; 400
0.156; 400
0.1586; 400
0.1612; 400
0.1638; 400
0.1664; 400
0.169; 400
0.1716; 400
0.1742; 400
0.1768; 400
0.1794; 400
0.182; 400
0.1846; 400
0.1872; 400
0.1898; 400
0.1924; 400
0.195; 400
0.1976; 400
0.2002; 400
0.2028; 400
0.2054; 400
0.208; 400
0.2106; 400
0.2132; 400
0.2158; 400
0.2184; 400
0.221; 400
0.2236; 400
0.2262; 400
0.2288; 400
0.2314; 400
0.234; 400
0.2366; 400
0.2392; 400
0.2418; 400
0.2444; 400
0.247; 400
0.2496; 400
0.2522; 400
0.2548; 400
0.2574; 400
0.26; 400
0.2626; 400
0.2652; 400
0.2678; 400
0.2704; 400
0.273; 400
0.2756; 400
0.2782; 400
0.2808; 400
0.2834; 400
0.286; 400
0.2886; 400
0.2912; 400
0.2938; 400
0.2964; 400
0.299; 400
0.3016; 400
0.3042; 400
0.3068; 400
0.3094; 400
0.312; 400
0.3146; 400
0.3172; 400
0.3198; 400
0.3224; 400
0.325; 400
0.3276; 400
0.3302; 400
0.3328; 400
0.3354; 400
0.338; 400
0.3406; 400
0.3432; 400
0.3458; 400
0.3484; 400
0.351; 400
0.3536; 400
0.3562; 400
0.3588; 400
0.3614; 400
0.364; 400
0.3666; 400
0.3692; 400
0.3718; 400
0.3744; 400
0.377; 400
0.3796; 400
0.3822; 400
0.3848; 400
0.3874; 400
0.39; 400
0.3926; 400
0.3952; 400
0.3978; 400
0.4004; 400
0.403; 400
0.4056; 400
0.4082; 400
0.4108; 400
0.4134; 400
0.416; 400
0.4186; 400
0.4212; 400
0.4238; 400
0.4264; 400
0.429; 400
0.4316; 400
0.4342; 400
0.4368; 400
0.4394; 400
0.442; 400
0.4446; 400
0.4472; 400
0.4498; 400
0.4524; 400
0.455; 400
0.4576; 400
0.4602; 400
0.4628; 400
0.4654; 400
0.468; 400
0.4706; 400
0.4732; 400
0.4758; 400
0.4784; 400
0.481; 400
0.4836; 400
0.4862; 400
0.4888; 400
0.4914; 400
0.494; 400
0.4966; 400
0.4992; 400
0.5018; 400
0.5044; 400
0.507; 400.001
0.5096; 400.001
0.5122; 400.001
0.5148; 400.001
0.5174; 400.001
0.52; 400.001
0.5226; 400.002
0.5252; 400.002
0.5278; 400.003
0.5304; 400.003
0.533; 400.004
0.5356; 400.005
0.5382; 400.006
0.5408; 400.007
0.5434; 400.008
0.546; 400.01
0.5486; 400.011
0.5512; 400.014
0.5538; 400.016
0.5564; 400.019
0.559; 400.023
0.5616; 400.027
0.5642; 400.032
0.5668; 400.038
0.5694; 400.044
0.572; 400.052
0.5746; 400.061
0.5772; 400.072
0.5798; 400.084
0.5824; 400.098
0.585; 400.115
0.5876; 400.134
0.5902; 400.156
0.5928; 400.181
0.5954; 400.21
0.598; 400.243
0.6006; 400.281
0.6032; 400.324
0.6058; 400.372
0.6084; 400.428
0.611; 400.491
0.6136; 400.562
0.6162; 400.643
0.6188; 400.733
0.6214; 400.836
0.624; 400.95
0.6266; 401.079
0.6292; 401.223
0.6318; 401.384
0.6344; 401.564
0.637; 401.764
0.6396; 401.986
0.6422; 402.233
0.6448; 402.507
0.6474; 402.81
0.65; 403.144
0.6526; 403.513
0.6552; 403.918
0.6578; 404.364
0.6604; 404.852
0.663; 405.387
0.6656; 405.972
0.6682; 406.61
0.6708; 407.304
0.6734; 408.059
0.676; 408.877
0.6786; 409.764
0.6812; 410.722
0.6838; 411.755
0.6864; 412.868
0.689; 414.063
0.6916; 415.345
0.6942; 416.717
0.6968; 418.182
0.6994; 419.743
0.702; 421.404
0.7046; 423.166
0.7072; 425.032
0.7098; 427.005
0.7124; 429.085
0.715; 431.274
0.7176; 433.572
0.7202; 435.979
0.7228; 438.496
0.7254; 441.121
0.728; 443.852
0.7306; 446.689
0.7332; 449.629
0.7358; 452.668
0.7384; 455.804
0.741; 459.033
0.7436; 462.351
0.7462; 465.753
0.7488; 469.235
0.7514; 472.792
0.754; 476.422
0.7566; 480.119
0.7592; 483.882
0.7618; 487.709
0.7644; 491.599
0.767; 495.551
0.7696; 499.565
0.7722; 503.638
0.7748; 507.758
0.7774; 511.914
0.78; 516.091
0.7826; 520.278
0.7852; 524.459
0.7878; 528.619
0.7904; 532.742
0.793; 536.818
0.7956; 540.839
0.7982; 544.803
0.8008; 548.707
0.8034; 552.55
0.806; 556.331
0.8086; 560.046
0.8112; 563.692
0.8138; 567.267
0.8164; 570.776
0.819; 574.607
0.8216; 578.662
0.8242; 582.577
0.8268; 586.362
0.8294; 590.03
0.832; 593.593
0.8346; 597.067
0.8372; 600.467
0.8398; 603.814
0.8424; 607.138
0.845; 610.488
0.8476; 613.73
0.8502; 616.759
0.8528; 619.663
0.8554; 622.53
0.858; 625.388
0.8606; 628.248
0.8632; 631.116
0.8658; 633.995
0.8684; 636.888
0.871; 639.796
0.8736; 642.723
0.8762; 645.669
0.8788; 648.639
0.8814; 651.639
0.884; 654.672
0.8866; 657.864
0.8892; 661.249
0.8918; 664.626
0.8944; 667.992
0.897; 671.334
0.8996; 674.63
0.9022; 677.852
0.9048; 680.973
0.9074; 683.964
0.91; 686.797
0.9126; 689.444
0.9152; 691.88
0.9178; 694.082
0.9204; 696.029
0.923; 697.706
0.9256; 699.101
0.9282; 700.205
0.9308; 701.014
0.9334; 701.527
0.936; 701.749
0.9386; 701.686
0.9412; 701.349
0.9438; 700.751
0.9464; 699.909
0.949; 698.841
0.9516; 697.567
0.9542; 696.108
0.9568; 694.489
0.9594; 692.732
0.962; 690.863
0.9646; 688.908
0.9672; 686.892
0.9698; 684.84
0.9724; 682.779
0.975; 680.736
0.9776; 678.734
0.9802; 676.801
0.9828; 674.962
0.9854; 673.242
0.988; 671.665
0.9906; 670.257
0.9932; 669.039
0.9958; 668.033
0.9984; 667.257
1.001; 666.728
1.0036; 666.469
1.0062; 666.586
1.0088; 666.829
1.0114; 667.22
1.014; 667.769
1.0166; 668.471
1.0192; 669.32
1.0218; 670.31
1.0244; 671.434
1.027; 672.681
1.0296; 674.04
1.0322; 675.5
1.0348; 677.048
1.0374; 678.67
1.04; 680.35
1.0426; 682.07
1.0452; 683.81
1.0478; 685.7
1.0504; 687.863
1.053; 690.115
1.0556; 692.415
1.0582; 694.723
1.0608; 696.996
1.0634; 699.193
1.066; 701.272
1.0686; 703.192
1.0712; 704.917
1.0738; 706.412
1.0764; 707.646
1.079; 708.595
1.0816; 709.239
1.0842; 709.562
1.0868; 709.556
1.0894; 709.219
1.092; 708.554
1.0946; 707.572
1.0972; 706.288
1.0998; 704.725
1.1024; 702.909
1.105; 700.873
1.1076; 698.652
1.1102; 696.287
1.1128; 693.821
1.1154; 691.298
1.118; 688.763
1.1206; 686.263
1.1232; 683.841
1.1258; 681.541
1.1284; 679.401
1.131; 677.454
1.1336; 675.722
1.1362; 674.215
1.1388; 673.157
1.1414; 672.447
1.144; 671.909
1.1466; 671.598
1.1492; 671.54
1.1518; 671.706
1.1544; 672.097
1.157; 672.7
1.1596; 673.506
1.1622; 674.507
1.1648; 675.692
1.1674; 677.049
1.17; 678.565
1.1726; 680.227
1.1752; 682.02
1.1778; 684.205
1.1804; 686.863
1.183; 689.731
1.1856; 692.774
1.1882; 695.955
1.1908; 699.234
1.1934; 702.569
1.196; 705.924
1.1986; 709.26
1.2012; 712.545
1.2038; 715.746
1.2064; 718.836
1.209; 721.792
1.2116; 724.594
1.2142; 727.225
1.2168; 729.673
1.2194; 731.931
1.222; 733.991
1.2246; 735.852
1.2272; 737.513
1.2298; 738.975
1.2324; 740.243
1.235; 741.318
1.2376; 742.205
1.2402; 742.909
1.2428; 743.434
1.2454; 743.781
1.248; 743.955
