0.0026; 400
0.0052; 400
0.0078; 400
0.0104; 400
0.013; 400
0.0156; 400
0.0182; 400
0.0208; 400
0.0234; 400
0.026; 400
0.0286; 400
0.0312; 400
0.0338; 400
0.0364; 400
0.039; 400
0.0416; 400
0.0442; 400
0.0468; 400
0.0494; 400
0.052; 400
0.0546; 400
0.0572; 400
0.0598; 400
0.0624; 400
0.065; 400
0.0676; 400
0.0702; 400
0.0728; 400
0.0754; 400
0.078; 400
0.0806; 400
0.0832; 400
0.0858; 400
0.0884; 400
0.091; 400
0.0936; 400
0.0962; 400
0.0988; 400
0.1014; 400
0.104; 400
0.1066; 400
0.1092; 400
0.1118; 400
0.1144; 400
0.117; 400
0.1196; 400
0.1222; 400
0.1248; 400
0.1274; 400
0.13; 400
0.1326; 400
0.1352; 400
0.1378; 400
0.1404; 400
0.143; 400
0.1456; 400
0.1482; 400
0.1508; 400
0.1534; 400
0.156; 400
0.1586; 400
0.1612; 400
0.1638; 400
0.1664; 400
0.169; 400
0.1716; 400
0.1742; 400
0.1768; 400
0.1794; 400
0.182; 400
0.1846; 400
0.1872; 400
0.1898; 400
0.1924; 400
0.195; 400
0.1976; 400
0.2002; 400
0.2028; 400
0.2054; 400
0.208; 400
0.2106; 400
0.2132; 400
0.2158; 400
0.2184; 400
0.221; 400
0.2236; 400
0.2262; 400
0.2288; 400
0.2314; 400
0.234; 400
0.2366; 400
0.2392; 400
0.2418; 400
0.2444; 400
0.247; 400
0.2496; 400
0.2522; 400
0.2548; 400
0.2574; 400
0.26; 400
0.2626; 400
0.2652; 400
0.2678; 400
0.2704; 400
0.273; 400
0.2756; 400
0.2782; 400
0.2808; 400
0.2834; 400
0.286; 400
0.2886; 400
0.2912; 400
0.2938; 400
0.2964; 400
0.299; 400
0.3016; 400
0.3042; 400
0.3068; 400
0.3094; 400
0.312; 400
0.3146; 400
0.3172; 400
0.3198; 400
0.3224; 400
0.325; 400
0.3276; 400.001
0.3302; 400.001
0.3328; 400.001
0.3354; 400.001
0.338; 400.001
0.3406; 400.001
0.3432; 400.001
0.3458; 400.001
0.3484; 400.001
0.351; 400.001
0.3536; 400.002
0.3562; 400.002
0.3588; 400.002
0.3614; 400.002
0.364; 400.002
0.3666; 400.003
0.3692; 400.003
0.3718; 400.003
0.3744; 400.004
0.377; 400.004
0.3796; 400.004
0.3822; 400.005
0.3848; 400.005
0.3874; 400.006
0.39; 400.007
0.3926; 400.007
0.3952; 400.008
0.3978; 400.009
0.4004; 400.01
0.403; 400.011
0.4056; 400.013
0.4082; 400.014
0.4108; 400.016
0.4134; 400.017
0.416; 400.019
0.4186; 400.021
0.4212; 400.024
0.4238; 400.026
0.4264; 400.029
0.429; 400.033
0.4316; 400.036
0.4342; 400.04
0.4368; 400.044
0.4394; 400.049
0.442; 400.055
0.4446; 400.061
0.4472; 400.067
0.4498; 400.075
0.4524; 400.083
0.455; 400.092
0.4576; 400.101
0.4602; 400.112
0.4628; 400.124
0.4654; 400.137
0.468; 400.151
0.4706; 400.167
0.4732; 400.184
0.4758; 400.203
0.4784; 400.223
0.481; 400.245
0.4836; 400.27
0.4862; 400.297
0.4888; 400.326
0.4914; 400.357
0.494; 400.392
0.4966; 400.429
0.4992; 400.47
0.5018; 400.514
0.5044; 400.562
0.507; 400.614
0.5096; 400.67
0.5122; 400.731
0.5148; 400.797
0.5174; 400.868
0.52; 400.945
0.5226; 401.027
0.5252; 401.116
0.5278; 401.212
0.5304; 401.315
0.533; 401.426
0.5356; 401.545
0.5382; 401.672
0.5408; 401.809
0.5434; 401.955
0.546; 402.112
0.5486; 402.279
0.5512; 402.458
0.5538; 402.649
0.5564; 402.852
0.559; 403.069
0.5616; 403.3
0.5642; 403.546
0.5668; 403.807
0.5694; 404.084
0.572; 404.378
0.5746; 404.689
0.5772; 405.019
0.5798; 405.369
0.5824; 405.738
0.585; 406.128
0.5876; 406.54
0.5902; 406.975
0.5928; 407.433
0.5954; 407.915
0.598; 408.423
0.6006; 408.956
0.6032; 409.517
0.6058; 410.105
0.6084; 410.722
0.611; 411.369
0.6136; 412.046
0.6162; 412.754
0.6188; 413.495
0.6214; 414.268
0.624; 415.075
0.6266; 415.917
0.6292; 416.795
0.6318; 417.708
0.6344; 418.658
0.637; 419.646
0.6396; 420.672
0.6422; 421.738
0.6448; 422.842
0.6474; 423.987
0.65; 425.173
0.6526; 426.399
0.6552; 427.668
0.6578; 428.978
0.6604; 430.33
0.663; 431.726
0.6656; 433.164
0.6682; 434.645
0.6708; 436.17
0.6734; 437.738
0.676; 439.349
0.6786; 441.004
0.6812; 442.702
0.6838; 444.444
0.6864; 446.228
0.689; 448.055
0.6916; 449.924
0.6942; 451.835
0.6968; 453.788
0.6994; 455.782
0.702; 457.816
0.7046; 459.89
0.7072; 462.003
0.7098; 464.155
0.7124; 466.344
0.715; 468.57
0.7176; 470.831
0.7202; 473.128
0.7228; 475.458
0.7254; 477.821
0.728; 480.216
0.7306; 482.642
0.7332; 485.097
0.7358; 487.581
0.7384; 490.092
0.741; 492.63
0.7436; 495.194
0.7462; 497.782
0.7488; 500.396
0.7514; 503.033
0.754; 505.696
0.7566; 508.384
0.7592; 511.1
0.7618; 513.845
0.7644; 516.624
0.767; 519.439
0.7696; 522.293
0.7722; 525.187
0.7748; 528.117
0.7774; 531.079
0.78; 534.067
0.7826; 537.074
0.7852; 540.094
0.7878; 543.116
0.7904; 546.132
0.793; 549.136
0.7956; 552.122
0.7982; 555.091
0.8008; 558.04
0.8034; 560.968
0.806; 563.876
0.8086; 566.762
0.8112; 569.628
0.8138; 572.476
0.8164; 575.326
0.819; 578.436
0.8216; 581.767
0.8242; 585.075
0.8268; 588.353
0.8294; 591.603
0.832; 594.826
0.8346; 598.025
0.8372; 601.198
0.8398; 604.347
0.8424; 607.478
0.845; 610.613
0.8476; 613.598
0.8502; 616.345
0.8528; 618.954
0.8554; 621.499
0.858; 624.002
0.8606; 626.469
0.8632; 628.902
0.8658; 631.302
0.8684; 633.669
0.871; 636.003
0.8736; 638.305
0.8762; 640.576
0.8788; 642.819
0.8814; 645.036
0.884; 647.224
0.8866; 649.43
0.8892; 651.654
0.8918; 653.776
0.8944; 655.807
0.897; 657.755
0.8996; 659.622
0.9022; 661.407
0.9048; 663.111
0.9074; 664.733
0.91; 666.273
0.9126; 667.731
0.9152; 669.107
0.9178; 670.402
0.9204; 671.616
0.923; 672.751
0.9256; 673.81
0.9282; 674.793
0.9308; 675.705
0.9334; 676.548
0.936; 677.325
0.9386; 678.039
0.9412; 678.696
0.9438; 679.297
0.9464; 679.848
0.949; 680.352
0.9516; 680.813
0.9542; 681.237
0.9568; 681.626
0.9594; 681.986
0.962; 682.32
0.9646; 682.632
0.9672; 682.926
0.9698; 683.206
0.9724; 683.476
0.975; 683.739
0.9776; 683.997
0.9802; 684.254
0.9828; 684.512
0.9854; 684.771
0.988; 685.035
0.9906; 685.303
0.9932; 685.578
0.9958; 685.858
0.9984; 686.143
1.001; 686.432
1.0036; 686.73
1.0062; 687.088
1.0088; 687.442
1.0114; 687.808
1.014; 688.186
1.0166; 688.57
1.0192; 688.958
1.0218; 689.348
1.0244; 689.739
1.027; 690.128
1.0296; 690.514
1.0322; 690.894
1.0348; 691.269
1.0374; 691.635
1.04; 691.992
1.0426; 692.337
1.0452; 692.668
1.0478; 693.011
1.0504; 693.356
1.053; 693.675
1.0556; 693.971
1.0582; 694.245
1.0608; 694.497
1.0634; 694.727
1.066; 694.937
1.0686; 695.125
1.0712; 695.291
1.0738; 695.437
1.0764; 695.563
1.079; 695.669
1.0816; 695.757
1.0842; 695.827
1.0868; 695.881
1.0894; 695.921
1.092; 695.95
1.0946; 695.968
1.0972; 695.979
1.0998; 695.984
1.1024; 695.987
1.105; 695.991
1.1076; 695.998
1.1102; 696.01
1.1128; 696.031
1.1154; 696.064
1.118; 696.111
1.1206; 696.174
1.1232; 696.258
1.1258; 696.365
1.1284; 696.497
1.131; 696.657
1.1336; 696.841
1.1362; 697.038
1.1388; 697.313
1.1414; 697.654
1.144; 698.012
1.1466; 698.405
1.1492; 698.838
1.1518; 699.296
1.1544; 699.78
1.157; 700.284
1.1596; 700.808
1.1622; 701.348
1.1648; 701.905
1.1674; 702.475
1.17; 703.056
1.1726; 703.645
1.1752; 704.24
1.1778; 704.945
1.1804; 705.77
1.183; 706.613
1.1856; 707.474
1.1882; 708.348
1.1908; 709.234
1.1934; 710.128
1.196; 711.025
1.1986; 711.922
1.2012; 712.814
1.2038; 713.697
1.2064; 714.566
1.209; 715.417
1.2116; 716.244
1.2142; 717.042
1.2168; 717.807
1.2194; 718.533
1.222; 719.217
1.2246; 719.854
1.2272; 720.44
1.2298; 720.97
1.2324; 721.443
1.235; 721.854
1.2376; 722.2
1.2402; 722.481
1.2428; 722.692
1.2454; 722.834
1.248; 722.905
