0.00026; 300
0.00052; 300
0.00078; 300
0.00104; 300
0.0013; 300
0.00156; 300
0.00182; 300
0.00208; 300
0.00234; 300
0.0026; 300
0.00286; 300
0.00312; 300
0.00338; 300
0.00364; 300
0.0039; 300
0.00416; 300
0.00442; 300
0.00468; 300
0.00494; 300
0.0052; 300
0.00546; 300
0.00572; 300
0.00598; 300
0.00624; 300
0.0065; 300
0.00676; 300
0.00702; 300
0.00728; 300
0.00754; 300
0.0078; 300
0.00806; 300
0.00832; 300
0.00858; 300
0.00884; 300
0.0091; 300
0.00936; 300
0.00962; 300
0.00988; 300
0.01014; 300
0.0104; 300
0.01066; 300
0.01092; 300
0.01118; 300
0.01144; 300
0.0117; 300
0.01196; 300
0.01222; 300
0.01248; 300
0.01274; 300
0.013; 300
0.01326; 300
0.01352; 300
0.01378; 300
0.01404; 300
0.0143; 300
0.01456; 300
0.01482; 300
0.01508; 300
0.01534; 300
0.0156; 300
0.01586; 300
0.01612; 300
0.01638; 300
0.01664; 300
0.0169; 300
0.01716; 300
0.01742; 300
0.01768; 300
0.01794; 300
0.0182; 300
0.01846; 300
0.01872; 300
0.01898; 300
0.01924; 300
0.0195; 300
0.01976; 300
0.02002; 300
0.02028; 300
0.02054; 300
0.0208; 300
0.02106; 300
0.02132; 300
0.02158; 300
0.02184; 300
0.0221; 300
0.02236; 300.001
0.02262; 300.001
0.02288; 300.001
0.02314; 300.001
0.0234; 300.002
0.02366; 300.002
0.02392; 300.002
0.02418; 300.003
0.02444; 300.003
0.0247; 300.004
0.02496; 300.004
0.02522; 300.005
0.02548; 300.006
0.02574; 300.006
0.026; 300.007
0.02626; 300.008
0.02652; 300.009
0.02678; 300.01
0.02704; 300.011
0.0273; 300.012
0.02756; 300.014
0.02782; 300.015
0.02808; 300.017
0.02834; 300.018
0.0286; 300.02
0.02886; 300.022
0.02912; 300.024
0.02938; 300.026
0.02964; 300.028
0.0299; 300.03
0.03016; 300.033
0.03042; 300.035
0.03068; 300.038
0.03094; 300.041
0.0312; 300.044
0.03146; 300.048
0.03172; 300.051
0.03198; 300.055
0.03224; 300.059
0.0325; 300.063
0.03276; 300.067
0.03302; 300.072
0.03328; 300.077
0.03354; 300.082
0.0338; 300.087
0.03406; 300.093
0.03432; 300.099
0.03458; 300.105
0.03484; 300.112
0.0351; 300.119
0.03536; 300.126
0.03562; 300.134
0.03588; 300.143
0.03614; 300.151
0.0364; 300.16
0.03666; 300.17
0.03692; 300.18
0.03718; 300.191
0.03744; 300.202
0.0377; 300.214
0.03796; 300.226
0.03822; 300.239
0.03848; 300.252
0.03874; 300.267
0.039; 300.282
0.03926; 300.297
0.03952; 300.314
0.03978; 300.331
0.04004; 300.349
0.0403; 300.368
0.04056; 300.388
0.04082; 300.409
0.04108; 300.431
0.04134; 300.454
0.0416; 300.478
0.04186; 300.503
0.04212; 300.529
0.04238; 300.557
0.04264; 300.586
0.0429; 300.616
0.04316; 300.647
0.04342; 300.68
0.04368; 300.715
0.04394; 300.751
0.0442; 300.789
0.04446; 300.829
0.04472; 300.87
0.04498; 300.913
0.04524; 300.958
0.0455; 301.005
0.04576; 301.055
0.04602; 301.106
0.04628; 301.16
0.04654; 301.216
0.0468; 301.274
0.04706; 301.335
0.04732; 301.399
0.04758; 301.465
0.04784; 301.534
0.0481; 301.607
0.04836; 301.682
0.04862; 301.76
0.04888; 301.842
0.04914; 301.927
0.0494; 302.016
0.04966; 302.109
0.04992; 302.205
0.05018; 302.306
0.05044; 302.41
0.0507; 302.519
0.05096; 302.632
0.05122; 302.75
0.05148; 302.873
0.05174; 303.001
0.052; 303.133
0.05226; 303.271
0.05252; 303.415
0.05278; 303.564
0.05304; 303.72
0.0533; 303.881
0.05356; 304.049
0.05382; 304.223
0.05408; 304.404
0.05434; 304.592
0.0546; 304.787
0.05486; 304.989
0.05512; 305.199
0.05538; 305.418
0.05564; 305.644
0.0559; 305.879
0.05616; 306.123
0.05642; 306.375
0.05668; 306.637
0.05694; 306.909
0.0572; 307.191
0.05746; 307.482
0.05772; 307.785
0.05798; 308.098
0.05824; 308.423
0.0585; 308.759
0.05876; 309.107
0.05902; 309.468
0.05928; 309.841
0.05954; 310.227
0.0598; 310.626
0.06006; 311.039
0.06032; 311.467
0.06058; 311.909
0.06084; 312.366
0.0611; 312.839
0.06136; 313.327
0.06162; 313.832
0.06188; 314.353
0.06214; 314.892
0.0624; 315.449
0.06266; 316.024
0.06292; 316.617
0.06318; 317.23
0.06344; 317.862
0.0637; 318.515
0.06396; 319.188
0.06422; 319.882
0.06448; 320.599
0.06474; 321.337
0.065; 322.099
0.06526; 322.884
0.06552; 323.693
0.06578; 324.527
0.06604; 325.385
0.0663; 326.27
0.06656; 327.181
0.06682; 328.119
0.06708; 329.085
0.06734; 330.079
0.0676; 331.102
0.06786; 332.154
0.06812; 333.237
0.06838; 334.351
0.06864; 335.496
0.0689; 336.673
0.06916; 337.883
0.06942; 339.127
0.06968; 340.405
0.06994; 341.718
0.0702; 343.066
0.07046; 344.451
0.07072; 345.873
0.07098; 347.333
0.07124; 348.831
0.0715; 350.368
0.07176; 351.946
0.07202; 353.564
0.07228; 355.223
0.07254; 356.925
0.0728; 358.669
0.07306; 360.457
0.07332; 362.29
0.07358; 364.167
0.07384; 366.09
0.0741; 368.06
0.07436; 370.077
0.07462; 372.142
0.07488; 374.256
0.07514; 376.419
0.0754; 378.632
0.07566; 380.897
0.07592; 383.213
0.07618; 385.581
0.07644; 388.002
0.0767; 390.477
0.07696; 393.007
0.07722; 395.592
0.07748; 398.232
0.07774; 400.929
0.078; 403.684
0.07826; 406.496
0.07852; 409.366
0.07878; 412.296
0.07904; 415.285
0.0793; 418.335
0.07956; 421.446
0.07982; 424.618
0.08008; 427.853
0.08034; 431.15
0.0806; 434.511
0.08086; 437.935
0.08112; 441.423
0.08138; 444.977
0.08164; 448.595
0.0819; 452.28
0.08216; 456.03
0.08242; 459.847
0.08268; 463.731
0.08294; 467.683
0.0832; 471.702
0.08346; 475.789
0.08372; 479.944
0.08398; 484.168
0.08424; 488.462
0.0845; 492.824
0.08476; 497.255
0.08502; 501.756
0.08528; 506.327
0.08554; 510.968
0.0858; 515.679
0.08606; 520.46
0.08632; 525.311
0.08658; 530.232
0.08684; 535.223
0.0871; 540.284
0.08736; 545.416
0.08762; 550.617
0.08788; 555.888
0.08814; 561.229
0.0884; 566.639
0.08866; 572.118
0.08892; 577.667
0.08918; 583.284
0.08944; 588.969
0.0897; 594.723
0.08996; 600.544
0.09022; 606.432
0.09048; 612.388
0.09074; 618.409
0.091; 624.497
0.09126; 630.649
0.09152; 636.866
0.09178; 643.147
0.09204; 649.492
0.0923; 655.899
0.09256; 662.368
0.09282; 668.899
0.09308; 675.489
0.09334; 682.14
0.0936; 688.849
0.09386; 695.616
0.09412; 702.439
0.09438; 709.319
0.09464; 716.254
0.0949; 723.243
0.09516; 730.284
0.09542; 737.378
0.09568; 744.522
0.09594; 751.715
0.0962; 758.958
0.09646; 766.247
0.09672; 773.583
0.09698; 780.963
0.09724; 788.387
0.0975; 795.853
0.09776; 803.359
0.09802; 810.906
0.09828; 818.49
0.09854; 826.111
0.0988; 833.768
0.09906; 841.458
0.09932; 849.181
0.09958; 856.935
0.09984; 864.718
0.1001; 872.529
0.10036; 880.366
0.10062; 888.229
0.10088; 896.114
0.10114; 904.022
0.1014; 911.949
0.10166; 919.894
0.10192; 927.857
0.10218; 935.834
0.10244; 943.825
0.1027; 951.828
0.10296; 959.841
0.10322; 967.863
0.10348; 975.891
0.10374; 983.924
0.104; 991.961
0.10426; 1000
0.10452; 1000
0.10478; 1000
0.10504; 1000
0.1053; 1000
0.10556; 1000
0.10582; 1000
0.10608; 1000
0.10634; 1000
0.1066; 1000
0.10686; 1000
0.10712; 1000
0.10738; 1000
0.10764; 1000
0.1079; 1000
0.10816; 1000
0.10842; 1000
0.10868; 1000
0.10894; 1000
0.1092; 1000
0.10946; 1000
0.10972; 1000
0.10998; 1000
0.11024; 1000
0.1105; 1000
0.11076; 1000
0.11102; 1000
0.11128; 1000
0.11154; 1000
0.1118; 1000
0.11206; 1000
0.11232; 1000
0.11258; 1000
0.11284; 1000
0.1131; 1000
0.11336; 1000
0.11362; 1000
0.11388; 1000
0.11414; 1000
0.1144; 1000
0.11466; 1000
0.11492; 1000
0.11518; 1000
0.11544; 1000
0.1157; 1000
0.11596; 1000
0.11622; 1000
0.11648; 1000
0.11674; 1000
0.117; 1000
0.11726; 1000
0.11752; 1000
0.11778; 1000
0.11804; 1000
0.1183; 1000
0.11856; 1000
0.11882; 1000
0.11908; 1000
0.11934; 1000
0.1196; 1000
0.11986; 1000
0.12012; 1000
0.12038; 1000
0.12064; 1000
0.1209; 1000
0.12116; 1000
0.12142; 1000
0.12168; 1000
0.12194; 1000
0.1222; 1000
0.12246; 1000
0.12272; 1000
0.12298; 1000
0.12324; 1000
0.1235; 1000
0.12376; 1000
0.12402; 1000
0.12428; 1000
0.12454; 1000
0.1248; 1000
