0.0026; 400
0.0052; 400
0.0078; 400
0.0104; 400
0.013; 400
0.0156; 400
0.0182; 400
0.0208; 400
0.0234; 400
0.026; 400
0.0286; 400
0.0312; 400
0.0338; 400
0.0364; 400
0.039; 400
0.0416; 400
0.0442; 400
0.0468; 400
0.0494; 400
0.052; 400
0.0546; 400
0.0572; 400
0.0598; 400
0.0624; 400
0.065; 400
0.0676; 400
0.0702; 400
0.0728; 400
0.0754; 400
0.078; 400
0.0806; 400
0.0832; 400
0.0858; 400
0.0884; 400
0.091; 400
0.0936; 400
0.0962; 400
0.0988; 400
0.1014; 400
0.104; 400
0.1066; 400
0.1092; 400
0.1118; 400
0.1144; 400
0.117; 400
0.1196; 400
0.1222; 400
0.1248; 400
0.1274; 400
0.13; 400
0.1326; 400
0.1352; 400
0.1378; 400
0.1404; 400
0.143; 400
0.1456; 400
0.1482; 400
0.1508; 400
0.1534; 400
0.156; 400
0.1586; 400
0.1612; 400
0.1638; 400
0.1664; 400
0.169; 400
0.1716; 400
0.1742; 400
0.1768; 400
0.1794; 400
0.182; 400
0.1846; 400
0.1872; 400
0.1898; 400
0.1924; 400
0.195; 400
0.1976; 400
0.2002; 400
0.2028; 400
0.2054; 400
0.208; 400
0.2106; 400
0.2132; 400
0.2158; 400
0.2184; 400
0.221; 400
0.2236; 400
0.2262; 400
0.2288; 400
0.2314; 400
0.234; 400
0.2366; 400
0.2392; 400
0.2418; 400
0.2444; 400
0.247; 400
0.2496; 400
0.2522; 400
0.2548; 400
0.2574; 400
0.26; 400
0.2626; 400
0.2652; 400
0.2678; 400
0.2704; 400
0.273; 400
0.2756; 400
0.2782; 400
0.2808; 400
0.2834; 400
0.286; 400
0.2886; 400
0.2912; 400
0.2938; 400
0.2964; 400
0.299; 400
0.3016; 400
0.3042; 400
0.3068; 400
0.3094; 400
0.312; 400
0.3146; 400
0.3172; 400
0.3198; 400
0.3224; 400
0.325; 400
0.3276; 400
0.3302; 400
0.3328; 400
0.3354; 400
0.338; 400
0.3406; 400
0.3432; 400
0.3458; 400
0.3484; 400
0.351; 400
0.3536; 400
0.3562; 400
0.3588; 400
0.3614; 400
0.364; 400
0.3666; 400
0.3692; 400
0.3718; 400
0.3744; 400
0.377; 400
0.3796; 400
0.3822; 400
0.3848; 400
0.3874; 400
0.39; 400
0.3926; 400
0.3952; 400
0.3978; 400
0.4004; 400.001
0.403; 400.001
0.4056; 400.001
0.4082; 400.001
0.4108; 400.001
0.4134; 400.001
0.416; 400.001
0.4186; 400.001
0.4212; 400.001
0.4238; 400.001
0.4264; 400.002
0.429; 400.002
0.4316; 400.002
0.4342; 400.003
0.4368; 400.003
0.4394; 400.003
0.442; 400.004
0.4446; 400.004
0.4472; 400.005
0.4498; 400.006
0.4524; 400.006
0.455; 400.007
0.4576; 400.008
0.4602; 400.009
0.4628; 400.011
0.4654; 400.012
0.468; 400.014
0.4706; 400.016
0.4732; 400.018
0.4758; 400.02
0.4784; 400.023
0.481; 400.026
0.4836; 400.03
0.4862; 400.034
0.4888; 400.039
0.4914; 400.044
0.494; 400.05
0.4966; 400.056
0.4992; 400.064
0.5018; 400.072
0.5044; 400.081
0.507; 400.092
0.5096; 400.103
0.5122; 400.116
0.5148; 400.131
0.5174; 400.147
0.52; 400.166
0.5226; 400.186
0.5252; 400.209
0.5278; 400.234
0.5304; 400.261
0.533; 400.292
0.5356; 400.326
0.5382; 400.364
0.5408; 400.406
0.5434; 400.452
0.546; 400.502
0.5486; 400.558
0.5512; 400.619
0.5538; 400.687
0.5564; 400.76
0.559; 400.841
0.5616; 400.929
0.5642; 401.026
0.5668; 401.131
0.5694; 401.246
0.572; 401.37
0.5746; 401.506
0.5772; 401.653
0.5798; 401.813
0.5824; 401.986
0.585; 402.174
0.5876; 402.376
0.5902; 402.595
0.5928; 402.831
0.5954; 403.085
0.598; 403.358
0.6006; 403.652
0.6032; 403.967
0.6058; 404.305
0.6084; 404.667
0.611; 405.054
0.6136; 405.467
0.6162; 405.908
0.6188; 406.379
0.6214; 406.879
0.624; 407.412
0.6266; 407.978
0.6292; 408.578
0.6318; 409.214
0.6344; 409.888
0.637; 410.6
0.6396; 411.353
0.6422; 412.147
0.6448; 412.983
0.6474; 413.864
0.65; 414.791
0.6526; 415.764
0.6552; 416.785
0.6578; 417.855
0.6604; 418.976
0.663; 420.148
0.6656; 421.372
0.6682; 422.649
0.6708; 423.981
0.6734; 425.368
0.676; 426.81
0.6786; 428.309
0.6812; 429.865
0.6838; 431.478
0.6864; 433.148
0.689; 434.876
0.6916; 436.663
0.6942; 438.507
0.6968; 440.409
0.6994; 442.369
0.702; 444.386
0.7046; 446.461
0.7072; 448.591
0.7098; 450.777
0.7124; 453.018
0.715; 455.313
0.7176; 457.661
0.7202; 460.06
0.7228; 462.51
0.7254; 465.009
0.728; 467.556
0.7306; 470.149
0.7332; 472.787
0.7358; 475.468
0.7384; 478.19
0.741; 480.952
0.7436; 483.752
0.7462; 486.589
0.7488; 489.463
0.7514; 492.371
0.754; 495.314
0.7566; 498.292
0.7592; 501.307
0.7618; 504.361
0.7644; 507.457
0.767; 510.598
0.7696; 513.788
0.7722; 517.027
0.7748; 520.312
0.7774; 523.635
0.78; 526.989
0.7826; 530.368
0.7852; 533.762
0.7878; 537.159
0.7904; 540.547
0.793; 543.92
0.7956; 547.271
0.7982; 550.599
0.8008; 553.901
0.8034; 557.175
0.806; 560.422
0.8086; 563.639
0.8112; 566.828
0.8138; 569.991
0.8164; 573.148
0.819; 576.592
0.8216; 580.289
0.8242; 583.967
0.8268; 587.618
0.8294; 591.245
0.832; 594.852
0.8346; 598.438
0.8372; 602.005
0.8398; 605.556
0.8424; 609.097
0.845; 612.653
0.8476; 616.053
0.8502; 619.187
0.8528; 622.165
0.8554; 625.065
0.858; 627.911
0.8606; 630.711
0.8632; 633.466
0.8658; 636.178
0.8684; 638.845
0.871; 641.467
0.8736; 644.045
0.8762; 646.58
0.8788; 649.074
0.8814; 651.53
0.884; 653.946
0.8866; 656.393
0.8892; 658.855
0.8918; 661.196
0.8944; 663.429
0.897; 665.558
0.8996; 667.583
0.9022; 669.5
0.9048; 671.309
0.9074; 673.006
0.91; 674.588
0.9126; 676.055
0.9152; 677.404
0.9178; 678.635
0.9204; 679.747
0.923; 680.743
0.9256; 681.623
0.9282; 682.391
0.9308; 683.049
0.9334; 683.602
0.936; 684.055
0.9386; 684.413
0.9412; 684.682
0.9438; 684.87
0.9464; 684.982
0.949; 685.027
0.9516; 685.012
0.9542; 684.946
0.9568; 684.836
0.9594; 684.693
0.962; 684.523
0.9646; 684.336
0.9672; 684.14
0.9698; 683.943
0.9724; 683.754
0.975; 683.579
0.9776; 683.426
0.9802; 683.301
0.9828; 683.211
0.9854; 683.16
0.988; 683.154
0.9906; 683.196
0.9932; 683.29
0.9958; 683.438
0.9984; 683.641
1.001; 683.898
1.0036; 684.215
1.0062; 684.634
1.0088; 685.066
1.0114; 685.532
1.014; 686.032
1.0166; 686.561
1.0192; 687.114
1.0218; 687.688
1.0244; 688.279
1.027; 688.884
1.0296; 689.498
1.0322; 690.117
1.0348; 690.738
1.0374; 691.356
1.04; 691.966
1.0426; 692.564
1.0452; 693.145
1.0478; 693.752
1.0504; 694.385
1.053; 694.992
1.0556; 695.568
1.0582; 696.107
1.0608; 696.604
1.0634; 697.054
1.066; 697.451
1.0686; 697.79
1.0712; 698.068
1.0738; 698.28
1.0764; 698.424
1.079; 698.5
1.0816; 698.506
1.0842; 698.442
1.0868; 698.312
1.0894; 698.117
1.092; 697.861
1.0946; 697.551
1.0972; 697.19
1.0998; 696.786
1.1024; 696.348
1.105; 695.882
1.1076; 695.397
1.1102; 694.904
1.1128; 694.41
1.1154; 693.926
1.118; 693.46
1.1206; 693.024
1.1232; 692.624
1.1258; 692.271
1.1284; 691.973
1.131; 691.736
1.1336; 691.56
1.1362; 691.436
1.1388; 691.458
1.1414; 691.597
1.144; 691.781
1.1466; 692.034
1.1492; 692.365
1.1518; 692.758
1.1544; 693.212
1.157; 693.723
1.1596; 694.288
1.1622; 694.904
1.1648; 695.568
1.1674; 696.277
1.17; 697.029
1.1726; 697.82
1.1752; 698.644
1.1778; 699.64
1.1804; 700.838
1.183; 702.108
1.1856; 703.445
1.1882; 704.841
1.1908; 706.287
1.1934; 707.775
1.196; 709.294
1.1986; 710.833
1.2012; 712.383
1.2038; 713.932
1.2064; 715.469
1.209; 716.983
1.2116; 718.462
1.2142; 719.897
1.2168; 721.276
1.2194; 722.59
1.222; 723.829
1.2246; 724.985
1.2272; 726.049
1.2298; 727.014
1.2324; 727.873
1.235; 728.62
1.2376; 729.251
1.2402; 729.761
1.2428; 730.146
1.2454; 730.405
1.248; 730.534
