0.00026; 0
0.00052; 0
0.00078; 0
0.00104; 0
0.0013; 0
0.00156; 0
0.00182; 0
0.00208; 0
0.00234; 0
0.0026; 0
0.00286; 0
0.00312; 0
0.00338; 0
0.00364; 0
0.0039; 0
0.00416; 0
0.00442; 0
0.00468; 0
0.00494; 0
0.0052; 0
0.00546; 0
0.00572; 0
0.00598; 0
0.00624; 0
0.0065; 0
0.00676; 0
0.00702; 0
0.00728; 0
0.00754; 0
0.0078; 0
0.00806; 0
0.00832; 0
0.00858; 0
0.00884; 0
0.0091; 0
0.00936; 0
0.00962; 0
0.00988; 0
0.01014; 0
0.0104; 0
0.01066; 0
0.01092; 0
0.01118; 0
0.01144; 0
0.0117; 0
0.01196; 0
0.01222; 0
0.01248; 0
0.01274; 0
0.013; 0
0.01326; 0
0.01352; 0
0.01378; 0
0.01404; 0
0.0143; 0
0.01456; 0
0.01482; 0
0.01508; 0
0.01534; 0
0.0156; 0
0.01586; 0
0.01612; 0
0.01638; 0
0.01664; 0
0.0169; 0
0.01716; 0
0.01742; 0
0.01768; 0
0.01794; 0
0.0182; 0
0.01846; 0
0.01872; 0
0.01898; 0
0.01924; 0
0.0195; 0
0.01976; 0
0.02002; 0
0.02028; 0
0.02054; 0
0.0208; 0
0.02106; 0
0.02132; 0
0.02158; 0
0.02184; 0
0.0221; 0
0.02236; 0
0.02262; 0
0.02288; 0
0.02314; 0
0.0234; 0
0.02366; 0
0.02392; 0
0.02418; 0
0.02444; 0
0.0247; 0
0.02496; 0
0.02522; 0
0.02548; 0
0.02574; 0
0.026; 0
0.02626; 0
0.02652; 0
0.02678; 0
0.02704; 0
0.0273; 0
0.02756; 0
0.02782; 0
0.02808; 0
0.02834; 0
0.0286; 0
0.02886; 0
0.02912; 0
0.02938; 0
0.02964; 0
0.0299; 0
0.03016; 0
0.03042; 0
0.03068; 0
0.03094; 0
0.0312; 0
0.03146; 0
0.03172; 0
0.03198; 0
0.03224; 0
0.0325; 0
0.03276; 877.99
0.03302; 877.982
0.03328; 877.965
0.03354; 877.939
0.0338; 877.904
0.03406; 877.859
0.03432; 877.804
0.03458; 877.74
0.03484; 877.666
0.0351; 877.583
0.03536; 877.49
0.03562; 877.387
0.03588; 877.274
0.03614; 877.152
0.0364; 877.02
0.03666; 876.879
0.03692; 876.727
0.03718; 876.566
0.03744; 876.395
0.0377; 876.214
0.03796; 876.023
0.03822; 875.822
0.03848; 875.611
0.03874; 875.391
0.039; 875.159
0.03926; 874.918
0.03952; 874.667
0.03978; 874.405
0.04004; 874.133
0.0403; 873.851
0.04056; 873.558
0.04082; 873.256
0.04108; 872.942
0.04134; 872.618
0.0416; 872.284
0.04186; 871.938
0.04212; 871.583
0.04238; 871.216
0.04264; 870.838
0.0429; 870.45
0.04316; 870.051
0.04342; 869.641
0.04368; 869.22
0.04394; 868.788
0.0442; 868.345
0.04446; 867.89
0.04472; 867.424
0.04498; 866.947
0.04524; 866.458
0.0455; 865.958
0.04576; 865.446
0.04602; 864.923
0.04628; 864.387
0.04654; 863.84
0.0468; 863.281
0.04706; 862.71
0.04732; 862.127
0.04758; 861.532
0.04784; 860.924
0.0481; 860.304
0.04836; 859.672
0.04862; 859.027
0.04888; 858.369
0.04914; 857.699
0.0494; 857.016
0.04966; 856.32
0.04992; 855.61
0.05018; 854.887
0.05044; 854.152
0.0507; 853.402
0.05096; 852.639
0.05122; 851.862
0.05148; 851.072
0.05174; 850.267
0.052; 849.448
0.05226; 848.614
0.05252; 847.767
0.05278; 846.904
0.05304; 846.027
0.0533; 845.134
0.05356; 844.227
0.05382; 843.304
0.05408; 842.366
0.05434; 841.411
0.0546; 840.441
0.05486; 839.455
0.05512; 838.453
0.05538; 837.433
0.05564; 836.398
0.0559; 835.345
0.05616; 834.275
0.05642; 833.187
0.05668; 832.082
0.05694; 830.959
0.0572; 829.817
0.05746; 828.657
0.05772; 827.478
0.05798; 826.281
0.05824; 825.064
0.0585; 823.827
0.05876; 822.57
0.05902; 821.293
0.05928; 819.996
0.05954; 818.677
0.0598; 817.338
0.06006; 815.977
0.06032; 814.595
0.06058; 813.19
0.06084; 811.763
0.0611; 810.314
0.06136; 808.841
0.06162; 807.345
0.06188; 805.825
0.06214; 804.281
0.0624; 802.713
0.06266; 801.12
0.06292; 799.503
0.06318; 797.86
0.06344; 796.193
0.0637; 794.499
0.06396; 792.781
0.06422; 791.036
0.06448; 789.266
0.06474; 787.469
0.065; 785.647
0.06526; 783.799
0.06552; 781.925
0.06578; 780.025
0.06604; 778.1
0.0663; 776.15
0.06656; 774.176
0.06682; 772.178
0.06708; 770.156
0.06734; 768.112
0.0676; 766.046
0.06786; 763.959
0.06812; 761.853
0.06838; 759.728
0.06864; 757.586
0.0689; 755.428
0.06916; 753.256
0.06942; 751.071
0.06968; 748.876
0.06994; 746.671
0.0702; 744.46
0.07046; 742.243
0.07072; 740.022
0.07098; 737.8
0.07124; 735.579
0.0715; 733.359
0.07176; 731.143
0.07202; 728.933
0.07228; 726.73
0.07254; 724.535
0.0728; 722.351
0.07306; 720.178
0.07332; 718.017
0.07358; 715.87
0.07384; 713.737
0.0741; 711.62
0.07436; 709.519
0.07462; 707.436
0.07488; 705.369
0.07514; 703.321
0.0754; 701.291
0.07566; 699.279
0.07592; 697.287
0.07618; 695.314
0.07644; 693.361
0.0767; 691.427
0.07696; 689.512
0.07722; 687.618
0.07748; 685.743
0.07774; 683.888
0.078; 682.053
0.07826; 680.238
0.07852; 678.442
0.07878; 676.666
0.07904; 674.91
0.0793; 673.173
0.07956; 671.455
0.07982; 669.757
0.08008; 668.077
0.08034; 666.417
0.0806; 664.775
0.08086; 663.152
0.08112; 661.547
0.08138; 659.961
0.08164; 658.394
0.0819; 656.845
0.08216; 655.314
0.08242; 653.801
0.08268; 652.306
0.08294; 650.829
0.0832; 649.369
0.08346; 647.928
0.08372; 646.504
0.08398; 645.097
0.08424; 643.708
0.0845; 642.336
0.08476; 640.981
0.08502; 639.644
0.08528; 638.323
0.08554; 637.02
0.0858; 635.733
0.08606; 634.463
0.08632; 633.21
0.08658; 631.974
0.08684; 630.754
0.0871; 629.551
0.08736; 628.364
0.08762; 627.195
0.08788; 626.042
0.08814; 624.905
0.0884; 623.785
0.08866; 622.681
0.08892; 621.593
0.08918; 620.523
0.08944; 619.468
0.0897; 618.43
0.08996; 617.407
0.09022; 616.402
0.09048; 615.412
0.09074; 614.44
0.091; 613.482
0.09126; 612.542
0.09152; 611.618
0.09178; 610.71
0.09204; 609.817
0.0923; 608.942
0.09256; 608.082
0.09282; 607.239
0.09308; 606.411
0.09334; 605.6
0.0936; 604.805
0.09386; 604.026
0.09412; 603.263
0.09438; 602.517
0.09464; 601.786
0.0949; 601.072
0.09516; 600.373
0.09542; 599.692
0.09568; 599.026
0.09594; 598.376
0.0962; 597.742
0.09646; 597.125
0.09672; 596.523
0.09698; 595.938
0.09724; 595.368
0.0975; 594.815
0.09776; 594.277
0.09802; 593.757
0.09828; 593.251
0.09854; 592.762
0.0988; 592.289
0.09906; 591.832
0.09932; 591.391
0.09958; 590.966
0.09984; 590.557
0.1001; 590.164
0.10036; 589.786
0.10062; 589.425
0.10088; 589.08
0.10114; 588.751
0.1014; 588.437
0.10166; 588.14
0.10192; 587.858
0.10218; 587.592
0.10244; 587.342
0.1027; 587.108
0.10296; 586.888
0.10322; 586.686
0.10348; 586.497
0.10374; 586.326
0.104; 586.169
0.10426; 586.028
0.10452; 585.902
0.10478; 585.791
0.10504; 585.696
0.1053; 585.615
0.10556; 585.549
0.10582; 585.496
0.10608; 585.454
0.10634; 585.424
0.1066; 0
0.10686; 0
0.10712; 0
0.10738; 0
0.10764; 0
0.1079; 0
0.10816; 0
0.10842; 0
0.10868; 0
0.10894; 0
0.1092; 0
0.10946; 0
0.10972; 0
0.10998; 0
0.11024; 0
0.1105; 0
0.11076; 0
0.11102; 0
0.11128; 0
0.11154; 0
0.1118; 0
0.11206; 0
0.11232; 0
0.11258; 0
0.11284; 0
0.1131; 0
0.11336; 0
0.11362; 0
0.11388; 0
0.11414; 0
0.1144; 0
0.11466; 0
0.11492; 0
0.11518; 0
0.11544; 0
0.1157; 0
0.11596; 0
0.11622; 0
0.11648; 0
0.11674; 0
0.117; 0
0.11726; 0
0.11752; 0
0.11778; 0
0.11804; 0
0.1183; 0
0.11856; 0
0.11882; 0
0.11908; 0
0.11934; 0
0.1196; 0
0.11986; 0
0.12012; 0
0.12038; 0
0.12064; 0
0.1209; 0
0.12116; 0
0.12142; 0
0.12168; 0
0.12194; 0
0.1222; 0
0.12246; 0
0.12272; 0
0.12298; 0
0.12324; 0
0.1235; 0
0.12376; 0
0.12402; 0
0.12428; 0
0.12454; 0
0.1248; 0
