0.00026; 0
0.00052; 0
0.00078; 0
0.00104; 0
0.0013; 0
0.00156; 0
0.00182; 0
0.00208; 0
0.00234; 0
0.0026; 0
0.00286; 0
0.00312; 0
0.00338; 0
0.00364; 0
0.0039; 0
0.00416; 0
0.00442; 0
0.00468; 0
0.00494; 0
0.0052; 0
0.00546; 0
0.00572; 0
0.00598; 0
0.00624; 0
0.0065; 0
0.00676; 0
0.00702; 0
0.00728; 0
0.00754; 0
0.0078; 0
0.00806; 0
0.00832; 0
0.00858; 0
0.00884; 0
0.0091; 0
0.00936; 0
0.00962; 0
0.00988; 0
0.01014; 0
0.0104; 0
0.01066; 0
0.01092; 0
0.01118; 0
0.01144; 0
0.0117; 0
0.01196; 0
0.01222; 0
0.01248; 0
0.01274; 0
0.013; 0
0.01326; 0
0.01352; 0
0.01378; 0
0.01404; 0
0.0143; 0
0.01456; 0
0.01482; 0
0.01508; 0
0.01534; 0
0.0156; 0
0.01586; 0
0.01612; 0
0.01638; 0
0.01664; 0
0.0169; 0
0.01716; 0
0.01742; 0
0.01768; 0
0.01794; 0
0.0182; 0
0.01846; 0
0.01872; 0
0.01898; 0
0.01924; 0
0.0195; 0
0.01976; 0
0.02002; 0
0.02028; 0
0.02054; 0
0.0208; 0
0.02106; 0
0.02132; 0
0.02158; 0
0.02184; 0
0.0221; 0
0.02236; 0
0.02262; 0
0.02288; 0
0.02314; 0
0.0234; 0
0.02366; 0
0.02392; 0
0.02418; 0
0.02444; 0
0.0247; 0
0.02496; 0
0.02522; 0
0.02548; 0
0.02574; 0
0.026; 0
0.02626; 0
0.02652; 0
0.02678; 0
0.02704; 0
0.0273; 0
0.02756; 0
0.02782; 0
0.02808; 0
0.02834; 0
0.0286; 0
0.02886; 0
0.02912; 0
0.02938; 0
0.02964; 0
0.0299; 0
0.03016; 0
0.03042; 0
0.03068; 0
0.03094; 0
0.0312; 0
0.03146; 0
0.03172; 0
0.03198; 0
0.03224; 0
0.0325; 0
0.03276; 891.504
0.03302; 891.507
0.03328; 891.482
0.03354; 891.461
0.0338; 891.415
0.03406; 891.374
0.03432; 891.307
0.03458; 891.245
0.03484; 891.156
0.0351; 891.073
0.03536; 890.964
0.03562; 890.86
0.03588; 890.73
0.03614; 890.604
0.0364; 890.452
0.03666; 890.305
0.03692; 890.132
0.03718; 889.964
0.03744; 889.77
0.0377; 889.58
0.03796; 889.364
0.03822; 889.152
0.03848; 888.914
0.03874; 888.681
0.039; 888.421
0.03926; 888.165
0.03952; 887.883
0.03978; 887.605
0.04004; 887.301
0.0403; 887.001
0.04056; 886.674
0.04082; 886.35
0.04108; 886
0.04134; 885.654
0.0416; 885.281
0.04186; 884.912
0.04212; 884.516
0.04238; 884.123
0.04264; 883.704
0.0429; 883.287
0.04316; 882.844
0.04342; 882.403
0.04368; 881.936
0.04394; 881.471
0.0442; 880.979
0.04446; 880.49
0.04472; 879.974
0.04498; 879.459
0.04524; 878.918
0.0455; 878.378
0.04576; 877.811
0.04602; 877.246
0.04628; 876.653
0.04654; 876.062
0.0468; 875.444
0.04706; 874.826
0.04732; 874.181
0.04758; 873.536
0.04784; 872.864
0.0481; 872.192
0.04836; 871.493
0.04862; 870.793
0.04888; 870.066
0.04914; 869.339
0.0494; 868.584
0.04966; 867.827
0.04992; 867.044
0.05018; 866.258
0.05044; 865.445
0.0507; 864.63
0.05096; 863.787
0.05122; 862.941
0.05148; 862.067
0.05174; 861.191
0.052; 860.286
0.05226; 859.378
0.05252; 858.441
0.05278; 857.501
0.05304; 856.532
0.0533; 855.558
0.05356; 854.556
0.05382; 853.549
0.05408; 852.512
0.05434; 851.47
0.0546; 850.398
0.05486; 849.321
0.05512; 848.213
0.05538; 847.099
0.05564; 845.955
0.0559; 844.803
0.05616; 843.621
0.05642; 842.43
0.05668; 841.209
0.05694; 839.979
0.0572; 838.717
0.05746; 837.445
0.05772; 836.143
0.05798; 834.83
0.05824; 833.484
0.0585; 832.127
0.05876; 830.738
0.05902; 829.336
0.05928; 827.902
0.05954; 826.453
0.0598; 824.972
0.06006; 823.476
0.06032; 821.947
0.06058; 820.401
0.06084; 818.823
0.0611; 817.227
0.06136; 815.597
0.06162; 813.949
0.06188; 812.266
0.06214; 810.564
0.0624; 808.828
0.06266; 807.072
0.06292; 805.28
0.06318; 803.467
0.06344; 801.619
0.0637; 799.749
0.06396; 797.844
0.06422; 795.915
0.06448; 793.952
0.06474; 791.965
0.065; 789.943
0.06526; 787.897
0.06552; 785.817
0.06578; 783.713
0.06604; 781.575
0.0663; 779.414
0.06656; 777.22
0.06682; 775.003
0.06708; 772.755
0.06734; 770.485
0.0676; 768.187
0.06786; 765.868
0.06812; 763.524
0.06838; 761.16
0.06864; 758.774
0.0689; 756.372
0.06916; 753.952
0.06942; 751.517
0.06968; 749.069
0.06994; 746.61
0.0702; 744.143
0.07046; 741.667
0.07072; 739.188
0.07098; 736.705
0.07124; 734.222
0.0715; 731.739
0.07176; 729.261
0.07202; 726.786
0.07228; 724.321
0.07254; 721.861
0.0728; 719.414
0.07306; 716.976
0.07332; 714.554
0.07358; 712.143
0.07384; 709.751
0.0741; 707.37
0.07436; 705.012
0.07462; 702.667
0.07488; 700.346
0.07514; 698.038
0.0754; 695.756
0.07566; 693.487
0.07592; 691.246
0.07618; 689.018
0.07644; 686.818
0.0767; 684.632
0.07696; 682.476
0.07722; 680.332
0.07748; 678.218
0.07774; 676.117
0.078; 674.047
0.07826; 671.988
0.07852; 669.961
0.07878; 667.945
0.07904; 665.961
0.0793; 663.987
0.07956; 662.045
0.07982; 660.112
0.08008; 658.213
0.08034; 656.322
0.0806; 654.463
0.08086; 652.613
0.08112; 650.797
0.08138; 648.987
0.08164; 647.211
0.0819; 645.441
0.08216; 643.706
0.08242; 641.975
0.08268; 640.279
0.08294; 638.588
0.0832; 636.932
0.08346; 635.28
0.08372; 633.662
0.08398; 632.048
0.08424; 630.47
0.0845; 628.894
0.08476; 627.354
0.08502; 625.816
0.08528; 624.314
0.08554; 622.814
0.0858; 621.35
0.08606; 619.886
0.08632; 618.46
0.08658; 617.034
0.08684; 615.645
0.0871; 614.256
0.08736; 612.905
0.08762; 611.553
0.08788; 610.238
0.08814; 608.923
0.0884; 607.646
0.08866; 606.367
0.08892; 605.127
0.08918; 603.885
0.08944; 602.683
0.0897; 601.478
0.08996; 600.312
0.09022; 599.144
0.09048; 598.015
0.09074; 596.883
0.091; 595.792
0.09126; 594.696
0.09152; 593.642
0.09178; 592.583
0.09204; 591.566
0.0923; 590.543
0.09256; 589.563
0.09282; 588.577
0.09308; 587.634
0.09334; 586.685
0.0936; 585.778
0.09386; 584.866
0.09412; 583.996
0.09438; 583.121
0.09464; 582.288
0.0949; 581.45
0.09516; 580.654
0.09542; 579.852
0.09568; 579.094
0.09594; 578.329
0.0962; 577.607
0.09646; 576.879
0.09672; 576.195
0.09698; 575.503
0.09724; 574.855
0.0975; 574.199
0.09776; 573.59
0.09802; 572.972
0.09828; 572.401
0.09854; 571.82
0.0988; 571.287
0.09906; 570.745
0.09932; 570.247
0.09958; 569.741
0.09984; 569.28
0.1001; 568.81
0.10036; 568.386
0.10062; 567.954
0.10088; 567.567
0.10114; 567.171
0.1014; 566.821
0.10166; 566.462
0.10192; 566.148
0.10218; 565.826
0.10244; 565.549
0.1027; 565.263
0.10296; 565.022
0.10322; 564.773
0.10348; 564.569
0.10374; 564.356
0.104; 564.188
0.10426; 564.011
0.10452; 563.878
0.10478; 563.734
0.10504; 563.639
0.1053; 563.531
0.10556; 563.471
0.10582; 563.399
0.10608; 563.366
0.10634; 563.321
0.1066; 0
0.10686; 0
0.10712; 0
0.10738; 0
0.10764; 0
0.1079; 0
0.10816; 0
0.10842; 0
0.10868; 0
0.10894; 0
0.1092; 0
0.10946; 0
0.10972; 0
0.10998; 0
0.11024; 0
0.1105; 0
0.11076; 0
0.11102; 0
0.11128; 0
0.11154; 0
0.1118; 0
0.11206; 0
0.11232; 0
0.11258; 0
0.11284; 0
0.1131; 0
0.11336; 0
0.11362; 0
0.11388; 0
0.11414; 0
0.1144; 0
0.11466; 0
0.11492; 0
0.11518; 0
0.11544; 0
0.1157; 0
0.11596; 0
0.11622; 0
0.11648; 0
0.11674; 0
0.117; 0
0.11726; 0
0.11752; 0
0.11778; 0
0.11804; 0
0.1183; 0
0.11856; 0
0.11882; 0
0.11908; 0
0.11934; 0
0.1196; 0
0.11986; 0
0.12012; 0
0.12038; 0
0.12064; 0
0.1209; 0
0.12116; 0
0.12142; 0
0.12168; 0
0.12194; 0
0.1222; 0
0.12246; 0
0.12272; 0
0.12298; 0
0.12324; 0
0.1235; 0
0.12376; 0
0.12402; 0
0.12428; 0
0.12454; 0
0.1248; 0
