0.00026; 543.129
0.00052; 543.134
0.00078; 543.141
0.00104; 543.153
0.0013; 543.175
0.00156; 543.201
0.00182; 543.237
0.00208; 543.277
0.00234; 543.327
0.0026; 543.381
0.00286; 543.444
0.00312; 543.513
0.00338; 543.59
0.00364; 543.673
0.0039; 543.764
0.00416; 543.861
0.00442; 543.966
0.00468; 544.077
0.00494; 544.196
0.0052; 544.32
0.00546; 544.454
0.00572; 544.592
0.00598; 544.74
0.00624; 544.892
0.0065; 545.054
0.00676; 545.22
0.00702; 545.396
0.00728; 545.576
0.00754; 545.765
0.0078; 545.959
0.00806; 546.163
0.00832; 546.371
0.00858; 546.588
0.00884; 546.81
0.0091; 547.041
0.00936; 547.277
0.00962; 547.522
0.00988; 547.772
0.01014; 548.03
0.0104; 548.294
0.01066; 548.567
0.01092; 548.844
0.01118; 549.13
0.01144; 549.421
0.0117; 549.722
0.01196; 550.027
0.01222; 550.341
0.01248; 550.659
0.01274; 550.987
0.013; 551.32
0.01326; 551.661
0.01352; 552.007
0.01378; 552.362
0.01404; 552.723
0.0143; 553.091
0.01456; 553.465
0.01482; 553.848
0.01508; 554.235
0.01534; 554.631
0.0156; 555.032
0.01586; 555.442
0.01612; 555.856
0.01638; 556.28
0.01664; 556.708
0.0169; 557.145
0.01716; 557.587
0.01742; 558.037
0.01768; 558.493
0.01794; 558.957
0.0182; 559.426
0.01846; 559.903
0.01872; 560.386
0.01898; 560.877
0.01924; 561.373
0.0195; 561.877
0.01976; 562.387
0.02002; 562.904
0.02028; 563.427
0.02054; 563.958
0.0208; 564.494
0.02106; 565.039
0.02132; 565.588
0.02158; 566.146
0.02184; 566.709
0.0221; 567.28
0.02236; 567.856
0.02262; 568.441
0.02288; 569.03
0.02314; 569.627
0.0234; 570.23
0.02366; 570.841
0.02392; 571.456
0.02418; 572.08
0.02444; 572.709
0.0247; 573.346
0.02496; 573.988
0.02522; 574.638
0.02548; 575.293
0.02574; 575.956
0.026; 576.624
0.02626; 577.3
0.02652; 577.98
0.02678; 578.67
0.02704; 579.364
0.0273; 580.066
0.02756; 580.773
0.02782; 581.488
0.02808; 582.207
0.02834; 582.935
0.0286; 583.667
0.02886; 584.408
0.02912; 585.153
0.02938; 585.906
0.02964; 586.664
0.0299; 587.43
0.03016; 588.201
0.03042; 588.979
0.03068; 589.763
0.03094; 590.554
0.0312; 591.35
0.03146; 592.154
0.03172; 592.962
0.03198; 593.779
0.03224; 594.6
0.0325; 595.429
0.03276; 596.262
0.03302; 597.104
0.03328; 597.949
0.03354; 598.803
0.0338; 599.661
0.03406; 600.528
0.03432; 601.398
0.03458; 602.276
0.03484; 603.159
0.0351; 604.05
0.03536; 604.944
0.03562; 605.847
0.03588; 606.755
0.03614; 607.67
0.0364; 608.589
0.03666; 609.516
0.03692; 610.447
0.03718; 611.386
0.03744; 612.329
0.0377; 613.28
0.03796; 614.235
0.03822; 615.198
0.03848; 616.166
0.03874; 617.141
0.039; 618.119
0.03926; 619.106
0.03952; 620.096
0.03978; 621.095
0.04004; 622.097
0.0403; 623.107
0.04056; 624.121
0.04082; 625.143
0.04108; 626.169
0.04134; 627.202
0.0416; 628.239
0.04186; 629.284
0.04212; 630.333
0.04238; 631.389
0.04264; 632.449
0.0429; 633.516
0.04316; 634.588
0.04342; 635.667
0.04368; 636.75
0.04394; 637.84
0.0442; 638.934
0.04446; 640.036
0.04472; 641.141
0.04498; 642.254
0.04524; 643.37
0.0455; 644.494
0.04576; 645.622
0.04602; 646.756
0.04628; 647.895
0.04654; 649.041
0.0468; 650.19
0.04706; 651.347
0.04732; 652.507
0.04758; 653.675
0.04784; 654.846
0.0481; 656.024
0.04836; 657.206
0.04862; 658.395
0.04888; 659.587
0.04914; 660.786
0.0494; 661.989
0.04966; 663.199
0.04992; 664.413
0.05018; 665.634
0.05044; 666.858
0.0507; 668.089
0.05096; 669.323
0.05122; 670.564
0.05148; 671.809
0.05174; 673.06
0.052; 674.316
0.05226; 675.577
0.05252; 676.842
0.05278; 678.114
0.05304; 679.389
0.0533; 680.671
0.05356; 681.956
0.05382; 683.248
0.05408; 684.543
0.05434; 685.845
0.0546; 687.15
0.05486; 688.461
0.05512; 689.776
0.05538; 691.097
0.05564; 692.422
0.0559; 693.753
0.05616; 695.087
0.05642; 696.427
0.05668; 697.771
0.05694; 699.121
0.0572; 700.474
0.05746; 701.833
0.05772; 703.196
0.05798; 704.565
0.05824; 705.937
0.0585; 707.315
0.05876; 708.696
0.05902; 710.083
0.05928; 711.473
0.05954; 712.869
0.0598; 714.268
0.06006; 715.674
0.06032; 717.082
0.06058; 718.496
0.06084; 719.913
0.0611; 721.336
0.06136; 722.762
0.06162; 724.194
0.06188; 725.629
0.06214; 727.069
0.0624; 728.512
0.06266; 729.961
0.06292; 731.413
0.06318; 732.87
0.06344; 734.331
0.0637; 735.796
0.06396; 737.265
0.06422; 738.739
0.06448; 740.216
0.06474; 741.698
0.065; 743.183
0.06526; 744.674
0.06552; 746.167
0.06578; 747.666
0.06604; 749.167
0.0663; 750.674
0.06656; 752.183
0.06682; 753.697
0.06708; 755.215
0.06734; 756.737
0.0676; 758.262
0.06786; 759.791
0.06812; 761.324
0.06838; 762.861
0.06864; 764.401
0.0689; 765.946
0.06916; 767.494
0.06942; 769.046
0.06968; 770.601
0.06994; 772.16
0.0702; 773.723
0.07046; 775.29
0.07072; 776.859
0.07098; 778.433
0.07124; 780.009
0.0715; 781.59
0.07176; 783.174
0.07202; 784.762
0.07228; 786.352
0.07254; 787.947
0.0728; 789.544
0.07306; 791.145
0.07332; 792.749
0.07358; 794.357
0.07384; 795.968
0.0741; 797.582
0.07436; 799.199
0.07462; 800.82
0.07488; 802.444
0.07514; 804.071
0.0754; 805.701
0.07566; 807.335
0.07592; 808.971
0.07618; 810.61
0.07644; 812.252
0.0767; 813.898
0.07696; 815.546
0.07722; 817.198
0.07748; 818.852
0.07774; 820.51
0.078; 822.169
0.07826; 823.833
0.07852; 825.498
0.07878; 827.167
0.07904; 828.838
0.0793; 830.512
0.07956; 832.189
0.07982; 833.869
0.08008; 835.55
0.08034; 837.236
0.0806; 838.923
0.08086; 840.613
0.08112; 842.306
0.08138; 844.001
0.08164; 845.699
0.0819; 847.399
0.08216; 849.101
0.08242; 850.807
0.08268; 852.514
0.08294; 854.224
0.0832; 855.936
0.08346; 857.651
0.08372; 859.368
0.08398; 861.088
0.08424; 862.809
0.0845; 864.533
0.08476; 866.258
0.08502; 867.987
0.08528; 869.717
0.08554; 871.45
0.0858; 873.184
0.08606; 874.921
0.08632; 876.659
0.08658; 878.4
0.08684; 880.142
0.0871; 881.887
0.08736; 883.633
0.08762; 885.382
0.08788; 887.132
0.08814; 888.884
0.0884; 890.638
0.08866; 892.394
0.08892; 894.152
0.08918; 895.911
0.08944; 897.672
0.0897; 899.435
0.08996; 901.199
0.09022; 902.966
0.09048; 904.733
0.09074; 906.503
0.091; 908.273
0.09126; 910.046
0.09152; 911.819
0.09178; 913.595
0.09204; 915.371
0.0923; 917.15
0.09256; 918.929
0.09282; 920.71
0.09308; 922.492
0.09334; 924.276
0.0936; 926.06
0.09386; 927.846
0.09412; 929.633
0.09438; 931.422
0.09464; 933.211
0.0949; 935.002
0.09516; 936.794
0.09542; 938.587
0.09568; 940.381
0.09594; 942.177
0.0962; 943.972
0.09646; 945.77
0.09672; 947.568
0.09698; 949.367
0.09724; 951.167
0.0975; 952.967
0.09776; 954.769
0.09802; 956.571
0.09828; 958.374
0.09854; 960.178
0.0988; 961.983
0.09906; 963.788
0.09932; 965.594
0.09958; 967.4
0.09984; 969.207
0.1001; 971.015
0.10036; 972.823
0.10062; 974.632
0.10088; 976.441
0.10114; 978.251
0.1014; 980.062
0.10166; 981.872
0.10192; 983.683
0.10218; 985.495
0.10244; 987.307
0.1027; 989.119
0.10296; 990.932
0.10322; 992.745
0.10348; 994.558
0.10374; 996.372
0.104; 998.186
0.10426; 1000
0.10452; 1000
0.10478; 1000
0.10504; 1000
0.1053; 1000
0.10556; 1000
0.10582; 1000
0.10608; 1000
0.10634; 1000
0.1066; 1000
0.10686; 1000
0.10712; 1000
0.10738; 1000
0.10764; 1000
0.1079; 1000
0.10816; 1000
0.10842; 1000
0.10868; 1000
0.10894; 1000
0.1092; 1000
0.10946; 1000
0.10972; 1000
0.10998; 1000
0.11024; 1000
0.1105; 1000
0.11076; 1000
0.11102; 1000
0.11128; 1000
0.11154; 1000
0.1118; 1000
0.11206; 1000
0.11232; 1000
0.11258; 1000
0.11284; 1000
0.1131; 1000
0.11336; 1000
0.11362; 1000
0.11388; 1000
0.11414; 1000
0.1144; 1000
0.11466; 1000
0.11492; 1000
0.11518; 1000
0.11544; 1000
0.1157; 1000
0.11596; 1000
0.11622; 1000
0.11648; 1000
0.11674; 1000
0.117; 1000
0.11726; 1000
0.11752; 1000
0.11778; 1000
0.11804; 1000
0.1183; 1000
0.11856; 1000
0.11882; 1000
0.11908; 1000
0.11934; 1000
0.1196; 1000
0.11986; 1000
0.12012; 1000
0.12038; 1000
0.12064; 1000
0.1209; 1000
0.12116; 1000
0.12142; 1000
0.12168; 1000
0.12194; 1000
0.1222; 1000
0.12246; 1000
0.12272; 1000
0.12298; 1000
0.12324; 1000
0.1235; 1000
0.12376; 1000
0.12402; 1000
0.12428; 1000
0.12454; 1000
0.1248; 1000
