0.0026; 400
0.0052; 400
0.0078; 400
0.0104; 400
0.013; 400
0.0156; 400
0.0182; 400
0.0208; 400
0.0234; 400
0.026; 400
0.0286; 400
0.0312; 400
0.0338; 400
0.0364; 400
0.039; 400
0.0416; 400
0.0442; 400
0.0468; 400
0.0494; 400
0.052; 400
0.0546; 400
0.0572; 400
0.0598; 400
0.0624; 400
0.065; 400
0.0676; 400
0.0702; 400
0.0728; 400
0.0754; 400
0.078; 400
0.0806; 400
0.0832; 400
0.0858; 400
0.0884; 400
0.091; 400
0.0936; 400
0.0962; 400
0.0988; 400
0.1014; 400
0.104; 400
0.1066; 400
0.1092; 400
0.1118; 400
0.1144; 400
0.117; 400
0.1196; 400
0.1222; 400
0.1248; 400
0.1274; 400
0.13; 400
0.1326; 400
0.1352; 400
0.1378; 400
0.1404; 400
0.143; 400
0.1456; 400
0.1482; 400
0.1508; 400
0.1534; 400
0.156; 400
0.1586; 400
0.1612; 400
0.1638; 400
0.1664; 400
0.169; 400
0.1716; 400
0.1742; 400
0.1768; 400
0.1794; 400
0.182; 400
0.1846; 400
0.1872; 400
0.1898; 400
0.1924; 400
0.195; 400
0.1976; 400
0.2002; 400
0.2028; 400
0.2054; 400
0.208; 400
0.2106; 400
0.2132; 400
0.2158; 400
0.2184; 400
0.221; 400
0.2236; 400
0.2262; 400
0.2288; 400
0.2314; 400
0.234; 400
0.2366; 400
0.2392; 400.001
0.2418; 400.001
0.2444; 400.001
0.247; 400.001
0.2496; 400.001
0.2522; 400.001
0.2548; 400.001
0.2574; 400.002
0.26; 400.002
0.2626; 400.002
0.2652; 400.002
0.2678; 400.002
0.2704; 400.002
0.273; 400.002
0.2756; 400.003
0.2782; 400.003
0.2808; 400.003
0.2834; 400.003
0.286; 400.003
0.2886; 400.004
0.2912; 400.004
0.2938; 400.004
0.2964; 400.005
0.299; 400.005
0.3016; 400.006
0.3042; 400.006
0.3068; 400.007
0.3094; 400.007
0.312; 400.008
0.3146; 400.009
0.3172; 400.009
0.3198; 400.01
0.3224; 400.011
0.325; 400.012
0.3276; 400.013
0.3302; 400.014
0.3328; 400.015
0.3354; 400.017
0.338; 400.018
0.3406; 400.02
0.3432; 400.021
0.3458; 400.023
0.3484; 400.025
0.351; 400.027
0.3536; 400.03
0.3562; 400.033
0.3588; 400.035
0.3614; 400.039
0.364; 400.042
0.3666; 400.046
0.3692; 400.05
0.3718; 400.054
0.3744; 400.059
0.377; 400.064
0.3796; 400.07
0.3822; 400.076
0.3848; 400.082
0.3874; 400.089
0.39; 400.097
0.3926; 400.106
0.3952; 400.115
0.3978; 400.124
0.4004; 400.135
0.403; 400.146
0.4056; 400.159
0.4082; 400.172
0.4108; 400.187
0.4134; 400.202
0.416; 400.219
0.4186; 400.237
0.4212; 400.256
0.4238; 400.277
0.4264; 400.299
0.429; 400.323
0.4316; 400.349
0.4342; 400.377
0.4368; 400.407
0.4394; 400.439
0.442; 400.473
0.4446; 400.509
0.4472; 400.548
0.4498; 400.59
0.4524; 400.635
0.455; 400.682
0.4576; 400.733
0.4602; 400.788
0.4628; 400.846
0.4654; 400.907
0.468; 400.973
0.4706; 401.043
0.4732; 401.118
0.4758; 401.197
0.4784; 401.281
0.481; 401.37
0.4836; 401.465
0.4862; 401.566
0.4888; 401.673
0.4914; 401.786
0.494; 401.905
0.4966; 402.032
0.4992; 402.166
0.5018; 402.308
0.5044; 402.458
0.507; 402.616
0.5096; 402.782
0.5122; 402.958
0.5148; 403.144
0.5174; 403.339
0.52; 403.545
0.5226; 403.761
0.5252; 403.989
0.5278; 404.228
0.5304; 404.48
0.533; 404.744
0.5356; 405.021
0.5382; 405.311
0.5408; 405.615
0.5434; 405.934
0.546; 406.268
0.5486; 406.617
0.5512; 406.983
0.5538; 407.365
0.5564; 407.763
0.559; 408.18
0.5616; 408.614
0.5642; 409.067
0.5668; 409.539
0.5694; 410.031
0.572; 410.543
0.5746; 411.076
0.5772; 411.63
0.5798; 412.206
0.5824; 412.804
0.585; 413.425
0.5876; 414.07
0.5902; 414.738
0.5928; 415.431
0.5954; 416.148
0.598; 416.891
0.6006; 417.66
0.6032; 418.455
0.6058; 419.277
0.6084; 420.126
0.611; 421.003
0.6136; 421.908
0.6162; 422.842
0.6188; 423.804
0.6214; 424.796
0.624; 425.817
0.6266; 426.868
0.6292; 427.95
0.6318; 429.062
0.6344; 430.205
0.637; 431.379
0.6396; 432.584
0.6422; 433.82
0.6448; 435.088
0.6474; 436.388
0.65; 437.72
0.6526; 439.084
0.6552; 440.479
0.6578; 441.907
0.6604; 443.367
0.663; 444.859
0.6656; 446.383
0.6682; 447.938
0.6708; 449.526
0.6734; 451.145
0.676; 452.795
0.6786; 454.477
0.6812; 456.189
0.6838; 457.932
0.6864; 459.705
0.689; 461.509
0.6916; 463.341
0.6942; 465.203
0.6968; 467.094
0.6994; 469.013
0.702; 470.959
0.7046; 472.933
0.7072; 474.933
0.7098; 476.959
0.7124; 479.01
0.715; 481.086
0.7176; 483.186
0.7202; 485.309
0.7228; 487.455
0.7254; 489.622
0.728; 491.81
0.7306; 494.018
0.7332; 496.246
0.7358; 498.492
0.7384; 500.757
0.741; 503.039
0.7436; 505.337
0.7462; 507.652
0.7488; 509.984
0.7514; 512.331
0.754; 514.696
0.7566; 517.078
0.7592; 519.479
0.7618; 521.902
0.7644; 524.349
0.767; 526.822
0.7696; 529.324
0.7722; 531.855
0.7748; 534.411
0.7774; 536.989
0.78; 539.585
0.7826; 542.192
0.7852; 544.804
0.7878; 547.416
0.7904; 550.018
0.793; 552.607
0.7956; 555.179
0.7982; 557.735
0.8008; 560.272
0.8034; 562.792
0.806; 565.293
0.8086; 567.778
0.8112; 570.245
0.8138; 572.698
0.8164; 575.153
0.819; 577.836
0.8216; 580.706
0.8242; 583.548
0.8268; 586.356
0.8294; 589.136
0.832; 591.888
0.8346; 594.616
0.8372; 597.32
0.8398; 600.002
0.8424; 602.669
0.845; 605.34
0.8476; 607.884
0.8502; 610.231
0.8528; 612.462
0.8554; 614.646
0.858; 616.804
0.8606; 618.94
0.8632; 621.057
0.8658; 623.155
0.8684; 625.235
0.871; 627.297
0.8736; 629.343
0.8762; 631.374
0.8788; 633.393
0.8814; 635.404
0.884; 637.4
0.8866; 639.41
0.8892; 641.453
0.8918; 643.422
0.8944; 645.326
0.897; 647.174
0.8996; 648.968
0.9022; 650.708
0.9048; 652.395
0.9074; 654.028
0.91; 655.606
0.9126; 657.13
0.9152; 658.598
0.9178; 660.011
0.9204; 661.369
0.923; 662.671
0.9256; 663.919
0.9282; 665.113
0.9308; 666.254
0.9334; 667.344
0.936; 668.383
0.9386; 669.374
0.9412; 670.317
0.9438; 671.216
0.9464; 672.071
0.949; 672.885
0.9516; 673.659
0.9542; 674.396
0.9568; 675.098
0.9594; 675.768
0.962; 676.406
0.9646; 677.015
0.9672; 677.598
0.9698; 678.157
0.9724; 678.693
0.975; 679.209
0.9776; 679.707
0.9802; 680.187
0.9828; 680.651
0.9854; 681.1
0.988; 681.535
0.9906; 681.956
0.9932; 682.364
0.9958; 682.758
0.9984; 683.138
1.001; 683.502
1.0036; 683.858
1.0062; 684.263
1.0088; 684.657
1.0114; 685.057
1.014; 685.463
1.0166; 685.87
1.0192; 686.275
1.0218; 686.677
1.0244; 687.077
1.027; 687.471
1.0296; 687.86
1.0322; 688.243
1.0348; 688.619
1.0374; 688.987
1.04; 689.346
1.0426; 689.696
1.0452; 690.036
1.0478; 690.391
1.0504; 690.753
1.053; 691.095
1.0556; 691.422
1.0582; 691.737
1.0608; 692.041
1.0634; 692.336
1.066; 692.624
1.0686; 692.905
1.0712; 693.181
1.0738; 693.452
1.0764; 693.719
1.079; 693.983
1.0816; 694.244
1.0842; 694.503
1.0868; 694.761
1.0894; 695.018
1.092; 695.274
1.0946; 695.531
1.0972; 695.789
1.0998; 696.049
1.1024; 696.31
1.105; 696.574
1.1076; 696.841
1.1102; 697.11
1.1128; 697.383
1.1154; 697.66
1.118; 697.941
1.1206; 698.226
1.1232; 698.516
1.1258; 698.813
1.1284; 699.117
1.131; 699.429
1.1336; 699.743
1.1362; 700.047
1.1388; 700.398
1.1414; 700.792
1.144; 701.189
1.1466; 701.603
1.1492; 702.038
1.1518; 702.48
1.1544; 702.93
1.157; 703.383
1.1596; 703.838
1.1622; 704.293
1.1648; 704.748
1.1674; 705.201
1.17; 705.649
1.1726; 706.09
1.1752; 706.521
1.1778; 707.03
1.1804; 707.618
1.183; 708.195
1.1856; 708.763
1.1882; 709.322
1.1908; 709.869
1.1934; 710.405
1.196; 710.929
1.1986; 711.44
1.2012; 711.936
1.2038; 712.417
1.2064; 712.882
1.209; 713.328
1.2116; 713.756
1.2142; 714.162
1.2168; 714.546
1.2194; 714.907
1.222; 715.243
1.2246; 715.553
1.2272; 715.835
1.2298; 716.089
1.2324; 716.314
1.235; 716.508
1.2376; 716.671
1.2402; 716.803
1.2428; 716.902
1.2454; 716.968
1.248; 717.001
