0.00026; 0
0.00052; 0
0.00078; 0
0.00104; 0
0.0013; 0
0.00156; 0
0.00182; 0
0.00208; 0
0.00234; 0
0.0026; 0
0.00286; 0
0.00312; 0
0.00338; 713.029
0.00364; 713.005
0.0039; 712.958
0.00416; 712.889
0.00442; 712.799
0.00468; 712.688
0.00494; 712.559
0.0052; 712.411
0.00546; 712.246
0.00572; 712.063
0.00598; 711.862
0.00624; 711.645
0.0065; 711.411
0.00676; 711.16
0.00702; 710.892
0.00728; 710.608
0.00754; 710.307
0.0078; 709.99
0.00806; 709.656
0.00832; 709.306
0.00858; 708.939
0.00884; 708.556
0.0091; 708.156
0.00936; 707.74
0.00962; 707.307
0.00988; 706.857
0.01014; 706.391
0.0104; 705.907
0.01066; 705.407
0.01092; 704.889
0.01118; 704.354
0.01144; 703.802
0.0117; 703.231
0.01196; 702.643
0.01222; 702.037
0.01248; 701.413
0.01274; 700.77
0.013; 700.109
0.01326; 699.429
0.01352; 698.73
0.01378; 698.011
0.01404; 697.273
0.0143; 696.515
0.01456; 695.737
0.01482; 694.939
0.01508; 694.12
0.01534; 693.279
0.0156; 692.417
0.01586; 691.533
0.01612; 690.626
0.01638; 689.696
0.01664; 688.743
0.0169; 687.765
0.01716; 686.762
0.01742; 685.734
0.01768; 684.679
0.01794; 683.597
0.0182; 682.486
0.01846; 681.345
0.01872; 680.174
0.01898; 678.97
0.01924; 677.732
0.0195; 676.459
0.01976; 675.148
0.02002; 673.798
0.02028; 672.405
0.02054; 670.966
0.0208; 669.479
0.02106; 667.94
0.02132; 666.344
0.02158; 664.686
0.02184; 662.961
0.0221; 661.161
0.02236; 659.277
0.02262; 657.298
0.02288; 655.209
0.02314; 652.991
0.0234; 650.615
0.02366; 648.038
0.02392; 645.189
0.02418; 641.949
0.02444; 638.102
0.0247; 633.286
0.02496; 627.155
0.02522; 621.463
0.02548; 616.448
0.02574; 612.035
0.026; 607.938
0.02626; 602.946
0.02652; 599.122
0.02678; 596.602
0.02704; 0
0.0273; 0
0.02756; 0
0.02782; 0
0.02808; 0
0.02834; 0
0.0286; 0
0.02886; 0
0.02912; 0
0.02938; 0
0.02964; 0
0.0299; 542.068
0.03016; 540.785
0.03042; 538.938
0.03068; 536.686
0.03094; 534.954
0.0312; 533.256
0.03146; 531.542
0.03172; 529.976
0.03198; 528.485
0.03224; 527.026
0.0325; 525.588
0.03276; 524.17
0.03302; 522.776
0.03328; 521.411
0.03354; 520.079
0.0338; 518.785
0.03406; 517.532
0.03432; 516.322
0.03458; 515.16
0.03484; 514.048
0.0351; 512.989
0.03536; 511.984
0.03562; 511.035
0.03588; 510.132
0.03614; 509.252
0.0364; 508.353
0.03666; 507.524
0.03692; 506.742
0.03718; 505.797
0.03744; 505.073
0.0377; 504.602
0.03796; 0
0.03822; 0
0.03848; 0
0.03874; 0
0.039; 0
0.03926; 0
0.03952; 0
0.03978; 0
0.04004; 0
0.0403; 0
0.04056; 0
0.04082; 0
0.04108; 496.662
0.04134; 496.782
0.0416; 496.925
0.04186; 497.101
0.04212; 497.322
0.04238; 497.583
0.04264; 497.885
0.0429; 498.228
0.04316; 498.61
0.04342; 499.034
0.04368; 499.499
0.04394; 500.006
0.0442; 500.558
0.04446; 501.156
0.04472; 501.8
0.04498; 502.493
0.04524; 503.237
0.0455; 504.033
0.04576; 504.884
0.04602; 505.793
0.04628; 506.762
0.04654; 507.796
0.0468; 508.897
0.04706; 510.068
0.04732; 511.312
0.04758; 512.633
0.04784; 514.034
0.0481; 515.52
0.04836; 517.094
0.04862; 518.761
0.04888; 520.526
0.04914; 522.394
0.0494; 524.368
0.04966; 526.451
0.04992; 528.639
0.05018; 530.921
0.05044; 533.276
0.0507; 535.663
0.05096; 538.03
0.05122; 540.308
0.05148; 542.431
0.05174; 544.349
0.052; 546.038
0.05226; 547.492
0.05252; 548.72
0.05278; 549.74
0.05304; 550.571
0.0533; 551.234
0.05356; 551.746
0.05382; 552.126
0.05408; 552.387
0.05434; 552.543
0.0546; 552.604
0.05486; 552.581
0.05512; 552.48
0.05538; 552.31
0.05564; 552.075
0.0559; 551.782
0.05616; 551.434
0.05642; 551.037
0.05668; 550.592
0.05694; 550.103
0.0572; 549.574
0.05746; 549.005
0.05772; 548.4
0.05798; 547.759
0.05824; 547.086
0.0585; 546.381
0.05876; 545.646
0.05902; 544.881
0.05928; 544.089
0.05954; 543.27
0.0598; 542.424
0.06006; 541.554
0.06032; 540.66
0.06058; 539.742
0.06084; 538.801
0.0611; 537.838
0.06136; 536.854
0.06162; 535.849
0.06188; 534.824
0.06214; 533.778
0.0624; 532.714
0.06266; 531.631
0.06292; 530.53
0.06318; 529.412
0.06344; 528.276
0.0637; 527.124
0.06396; 525.956
0.06422; 524.772
0.06448; 523.573
0.06474; 522.36
0.065; 521.133
0.06526; 519.893
0.06552; 518.641
0.06578; 517.376
0.06604; 516.1
0.0663; 514.812
0.06656; 513.515
0.06682; 512.209
0.06708; 510.893
0.06734; 509.57
0.0676; 508.24
0.06786; 506.903
0.06812; 505.56
0.06838; 504.212
0.06864; 502.86
0.0689; 501.505
0.06916; 500.147
0.06942; 498.788
0.06968; 497.428
0.06994; 496.068
0.0702; 494.708
0.07046; 493.351
0.07072; 491.996
0.07098; 490.644
0.07124; 489.296
0.0715; 487.953
0.07176; 486.616
0.07202; 485.285
0.07228; 483.961
0.07254; 482.645
0.0728; 481.337
0.07306; 480.038
0.07332; 478.749
0.07358; 477.47
0.07384; 476.202
0.0741; 474.945
0.07436; 473.7
0.07462; 472.468
0.07488; 471.248
0.07514; 470.041
0.0754; 468.847
0.07566; 467.667
0.07592; 466.501
0.07618; 465.35
0.07644; 464.214
0.0767; 463.092
0.07696; 461.986
0.07722; 460.895
0.07748; 459.82
0.07774; 458.76
0.078; 457.717
0.07826; 456.691
0.07852; 455.681
0.07878; 454.688
0.07904; 453.711
0.0793; 452.753
0.07956; 451.811
0.07982; 450.887
0.08008; 449.981
0.08034; 449.093
0.0806; 448.224
0.08086; 447.372
0.08112; 446.539
0.08138; 445.725
0.08164; 444.929
0.0819; 444.152
0.08216; 443.394
0.08242; 442.655
0.08268; 441.935
0.08294; 441.233
0.0832; 440.551
0.08346; 439.888
0.08372; 439.243
0.08398; 438.618
0.08424; 438.011
0.0845; 437.423
0.08476; 436.853
0.08502; 436.301
0.08528; 435.768
0.08554; 435.252
0.0858; 434.754
0.08606; 434.273
0.08632; 433.809
0.08658; 433.36
0.08684; 432.928
0.0871; 432.51
0.08736; 432.105
0.08762; 431.713
0.08788; 431.331
0.08814; 430.957
0.0884; 430.585
0.08866; 430.208
0.08892; 429.815
0.08918; 429.393
0.08944; 428.941
0.0897; 428.531
0.08996; 428.171
0.09022; 427.859
0.09048; 427.579
0.09074; 427.256
0.091; 427.013
0.09126; 426.857
0.09152; 0
0.09178; 0
0.09204; 0
0.0923; 0
0.09256; 0
0.09282; 0
0.09308; 0
0.09334; 0
0.0936; 0
0.09386; 0
0.09412; 0
0.09438; 0
0.09464; 0
0.0949; 0
0.09516; 0
0.09542; 0
0.09568; 0
0.09594; 0
0.0962; 0
0.09646; 0
0.09672; 0
0.09698; 0
0.09724; 0
0.0975; 0
0.09776; 0
0.09802; 0
0.09828; 0
0.09854; 0
0.0988; 0
0.09906; 0
0.09932; 0
0.09958; 0
0.09984; 0
0.1001; 0
0.10036; 0
0.10062; 0
0.10088; 0
0.10114; 0
0.1014; 0
0.10166; 0
0.10192; 0
0.10218; 0
0.10244; 0
0.1027; 0
0.10296; 0
0.10322; 0
0.10348; 0
0.10374; 0
0.104; 0
0.10426; 0
0.10452; 0
0.10478; 0
0.10504; 0
0.1053; 0
0.10556; 0
0.10582; 0
0.10608; 0
0.10634; 0
0.1066; 0
0.10686; 0
0.10712; 0
0.10738; 0
0.10764; 0
0.1079; 0
0.10816; 0
0.10842; 0
0.10868; 0
0.10894; 0
0.1092; 0
0.10946; 0
0.10972; 0
0.10998; 0
0.11024; 0
0.1105; 0
0.11076; 0
0.11102; 0
0.11128; 0
0.11154; 0
0.1118; 0
0.11206; 0
0.11232; 0
0.11258; 0
0.11284; 0
0.1131; 0
0.11336; 0
0.11362; 0
0.11388; 0
0.11414; 0
0.1144; 0
0.11466; 0
0.11492; 0
0.11518; 0
0.11544; 0
0.1157; 0
0.11596; 0
0.11622; 0
0.11648; 0
0.11674; 0
0.117; 0
0.11726; 0
0.11752; 0
0.11778; 0
0.11804; 0
0.1183; 0
0.11856; 0
0.11882; 0
0.11908; 0
0.11934; 0
0.1196; 0
0.11986; 0
0.12012; 0
0.12038; 0
0.12064; 0
0.1209; 0
0.12116; 0
0.12142; 0
0.12168; 0
0.12194; 0
0.1222; 0
0.12246; 0
0.12272; 0
0.12298; 0
0.12324; 0
0.1235; 0
0.12376; 0
0.12402; 0
0.12428; 0
0.12454; 0
0.1248; 0
