0.0026; 400
0.0052; 400
0.0078; 400
0.0104; 400
0.013; 400
0.0156; 400
0.0182; 400
0.0208; 400
0.0234; 400
0.026; 400
0.0286; 400
0.0312; 400
0.0338; 400
0.0364; 400
0.039; 400
0.0416; 400
0.0442; 400
0.0468; 400
0.0494; 400
0.052; 400
0.0546; 400
0.0572; 400
0.0598; 400
0.0624; 400
0.065; 400
0.0676; 400
0.0702; 400
0.0728; 400
0.0754; 400
0.078; 400
0.0806; 400
0.0832; 400
0.0858; 400
0.0884; 400
0.091; 400
0.0936; 400
0.0962; 400
0.0988; 400
0.1014; 400
0.104; 400
0.1066; 400
0.1092; 400
0.1118; 400
0.1144; 400
0.117; 400
0.1196; 400
0.1222; 400
0.1248; 400
0.1274; 400
0.13; 400
0.1326; 400
0.1352; 400
0.1378; 400
0.1404; 400
0.143; 400
0.1456; 400
0.1482; 400
0.1508; 400
0.1534; 400
0.156; 400
0.1586; 400
0.1612; 400
0.1638; 400
0.1664; 400
0.169; 400
0.1716; 400
0.1742; 400
0.1768; 400
0.1794; 400
0.182; 400
0.1846; 400
0.1872; 400
0.1898; 400
0.1924; 400
0.195; 400
0.1976; 400
0.2002; 400
0.2028; 400
0.2054; 400
0.208; 400
0.2106; 400
0.2132; 400
0.2158; 400
0.2184; 400
0.221; 400
0.2236; 400
0.2262; 400
0.2288; 400
0.2314; 400
0.234; 400
0.2366; 400
0.2392; 400
0.2418; 400
0.2444; 400
0.247; 400
0.2496; 400
0.2522; 400
0.2548; 400
0.2574; 400
0.26; 400
0.2626; 400
0.2652; 400
0.2678; 400
0.2704; 400
0.273; 400
0.2756; 400
0.2782; 400
0.2808; 400
0.2834; 400
0.286; 400
0.2886; 400
0.2912; 400
0.2938; 400
0.2964; 400
0.299; 400
0.3016; 400
0.3042; 400
0.3068; 400
0.3094; 400
0.312; 400
0.3146; 400
0.3172; 400
0.3198; 400
0.3224; 400
0.325; 400
0.3276; 400
0.3302; 400
0.3328; 400
0.3354; 400
0.338; 400
0.3406; 400
0.3432; 400
0.3458; 400
0.3484; 400
0.351; 400
0.3536; 400
0.3562; 400
0.3588; 400
0.3614; 400
0.364; 400
0.3666; 400
0.3692; 400
0.3718; 400
0.3744; 400
0.377; 400
0.3796; 400
0.3822; 400
0.3848; 400
0.3874; 400
0.39; 400
0.3926; 400
0.3952; 400
0.3978; 400
0.4004; 400
0.403; 400
0.4056; 400
0.4082; 400
0.4108; 400
0.4134; 400
0.416; 400
0.4186; 400
0.4212; 400
0.4238; 400
0.4264; 400
0.429; 400
0.4316; 400
0.4342; 400.001
0.4368; 400.001
0.4394; 400.001
0.442; 400.001
0.4446; 400.001
0.4472; 400.001
0.4498; 400.001
0.4524; 400.001
0.455; 400.001
0.4576; 400.002
0.4602; 400.002
0.4628; 400.002
0.4654; 400.003
0.468; 400.003
0.4706; 400.003
0.4732; 400.004
0.4758; 400.005
0.4784; 400.005
0.481; 400.006
0.4836; 400.007
0.4862; 400.008
0.4888; 400.009
0.4914; 400.011
0.494; 400.012
0.4966; 400.014
0.4992; 400.016
0.5018; 400.019
0.5044; 400.022
0.507; 400.025
0.5096; 400.029
0.5122; 400.033
0.5148; 400.038
0.5174; 400.044
0.52; 400.05
0.5226; 400.058
0.5252; 400.066
0.5278; 400.075
0.5304; 400.086
0.533; 400.098
0.5356; 400.112
0.5382; 400.127
0.5408; 400.144
0.5434; 400.164
0.546; 400.186
0.5486; 400.211
0.5512; 400.238
0.5538; 400.269
0.5564; 400.304
0.559; 400.342
0.5616; 400.385
0.5642; 400.433
0.5668; 400.486
0.5694; 400.545
0.572; 400.611
0.5746; 400.683
0.5772; 400.763
0.5798; 400.851
0.5824; 400.948
0.585; 401.055
0.5876; 401.172
0.5902; 401.301
0.5928; 401.442
0.5954; 401.597
0.598; 401.766
0.6006; 401.95
0.6032; 402.15
0.6058; 402.369
0.6084; 402.606
0.611; 402.863
0.6136; 403.143
0.6162; 403.445
0.6188; 403.771
0.6214; 404.123
0.624; 404.503
0.6266; 404.912
0.6292; 405.352
0.6318; 405.824
0.6344; 406.33
0.637; 406.872
0.6396; 407.451
0.6422; 408.07
0.6448; 408.73
0.6474; 409.433
0.65; 410.181
0.6526; 410.976
0.6552; 411.819
0.6578; 412.712
0.6604; 413.657
0.663; 414.656
0.6656; 415.71
0.6682; 416.821
0.6708; 417.991
0.6734; 419.22
0.676; 420.512
0.6786; 421.865
0.6812; 423.283
0.6838; 424.766
0.6864; 426.315
0.689; 427.931
0.6916; 429.615
0.6942; 431.367
0.6968; 433.187
0.6994; 435.077
0.702; 437.036
0.7046; 439.063
0.7072; 441.16
0.7098; 443.325
0.7124; 445.558
0.715; 447.858
0.7176; 450.224
0.7202; 452.656
0.7228; 455.151
0.7254; 457.709
0.728; 460.328
0.7306; 463.005
0.7332; 465.74
0.7358; 468.53
0.7384; 471.373
0.741; 474.267
0.7436; 477.21
0.7462; 480.2
0.7488; 483.235
0.7514; 486.313
0.754; 489.435
0.7566; 492.598
0.7592; 495.804
0.7618; 499.055
0.7644; 502.353
0.767; 505.701
0.7696; 509.102
0.7722; 512.555
0.7748; 516.055
0.7774; 519.594
0.78; 523.165
0.7826; 526.757
0.7852; 530.361
0.7878; 533.964
0.7904; 537.552
0.793; 541.117
0.7956; 544.653
0.7982; 548.157
0.8008; 551.628
0.8034; 555.063
0.806; 558.461
0.8086; 561.822
0.8112; 565.144
0.8138; 568.431
0.8164; 571.7
0.819; 575.268
0.8216; 579.097
0.8242; 582.896
0.8268; 586.66
0.8294; 590.397
0.832; 594.111
0.8346; 597.804
0.8372; 601.481
0.8398; 605.145
0.8424; 608.807
0.845; 612.498
0.8476; 616.04
0.8502; 619.316
0.8528; 622.432
0.8554; 625.47
0.858; 628.457
0.8606; 631.398
0.8632; 634.296
0.8658; 637.153
0.8684; 639.966
0.871; 642.737
0.8736; 645.466
0.8762; 648.154
0.8788; 650.802
0.8814; 653.416
0.884; 655.995
0.8866; 658.621
0.8892; 661.283
0.8918; 663.83
0.8944; 666.272
0.897; 668.613
0.8996; 670.847
0.9022; 672.969
0.9048; 674.973
0.9074; 676.853
0.91; 678.602
0.9126; 680.215
0.9152; 681.686
0.9178; 683.013
0.9204; 684.193
0.923; 685.223
0.9256; 686.104
0.9282; 686.836
0.9308; 687.423
0.9334; 687.868
0.936; 688.175
0.9386; 688.351
0.9412; 688.402
0.9438; 688.338
0.9464; 688.167
0.949; 687.899
0.9516; 687.545
0.9542; 687.116
0.9568; 686.625
0.9594; 686.084
0.962; 685.505
0.9646; 684.901
0.9672; 684.284
0.9698; 683.668
0.9724; 683.065
0.975; 682.486
0.9776; 681.943
0.9802; 681.447
0.9828; 681.008
0.9854; 680.635
0.988; 680.338
0.9906; 680.124
0.9932; 679.999
0.9958; 679.969
0.9984; 680.037
1.001; 680.206
1.0036; 680.481
1.0062; 680.91
1.0088; 681.371
1.0114; 681.889
1.014; 682.467
1.0166; 683.097
1.0192; 683.775
1.0218; 684.496
1.0244; 685.254
1.027; 686.045
1.0296; 686.862
1.0322; 687.7
1.0348; 688.552
1.0374; 689.413
1.04; 690.274
1.0426; 691.128
1.0452; 691.967
1.0478; 692.853
1.0504; 693.806
1.053; 694.744
1.0556; 695.657
1.0582; 696.531
1.0608; 697.355
1.0634; 698.117
1.066; 698.805
1.0686; 699.407
1.0712; 699.915
1.0738; 700.318
1.0764; 700.612
1.079; 700.789
1.0816; 700.847
1.0842; 700.785
1.0868; 700.602
1.0894; 700.302
1.092; 699.889
1.0946; 699.371
1.0972; 698.756
1.0998; 698.053
1.1024; 697.276
1.105; 696.437
1.1076; 695.551
1.1102; 694.634
1.1128; 693.701
1.1154; 692.769
1.118; 691.854
1.1206; 690.973
1.1232; 690.141
1.1258; 689.373
1.1284; 688.684
1.131; 688.084
1.1336; 687.578
1.1362; 687.159
1.1388; 686.949
1.1414; 686.903
1.144; 686.927
1.1466; 687.051
1.1492; 687.287
1.1518; 687.619
1.1544; 688.044
1.157; 688.559
1.1596; 689.157
1.1622; 689.836
1.1648; 690.592
1.1674; 691.421
1.17; 692.318
1.1726; 693.277
1.1752; 694.294
1.1778; 695.532
1.1804; 697.038
1.183; 698.653
1.1856; 700.369
1.1882; 702.173
1.1908; 704.051
1.1934; 705.988
1.196; 707.967
1.1986; 709.974
1.2012; 711.992
1.2038; 714.004
1.2064; 715.996
1.209; 717.951
1.2116; 719.856
1.2142; 721.695
1.2168; 723.457
1.2194; 725.127
1.222; 726.697
1.2246; 728.154
1.2272; 729.491
1.2298; 730.698
1.2324; 731.77
1.235; 732.699
1.2376; 733.481
1.2402; 734.111
1.2428; 734.587
1.2454; 734.905
1.248; 735.065
