0.0026; 400
0.0052; 400
0.0078; 400
0.0104; 400
0.013; 400
0.0156; 400
0.0182; 400
0.0208; 400
0.0234; 400
0.026; 400
0.0286; 400
0.0312; 400
0.0338; 400
0.0364; 400
0.039; 400
0.0416; 400
0.0442; 400
0.0468; 400
0.0494; 400
0.052; 400
0.0546; 400
0.0572; 400
0.0598; 400
0.0624; 400
0.065; 400
0.0676; 400
0.0702; 400
0.0728; 400
0.0754; 400
0.078; 400
0.0806; 400
0.0832; 400
0.0858; 400
0.0884; 400
0.091; 400
0.0936; 400
0.0962; 400
0.0988; 400
0.1014; 400
0.104; 400
0.1066; 400
0.1092; 400
0.1118; 400
0.1144; 400
0.117; 400
0.1196; 400
0.1222; 400
0.1248; 400
0.1274; 400
0.13; 400
0.1326; 400
0.1352; 400
0.1378; 400
0.1404; 400
0.143; 400
0.1456; 400
0.1482; 400
0.1508; 400
0.1534; 400
0.156; 400
0.1586; 400
0.1612; 400
0.1638; 400
0.1664; 400
0.169; 400
0.1716; 400
0.1742; 400
0.1768; 400
0.1794; 400
0.182; 400
0.1846; 400
0.1872; 400
0.1898; 400
0.1924; 400
0.195; 400
0.1976; 400
0.2002; 400
0.2028; 400
0.2054; 400
0.208; 400
0.2106; 400
0.2132; 400
0.2158; 400
0.2184; 400
0.221; 400
0.2236; 400
0.2262; 400
0.2288; 400
0.2314; 400
0.234; 400.001
0.2366; 400.001
0.2392; 400.001
0.2418; 400.001
0.2444; 400.001
0.247; 400.001
0.2496; 400.001
0.2522; 400.002
0.2548; 400.002
0.2574; 400.002
0.26; 400.002
0.2626; 400.002
0.2652; 400.002
0.2678; 400.002
0.2704; 400.003
0.273; 400.003
0.2756; 400.003
0.2782; 400.003
0.2808; 400.003
0.2834; 400.004
0.286; 400.004
0.2886; 400.004
0.2912; 400.005
0.2938; 400.005
0.2964; 400.006
0.299; 400.006
0.3016; 400.007
0.3042; 400.007
0.3068; 400.008
0.3094; 400.009
0.312; 400.009
0.3146; 400.01
0.3172; 400.011
0.3198; 400.012
0.3224; 400.013
0.325; 400.014
0.3276; 400.015
0.3302; 400.016
0.3328; 400.018
0.3354; 400.019
0.338; 400.021
0.3406; 400.023
0.3432; 400.025
0.3458; 400.027
0.3484; 400.029
0.351; 400.032
0.3536; 400.035
0.3562; 400.038
0.3588; 400.041
0.3614; 400.045
0.364; 400.049
0.3666; 400.053
0.3692; 400.058
0.3718; 400.063
0.3744; 400.068
0.377; 400.074
0.3796; 400.08
0.3822; 400.087
0.3848; 400.095
0.3874; 400.103
0.39; 400.111
0.3926; 400.121
0.3952; 400.131
0.3978; 400.142
0.4004; 400.154
0.403; 400.166
0.4056; 400.18
0.4082; 400.195
0.4108; 400.211
0.4134; 400.228
0.416; 400.247
0.4186; 400.267
0.4212; 400.288
0.4238; 400.311
0.4264; 400.336
0.429; 400.362
0.4316; 400.39
0.4342; 400.421
0.4368; 400.453
0.4394; 400.488
0.442; 400.525
0.4446; 400.565
0.4472; 400.607
0.4498; 400.652
0.4524; 400.701
0.455; 400.752
0.4576; 400.807
0.4602; 400.866
0.4628; 400.928
0.4654; 400.994
0.468; 401.065
0.4706; 401.14
0.4732; 401.22
0.4758; 401.304
0.4784; 401.394
0.481; 401.489
0.4836; 401.59
0.4862; 401.697
0.4888; 401.81
0.4914; 401.93
0.494; 402.057
0.4966; 402.191
0.4992; 402.332
0.5018; 402.482
0.5044; 402.639
0.507; 402.805
0.5096; 402.981
0.5122; 403.165
0.5148; 403.36
0.5174; 403.564
0.52; 403.779
0.5226; 404.005
0.5252; 404.243
0.5278; 404.492
0.5304; 404.753
0.533; 405.028
0.5356; 405.315
0.5382; 405.617
0.5408; 405.932
0.5434; 406.262
0.546; 406.607
0.5486; 406.968
0.5512; 407.345
0.5538; 407.739
0.5564; 408.149
0.559; 408.578
0.5616; 409.024
0.5642; 409.49
0.5668; 409.974
0.5694; 410.478
0.572; 411.003
0.5746; 411.548
0.5772; 412.114
0.5798; 412.703
0.5824; 413.313
0.585; 413.947
0.5876; 414.603
0.5902; 415.284
0.5928; 415.989
0.5954; 416.718
0.598; 417.473
0.6006; 418.253
0.6032; 419.06
0.6058; 419.893
0.6084; 420.754
0.611; 421.641
0.6136; 422.557
0.6162; 423.5
0.6188; 424.473
0.6214; 425.474
0.624; 426.504
0.6266; 427.564
0.6292; 428.654
0.6318; 429.774
0.6344; 430.924
0.637; 432.105
0.6396; 433.317
0.6422; 434.559
0.6448; 435.833
0.6474; 437.138
0.65; 438.474
0.6526; 439.842
0.6552; 441.241
0.6578; 442.671
0.6604; 444.133
0.663; 445.627
0.6656; 447.152
0.6682; 448.708
0.6708; 450.295
0.6734; 451.913
0.676; 453.561
0.6786; 455.241
0.6812; 456.95
0.6838; 458.69
0.6864; 460.459
0.689; 462.257
0.6916; 464.084
0.6942; 465.94
0.6968; 467.824
0.6994; 469.735
0.702; 471.674
0.7046; 473.639
0.7072; 475.629
0.7098; 477.646
0.7124; 479.686
0.715; 481.751
0.7176; 483.839
0.7202; 485.95
0.7228; 488.082
0.7254; 490.236
0.728; 492.411
0.7306; 494.604
0.7332; 496.817
0.7358; 499.048
0.7384; 501.297
0.741; 503.562
0.7436; 505.844
0.7462; 508.142
0.7488; 510.456
0.7514; 512.785
0.754; 515.131
0.7566; 517.495
0.7592; 519.877
0.7618; 522.28
0.7644; 524.707
0.767; 527.16
0.7696; 529.641
0.7722; 532.15
0.7748; 534.684
0.7774; 537.24
0.78; 539.812
0.7826; 542.395
0.7852; 544.984
0.7878; 547.572
0.7904; 550.15
0.793; 552.715
0.7956; 555.263
0.7982; 557.795
0.8008; 560.308
0.8034; 562.804
0.806; 565.282
0.8086; 567.743
0.8112; 570.187
0.8138; 572.617
0.8164; 575.049
0.819; 577.707
0.8216; 580.551
0.8242; 583.366
0.8268; 586.148
0.8294; 588.901
0.832; 591.627
0.8346; 594.329
0.8372; 597.007
0.8398; 599.664
0.8424; 602.305
0.845; 604.951
0.8476; 607.472
0.8502; 609.797
0.8528; 612.009
0.8554; 614.174
0.858; 616.313
0.8606; 618.432
0.8632; 620.532
0.8658; 622.614
0.8684; 624.678
0.871; 626.725
0.8736; 628.757
0.8762; 630.775
0.8788; 632.782
0.8814; 634.781
0.884; 636.766
0.8866; 638.764
0.8892; 640.798
0.8918; 642.757
0.8944; 644.654
0.897; 646.496
0.8996; 648.285
0.9022; 650.021
0.9048; 651.705
0.9074; 653.337
0.91; 654.916
0.9126; 656.441
0.9152; 657.913
0.9178; 659.33
0.9204; 660.693
0.923; 662.002
0.9256; 663.257
0.9282; 664.46
0.9308; 665.61
0.9334; 666.71
0.936; 667.76
0.9386; 668.762
0.9412; 669.718
0.9438; 670.629
0.9464; 671.497
0.949; 672.325
0.9516; 673.113
0.9542; 673.864
0.9568; 674.58
0.9594; 675.263
0.962; 675.915
0.9646; 676.538
0.9672; 677.135
0.9698; 677.707
0.9724; 678.257
0.975; 678.786
0.9776; 679.295
0.9802; 679.788
0.9828; 680.264
0.9854; 680.724
0.988; 681.17
0.9906; 681.601
0.9932; 682.019
0.9958; 682.423
0.9984; 682.812
1.001; 683.185
1.0036; 683.549
1.0062; 683.962
1.0088; 684.364
1.0114; 684.772
1.014; 685.185
1.0166; 685.599
1.0192; 686.011
1.0218; 686.421
1.0244; 686.827
1.027; 687.228
1.0296; 687.624
1.0322; 688.013
1.0348; 688.396
1.0374; 688.771
1.04; 689.137
1.0426; 689.494
1.0452; 689.839
1.0478; 690.202
1.0504; 690.572
1.053; 690.922
1.0556; 691.257
1.0582; 691.58
1.0608; 691.893
1.0634; 692.197
1.066; 692.494
1.0686; 692.784
1.0712; 693.07
1.0738; 693.351
1.0764; 693.628
1.079; 693.902
1.0816; 694.173
1.0842; 694.443
1.0868; 694.711
1.0894; 694.978
1.092; 695.245
1.0946; 695.513
1.0972; 695.781
1.0998; 696.051
1.1024; 696.322
1.105; 696.595
1.1076; 696.871
1.1102; 697.15
1.1128; 697.431
1.1154; 697.715
1.118; 698.003
1.1206; 698.295
1.1232; 698.591
1.1258; 698.892
1.1284; 699.2
1.131; 699.515
1.1336; 699.832
1.1362; 700.137
1.1388; 700.488
1.1414; 700.882
1.144; 701.278
1.1466; 701.69
1.1492; 702.123
1.1518; 702.562
1.1544; 703.008
1.157; 703.457
1.1596; 703.907
1.1622; 704.358
1.1648; 704.807
1.1674; 705.253
1.17; 705.694
1.1726; 706.128
1.1752; 706.551
1.1778; 707.051
1.1804; 707.629
1.183; 708.195
1.1856; 708.751
1.1882; 709.296
1.1908; 709.83
1.1934; 710.352
1.196; 710.862
1.1986; 711.358
1.2012; 711.839
1.2038; 712.305
1.2064; 712.754
1.209; 713.186
1.2116; 713.598
1.2142; 713.99
1.2168; 714.361
1.2194; 714.708
1.222; 715.031
1.2246; 715.329
1.2272; 715.6
1.2298; 715.844
1.2324; 716.06
1.235; 716.246
1.2376; 716.403
1.2402; 716.529
1.2428; 716.624
1.2454; 716.687
1.248; 716.719
