0.0026; 400
0.0052; 400
0.0078; 400
0.0104; 400
0.013; 400
0.0156; 400
0.0182; 400
0.0208; 400
0.0234; 400
0.026; 400
0.0286; 400
0.0312; 400
0.0338; 400
0.0364; 400
0.039; 400
0.0416; 400
0.0442; 400
0.0468; 400
0.0494; 400
0.052; 400
0.0546; 400
0.0572; 400
0.0598; 400
0.0624; 400
0.065; 400
0.0676; 400
0.0702; 400
0.0728; 400
0.0754; 400
0.078; 400
0.0806; 400
0.0832; 400
0.0858; 400
0.0884; 400
0.091; 400
0.0936; 400
0.0962; 400
0.0988; 400
0.1014; 400
0.104; 400
0.1066; 400
0.1092; 400
0.1118; 400
0.1144; 400
0.117; 400
0.1196; 400
0.1222; 400
0.1248; 400
0.1274; 400
0.13; 400
0.1326; 400
0.1352; 400
0.1378; 400
0.1404; 400
0.143; 400
0.1456; 400
0.1482; 400
0.1508; 400
0.1534; 400
0.156; 400
0.1586; 400
0.1612; 400
0.1638; 400
0.1664; 400
0.169; 400
0.1716; 400
0.1742; 400
0.1768; 400
0.1794; 400
0.182; 400
0.1846; 400
0.1872; 400
0.1898; 400
0.1924; 400
0.195; 400
0.1976; 400
0.2002; 400
0.2028; 400
0.2054; 400
0.208; 400
0.2106; 400
0.2132; 400
0.2158; 400
0.2184; 400
0.221; 400
0.2236; 400
0.2262; 400
0.2288; 400
0.2314; 400
0.234; 400
0.2366; 400
0.2392; 400
0.2418; 400
0.2444; 400
0.247; 400
0.2496; 400
0.2522; 400
0.2548; 400
0.2574; 400
0.26; 400
0.2626; 400
0.2652; 400
0.2678; 400
0.2704; 400
0.273; 400
0.2756; 400
0.2782; 400
0.2808; 400
0.2834; 400
0.286; 400
0.2886; 400
0.2912; 400
0.2938; 400.001
0.2964; 400.001
0.299; 400.001
0.3016; 400.001
0.3042; 400.001
0.3068; 400.001
0.3094; 400.001
0.312; 400.001
0.3146; 400.001
0.3172; 400.001
0.3198; 400.002
0.3224; 400.002
0.325; 400.002
0.3276; 400.002
0.3302; 400.002
0.3328; 400.002
0.3354; 400.003
0.338; 400.003
0.3406; 400.003
0.3432; 400.003
0.3458; 400.004
0.3484; 400.004
0.351; 400.004
0.3536; 400.005
0.3562; 400.005
0.3588; 400.006
0.3614; 400.006
0.364; 400.007
0.3666; 400.008
0.3692; 400.009
0.3718; 400.01
0.3744; 400.01
0.377; 400.011
0.3796; 400.013
0.3822; 400.014
0.3848; 400.015
0.3874; 400.017
0.39; 400.019
0.3926; 400.021
0.3952; 400.023
0.3978; 400.025
0.4004; 400.028
0.403; 400.031
0.4056; 400.034
0.4082; 400.037
0.4108; 400.041
0.4134; 400.045
0.416; 400.05
0.4186; 400.055
0.4212; 400.06
0.4238; 400.066
0.4264; 400.073
0.429; 400.08
0.4316; 400.089
0.4342; 400.097
0.4368; 400.107
0.4394; 400.117
0.442; 400.129
0.4446; 400.141
0.4472; 400.155
0.4498; 400.17
0.4524; 400.186
0.455; 400.204
0.4576; 400.223
0.4602; 400.244
0.4628; 400.266
0.4654; 400.291
0.468; 400.318
0.4706; 400.346
0.4732; 400.378
0.4758; 400.412
0.4784; 400.448
0.481; 400.488
0.4836; 400.53
0.4862; 400.576
0.4888; 400.626
0.4914; 400.679
0.494; 400.737
0.4966; 400.799
0.4992; 400.865
0.5018; 400.937
0.5044; 401.014
0.507; 401.096
0.5096; 401.184
0.5122; 401.278
0.5148; 401.379
0.5174; 401.487
0.52; 401.603
0.5226; 401.726
0.5252; 401.857
0.5278; 401.997
0.5304; 402.146
0.533; 402.305
0.5356; 402.474
0.5382; 402.654
0.5408; 402.845
0.5434; 403.047
0.546; 403.262
0.5486; 403.49
0.5512; 403.731
0.5538; 403.986
0.5564; 404.255
0.559; 404.54
0.5616; 404.841
0.5642; 405.159
0.5668; 405.494
0.5694; 405.847
0.572; 406.218
0.5746; 406.609
0.5772; 407.02
0.5798; 407.452
0.5824; 407.905
0.585; 408.381
0.5876; 408.879
0.5902; 409.401
0.5928; 409.948
0.5954; 410.52
0.598; 411.118
0.6006; 411.742
0.6032; 412.394
0.6058; 413.074
0.6084; 413.783
0.611; 414.521
0.6136; 415.289
0.6162; 416.089
0.6188; 416.92
0.6214; 417.783
0.624; 418.679
0.6266; 419.608
0.6292; 420.572
0.6318; 421.57
0.6344; 422.603
0.637; 423.672
0.6396; 424.777
0.6422; 425.918
0.6448; 427.097
0.6474; 428.313
0.65; 429.566
0.6526; 430.858
0.6552; 432.187
0.6578; 433.556
0.6604; 434.963
0.663; 436.408
0.6656; 437.893
0.6682; 439.417
0.6708; 440.98
0.6734; 442.582
0.676; 444.222
0.6786; 445.902
0.6812; 447.619
0.6838; 449.376
0.6864; 451.17
0.689; 453.002
0.6916; 454.872
0.6942; 456.778
0.6968; 458.721
0.6994; 460.7
0.702; 462.715
0.7046; 464.764
0.7072; 466.847
0.7098; 468.964
0.7124; 471.113
0.715; 473.294
0.7176; 475.506
0.7202; 477.749
0.7228; 480.02
0.7254; 482.32
0.728; 484.648
0.7306; 487.001
0.7332; 489.381
0.7358; 491.785
0.7384; 494.212
0.741; 496.663
0.7436; 499.136
0.7462; 501.63
0.7488; 504.145
0.7514; 506.682
0.754; 509.241
0.7566; 511.822
0.7592; 514.428
0.7618; 517.06
0.7644; 519.722
0.767; 522.416
0.7696; 525.145
0.7722; 527.911
0.7748; 530.708
0.7774; 533.534
0.78; 536.382
0.7826; 539.246
0.7852; 542.12
0.7878; 544.996
0.7904; 547.864
0.793; 550.72
0.7956; 553.558
0.7982; 556.379
0.8008; 559.181
0.8034; 561.964
0.806; 564.727
0.8086; 567.471
0.8112; 570.195
0.8138; 572.903
0.8164; 575.614
0.819; 578.572
0.8216; 581.739
0.8242; 584.88
0.8268; 587.99
0.8294; 591.069
0.832; 594.122
0.8346; 597.148
0.8372; 600.149
0.8398; 603.126
0.8424; 606.085
0.845; 609.046
0.8476; 611.865
0.8502; 614.461
0.8528; 616.928
0.8554; 619.336
0.858; 621.708
0.8606; 624.05
0.8632; 626.364
0.8658; 628.65
0.8684; 630.908
0.871; 633.14
0.8736; 635.346
0.8762; 637.527
0.8788; 639.686
0.8814; 641.827
0.884; 643.943
0.8866; 646.076
0.8892; 648.233
0.8918; 650.298
0.8944; 652.282
0.897; 654.194
0.8996; 656.034
0.9022; 657.804
0.9048; 659.503
0.9074; 661.132
0.91; 662.689
0.9126; 664.176
0.9152; 665.591
0.9178; 666.935
0.9204; 668.21
0.923; 669.415
0.9256; 670.552
0.9282; 671.624
0.9308; 672.632
0.9334; 673.578
0.936; 674.465
0.9386; 675.296
0.9412; 676.073
0.9438; 676.8
0.9464; 677.479
0.949; 678.114
0.9516; 678.707
0.9542; 679.263
0.9568; 679.784
0.9594; 680.274
0.962; 680.736
0.9646; 681.172
0.9672; 681.587
0.9698; 681.982
0.9724; 682.361
0.975; 682.726
0.9776; 683.081
0.9802; 683.425
0.9828; 683.762
0.9854; 684.093
0.988; 684.418
0.9906; 684.739
0.9932; 685.055
0.9958; 685.368
0.9984; 685.676
1.001; 685.976
1.0036; 686.278
1.0062; 686.633
1.0088; 686.981
1.0114; 687.339
1.014; 687.704
1.0166; 688.073
1.0192; 688.442
1.0218; 688.811
1.0244; 689.179
1.027; 689.543
1.0296; 689.902
1.0322; 690.256
1.0348; 690.602
1.0374; 690.941
1.04; 691.271
1.0426; 691.59
1.0452; 691.898
1.0478; 692.217
1.0504; 692.536
1.053; 692.834
1.0556; 693.112
1.0582; 693.373
1.0608; 693.618
1.0634; 693.848
1.066; 694.065
1.0686; 694.267
1.0712; 694.457
1.0738; 694.635
1.0764; 694.802
1.079; 694.959
1.0816; 695.106
1.0842; 695.244
1.0868; 695.375
1.0894; 695.501
1.092; 695.621
1.0946; 695.739
1.0972; 695.855
1.0998; 695.971
1.1024; 696.088
1.105; 696.209
1.1076; 696.334
1.1102; 696.465
1.1128; 696.605
1.1154; 696.753
1.118; 696.913
1.1206; 697.085
1.1232; 697.271
1.1258; 697.473
1.1284; 697.694
1.131; 697.933
1.1336; 698.188
1.1362; 698.445
1.1388; 698.765
1.1414; 699.141
1.144; 699.528
1.1466; 699.942
1.1492; 700.386
1.1518; 700.848
1.1544; 701.326
1.157; 701.817
1.1596; 702.32
1.1622; 702.832
1.1648; 703.352
1.1674; 703.878
1.17; 704.408
1.1726; 704.939
1.1752; 705.469
1.1778; 706.093
1.1804; 706.819
1.183; 707.549
1.1856; 708.284
1.1882; 709.022
1.1908; 709.76
1.1934; 710.498
1.196; 711.231
1.1986; 711.957
1.2012; 712.674
1.2038; 713.379
1.2064; 714.068
1.209; 714.739
1.2116; 715.387
1.2142; 716.01
1.2168; 716.605
1.2194; 717.168
1.222; 717.696
1.2246; 718.186
1.2272; 718.636
1.2298; 719.043
1.2324; 719.404
1.235; 719.718
1.2376; 719.982
1.2402; 720.195
1.2428; 720.357
1.2454; 720.465
1.248; 720.519
