0.0026; 400
0.0052; 400
0.0078; 400
0.0104; 400
0.013; 400
0.0156; 400
0.0182; 400
0.0208; 400
0.0234; 400
0.026; 400
0.0286; 400
0.0312; 400
0.0338; 400
0.0364; 400
0.039; 400
0.0416; 400
0.0442; 400
0.0468; 400
0.0494; 400
0.052; 400
0.0546; 400
0.0572; 400
0.0598; 400
0.0624; 400
0.065; 400
0.0676; 400
0.0702; 400
0.0728; 400
0.0754; 400
0.078; 400
0.0806; 400
0.0832; 400
0.0858; 400
0.0884; 400
0.091; 400
0.0936; 400
0.0962; 400
0.0988; 400
0.1014; 400
0.104; 400
0.1066; 400
0.1092; 400
0.1118; 400
0.1144; 400
0.117; 400
0.1196; 400
0.1222; 400
0.1248; 400
0.1274; 400
0.13; 400
0.1326; 400
0.1352; 400
0.1378; 400
0.1404; 400
0.143; 400
0.1456; 400
0.1482; 400
0.1508; 400
0.1534; 400
0.156; 400
0.1586; 400
0.1612; 400
0.1638; 400
0.1664; 400
0.169; 400
0.1716; 400
0.1742; 400
0.1768; 400
0.1794; 400
0.182; 400
0.1846; 400
0.1872; 400
0.1898; 400
0.1924; 400
0.195; 400
0.1976; 400
0.2002; 400
0.2028; 400
0.2054; 400
0.208; 400
0.2106; 400
0.2132; 400
0.2158; 400
0.2184; 400
0.221; 400
0.2236; 400
0.2262; 400
0.2288; 400
0.2314; 400
0.234; 400
0.2366; 400
0.2392; 400
0.2418; 400
0.2444; 400
0.247; 400
0.2496; 400
0.2522; 400
0.2548; 400
0.2574; 400
0.26; 400
0.2626; 400
0.2652; 400
0.2678; 400
0.2704; 400
0.273; 400
0.2756; 400
0.2782; 400
0.2808; 400
0.2834; 400
0.286; 400
0.2886; 400
0.2912; 400
0.2938; 400
0.2964; 400
0.299; 400
0.3016; 400
0.3042; 400
0.3068; 400
0.3094; 400
0.312; 400
0.3146; 400
0.3172; 400
0.3198; 400
0.3224; 400
0.325; 400
0.3276; 400
0.3302; 400
0.3328; 400
0.3354; 400
0.338; 400
0.3406; 400
0.3432; 400
0.3458; 400
0.3484; 400
0.351; 400
0.3536; 400
0.3562; 400
0.3588; 400
0.3614; 400
0.364; 400
0.3666; 400
0.3692; 400
0.3718; 400
0.3744; 400
0.377; 400
0.3796; 400
0.3822; 400
0.3848; 400
0.3874; 400
0.39; 400
0.3926; 400
0.3952; 400
0.3978; 400
0.4004; 400
0.403; 400
0.4056; 400
0.4082; 400
0.4108; 400
0.4134; 400
0.416; 400
0.4186; 400
0.4212; 400
0.4238; 400
0.4264; 400
0.429; 400
0.4316; 400
0.4342; 400
0.4368; 400
0.4394; 400
0.442; 400
0.4446; 400
0.4472; 400
0.4498; 400
0.4524; 400
0.455; 400
0.4576; 400
0.4602; 400
0.4628; 400
0.4654; 400
0.468; 400
0.4706; 400
0.4732; 400
0.4758; 400
0.4784; 400
0.481; 400
0.4836; 400
0.4862; 400
0.4888; 400
0.4914; 400
0.494; 400
0.4966; 400.001
0.4992; 400.001
0.5018; 400.001
0.5044; 400.001
0.507; 400.001
0.5096; 400.001
0.5122; 400.002
0.5148; 400.002
0.5174; 400.002
0.52; 400.003
0.5226; 400.004
0.5252; 400.004
0.5278; 400.005
0.5304; 400.006
0.533; 400.007
0.5356; 400.009
0.5382; 400.011
0.5408; 400.013
0.5434; 400.015
0.546; 400.018
0.5486; 400.021
0.5512; 400.024
0.5538; 400.029
0.5564; 400.034
0.559; 400.04
0.5616; 400.047
0.5642; 400.055
0.5668; 400.064
0.5694; 400.075
0.572; 400.087
0.5746; 400.101
0.5772; 400.118
0.5798; 400.136
0.5824; 400.158
0.585; 400.183
0.5876; 400.211
0.5902; 400.243
0.5928; 400.28
0.5954; 400.321
0.598; 400.368
0.6006; 400.422
0.6032; 400.482
0.6058; 400.55
0.6084; 400.626
0.611; 400.712
0.6136; 400.808
0.6162; 400.916
0.6188; 401.037
0.6214; 401.171
0.624; 401.321
0.6266; 401.488
0.6292; 401.672
0.6318; 401.877
0.6344; 402.104
0.637; 402.355
0.6396; 402.631
0.6422; 402.935
0.6448; 403.269
0.6474; 403.636
0.65; 404.038
0.6526; 404.478
0.6552; 404.957
0.6578; 405.48
0.6604; 406.05
0.663; 406.668
0.6656; 407.338
0.6682; 408.064
0.6708; 408.849
0.6734; 409.695
0.676; 410.606
0.6786; 411.586
0.6812; 412.638
0.6838; 413.765
0.6864; 414.969
0.689; 416.255
0.6916; 417.624
0.6942; 419.081
0.6968; 420.627
0.6994; 422.265
0.702; 423.997
0.7046; 425.824
0.7072; 427.75
0.7098; 429.774
0.7124; 431.897
0.715; 434.121
0.7176; 436.446
0.7202; 438.87
0.7228; 441.394
0.7254; 444.017
0.728; 446.736
0.7306; 449.551
0.7332; 452.458
0.7358; 455.456
0.7384; 458.54
0.741; 461.708
0.7436; 464.956
0.7462; 468.279
0.7488; 471.676
0.7514; 475.14
0.754; 478.671
0.7566; 482.263
0.7592; 485.917
0.7618; 489.63
0.7644; 493.403
0.767; 497.236
0.7696; 501.129
0.7722; 505.079
0.7748; 509.077
0.7774; 513.112
0.78; 517.169
0.7826; 521.238
0.7852; 525.304
0.7878; 529.353
0.7904; 533.367
0.793; 537.338
0.7956; 541.258
0.7982; 545.124
0.8008; 548.934
0.8034; 552.686
0.806; 556.38
0.8086; 560.012
0.8112; 563.581
0.8138; 567.084
0.8164; 570.531
0.819; 574.295
0.8216; 578.295
0.8242; 582.188
0.8268; 585.98
0.8294; 589.684
0.832; 593.312
0.8346; 596.875
0.8372; 600.387
0.8398; 603.866
0.8424; 607.334
0.845; 610.837
0.8476; 614.226
0.8502; 617.386
0.8528; 620.41
0.8554; 623.384
0.858; 626.336
0.8606; 629.275
0.8632; 632.207
0.8658; 635.133
0.8684; 638.055
0.871; 640.974
0.8736; 643.893
0.8762; 646.812
0.8788; 649.735
0.8814; 652.669
0.884; 655.615
0.8866; 658.69
0.8892; 661.915
0.8918; 665.1
0.8944; 668.247
0.897; 671.345
0.8996; 674.379
0.9022; 677.326
0.9048; 680.165
0.9074; 682.873
0.91; 685.427
0.9126; 687.806
0.9152; 689.99
0.9178; 691.959
0.9204; 693.699
0.923; 695.196
0.9256; 696.442
0.9282; 697.429
0.9308; 698.155
0.9334; 698.621
0.936; 698.829
0.9386; 698.787
0.9412; 698.504
0.9438; 697.992
0.9464; 697.265
0.949; 696.341
0.9516; 695.238
0.9542; 693.974
0.9568; 692.572
0.9594; 691.053
0.962; 689.44
0.9646; 687.756
0.9672; 686.025
0.9698; 684.27
0.9724; 682.515
0.975; 680.783
0.9776; 679.097
0.9802; 677.481
0.9828; 675.956
0.9854; 674.544
0.988; 673.266
0.9906; 672.144
0.9932; 671.194
0.9958; 670.436
0.9984; 669.882
1.001; 669.546
1.0036; 669.445
1.0062; 669.669
1.0088; 669.996
1.0114; 670.45
1.014; 671.039
1.0166; 671.758
1.0192; 672.601
1.0218; 673.562
1.0244; 674.632
1.027; 675.803
1.0296; 677.065
1.0322; 678.408
1.0348; 679.82
1.0374; 681.289
1.04; 682.8
1.0426; 684.338
1.0452; 685.886
1.0478; 687.558
1.0504; 689.454
1.053; 691.409
1.0556; 693.392
1.0582; 695.369
1.0608; 697.304
1.0634; 699.163
1.066; 700.91
1.0686; 702.514
1.0712; 703.942
1.0738; 705.167
1.0764; 706.165
1.079; 706.914
1.0816; 707.399
1.0842; 707.607
1.0868; 707.533
1.0894; 707.176
1.092; 706.539
1.0946; 705.633
1.0972; 704.473
1.0998; 703.077
1.1024; 701.47
1.105; 699.68
1.1076; 697.739
1.1102; 695.681
1.1128; 693.544
1.1154; 691.365
1.118; 689.184
1.1206; 687.039
1.1232; 684.969
1.1258; 683.009
1.1284; 681.192
1.131; 679.546
1.1336; 678.088
1.1362; 676.824
1.1388; 675.955
1.1414; 675.393
1.144; 674.979
1.1466; 674.762
1.1492; 674.765
1.1518; 674.963
1.1544; 675.355
1.157; 675.931
1.1596; 676.683
1.1622; 677.603
1.1648; 678.683
1.1674; 679.913
1.17; 681.281
1.1726; 682.777
1.1752; 684.389
1.1778; 686.356
1.1804; 688.752
1.183; 691.341
1.1856; 694.093
1.1882; 696.977
1.1908; 699.959
1.1934; 703.005
1.196; 706.082
1.1986; 709.158
1.2012; 712.203
1.2038; 715.188
1.2064; 718.087
1.209; 720.879
1.2116; 723.543
1.2142; 726.062
1.2168; 728.424
1.2194; 730.617
1.222; 732.634
1.2246; 734.468
1.2272; 736.118
1.2298; 737.58
1.2324; 738.855
1.235; 739.943
1.2376; 740.846
1.2402; 741.565
1.2428; 742.103
1.2454; 742.46
1.248; 742.639
