0.00026; 0
0.00052; 0
0.00078; 0
0.00104; 0
0.0013; 0
0.00156; 0
0.00182; 0
0.00208; 0
0.00234; 0
0.0026; 0
0.00286; 0
0.00312; 0
0.00338; 0
0.00364; 0
0.0039; 0
0.00416; 0
0.00442; 0
0.00468; 0
0.00494; 0
0.0052; 0
0.00546; 0
0.00572; 0
0.00598; 0
0.00624; 0
0.0065; 0
0.00676; 0
0.00702; 0
0.00728; 0
0.00754; 0
0.0078; 0
0.00806; 0
0.00832; 0
0.00858; 0
0.00884; 0
0.0091; 0
0.00936; 0
0.00962; 0
0.00988; 0
0.01014; 0
0.0104; 0
0.01066; 0
0.01092; 0
0.01118; 0
0.01144; 0
0.0117; 0
0.01196; 0
0.01222; 0
0.01248; 0
0.01274; 0
0.013; 0
0.01326; 0
0.01352; 0
0.01378; 0
0.01404; 0
0.0143; 0
0.01456; 0
0.01482; 0
0.01508; 0
0.01534; 0
0.0156; 0
0.01586; 0
0.01612; 0
0.01638; 0
0.01664; 0
0.0169; 0
0.01716; 0
0.01742; 0
0.01768; 0
0.01794; 0
0.0182; 0
0.01846; 0
0.01872; 0
0.01898; 0
0.01924; 0
0.0195; 0
0.01976; 0
0.02002; 0
0.02028; 0
0.02054; 0
0.0208; 0
0.02106; 0
0.02132; 0
0.02158; 0
0.02184; 0
0.0221; 0
0.02236; 0
0.02262; 0
0.02288; 0
0.02314; 0
0.0234; 0
0.02366; 0
0.02392; 0
0.02418; 0
0.02444; 0
0.0247; 0
0.02496; 0
0.02522; 0
0.02548; 0
0.02574; 0
0.026; 0
0.02626; 0
0.02652; 0
0.02678; 0
0.02704; 0
0.0273; 0
0.02756; 0
0.02782; 0
0.02808; 0
0.02834; 0
0.0286; 0
0.02886; 0
0.02912; 0
0.02938; 0
0.02964; 0
0.0299; 0
0.03016; 0
0.03042; 0
0.03068; 0
0.03094; 0
0.0312; 0
0.03146; 0
0.03172; 0
0.03198; 0
0.03224; 0
0.0325; 0
0.03276; 880.624
0.03302; 880.615
0.03328; 880.6
0.03354; 880.572
0.0338; 880.537
0.03406; 880.49
0.03432; 880.436
0.03458; 880.369
0.03484; 880.295
0.0351; 880.209
0.03536; 880.115
0.03562; 880.009
0.03588; 879.896
0.03614; 879.77
0.0364; 879.637
0.03666; 879.492
0.03692; 879.339
0.03718; 879.174
0.03744; 879.001
0.0377; 878.816
0.03796; 878.623
0.03822; 878.417
0.03848; 878.204
0.03874; 877.978
0.039; 877.744
0.03926; 877.498
0.03952; 877.243
0.03978; 876.976
0.04004; 876.701
0.0403; 876.412
0.04056; 876.116
0.04082; 875.806
0.04108; 875.488
0.04134; 875.157
0.0416; 874.818
0.04186; 874.465
0.04212; 874.105
0.04238; 873.73
0.04264; 873.347
0.0429; 872.951
0.04316; 872.546
0.04342; 872.127
0.04368; 871.7
0.04394; 871.259
0.0442; 870.808
0.04446; 870.344
0.04472; 869.871
0.04498; 869.384
0.04524; 868.887
0.0455; 868.377
0.04576; 867.856
0.04602; 867.322
0.04628; 866.778
0.04654; 866.22
0.0468; 865.652
0.04706; 865.069
0.04732; 864.476
0.04758; 863.869
0.04784; 863.251
0.0481; 862.619
0.04836; 861.976
0.04862; 861.318
0.04888; 860.649
0.04914; 859.965
0.0494; 859.27
0.04966; 858.56
0.04992; 857.838
0.05018; 857.101
0.05044; 856.352
0.0507; 855.587
0.05096; 854.811
0.05122; 854.018
0.05148; 853.213
0.05174; 852.392
0.052; 851.558
0.05226; 850.708
0.05252; 849.845
0.05278; 848.964
0.05304; 848.071
0.0533; 847.161
0.05356; 846.237
0.05382; 845.295
0.05408; 844.339
0.05434; 843.366
0.0546; 842.378
0.05486; 841.372
0.05512; 840.351
0.05538; 839.311
0.05564; 838.256
0.0559; 837.182
0.05616; 836.092
0.05642; 834.982
0.05668; 833.856
0.05694; 832.71
0.0572; 831.547
0.05746; 830.364
0.05772; 829.163
0.05798; 827.941
0.05824; 826.7
0.0585; 825.438
0.05876; 824.158
0.05902; 822.855
0.05928; 821.532
0.05954; 820.187
0.0598; 818.822
0.06006; 817.433
0.06032; 816.024
0.06058; 814.59
0.06084; 813.135
0.0611; 811.655
0.06136; 810.153
0.06162; 808.626
0.06188; 807.076
0.06214; 805.5
0.0624; 803.901
0.06266; 802.275
0.06292; 800.625
0.06318; 798.948
0.06344; 797.246
0.0637; 795.517
0.06396; 793.763
0.06422; 791.982
0.06448; 790.175
0.06474; 788.34
0.065; 786.48
0.06526; 784.592
0.06552; 782.679
0.06578; 780.739
0.06604; 778.773
0.0663; 776.782
0.06656; 774.765
0.06682; 772.724
0.06708; 770.659
0.06734; 768.57
0.0676; 766.46
0.06786; 764.328
0.06812; 762.175
0.06838; 760.004
0.06864; 757.815
0.0689; 755.609
0.06916; 753.389
0.06942; 751.156
0.06968; 748.912
0.06994; 746.658
0.0702; 744.397
0.07046; 742.13
0.07072; 739.859
0.07098; 737.587
0.07124; 735.315
0.0715; 733.044
0.07176; 730.778
0.07202; 728.517
0.07228; 726.262
0.07254; 724.017
0.0728; 721.781
0.07306; 719.558
0.07332; 717.346
0.07358; 715.149
0.07384; 712.965
0.0741; 710.798
0.07436; 708.647
0.07462; 706.514
0.07488; 704.397
0.07514; 702.3
0.0754; 700.22
0.07566; 698.16
0.07592; 696.119
0.07618; 694.098
0.07644; 692.096
0.0767; 690.115
0.07696; 688.153
0.07722; 686.213
0.07748; 684.291
0.07774; 682.39
0.078; 680.508
0.07826; 678.648
0.07852; 676.806
0.07878; 674.986
0.07904; 673.184
0.0793; 671.403
0.07956; 669.641
0.07982; 667.899
0.08008; 666.176
0.08034; 664.473
0.0806; 662.788
0.08086; 661.124
0.08112; 659.477
0.08138; 657.851
0.08164; 656.241
0.0819; 654.652
0.08216; 653.08
0.08242; 651.528
0.08268; 649.993
0.08294; 648.477
0.0832; 646.978
0.08346; 645.499
0.08372; 644.036
0.08398; 642.592
0.08424; 641.164
0.0845; 639.757
0.08476; 638.364
0.08502; 636.991
0.08528; 635.633
0.08554; 634.295
0.0858; 632.972
0.08606; 631.669
0.08632; 630.38
0.08658; 629.111
0.08684; 627.857
0.0871; 626.622
0.08736; 625.402
0.08762; 624.201
0.08788; 623.014
0.08814; 621.847
0.0884; 620.694
0.08866; 619.561
0.08892; 618.441
0.08918; 617.341
0.08944; 616.255
0.0897; 615.189
0.08996; 614.136
0.09022; 613.103
0.09048; 612.084
0.09074; 611.084
0.091; 610.098
0.09126; 609.132
0.09152; 608.179
0.09178; 607.246
0.09204; 606.327
0.0923; 605.427
0.09256; 604.541
0.09282; 603.674
0.09308; 602.821
0.09334; 601.988
0.0936; 601.168
0.09386; 600.368
0.09412; 599.581
0.09438; 598.814
0.09464; 598.061
0.0949; 597.327
0.09516; 596.607
0.09542; 595.906
0.09568; 595.219
0.09594; 594.551
0.0962; 593.897
0.09646; 593.262
0.09672; 592.641
0.09698; 592.039
0.09724; 591.451
0.0975; 590.883
0.09776; 590.328
0.09802; 589.793
0.09828; 589.271
0.09854; 588.769
0.0988; 588.28
0.09906; 587.811
0.09932; 587.355
0.09958; 586.92
0.09984; 586.496
0.1001; 586.094
0.10036; 585.703
0.10062; 585.333
0.10088; 584.975
0.10114; 584.638
0.1014; 584.313
0.10166; 584.008
0.10192; 583.716
0.10218; 583.444
0.10244; 583.185
0.1027; 582.945
0.10296; 582.718
0.10322; 582.511
0.10348; 582.316
0.10374; 582.141
0.104; 581.979
0.10426; 581.836
0.10452; 581.705
0.10478; 581.594
0.10504; 581.494
0.1053; 581.414
0.10556; 581.344
0.10582; 581.292
0.10608; 581.248
0.10634; 581.22
0.1066; 0
0.10686; 0
0.10712; 0
0.10738; 0
0.10764; 0
0.1079; 0
0.10816; 0
0.10842; 0
0.10868; 0
0.10894; 0
0.1092; 0
0.10946; 0
0.10972; 0
0.10998; 0
0.11024; 0
0.1105; 0
0.11076; 0
0.11102; 0
0.11128; 0
0.11154; 0
0.1118; 0
0.11206; 0
0.11232; 0
0.11258; 0
0.11284; 0
0.1131; 0
0.11336; 0
0.11362; 0
0.11388; 0
0.11414; 0
0.1144; 0
0.11466; 0
0.11492; 0
0.11518; 0
0.11544; 0
0.1157; 0
0.11596; 0
0.11622; 0
0.11648; 0
0.11674; 0
0.117; 0
0.11726; 0
0.11752; 0
0.11778; 0
0.11804; 0
0.1183; 0
0.11856; 0
0.11882; 0
0.11908; 0
0.11934; 0
0.1196; 0
0.11986; 0
0.12012; 0
0.12038; 0
0.12064; 0
0.1209; 0
0.12116; 0
0.12142; 0
0.12168; 0
0.12194; 0
0.1222; 0
0.12246; 0
0.12272; 0
0.12298; 0
0.12324; 0
0.1235; 0
0.12376; 0
0.12402; 0
0.12428; 0
0.12454; 0
0.1248; 0
